26.237085342407227	27.9682674407959
21.71123456954956	22.078428268432617
29.768495559692383	27.970226287841797
23.022457122802734	21.89577293395996
19.158466815948486	21.643272399902344
17.44395875930786	18.474170207977295
26.602543830871582	27.74149990081787
23.794464111328125	20.35518980026245
24.258434295654297	31.500051498413086
21.072980403900146	22.77568244934082
22.875362396240234	27.836658477783203
17.20457124710083	20.18153715133667
21.03421401977539	23.380332946777344
24.950138092041016	29.755401611328125
25.242027282714844	29.90578842163086
22.922523498535156	25.201454162597656
34.38672637939453	40.253875732421875
21.324737548828125	18.466216564178467
24.306610107421875	28.289222717285156
29.941341400146484	27.787498474121094
26.027067184448242	33.31034469604492
31.78191375732422	33.94700241088867
31.539737701416016	36.09394454956055
27.49057388305664	27.190202713012695
21.196617126464844	24.096267700195312
20.929977416992188	28.006393432617188
32.43452453613281	28.363323211669922
20.207347869873047	22.56585931777954
18.144760608673096	19.704452991485596
29.99154567718506	28.976861000061035
29.091651916503906	28.76199722290039
20.18484878540039	22.588645935058594
29.485708236694336	32.76337814331055
28.230960845947266	28.914608001708984
17.97086763381958	17.714239597320557
35.002994537353516	40.01569747924805
19.11638641357422	18.644514083862305
18.183643341064453	24.710643768310547
22.77233123779297	31.913867950439453
23.702068328857422	31.495010375976562
24.571048736572266	22.313283920288086
25.302011489868164	32.27256393432617
27.21723175048828	30.357776641845703
26.969680786132812	31.471044540405273
22.468687534332275	24.81580638885498
19.566216945648193	24.806076049804688
28.46146011352539	32.26226806640625
28.532194137573242	26.71318244934082
26.523470878601074	26.781025886535645
15.042351722717285	17.809062480926514
24.04706382751465	20.688812255859375
24.73652744293213	23.680476665496826
22.961036682128906	26.890236854553223
20.292373657226562	27.003726959228516
25.147197723388672	27.33129119873047
24.87030792236328	27.484813690185547
27.984655380249023	32.63764953613281
19.896613597869873	22.0389461517334
24.282958984375	25.20623779296875
18.01923370361328	25.607118606567383
23.21574354171753	20.884048461914062
15.549015998840332	12.467567443847656
14.164718627929688	20.225239276885986
18.039689540863037	22.538147449493408
20.64369821548462	20.74968194961548
22.712038040161133	27.424774169921875
22.66712522506714	24.082151412963867
18.60166311264038	21.259304523468018
19.153411388397217	24.485873222351074
24.6302433013916	27.15775489807129
19.69955825805664	24.15313720703125
16.77216339111328	22.050424575805664
26.36544418334961	29.292390823364258
22.113418579101562	31.59317398071289
28.66122817993164	23.251861572265625
18.627153635025024	21.375598907470703
15.151752948760986	20.78193712234497
23.298744201660156	26.104393005371094
20.453508853912354	20.90107297897339
25.454774856567383	28.428129196166992
24.169432640075684	28.622700691223145
22.02853012084961	23.681194305419922
18.81903076171875	23.23884630203247
20.873501300811768	24.829115867614746
20.793015003204346	25.201512336730957
34.75438690185547	35.41407012939453
17.202207565307617	14.452218055725098
15.842473983764648	23.02929925918579
20.371649265289307	18.127986431121826
21.949660778045654	24.0792818069458
18.93961000442505	21.212798595428467
16.497745513916016	22.899760723114014
22.256247997283936	22.3655047416687
16.69297456741333	22.617084503173828
22.89225196838379	23.510040283203125
25.08447265625	31.626392364501953
16.8636531829834	17.359578609466553
17.238860607147217	16.9591326713562
22.053598880767822	21.715068340301514
24.926490783691406	31.52057647705078
18.085872173309326	19.5189471244812
16.20247793197632	18.82391881942749
17.33135461807251	23.763100147247314
39.33899688720703	37.66478729248047
19.747621536254883	23.63127851486206
28.180217742919922	29.483845710754395
27.10480499267578	20.037387371063232
19.777347564697266	23.37108278274536
22.208351135253906	25.650766372680664
22.482085704803467	22.319427967071533
13.235768795013428	11.239433526992798
24.271053314208984	28.610549926757812
22.80086326599121	24.667165756225586
19.722660541534424	20.19039487838745
22.592266082763672	29.540416717529297
24.565309524536133	27.03287124633789
23.179920196533203	27.228273391723633
16.332887649536133	20.943603515625
21.537055492401123	19.904040813446045
20.460020542144775	25.42478370666504
18.45539903640747	24.35295009613037
25.60220718383789	30.775123596191406
23.483941555023193	26.076473236083984
22.64626693725586	28.56594467163086
20.283981800079346	20.954596996307373
26.20553684234619	27.124451637268066
28.468584060668945	26.630582809448242
18.800662994384766	26.298843383789062
17.303157806396484	16.87758207321167
13.871448040008545	21.415001392364502
32.71913528442383	35.35844421386719
24.950790405273438	30.532852172851562
19.93415880203247	19.646886348724365
18.368059158325195	21.550174713134766
29.35312557220459	31.69639492034912
25.89248275756836	24.26169204711914
15.39457368850708	20.201065063476562
18.587596893310547	20.11345911026001
16.760036945343018	17.184104919433594
16.882654666900635	15.446315288543701
21.395466327667236	17.222488403320312
23.41082000732422	26.505264282226562
38.34239196777344	39.996620178222656
32.91718292236328	29.576980590820312
21.760498523712158	23.792840480804443
28.90803337097168	27.763595581054688
17.377070903778076	18.38827657699585
23.507090091705322	23.36742353439331
29.260122299194336	32.665995597839355
28.234554290771484	30.229381561279297
20.38022804260254	18.436378955841064
26.521553993225098	31.517715454101562
21.84028959274292	21.30325698852539
25.566389083862305	29.02278709411621
15.079527854919434	16.693295001983643
12.158975601196289	18.88166856765747
23.886913299560547	27.471389770507812
17.230437755584717	19.109074115753174
21.80834197998047	28.237045288085938
32.13767623901367	31.66254425048828
17.222538471221924	20.289065837860107
18.22696352005005	22.491072177886963
26.03335952758789	32.32740020751953
18.407804489135742	21.262033939361572
19.35855531692505	23.523054599761963
18.03460693359375	22.800408840179443
24.802997589111328	26.795211791992188
23.121215343475342	24.95438861846924
24.94308090209961	27.120939254760742
28.338744163513184	32.060574531555176
19.358166217803955	18.907515048980713
27.466724395751953	32.51166534423828
17.94906234741211	19.43252420425415
26.070030212402344	28.749195098876953
17.601316452026367	17.84708833694458
14.01154088973999	20.79347562789917
19.950835704803467	24.61948299407959
18.58262014389038	21.886532306671143
36.0621337890625	40.86082458496094
23.037536144256592	22.70111083984375
25.418231964111328	28.78062343597412
24.03171157836914	27.133217811584473
22.546844959259033	23.55609941482544
22.474563598632812	28.20032501220703
14.038796424865723	22.675884246826172
20.237069606781006	20.2165846824646
21.544052124023438	21.109930515289307
31.711973190307617	28.498184204101562
26.407398223876953	28.25336456298828
22.621941089630127	20.425701141357422
18.396971225738525	24.019014358520508
15.177785396575928	21.311727046966553
20.235161304473877	22.7248592376709
26.28936767578125	31.900842666625977
19.694074630737305	20.978496551513672
16.211822032928467	21.014532566070557
18.0435791015625	18.55138635635376
27.19577121734619	31.28947162628174
23.112457752227783	27.237831115722656
30.934799194335938	30.432411193847656
23.536563873291016	22.589649200439453
22.450054168701172	29.665878295898438
33.05441665649414	28.689884185791016
21.3976993560791	20.902578353881836
14.104863166809082	13.4260892868042
20.526748180389404	25.294358253479004
21.643954753875732	23.031417846679688
20.575374603271484	27.16128158569336
19.703166961669922	24.670639038085938
21.981990814208984	26.008142471313477
25.856159210205078	25.162189483642578
17.942075729370117	23.804494857788086
24.42123031616211	27.77187156677246
17.538418292999268	18.46753692626953
24.306795120239258	32.23908996582031
33.231082916259766	25.305208206176758
18.657909393310547	24.15450954437256
18.366478443145752	22.333295345306396
14.210975646972656	13.260817527770996
24.160560607910156	26.621646881103516
18.836231231689453	23.598278045654297
26.893146514892578	30.395888328552246
19.336525440216064	22.080761432647705
26.653745651245117	31.987394332885742
24.279298782348633	18.33867073059082
28.496246337890625	35.6472053527832
38.90010070800781	39.0115852355957
19.0752854347229	20.998287677764893
24.893855094909668	23.948272705078125
30.269794464111328	30.39750099182129
19.83253812789917	21.92418909072876
19.82427978515625	24.275010108947754
20.948214054107666	22.86322832107544
18.612492084503174	24.266032218933105
20.53690195083618	22.615106105804443
22.952723503112793	24.048216342926025
24.53891944885254	28.078275680541992
29.726879119873047	28.405969619750977
15.170466899871826	15.662617206573486
18.039832592010498	17.76256513595581
17.70031213760376	23.602942943572998
24.820667266845703	30.025683403015137
25.106188774108887	22.878782272338867
20.73773956298828	24.490137100219727
20.026222229003906	21.748794078826904
17.611420154571533	22.51876401901245
15.256606578826904	16.726437091827393
23.168479919433594	21.132976531982422
20.43024444580078	22.634575366973877
27.823674201965332	28.816864013671875
19.953519344329834	21.78477430343628
23.617206573486328	25.946624755859375
31.12944221496582	31.18221664428711
29.340927124023438	32.83525848388672
24.15939712524414	26.446523666381836
26.586207389831543	27.91527271270752
21.544647216796875	27.498340606689453
16.500141620635986	23.63801908493042
16.331939220428467	21.066402912139893
35.905967712402344	36.84968948364258
24.645758628845215	26.096474647521973
11.361299514770508	21.41008758544922
22.619882583618164	28.176569938659668
26.290651321411133	30.919315338134766
23.627220153808594	27.595203399658203
17.032093048095703	21.35309600830078
16.294166564941406	20.559844493865967
22.602869510650635	14.959105968475342
22.3004150390625	27.157039642333984
21.567745208740234	22.224552154541016
22.429353713989258	29.519145965576172
18.216186046600342	21.469346523284912
19.18444061279297	20.89670991897583
25.638187408447266	24.493755340576172
17.592967987060547	19.752543926239014
15.257640838623047	19.189011096954346
15.19316053390503	16.66957712173462
23.79117202758789	30.864601135253906
22.10924530029297	25.860830307006836
18.246243953704834	22.705654621124268
22.604965209960938	25.1732177734375
23.139596939086914	27.385025024414062
17.83851385116577	18.121381759643555
24.580650329589844	29.917301177978516
22.101306438446045	21.749995708465576
12.111320972442627	23.514141082763672
28.63051986694336	32.282864570617676
19.421017169952393	24.62775707244873
19.422184467315674	24.9931640625
27.87688446044922	29.94260597229004
21.71929407119751	20.123318195343018
23.12208366394043	26.983474731445312
24.12641143798828	26.706602096557617
18.4072208404541	20.005856037139893
23.472415924072266	29.36119842529297
19.424953937530518	24.34105396270752
23.372812271118164	27.819336891174316
29.58835220336914	34.039039611816406
27.719783782958984	34.32494354248047
36.62504196166992	30.29706382751465
27.213115692138672	29.18252944946289
20.621816635131836	21.731088638305664
19.710556030273438	23.257652282714844
24.000137329101562	31.481544494628906
26.828617095947266	32.717281341552734
16.196365356445312	17.682859897613525
32.03397750854492	30.839656829833984
18.56133460998535	22.963468551635742
15.080904006958008	19.47010087966919
27.162649154663086	33.148993492126465
18.581520080566406	25.12858486175537
28.503963470458984	30.849185943603516
22.757583618164062	26.31494903564453
22.269912719726562	26.810333251953125
14.890767574310303	19.307212829589844
21.18184232711792	21.25824737548828
19.79353094100952	23.177541732788086
26.979881286621094	33.54035568237305
25.882774353027344	29.549182891845703
32.32183837890625	33.49916458129883
25.29899311065674	26.576491355895996
21.037456512451172	15.346657276153564
15.290924549102783	17.39728546142578
27.89461326599121	33.16802215576172
19.548344135284424	24.312252044677734
17.13876485824585	17.69826364517212
25.479747772216797	31.124340057373047
22.105310440063477	27.038969039916992
20.43843412399292	25.082167625427246
24.842880249023438	31.721603393554688
26.94715404510498	23.12321662902832
23.075300216674805	27.60443687438965
23.445301055908203	26.092830657958984
19.41078782081604	21.663858890533447
16.594000339508057	23.913750171661377
20.477214813232422	26.901084899902344
16.567161083221436	18.331631183624268
32.822357177734375	34.78096008300781
17.827611923217773	23.13452911376953
16.301174640655518	22.25022840499878
18.08845567703247	20.3865966796875
24.494321823120117	28.710498809814453
34.744171142578125	34.35615539550781
18.551337718963623	21.383148193359375
29.02813720703125	30.684104919433594
19.27829360961914	21.14379072189331
24.397117614746094	21.439674377441406
18.563518524169922	19.94368028640747
23.196247100830078	31.131977081298828
19.295509815216064	23.41627264022827
17.22581434249878	21.805908679962158
14.596670150756836	23.649335861206055
20.335354328155518	23.18411636352539
19.39295196533203	23.87620210647583
19.216891765594482	22.909629821777344
26.596088409423828	33.714569091796875
26.331756591796875	26.25570297241211
25.212955474853516	33.11664581298828
28.382022857666016	27.249961853027344
16.412654399871826	23.73724365234375
24.564281463623047	26.875778198242188
25.54525375366211	28.408124923706055
25.252134323120117	24.456832885742188
24.80317497253418	27.371694564819336
23.211851119995117	23.45781135559082
19.85301971435547	22.609827041625977
28.725147247314453	23.780956268310547
23.20389175415039	27.798307418823242
20.745656490325928	24.11429214477539
18.899893283843994	15.301258563995361
17.202964782714844	21.922325134277344
18.38347578048706	23.515770435333252
22.19186782836914	25.987398147583008
22.134851455688477	28.618318557739258
22.95311737060547	21.764126300811768
18.180480480194092	21.011512756347656
25.202152252197266	32.2256965637207
26.15624713897705	25.724498748779297
15.887495040893555	20.12725067138672
18.84922456741333	22.421712398529053
18.856813430786133	20.35834550857544
12.981732845306396	15.462889194488525
29.456268310546875	32.475379943847656
24.278423309326172	26.981489181518555
25.970340728759766	23.006790161132812
18.202576160430908	22.168494701385498
23.473124027252197	18.476659297943115
27.90454387664795	33.40489196777344
30.570341110229492	28.622434616088867
33.87480163574219	36.07420349121094
30.5618839263916	30.038543701171875
20.773376941680908	20.542466640472412
28.896343231201172	28.772028923034668
27.355398178100586	27.392990112304688
25.474096298217773	29.33763313293457
33.55618667602539	34.754722595214844
21.2386474609375	28.180992126464844
30.49582290649414	26.593643188476562
17.982795238494873	23.781307697296143
23.304738998413086	26.568593978881836
26.884601593017578	25.9577579498291
22.565189838409424	20.79604482650757
21.07957649230957	26.382160186767578
26.156081199645996	27.850092887878418
23.269668102264404	28.016432762145996
17.412878036499023	26.425389289855957
26.46813201904297	28.12259292602539
23.06157112121582	25.997276306152344
17.50054693222046	21.96408462524414
16.866830348968506	19.441646575927734
15.42152452468872	20.29372215270996
21.848683834075928	18.809447765350342
27.439863204956055	24.636184692382812
18.84103775024414	21.808291912078857
21.137489318847656	26.332218170166016
19.912616729736328	21.200637817382812
17.547776699066162	21.393063068389893
25.191530227661133	27.71234130859375
27.21152687072754	27.05455780029297
26.044347763061523	29.00450897216797
23.332185745239258	17.8762149810791
23.288833618164062	26.071535110473633
24.538570404052734	26.8444766998291
19.756309032440186	24.924053192138672
23.697711944580078	30.635883331298828
22.829768657684326	24.20969009399414
14.328975677490234	20.505505084991455
15.121108531951904	19.98143720626831
25.130687713623047	30.775508880615234
23.83636474609375	28.468658447265625
28.067039489746094	30.023168563842773
22.258708953857422	24.39145278930664
16.769629955291748	22.910915851593018
16.749629974365234	19.71425771713257
15.546536922454834	15.281270027160645
22.15192985534668	29.764991760253906
14.768833637237549	19.582290172576904
28.265507698059082	30.71737289428711
15.277359008789062	18.511523723602295
15.135067462921143	19.033202648162842
27.103591918945312	23.114311695098877
17.027957439422607	17.754112243652344
24.403143882751465	23.0543475151062
16.34587812423706	20.870368480682373
25.639480590820312	30.30340576171875
24.101975440979004	22.214784622192383
22.79591989517212	22.899214267730713
25.129833221435547	27.890575408935547
17.599758625030518	19.041831493377686
13.36285400390625	17.931289672851562
23.90725326538086	26.362321853637695
22.991779804229736	21.377865314483643
18.998798370361328	23.631275177001953
22.07944107055664	26.563369750976562
24.062524795532227	28.559280395507812
21.52501630783081	24.265231132507324
20.118221282958984	24.423972129821777
22.201122283935547	28.020084381103516
20.168529510498047	22.774193286895752
18.148560047149658	21.40178632736206
18.415620803833008	23.38734483718872
25.015750885009766	27.543869018554688
31.26055335998535	30.76119613647461
23.418256759643555	29.190635681152344
25.856868743896484	25.88372039794922
19.386367797851562	26.044456481933594
16.59040403366089	23.0179181098938
22.471965789794922	28.538501739501953
27.833141326904297	24.990970611572266
23.47611427307129	24.75662612915039
24.789310455322266	27.486618041992188
27.10076332092285	30.0941162109375
21.13347625732422	26.76299285888672
22.70313262939453	22.093036651611328
20.229297637939453	25.09012222290039
14.333227157592773	14.930068969726562
20.48963737487793	30.007976531982422
16.391937732696533	20.217716217041016
30.119258880615234	35.701499938964844
21.75880479812622	22.362374782562256
27.758411407470703	29.981639862060547
15.597161293029785	20.599106311798096
16.283092975616455	21.669788360595703
27.740758895874023	24.505218505859375
23.857921600341797	27.62323760986328
20.227739810943604	17.8304386138916
23.662315368652344	24.058151245117188
29.73181915283203	30.575462341308594
20.120977878570557	22.878448963165283
16.203307628631592	22.37086057662964
15.583382606506348	18.191120624542236
20.65243148803711	24.746395111083984
24.607906341552734	26.980236053466797
21.623123168945312	24.65799903869629
20.900091648101807	21.702064990997314
17.452807903289795	19.663669109344482
23.431381225585938	29.349056243896484
23.143077850341797	24.206832885742188
17.869381427764893	19.50113296508789
22.199953079223633	29.334577560424805
22.988933086395264	21.45274543762207
21.42885732650757	23.325500965118408
32.67192077636719	41.440406799316406
18.367225170135498	20.554932117462158
38.40911865234375	39.119667053222656
26.980931282043457	24.48178768157959
20.450458526611328	26.232059478759766
20.7823748588562	19.106277465820312
15.975736141204834	23.75059461593628
17.762030124664307	18.47801971435547
25.28559112548828	30.738384246826172
26.034385681152344	27.45821762084961
25.03747272491455	24.229422569274902
21.726306438446045	26.362689971923828
25.396004676818848	27.18636703491211
22.760047912597656	26.624181747436523
16.272308349609375	18.99757432937622
19.225608825683594	24.5742130279541
28.433472633361816	25.90312957763672
28.04659652709961	26.064167976379395
23.556690216064453	26.80655860900879
17.985138416290283	21.437560558319092
23.627944946289062	27.37481689453125
15.43668508529663	21.030296802520752
27.243907928466797	25.35893154144287
26.673465728759766	29.609493255615234
30.205810546875	27.808345794677734
17.04798126220703	16.507715225219727
25.405475616455078	25.40999984741211
18.481972217559814	23.50159978866577
22.023314952850342	25.542617797851562
32.802207946777344	36.06442642211914
22.90947389602661	24.656533241271973
25.533117294311523	27.746047973632812
36.45555114746094	37.09370422363281
27.51787757873535	30.95857810974121
24.979156494140625	21.544476985931396
13.684529304504395	11.630072593688965
18.280654907226562	22.941850662231445
20.125991821289062	19.359546661376953
17.5038743019104	20.69930648803711
22.628414154052734	25.425582885742188
24.60312271118164	32.372650146484375
35.427547454833984	37.3795166015625
27.978261947631836	29.520225524902344
25.393692016601562	27.76494789123535
20.283584117889404	25.242279052734375
25.637603759765625	31.343189239501953
33.42202377319336	31.92959976196289
28.073732376098633	33.36911392211914
28.44379425048828	34.528289794921875
24.65441131591797	31.52435302734375
22.590333938598633	22.027981281280518
21.187768936157227	20.884762287139893
16.636831283569336	22.4995379447937
25.814945220947266	23.958480834960938
24.268489837646484	29.56590461730957
21.644049167633057	15.84453821182251
25.879013061523438	29.806941986083984
13.936609268188477	17.06591033935547
28.478347778320312	28.1394681930542
34.25135803222656	32.898101806640625
22.57197618484497	25.06247043609619
17.957164764404297	20.51361608505249
27.755779266357422	30.44443130493164
20.364177703857422	27.26256561279297
34.14122009277344	31.26605987548828
24.423139572143555	26.058917999267578
16.59229803085327	21.476284503936768
30.06889057159424	31.870376586914062
22.413185119628906	21.305519104003906
19.81633949279785	24.809968948364258
25.233778953552246	30.679704666137695
19.375465393066406	16.256165027618408
14.824881076812744	15.66289758682251
16.848552703857422	21.622844696044922
16.147732257843018	21.511420726776123
20.137447357177734	20.243289470672607
21.347603797912598	24.265410900115967
18.625625610351562	25.123205184936523
23.535541534423828	26.38915252685547
14.147470951080322	17.733205318450928
17.465417861938477	21.643757343292236
18.707719802856445	23.851279735565186
22.404891967773438	28.141132354736328
18.518304347991943	20.153812408447266
24.16285800933838	22.118524074554443
21.337995529174805	25.943374633789062
17.261741638183594	19.189189910888672
24.656493186950684	27.261866569519043
24.31576919555664	30.019786834716797
24.856679916381836	28.94156837463379
20.264427185058594	20.76565170288086
28.750133514404297	34.47057342529297
25.810108184814453	22.49708366394043
30.195518493652344	30.942895889282227
27.61294937133789	30.532360076904297
18.458652019500732	18.764435291290283
25.770145416259766	30.145038604736328
18.55022621154785	21.52198076248169
16.00202751159668	22.062476634979248
21.276016235351562	26.000244140625
23.15273094177246	25.406082153320312
27.834007263183594	23.906721115112305
23.559871673583984	27.29667091369629
21.286766052246094	27.546579360961914
24.024968147277832	29.913105010986328
28.04574966430664	29.409210205078125
19.4182391166687	20.51094961166382
16.780089855194092	19.66503095626831
20.018121242523193	23.235198497772217
21.93984603881836	22.860912322998047
21.147804260253906	24.119319915771484
23.00811004638672	26.338348388671875
21.927467346191406	25.076637268066406
24.011478424072266	30.40428352355957
28.568218231201172	28.481870651245117
18.851576328277588	22.412338256835938
15.857447147369385	20.764286041259766
23.098955154418945	30.58519172668457
16.44981050491333	21.51396417617798
23.181232452392578	21.887744903564453
21.075990200042725	23.591530323028564
21.182071685791016	26.261329650878906
15.49095869064331	17.762101650238037
20.40562677383423	25.318119049072266
19.62555170059204	22.854629516601562
24.494393348693848	24.168437004089355
18.202292919158936	20.259700298309326
22.284122943878174	21.041743755340576
19.18877077102661	23.732666015625
20.27288818359375	31.57884979248047
32.1529655456543	31.127617835998535
36.11701202392578	37.0656623840332
31.028228759765625	31.620494842529297
17.426031589508057	21.68168020248413
25.680590629577637	29.694637298583984
18.994121074676514	24.005118370056152
26.13405990600586	28.913987159729004
23.38084602355957	26.04064178466797
19.400327682495117	20.566215991973877
18.798461437225342	25.812495231628418
28.834903717041016	28.864765167236328
23.894947052001953	25.24063491821289
21.128421783447266	26.983959197998047
19.321701049804688	19.05929183959961
22.404022693634033	21.070335388183594
16.55130958557129	22.21382188796997
24.694894790649414	30.698749542236328
23.277484893798828	28.15093231201172
27.72568988800049	30.635181427001953
24.025737762451172	32.87400436401367
29.473102569580078	30.362242698669434
18.923294067382812	26.2427921295166
23.64265251159668	23.14439821243286
24.97456932067871	24.94605827331543
16.97467803955078	21.116885662078857
22.81277847290039	23.234573364257812
27.979320526123047	33.629974365234375
25.019042015075684	17.002883434295654
26.015673637390137	22.394103527069092
23.675193786621094	23.338735103607178
20.754161834716797	25.027748107910156
30.531898498535156	28.951881408691406
25.273147583007812	29.895851135253906
27.209896087646484	24.67349624633789
28.301642417907715	27.36390209197998
18.62330961227417	21.27715301513672
32.20319652557373	31.01963996887207
25.42612075805664	32.033348083496094
23.492185592651367	21.123050689697266
20.74687957763672	21.623943328857422
26.943148612976074	28.180460929870605
22.169445037841797	26.46947479248047
26.736984252929688	27.62047576904297
20.125511169433594	16.76250457763672
30.827954292297363	32.541232109069824
28.590974807739258	27.929393768310547
25.06311321258545	23.773801803588867
18.106651782989502	23.559837341308594
27.11676788330078	30.50310516357422
19.59919023513794	24.266587257385254
23.653992176055908	24.451231956481934
27.515018463134766	34.2304801940918
16.989944458007812	12.988670825958252
38.701236724853516	45.56556701660156
27.995830535888672	26.955130577087402
14.66943883895874	19.71747922897339
23.415757656097412	22.215408325195312
25.962401390075684	28.163609504699707
28.478347778320312	32.23210144042969
26.82322883605957	23.99005937576294
17.740146160125732	16.06003761291504
22.112171173095703	24.210156440734863
24.40291404724121	30.768985748291016
32.59593963623047	30.129039764404297
16.04016876220703	15.927473068237305
22.737537384033203	31.217124938964844
18.45745038986206	22.285336017608643
16.48337173461914	19.874145984649658
20.734302520751953	23.622636795043945
28.787155151367188	29.056723594665527
20.09368085861206	23.17111587524414
21.393978118896484	21.00552749633789
15.037420749664307	20.52017641067505
16.39197540283203	24.05921173095703
15.772255897521973	22.243091583251953
21.80893850326538	20.4499568939209
20.81819725036621	29.67959213256836
16.172874927520752	16.818722248077393
14.446622371673584	19.994125843048096
13.385796546936035	13.811824321746826
20.133760452270508	20.625938415527344
26.933643341064453	28.23150634765625
19.31834363937378	19.92189073562622
21.605979919433594	26.04812240600586
15.891976833343506	20.46906280517578
20.824542999267578	25.864368438720703
19.79517889022827	23.00517225265503
13.858971118927002	22.00819730758667
22.267696380615234	25.322081565856934
25.420592308044434	17.72823715209961
20.25861358642578	24.70806121826172
24.252187728881836	24.963336944580078
29.803451538085938	28.07889175415039
21.438034057617188	27.040987014770508
19.065204858779907	19.5864200592041
17.850618839263916	21.457426071166992
19.480995655059814	22.32658052444458
28.28534507751465	27.11529541015625
16.527854919433594	15.697624683380127
28.478816986083984	31.80028533935547
22.161556720733643	21.17883825302124
20.342175006866455	24.006794929504395
15.260812282562256	23.855602741241455
24.252643585205078	31.369836807250977
20.513967514038086	23.9685115814209
23.035722732543945	28.051158905029297
14.210118770599365	16.781477451324463
24.427165985107422	25.114151000976562
24.311728477478027	21.194233417510986
25.3445463180542	27.852742195129395
25.299777030944824	21.01919174194336
22.98530387878418	26.461570739746094
32.105953216552734	29.185189247131348
14.843825340270996	20.91230821609497
22.769336700439453	20.444931507110596
17.16161012649536	21.850386142730713
29.73998260498047	24.868837356567383
23.279029846191406	24.649574279785156
18.137579441070557	25.14613437652588
23.83844757080078	30.766361236572266
18.470505237579346	22.13739824295044
32.22981262207031	33.76688766479492
24.416519165039062	30.690946578979492
15.396477699279785	17.862274646759033
20.04013967514038	19.704467296600342
24.814132690429688	30.781902313232422
24.26714324951172	28.838397979736328
22.535213470458984	21.933517456054688
20.55397081375122	19.640800952911377
15.98049545288086	24.10942554473877
20.925628662109375	25.376018524169922
36.02824783325195	37.812191009521484
15.848825454711914	23.921630859375
21.777910709381104	25.53273296356201
15.776741981506348	24.604966163635254
29.390968322753906	28.20373249053955
17.723426342010498	20.222740173339844
18.76872682571411	13.021947383880615
22.656124114990234	27.65298843383789
28.220802307128906	34.5640983581543
25.125449180603027	24.688862800598145
20.091922760009766	23.558139324188232
27.47624969482422	27.420339584350586
20.843552112579346	21.407345294952393
16.500450611114502	22.906386852264404
15.330963134765625	19.757343292236328
18.943897247314453	25.296281814575195
19.41659688949585	23.666336059570312
16.027450561523438	18.138107299804688
23.618940353393555	19.284695148468018
15.941019058227539	18.715885162353516
21.209213256835938	25.633867263793945
25.12176513671875	28.666545867919922
18.862659454345703	24.459348678588867
16.19053316116333	20.64683961868286
21.116748809814453	26.365703582763672
20.55254364013672	24.70064353942871
13.243218898773193	16.816585063934326
21.453299045562744	21.295090198516846
22.685344696044922	27.648704528808594
19.810441732406616	21.633741855621338
16.323307514190674	20.04037857055664
17.96855592727661	23.134368896484375
24.3453311920166	29.537970542907715
21.851115703582764	25.923090934753418
25.215412139892578	27.880687713623047
29.502493858337402	30.25389862060547
22.352030277252197	23.61295223236084
16.94087791442871	22.44102144241333
24.642822265625	24.802108764648438
22.257205963134766	28.7959041595459
19.182419300079346	16.173896312713623
19.543664932250977	23.748525619506836
18.2514910697937	22.525879383087158
28.98272705078125	25.704608917236328
20.539365768432617	28.114286422729492
23.801212310791016	26.12724494934082
26.496200561523438	29.64730453491211
15.96912431716919	21.403010845184326
17.603237628936768	18.656919479370117
16.96098518371582	22.88096809387207
21.66037368774414	27.775711059570312
17.45429563522339	22.63702154159546
17.11924695968628	20.804184436798096
22.830726623535156	27.851131439208984
17.903244495391846	23.180213928222656
27.839454650878906	30.835142135620117
19.167696475982666	19.255981922149658
28.476754188537598	35.09989929199219
26.50435209274292	26.502692699432373
25.941965103149414	27.09603500366211
17.11489248275757	20.90435028076172
21.527450561523438	25.367958068847656
25.22426986694336	25.438865661621094
18.546314239501953	23.51135015487671
20.57533836364746	22.039408206939697
21.959697723388672	29.40869140625
29.14331817626953	25.013504028320312
17.684813976287842	19.69691276550293
18.906296253204346	22.555011749267578
23.493064880371094	27.425172805786133
30.883838653564453	30.33586883544922
18.26384925842285	24.077945709228516
29.430137634277344	29.93033790588379
16.336273670196533	20.163970470428467
25.167320251464844	25.176368713378906
16.510155200958252	22.834872722625732
23.045658111572266	27.120113372802734
23.91998291015625	30.405630111694336
22.148190021514893	23.820231914520264
23.075416088104248	24.057376384735107
30.62930679321289	27.508502960205078
19.80467414855957	25.179920196533203
27.028945922851562	28.928180694580078
25.027873992919922	27.0131778717041
14.729801177978516	13.758191108703613
18.234424591064453	20.890791416168213
24.409412384033203	23.952763080596924
25.194355010986328	29.403358459472656
19.98253583908081	20.100924968719482
25.050089836120605	22.386078357696533
23.763002395629883	31.06820297241211
23.641450881958008	20.581814289093018
24.602602005004883	30.3315486907959
24.238819122314453	26.2764892578125
22.8297061920166	23.858074188232422
17.716843128204346	21.885382175445557
17.47995615005493	19.155285358428955
23.546874523162842	25.300593376159668
20.884031295776367	24.275047302246094
22.14306640625	25.904190063476562
25.24176025390625	30.1419620513916
23.98749876022339	25.99336338043213
20.441509246826172	25.855247497558594
24.40319061279297	24.58038330078125
35.208003997802734	39.13817596435547
18.349205017089844	20.0086669921875
18.39037322998047	21.60132598876953
25.178349494934082	17.157819271087646
22.014427185058594	26.29928207397461
18.82632064819336	22.106060028076172
23.477672576904297	26.86666488647461
23.79224395751953	30.345592498779297
25.626768112182617	25.408939361572266
20.69778871536255	20.361183643341064
20.768199920654297	24.90772819519043
25.006227493286133	28.066638946533203
15.548515319824219	16.981407165527344
15.23847770690918	21.954427242279053
18.902606964111328	19.183194637298584
25.469234466552734	30.197261810302734
14.734808921813965	17.873130798339844
14.980610847473145	22.99053955078125
17.183594226837158	16.802969455718994
23.689266204833984	26.741676330566406
28.541547775268555	29.858684539794922
20.422057628631592	20.336471557617188
19.227190017700195	24.074138641357422
22.307741165161133	24.376880645751953
28.942977905273438	29.43460750579834
18.993608951568604	24.686485290527344
19.458070278167725	21.830055713653564
20.044186115264893	21.7378568649292
19.106365442276	23.896489143371582
22.626882553100586	29.07668685913086
22.202606201171875	24.956104278564453
16.217435359954834	14.249279022216797
20.041305541992188	24.524120330810547
16.36556625366211	23.13559341430664
27.84507179260254	28.283275604248047
26.14791488647461	25.112817764282227
20.935745239257812	30.301223754882812
26.873580932617188	31.521289825439453
27.221261978149414	32.698551177978516
29.329951286315918	31.7759370803833
15.579604625701904	18.007862091064453
16.63038682937622	17.858585357666016
14.737071990966797	21.93592071533203
14.526068687438965	20.44129228591919
19.71533203125	24.25858783721924
26.644715309143066	27.507911682128906
21.391746520996094	24.453170776367188
20.653717517852783	21.76488447189331
15.248813152313232	17.979424953460693
20.403392791748047	27.47820281982422
25.628475189208984	25.489940643310547
38.63133239746094	35.136077880859375
28.436279296875	26.796249389648438
23.957821369171143	22.587660312652588
19.881528854370117	25.295013427734375
20.211849689483643	21.103071212768555
23.740018844604492	26.294740676879883
21.37538480758667	25.107627868652344
19.053314208984375	22.888717651367188
16.304550647735596	20.914199352264404
15.26274061203003	19.973297595977783
26.101435661315918	22.371306896209717
24.135555267333984	27.280784606933594
27.056602478027344	31.33453369140625
19.58592653274536	18.575244426727295
20.486896514892578	24.78310203552246
18.369626998901367	20.056499004364014
20.147748947143555	27.547103881835938
16.54129457473755	19.79141664505005
21.58664846420288	26.95708465576172
17.90444326400757	21.59964895248413
20.486507415771484	25.65885353088379
29.68573760986328	33.26854705810547
16.250232696533203	16.957753658294678
18.83205556869507	23.823379039764404
29.78864288330078	33.12239456176758
26.498035430908203	24.729259490966797
25.17815399169922	31.994714736938477
23.235597610473633	22.025085926055908
37.16054916381836	37.049381256103516
16.4167537689209	17.93692970275879
24.054981231689453	24.49612045288086
27.784154891967773	28.77230453491211
30.17752456665039	27.936254501342773
24.596132278442383	22.624065399169922
26.23868179321289	31.42046356201172
30.026168823242188	32.58454132080078
18.4940185546875	22.304736614227295
14.56313419342041	13.36469554901123
23.18440055847168	30.461223602294922
15.419264316558838	17.5134015083313
13.828830242156982	14.857619762420654
24.296085357666016	27.67161750793457
15.999690055847168	17.448493480682373
12.789117336273193	17.974807262420654
20.301351070404053	22.40203857421875
24.171354293823242	24.963659286499023
35.610206604003906	41.76188278198242
29.12781524658203	29.66082000732422
28.776735305786133	30.16742515563965
18.11539077758789	16.306461334228516
20.731182098388672	31.647045135498047
22.427184581756592	22.121143341064453
23.876371383666992	24.803241729736328
19.62417221069336	24.65451431274414
32.66215515136719	32.0740966796875
24.74557113647461	22.613818645477295
22.889283657073975	26.118724822998047
18.05301332473755	20.23093271255493
25.86446762084961	25.366806030273438
29.70672607421875	29.342342376708984
26.672553062438965	29.483336448669434
28.706127166748047	31.152130126953125
24.71951675415039	29.128963470458984
25.31682300567627	25.472954750061035
25.115753173828125	30.9990177154541
20.96466064453125	26.2608003616333
17.937222003936768	21.622594356536865
15.814348697662354	20.41310691833496
19.53567123413086	23.799243450164795
27.427101135253906	30.599987030029297
21.281875133514404	23.497953414916992
26.754072189331055	26.640475273132324
20.187416076660156	25.219478607177734
25.836284637451172	25.45553207397461
24.103715896606445	26.41944122314453
17.669174194335938	22.27574872970581
17.91573715209961	21.349021911621094
24.079402923583984	31.07637596130371
25.72702980041504	25.869796752929688
19.84718084335327	23.450573444366455
22.878515243530273	24.93900489807129
18.175891399383545	19.198688507080078
