53.26019096374512	50.30661392211914
47.5050745010376	46.31930637359619
59.09819507598877	59.87156391143799
41.36257266998291	46.327094078063965
38.005080223083496	38.41534376144409
61.293946266174316	56.381096839904785
51.448402404785156	50.096357345581055
51.904155254364014	56.74717998504639
50.42860221862793	52.522737979888916
52.25585889816284	60.5353307723999
63.129600524902344	63.43352508544922
47.84294414520264	55.79256534576416
61.89929437637329	62.78029489517212
55.00499725341797	52.367637634277344
72.91298866271973	73.26934814453125
44.24220275878906	43.2079131603241
44.549736976623535	47.87229061126709
64.82130193710327	67.30848550796509
44.17505979537964	49.25079011917114
48.12557029724121	51.49409866333008
66.54120683670044	66.32388353347778
60.94808769226074	63.412145137786865
61.587772369384766	61.82792663574219
51.68804931640625	54.086936950683594
55.49033832550049	55.82112979888916
57.61660575866699	59.9268102645874
60.30997180938721	60.67878532409668
47.403079986572266	52.04936218261719
59.240583419799805	57.99960899353027
45.137128829956055	42.472496032714844
52.86004829406738	56.41355895996094
54.80771827697754	58.145853996276855
50.04466009140015	55.224398136138916
40.717838287353516	40.48966598510742
58.24214553833008	56.50987243652344
62.09019899368286	65.35467481613159
54.147666931152344	57.24497985839844
46.590972900390625	45.35618495941162
59.87109375	57.64913463592529
42.27710723876953	43.64025592803955
48.7745361328125	50.73404502868652
51.330345153808594	48.97053337097168
81.32878875732422	75.63961029052734
67.03398418426514	65.49518394470215
64.19566440582275	64.3810887336731
55.78275918960571	58.30551195144653
60.69345188140869	56.36165714263916
53.16743469238281	56.505645751953125
46.48108720779419	52.68247079849243
63.91027212142944	65.45011329650879
49.58699035644531	49.789493560791016
54.045799255371094	55.27078056335449
50.561279296875	51.17413902282715
71.99668264389038	73.82863998413086
54.90779209136963	50.44672870635986
45.963807106018066	46.794424057006836
49.50568771362305	49.82037162780762
38.73719835281372	42.4865198135376
71.76349639892578	65.43025207519531
42.810555934906006	47.95840406417847
48.19291114807129	48.72733116149902
67.47914123535156	67.79153156280518
63.80666255950928	65.68627738952637
52.13262176513672	54.34478521347046
51.67761039733887	54.377230167388916
50.69946098327637	46.61939334869385
60.82460975646973	60.51822853088379
47.35091972351074	56.04227685928345
59.959808349609375	53.126132011413574
75.4940938949585	73.09156894683838
53.01093292236328	51.45552062988281
47.94361591339111	49.47704315185547
50.95944786071777	54.28223419189453
59.40949201583862	59.91706895828247
52.244927406311035	53.0862717628479
57.955678939819336	57.5845890045166
44.896811962127686	50.94686031341553
52.916544914245605	53.07451915740967
55.86823654174805	55.95447540283203
63.76321220397949	61.77049255371094
59.505974769592285	60.8206844329834
50.665279388427734	50.56057357788086
50.63930654525757	49.07088613510132
58.705745697021484	59.476470947265625
50.905466079711914	51.38083457946777
41.11578941345215	49.6779727935791
63.904056549072266	66.41593933105469
51.414631366729736	54.55611181259155
48.374603271484375	44.46388626098633
60.25389862060547	59.38140678405762
46.415602684020996	50.48515319824219
61.13400220870972	59.56971216201782
59.50022029876709	63.29875183105469
58.80631637573242	59.74000930786133
66.71102619171143	60.81059741973877
50.73705244064331	54.82932901382446
45.08441638946533	45.73751211166382
52.12899398803711	51.100494384765625
51.75976610183716	54.59182024002075
44.48695611953735	46.74064254760742
60.993309020996094	60.62406921386719
54.264946937561035	56.499237060546875
50.80357599258423	58.01138782501221
51.529191970825195	53.61667585372925
47.642982959747314	46.72243118286133
55.70961952209473	60.3386926651001
47.768592834472656	47.678165435791016
47.837470054626465	49.23711824417114
50.857816219329834	48.30139923095703
56.48508071899414	60.05677795410156
54.93188667297363	54.76980400085449
53.870182037353516	54.97594451904297
56.169870376586914	56.28821086883545
54.37925577163696	54.12924385070801
54.85997772216797	54.67734909057617
50.145660400390625	45.28218126296997
45.70382642745972	51.616668701171875
42.53865909576416	46.837626457214355
48.91864633560181	48.28019046783447
61.916786193847656	60.61432647705078
46.68260049819946	45.152061462402344
57.54301929473877	58.698312759399414
56.14153861999512	61.87262535095215
51.83688163757324	52.43326663970947
71.19145345687866	67.95263671875
57.75382614135742	58.127685546875
64.318106174469	69.13752937316895
67.76448059082031	65.43692016601562
52.6525502204895	46.76538944244385
46.187899589538574	52.62849426269531
45.9873046875	49.56182670593262
71.82042121887207	69.47514533996582
49.662975788116455	50.08307218551636
51.12274932861328	54.17639350891113
46.11588191986084	45.599608421325684
60.84899711608887	65.08207654953003
51.9168586730957	47.29475021362305
51.46907186508179	62.58400917053223
55.97792673110962	54.343987464904785
55.18279838562012	52.81329345703125
65.77515697479248	67.41162300109863
53.93475341796875	58.191123962402344
59.411980628967285	59.60338020324707
65.34759521484375	61.86141014099121
52.89830684661865	52.28493690490723
40.86644649505615	49.080872535705566
54.76325273513794	56.950021743774414
47.12585163116455	45.975966453552246
53.481658935546875	50.952850341796875
62.970252990722656	63.251190185546875
42.00522994995117	47.69574737548828
65.3435583114624	64.9291763305664
46.331504344940186	50.018988609313965
50.47575759887695	53.94477844238281
50.74849891662598	48.88578987121582
63.224609375	60.75731658935547
57.57087326049805	63.7170295715332
50.82220458984375	49.465781688690186
68.13755798339844	71.66822052001953
49.38785362243652	51.95993614196777
50.665924072265625	51.42168426513672
51.640037536621094	55.064735412597656
49.17226982116699	45.53068256378174
63.3416862487793	68.70272827148438
54.91567039489746	56.06813049316406
64.09796142578125	65.95721435546875
56.6803092956543	58.54054641723633
42.64431047439575	48.270644187927246
46.954779624938965	49.30290222167969
40.90252685546875	45.583824157714844
56.03144073486328	58.5646858215332
50.01697587966919	51.526766777038574
55.79914093017578	55.6526255607605
52.26049852371216	56.27360439300537
64.46130180358887	66.5382628440857
52.500001430511475	58.2418212890625
56.46363067626953	52.878875732421875
57.488759994506836	59.47023010253906
53.737311363220215	54.46977138519287
45.95877647399902	45.875205993652344
45.43019771575928	53.30065727233887
49.63050842285156	51.28498649597168
39.8230676651001	41.96290302276611
51.583226680755615	51.53024339675903
43.915162086486816	44.63620185852051
53.17738056182861	55.21595001220703
47.747511863708496	52.24959754943848
66.89802646636963	74.0170726776123
55.68152141571045	52.66050100326538
54.886802673339844	59.56378173828125
58.548095703125	54.533294677734375
52.88138198852539	54.89788818359375
51.35882568359375	53.62290954589844
57.62290096282959	60.21874809265137
59.863935470581055	57.4526309967041
52.935543060302734	59.526798248291016
49.35321235656738	51.1673698425293
61.9718656539917	62.17862606048584
38.66352462768555	44.081260681152344
59.79342842102051	60.095415115356445
52.53122329711914	55.94977569580078
58.55095672607422	62.218570709228516
53.094369411468506	54.60157012939453
62.02817916870117	61.25154113769531
48.11103057861328	49.893728256225586
63.08083534240723	61.681217193603516
56.4194450378418	56.640811920166016
44.03536319732666	48.836374282836914
49.07259511947632	50.10765886306763
57.797080993652344	57.70164108276367
54.70227098464966	53.386374950408936
60.22746276855469	58.4998779296875
50.655080795288086	49.80941390991211
53.95240640640259	56.430437088012695
49.80835294723511	53.391682624816895
52.7179856300354	54.75481462478638
55.81922149658203	56.14341735839844
50.625892639160156	52.56178092956543
47.16268825531006	50.77451992034912
40.733346939086914	43.22361946105957
51.655664920806885	54.13035440444946
60.05828857421875	57.68818664550781
60.94787406921387	57.752564907073975
49.809139251708984	55.67924880981445
51.96597909927368	43.794310092926025
50.9538516998291	56.06312942504883
65.49359798431396	66.15947723388672
46.88362121582031	46.094369888305664
61.300140380859375	54.66233253479004
44.09818124771118	50.031150341033936
41.04112243652344	42.98470401763916
62.65519618988037	61.6947078704834
52.94670295715332	52.34783363342285
66.0608901977539	68.5736312866211
64.1880874633789	62.82884216308594
38.332858085632324	42.77568817138672
66.39713287353516	67.49446105957031
52.879085540771484	55.775108337402344
51.07078552246094	55.795799255371094
63.66789436340332	59.59542274475098
50.3149733543396	52.433860301971436
50.49676990509033	53.92177486419678
56.08160877227783	52.4723596572876
52.18600082397461	56.76382923126221
68.74087715148926	59.852725982666016
43.45468282699585	46.18578004837036
58.19012260437012	56.64445495605469
56.38691711425781	56.99587440490723
52.69541931152344	54.749786376953125
53.16009521484375	55.586849212646484
50.506553649902344	48.35639762878418
48.65927696228027	47.72179698944092
44.75944519042969	45.57089138031006
58.62954616546631	54.17055559158325
49.55919647216797	55.77032470703125
54.53896999359131	58.648552894592285
63.24571228027344	66.49989318847656
53.27954721450806	53.08039045333862
52.263633728027344	60.03116989135742
58.47792053222656	63.66057205200195
56.84754943847656	57.715911865234375
58.194721698760986	64.10849046707153
53.599403381347656	59.901710510253906
46.40108871459961	45.7371826171875
54.77238845825195	58.300933837890625
64.99175262451172	65.73480987548828
51.84314584732056	50.91843509674072
54.8577880859375	56.217689514160156
66.865553855896	68.85102272033691
55.021042346954346	55.9768853187561
56.67513656616211	57.22642707824707
54.85671615600586	62.25863265991211
48.926677227020264	42.10293626785278
46.12584686279297	52.2960262298584
50.87066459655762	51.96830177307129
48.93480157852173	54.13908290863037
77.01161289215088	71.89205312728882
65.13581943511963	64.06508588790894
61.31879806518555	61.598724365234375
53.69172286987305	54.02912378311157
68.99870872497559	69.51559638977051
59.72720813751221	59.592939376831055
58.12691879272461	57.73973083496094
56.983360290527344	58.76058769226074
40.16451358795166	40.836052894592285
46.7347412109375	46.84004592895508
51.715810775756836	54.60816764831543
45.78957653045654	49.17635536193848
51.99422264099121	51.65189981460571
56.914390563964844	57.01664352416992
50.39651393890381	62.048683166503906
60.10729694366455	57.15189552307129
55.14701986312866	55.53202199935913
65.8587498664856	66.32717943191528
66.11804866790771	68.17060804367065
54.270816802978516	55.66946792602539
64.55055284500122	59.74844169616699
45.76475143432617	49.36198043823242
67.77026271820068	67.0576696395874
57.67110633850098	62.38021278381348
59.2869987487793	55.86263656616211
51.063929080963135	51.99503183364868
43.299384117126465	44.7789192199707
44.89811611175537	50.30229377746582
60.760969161987305	62.022367000579834
50.90768384933472	54.56320810317993
64.98307609558105	66.6637487411499
51.24469184875488	51.491329193115234
58.72588348388672	56.68360710144043
54.092254638671875	57.59671401977539
36.6025972366333	40.212650299072266
63.93993377685547	62.85158634185791
59.28424072265625	56.79650115966797
58.89059829711914	58.93193435668945
47.890358448028564	53.27366590499878
51.74519920349121	52.219688415527344
39.611483573913574	46.67128086090088
57.79712104797363	56.52634620666504
45.20695877075195	48.01789093017578
42.109665870666504	41.753334045410156
46.752333641052246	48.77588653564453
46.698612213134766	52.9440655708313
53.098039627075195	54.27254676818848
67.89047908782959	70.11232566833496
46.0330867767334	47.103281021118164
68.74833011627197	69.05487012863159
40.614357471466064	47.653106689453125
51.663472175598145	54.0871057510376
48.684449195861816	52.84928321838379
68.58844900131226	69.18568468093872
49.8367714881897	51.85448455810547
47.89506483078003	51.11304569244385
54.160423278808594	52.6911678314209
60.30192947387695	59.8797492980957
63.80713891983032	66.05883836746216
48.43773078918457	48.56483459472656
63.2016716003418	58.284812927246094
59.53632736206055	61.818450927734375
54.27469825744629	60.72366142272949
63.23932456970215	60.85635566711426
56.86415719985962	57.84588003158569
54.90827941894531	55.532249450683594
51.77172660827637	49.07353401184082
42.58625507354736	47.27029895782471
48.24378204345703	47.59770202636719
49.42127180099487	56.280555725097656
50.926522731781006	53.23031711578369
69.24822998046875	68.36753845214844
40.2242546081543	44.221046447753906
49.203369140625	53.22193908691406
49.248817443847656	50.51013469696045
44.614837646484375	47.744937896728516
55.551082611083984	52.175601959228516
51.02653503417969	53.3778190612793
65.68555545806885	64.79037475585938
49.29682540893555	51.393558502197266
50.635828495025635	52.44502878189087
56.53432369232178	63.61178398132324
54.842782974243164	52.483388900756836
63.11194038391113	65.69326829910278
43.77876377105713	47.568989753723145
47.26531744003296	58.20876216888428
63.64551544189453	57.40260887145996
61.73965835571289	67.15359497070312
47.313626289367676	56.16993045806885
68.43506717681885	63.1612982749939
52.887946128845215	53.28713083267212
54.289146423339844	57.157859802246094
55.98153305053711	61.97209167480469
48.434396266937256	49.484917640686035
62.65609550476074	63.49476766586304
51.119956970214844	53.32005500793457
63.33804702758789	63.97661590576172
43.43958568572998	42.58677911758423
55.89483690261841	56.40255546569824
50.85774278640747	54.45704746246338
59.61753273010254	57.31958293914795
52.13456106185913	55.75887632369995
47.74150848388672	52.805789947509766
46.47857713699341	48.84827756881714
65.47288513183594	70.31149291992188
57.1619873046875	58.800048828125
57.62786865234375	58.94035720825195
61.731651306152344	55.81540298461914
74.23033618927002	75.8863878250122
52.75632095336914	52.56378984451294
61.43869686126709	58.66928815841675
49.79669952392578	53.45023727416992
50.58642768859863	54.68646240234375
56.55834674835205	52.70827388763428
46.57046127319336	52.759429931640625
54.51739263534546	50.47777080535889
49.22718048095703	54.124515533447266
40.506317138671875	46.39475154876709
58.7917594909668	61.66923522949219
63.94969940185547	62.33605194091797
53.50040340423584	51.97737789154053
50.1894645690918	53.29286193847656
47.55965709686279	48.645097732543945
67.28949737548828	66.19063377380371
62.87612438201904	68.95472049713135
57.6972017288208	59.7139368057251
49.52362012863159	49.36266851425171
48.06949424743652	52.89167404174805
48.75109910964966	48.1770339012146
65.29139041900635	67.24418640136719
43.91078853607178	47.244704246520996
51.820228099823	54.60172700881958
58.65035820007324	63.01680135726929
57.84377574920654	57.688236236572266
47.354344844818115	49.76250410079956
61.99962329864502	66.50528717041016
52.65920448303223	53.848405838012695
65.68031311035156	63.34644317626953
52.6839599609375	57.158607482910156
53.65758657455444	58.43372058868408
57.89994239807129	56.88584804534912
46.05438232421875	44.67232131958008
53.609413146972656	54.25353240966797
48.24075365066528	53.257851123809814
65.04525184631348	62.371087074279785
64.23616027832031	66.208740234375
54.114516258239746	60.87139320373535
73.45128536224365	68.35265922546387
51.52663850784302	57.065043926239014
51.38134288787842	51.48095464706421
67.44588947296143	62.223066329956055
56.56436347961426	56.96626138687134
64.30699348449707	66.50196075439453
62.992403984069824	59.672794818878174
44.08259582519531	49.70879364013672
63.35657501220703	64.59066581726074
59.95269298553467	61.75125789642334
48.69606971740723	51.51079559326172
57.07848072052002	59.83781290054321
55.87533760070801	54.713327407836914
46.71537780761719	48.661691665649414
48.19991159439087	52.487980365753174
45.406142711639404	46.500617027282715
57.796743392944336	58.521145820617676
55.96787881851196	61.268795013427734
54.96267318725586	56.197635650634766
44.53734874725342	45.70852756500244
54.432998180389404	54.45963430404663
62.26056385040283	61.28204345703125
53.50371551513672	55.884979248046875
60.291202545166016	60.34129333496094
58.00687265396118	58.18951606750488
48.33454418182373	49.04686689376831
57.41135787963867	57.39919567108154
48.27369832992554	49.55010938644409
55.78249168395996	56.45438003540039
44.41912078857422	46.44869661331177
72.20013427734375	74.39935302734375
54.436129093170166	57.56842041015625
48.76954650878906	46.867714405059814
59.89174032211304	64.86456441879272
57.77943992614746	58.696969985961914
50.1080961227417	50.23064565658569
71.72806739807129	70.93721866607666
54.39089870452881	51.274184703826904
51.82620286941528	52.82864236831665
53.70145034790039	56.423583984375
60.49991512298584	56.209075927734375
61.74291515350342	66.1650857925415
48.45755100250244	51.20936393737793
76.56292724609375	70.94410705566406
58.076194763183594	55.46344757080078
48.04729461669922	48.747130393981934
51.03811740875244	54.374775886535645
42.85634136199951	42.48199939727783
51.215699672698975	58.62246322631836
58.87844371795654	57.95332908630371
48.82330322265625	49.384429931640625
48.542826652526855	52.55268144607544
53.15286827087402	58.35215663909912
49.36389398574829	50.94553899765015
61.74585723876953	62.38290023803711
40.31721591949463	43.66175651550293
50.74684238433838	57.203972816467285
61.948020935058594	64.87788391113281
56.47183322906494	60.16694450378418
66.03266859054565	63.85102844238281
51.84414482116699	53.86984062194824
39.7700891494751	38.96249055862427
59.690317153930664	57.292104721069336
44.79271078109741	47.46472787857056
53.96919918060303	59.68674659729004
40.8953161239624	41.48046112060547
38.36082172393799	39.46592617034912
54.52337837219238	57.86565971374512
52.26250648498535	50.749993324279785
46.99551773071289	44.60566806793213
62.48662090301514	67.62078952789307
54.389732837677	61.04392719268799
59.61053657531738	57.35728740692139
67.4424819946289	66.13715362548828
59.47652578353882	60.182302951812744
60.48701477050781	59.36752939224243
55.409494400024414	57.27008628845215
52.54665184020996	47.936402320861816
44.75303649902344	48.45652198791504
57.06920337677002	56.87749671936035
56.82090759277344	56.26482391357422
46.92177200317383	46.888916015625
53.06176519393921	60.46159076690674
71.65667724609375	67.35107421875
63.204837799072266	66.86985969543457
53.511505126953125	53.61433029174805
54.2724404335022	55.54928541183472
55.444313049316406	57.52063179016113
46.86284065246582	46.84544563293457
41.818196296691895	47.85209655761719
57.974788665771484	59.572200775146484
54.59759712219238	57.71623611450195
69.90559577941895	65.25861263275146
49.01549768447876	53.32513904571533
41.02076053619385	44.54066562652588
51.465660095214844	54.59199142456055
60.857160568237305	56.13874816894531
54.44546175003052	54.66347408294678
61.07010841369629	66.82429313659668
47.654404163360596	49.30410861968994
43.61514377593994	44.84225797653198
54.44362449645996	59.11908531188965
54.96464920043945	51.47647523880005
51.226707458496094	54.594411849975586
54.74610900878906	52.69054412841797
53.46138381958008	53.250277519226074
56.02273750305176	61.51311683654785
66.80134582519531	64.71380615234375
46.742048263549805	47.58866310119629
42.49926567077637	47.01152801513672
65.7215347290039	63.44298553466797
54.11844253540039	57.743797302246094
56.146812438964844	54.07992935180664
52.966318130493164	51.711496353149414
59.59227705001831	61.29257869720459
59.322662353515625	60.60356521606445
48.0622181892395	49.426878929138184
39.546000957489014	42.71357536315918
56.654497146606445	57.807621002197266
49.60531425476074	52.4157829284668
38.081512451171875	40.20823001861572
55.83274698257446	58.35328960418701
48.31247425079346	46.754661560058594
43.098609924316406	53.600412368774414
59.54892635345459	57.91703987121582
54.90934610366821	54.6596302986145
50.12511920928955	49.72981643676758
41.444249629974365	47.14343547821045
42.34728240966797	45.98233413696289
45.98288059234619	45.39994716644287
50.38760948181152	54.02731132507324
42.46554470062256	46.47642421722412
50.84365653991699	54.672414779663086
57.13287353515625	55.68489074707031
66.32405090332031	62.42734622955322
52.593249797821045	54.5052695274353
50.60023307800293	54.100608825683594
64.11581993103027	63.66368007659912
50.781466007232666	50.44007968902588
58.842247009277344	56.456573486328125
41.82447052001953	47.373873710632324
42.53053951263428	46.788631439208984
50.6521110534668	51.287841796875
48.52438545227051	45.16086959838867
53.44095230102539	57.42695999145508
53.76220893859863	52.63704872131348
42.899131774902344	46.770389556884766
54.11134338378906	58.061187744140625
59.876827239990234	61.067466735839844
59.923447608947754	61.60574245452881
42.30003356933594	42.85743951797485
52.04733467102051	53.44917297363281
57.23221778869629	65.18371486663818
59.74843215942383	57.02643966674805
58.71499252319336	58.93263244628906
62.6549072265625	58.59542465209961
50.39085817337036	60.83486080169678
64.52570915222168	59.11712694168091
53.697166442871094	60.45863342285156
56.12217903137207	52.22165584564209
44.85647678375244	52.47677993774414
55.60313415527344	58.798770904541016
77.20867824554443	73.97800254821777
70.44868469238281	73.78411769866943
49.36233472824097	47.784194469451904
52.812984466552734	58.307395935058594
63.197936058044434	62.603984355926514
46.12564516067505	47.050172328948975
60.62565326690674	57.980058670043945
48.626712799072266	49.252458572387695
43.42953872680664	48.30337715148926
51.65885543823242	57.73999786376953
53.663387298583984	58.80833053588867
38.77310037612915	44.912903785705566
51.94742202758789	51.718271255493164
47.42138671875	48.6580753326416
44.27907419204712	44.25724124908447
48.99454307556152	50.421220779418945
47.78442144393921	55.20161056518555
45.61831474304199	47.1276330947876
54.60891342163086	58.59173583984375
56.13480281829834	53.58739471435547
62.538153648376465	62.033859729766846
56.453529357910156	58.995059967041016
49.731353759765625	50.15052795410156
66.34858560562134	67.69594717025757
56.621055603027344	55.21163082122803
49.114585399627686	50.25854015350342
68.65295314788818	69.33870124816895
47.42545795440674	48.110116481781006
57.7012996673584	51.96811866760254
67.20649766921997	70.48012733459473
45.873793601989746	43.71372747421265
48.75139617919922	53.88502883911133
45.43824005126953	46.41049289703369
49.20197677612305	51.69876480102539
64.86914873123169	63.03276968002319
69.79914665222168	66.12942552566528
56.014180183410645	58.90563154220581
67.99328804016113	66.77952766418457
51.79282093048096	53.167715549468994
47.64812469482422	54.60841751098633
61.21420669555664	63.92083740234375
52.30058288574219	53.77232217788696
58.47516059875488	62.719887256622314
49.98866844177246	51.24949550628662
58.94273376464844	55.48855972290039
60.63087463378906	60.05861759185791
62.787506103515625	63.62859535217285
58.7889347076416	60.02182388305664
49.583444595336914	50.95036506652832
51.47051811218262	50.01016044616699
56.71277046203613	58.42115592956543
66.70427656173706	69.62940788269043
36.55855178833008	43.77361297607422
65.41973876953125	65.05837440490723
60.47117471694946	62.15065813064575
63.907875061035156	61.92112731933594
54.07699537277222	59.262084007263184
50.25334930419922	57.40801239013672
50.895503997802734	55.1286883354187
50.74224042892456	47.14081048965454
37.19337558746338	40.18490123748779
63.3590087890625	64.44007873535156
55.870819091796875	61.55142784118652
69.7131175994873	65.27408409118652
48.39773368835449	47.53469467163086
45.44480848312378	52.837143898010254
53.78440856933594	53.63879442214966
58.83353233337402	57.516014099121094
54.56210708618164	54.37276840209961
58.01273727416992	63.22039794921875
45.040008544921875	52.316476821899414
60.234856605529785	56.687819480895996
55.878708839416504	56.91811180114746
47.45761489868164	52.92025661468506
59.408865451812744	57.59332323074341
46.679176330566406	50.773719787597656
58.243690490722656	56.729095458984375
57.575209617614746	58.33861827850342
55.800941467285156	57.786895751953125
49.956727504730225	51.154919147491455
52.87402153015137	52.62876319885254
50.076589584350586	52.87034034729004
90.84043502807617	90.71549415588379
57.71973896026611	59.7507266998291
68.58776664733887	60.50571298599243
49.26325607299805	50.17922401428223
45.54126262664795	47.613372802734375
64.0960464477539	61.85901927947998
58.37372589111328	62.3691143989563
62.772677421569824	60.72717332839966
58.79327392578125	67.24664306640625
54.134613037109375	53.69877624511719
46.92788600921631	49.50139045715332
58.862128257751465	62.156715393066406
48.586158752441406	49.10677433013916
44.53722095489502	49.19589900970459
65.17182111740112	67.69454383850098
54.40290069580078	55.29024887084961
48.45705986022949	47.890997886657715
62.82988262176514	62.545350074768066
64.06901359558105	68.25142860412598
57.13148784637451	58.51957035064697
59.011165618896484	58.25193786621094
57.09656524658203	64.12098741531372
56.61859130859375	54.27317810058594
53.72473764419556	55.67486238479614
57.07678985595703	66.03619384765625
47.515902519226074	50.42707443237305
45.62788391113281	47.05331802368164
50.22491121292114	52.40459394454956
57.52613639831543	56.57881164550781
45.65305995941162	42.41477680206299
76.84945583343506	74.79655265808105
50.823360443115234	54.41355514526367
51.40901708602905	54.26222324371338
72.94906616210938	64.07124519348145
52.60765027999878	62.44085168838501
55.24940872192383	53.399261474609375
43.462135314941406	44.07818603515625
61.585121154785156	64.5531530380249
56.32267093658447	55.14378881454468
63.43781661987305	63.529151916503906
55.8101806640625	61.0832576751709
62.49038219451904	61.76089954376221
52.05146026611328	52.85426902770996
62.56388187408447	60.15823268890381
51.74272918701172	54.246315002441406
48.862409591674805	49.82014274597168
54.529502391815186	61.64454174041748
46.93011283874512	42.51782417297363
53.163636684417725	50.65157985687256
71.70146369934082	67.75507164001465
54.103524684906006	54.03865337371826
42.46077060699463	43.738091468811035
50.144357681274414	49.079575538635254
46.68130111694336	51.11747360229492
35.63770580291748	35.55733394622803
48.101611614227295	50.80150651931763
54.998268127441406	53.10746383666992
52.90470314025879	53.19548034667969
54.33712577819824	51.819414138793945
40.81654071807861	45.10632038116455
36.77387523651123	42.41455936431885
45.28720140457153	53.63393449783325
45.68857955932617	48.4387264251709
54.04450225830078	49.004398345947266
54.75064659118652	55.4670352935791
40.62523555755615	40.13655614852905
43.74504375457764	45.371031761169434
44.58120393753052	50.98924112319946
36.951937198638916	41.69105768203735
49.70435190200806	51.31592416763306
68.00961112976074	67.21529531478882
42.652607917785645	45.24998474121094
68.84554386138916	69.75056648254395
49.06376838684082	53.07364082336426
60.47041320800781	55.88777160644531
53.04005146026611	59.26896572113037
57.74683380126953	54.13905334472656
57.92726707458496	61.19439125061035
50.36290502548218	50.178715229034424
50.59325408935547	57.202083587646484
60.66222381591797	54.32966995239258
47.90493154525757	49.70384120941162
55.19304084777832	55.64586067199707
48.56942939758301	54.73157501220703
44.45240020751953	49.98882293701172
53.11388921737671	52.882468700408936
70.49688053131104	65.94894599914551
42.971816062927246	43.35955619812012
57.50415372848511	62.82679796218872
57.32549285888672	57.28668022155762
52.600526332855225	54.92227506637573
73.2123031616211	71.10025024414062
50.86025619506836	55.17353916168213
48.277639389038086	45.660255432128906
57.69980525970459	59.367947578430176
55.27308750152588	56.30825138092041
48.766639709472656	51.08800506591797
43.416412353515625	49.92086219787598
52.22467803955078	54.0008544921875
55.459593772888184	52.14994525909424
61.09554576873779	63.45382118225098
53.601510524749756	52.26159334182739
51.71730279922485	54.237008571624756
45.303025245666504	48.47743034362793
43.956003189086914	42.381439208984375
50.4451961517334	53.39835548400879
58.555335998535156	58.799262046813965
52.903175354003906	58.25372314453125
50.42338037490845	49.67915105819702
53.135868072509766	53.952558517456055
49.225730895996094	51.24375915527344
58.576629638671875	58.52867889404297
46.26387119293213	51.597065925598145
48.681124210357666	48.06820631027222
44.20858383178711	45.271602630615234
58.96055030822754	57.82313060760498
42.38968849182129	43.19907188415527
46.65576934814453	50.82307815551758
33.8369026184082	37.34418249130249
52.951683044433594	54.09251403808594
37.0270791053772	41.41718292236328
53.13281536102295	50.08100986480713
44.707313537597656	47.125
43.480570793151855	44.73478031158447
57.23741149902344	56.852783203125
38.80146789550781	42.459763526916504
53.85374450683594	55.008888244628906
59.8830451965332	58.15624237060547
56.7611083984375	59.224456787109375
60.39551544189453	57.86396026611328
56.60703659057617	54.94502258300781
44.068453788757324	43.425347328186035
49.24371337890625	51.59062576293945
57.889400482177734	60.771820068359375
55.60843276977539	59.44124507904053
56.28731918334961	51.43758487701416
53.962989807128906	57.08963584899902
52.84492111206055	56.08754348754883
58.918453216552734	58.42595672607422
60.343746185302734	63.78057861328125
57.0062255859375	56.65216827392578
52.69511604309082	54.02379655838013
45.26455307006836	44.82561206817627
47.24425506591797	49.11352729797363
46.95552396774292	47.70200300216675
49.968270778656006	50.02860975265503
61.06721115112305	65.03273010253906
39.87160921096802	39.578120708465576
52.56446838378906	54.43313980102539
47.738831520080566	51.891700744628906
60.11475372314453	57.17196273803711
64.68509674072266	65.10119819641113
60.339059829711914	59.86433029174805
58.98082780838013	64.67456102371216
35.977646827697754	39.127272605895996
60.61455154418945	62.54299354553223
54.31983470916748	54.338035583496094
52.65408229827881	60.73097610473633
57.50962734222412	54.40793752670288
42.50035858154297	43.283955574035645
56.9453239440918	59.62681579589844
60.114553451538086	66.90263271331787
50.36186695098877	52.20705986022949
61.327823638916016	63.64394760131836
59.063621520996094	60.83617401123047
52.59141540527344	55.36088562011719
43.17408895492554	39.93905162811279
49.67510986328125	51.7410888671875
48.354424476623535	52.65875864028931
58.76434326171875	59.524009704589844
54.451480865478516	51.96376991271973
47.039780616760254	48.55045795440674
65.49385070800781	66.8909912109375
52.491551876068115	55.57674264907837
50.64509439468384	55.61528158187866
48.98050117492676	49.430992126464844
57.91812515258789	63.20507049560547
65.52419471740723	64.72906351089478
73.82019424438477	73.30163955688477
54.29806184768677	60.16030216217041
73.2172155380249	76.85593605041504
65.3078842163086	67.14378356933594
46.700754165649414	47.28606700897217
46.59059143066406	49.72123146057129
48.842649936676025	52.03532314300537
55.49821949005127	56.95675086975098
54.87783622741699	50.82662773132324
56.08590888977051	56.633663177490234
63.8901801109314	60.05845785140991
56.47835683822632	60.94916582107544
57.80737113952637	59.37533760070801
46.959228515625	47.68735599517822
39.75566101074219	42.53300476074219
43.54551935195923	50.709778785705566
57.6539192199707	60.844505310058594
49.71919059753418	49.298057556152344
66.33223056793213	66.60665273666382
45.018792152404785	49.82555866241455
60.77356481552124	63.31715726852417
47.31343078613281	44.68745422363281
56.32948303222656	56.31264877319336
43.12579679489136	46.106322288513184
50.092660903930664	53.086326599121094
59.406639099121094	57.14653015136719
48.709662437438965	54.30634260177612
67.27940368652344	72.56413269042969
43.5271110534668	45.55040502548218
51.142619132995605	48.11067056655884
67.13507890701294	69.01167297363281
52.695505142211914	56.57219123840332
64.78921508789062	64.58761024475098
47.408034324645996	50.82615852355957
49.67995548248291	52.8579421043396
53.0683536529541	57.72062301635742
61.694034576416016	62.662879943847656
58.670103549957275	60.107643127441406
64.96615314483643	62.417877197265625
44.53633642196655	46.41439342498779
45.879836082458496	47.750304222106934
58.36680221557617	60.00937843322754
47.514862060546875	51.94244384765625
59.317731857299805	59.44243907928467
42.952608585357666	43.527514934539795
63.9970908164978	63.90750074386597
54.48168754577637	53.52656841278076
74.47976112365723	71.44761085510254
48.44697952270508	50.24041175842285
49.690775871276855	55.35887575149536
45.076735496520996	39.9321985244751
49.71398735046387	51.78647232055664
62.62667465209961	62.39678955078125
57.97938823699951	61.644606590270996
47.12423276901245	52.934853076934814
48.820613384246826	51.75719594955444
56.48210525512695	56.20516586303711
59.630990982055664	58.33811092376709
60.139769554138184	64.13354444503784
50.363142013549805	48.88535499572754
55.68410873413086	57.864463806152344
52.05039024353027	54.528236389160156
65.7480239868164	67.5731430053711
58.56427192687988	57.72491455078125
58.06315803527832	61.4904727935791
43.83823299407959	43.64598369598389
48.34443759918213	53.20134782791138
62.914794921875	58.06470489501953
46.08146524429321	51.35642910003662
58.08497428894043	57.934823989868164
61.59738540649414	65.72819709777832
55.79926300048828	56.18705177307129
38.27178192138672	39.244014739990234
43.2667121887207	47.98873519897461
59.60212326049805	60.84925842285156
50.639400005340576	50.70833349227905
54.913350105285645	54.36991310119629
58.229045391082764	62.393370151519775
55.616769790649414	56.3715877532959
45.42283535003662	45.251606464385986
73.8488998413086	72.94070434570312
54.94656467437744	59.659729957580566
47.48226833343506	44.83074903488159
62.40600776672363	64.64255428314209
51.83761024475098	50.32962226867676
79.23922157287598	75.32750749588013
56.88006591796875	61.1069450378418
50.62786865234375	50.51880645751953
54.561058044433594	56.119611740112305
49.985493183135986	51.58165454864502
54.39469528198242	54.79800224304199
45.12307834625244	44.94648742675781
45.65063428878784	46.823264598846436
45.83586502075195	47.738619804382324
51.73728895187378	53.25731372833252
54.27726173400879	57.404096603393555
65.46256828308105	66.9539623260498
60.54176330566406	65.31669616699219
43.98823928833008	49.33282470703125
53.63955116271973	50.44931602478027
49.874305725097656	49.995126247406006
67.8454360961914	64.02838134765625
50.78191375732422	54.59073257446289
53.260746002197266	60.63468360900879
56.67343997955322	48.34909725189209
58.88764572143555	57.89008712768555
44.320268630981445	48.43068599700928
53.546485900878906	55.6985445022583
56.061485290527344	53.63134002685547
51.82383060455322	63.047475814819336
64.68382215499878	61.85166263580322
42.53328609466553	44.897812843322754
63.75218677520752	62.736989974975586
49.00982332229614	50.996424198150635
57.70894432067871	58.94060802459717
46.47535800933838	49.24454212188721
53.585148334503174	51.108519554138184
57.481709480285645	56.049774169921875
59.08673286437988	61.35111713409424
58.10511016845703	59.162471294403076
48.31536149978638	50.73223924636841
61.82487964630127	60.51831245422363
56.765992164611816	57.86121082305908
70.61389923095703	67.33883857727051
49.170982360839844	51.03211784362793
46.26525115966797	41.72204637527466
38.94676208496094	42.85653591156006
54.258681774139404	58.41836643218994
53.39399719238281	49.98798751831055
70.17941474914551	75.5038833618164
72.0274429321289	69.56471252441406
53.471595764160156	54.373069763183594
56.82076120376587	60.66531944274902
60.587568283081055	60.406015396118164
40.41014099121094	43.63601303100586
50.45353698730469	54.71711349487305
47.686285972595215	49.72797775268555
54.13450241088867	54.00053024291992
45.646119117736816	45.0042200088501
54.98855209350586	52.59841346740723
59.129799365997314	59.335474491119385
59.95318794250488	61.03849983215332
55.670820236206055	52.80112266540527
41.745978355407715	46.739562034606934
49.26003932952881	52.10630941390991
51.37970733642578	54.56976318359375
43.63257694244385	39.47135066986084
51.80885410308838	59.684476375579834
56.037532806396484	61.492191314697266
45.73945140838623	54.704458236694336
54.639992237091064	50.64378595352173
57.824387550354004	60.420241355895996
70.12839317321777	75.16631126403809
66.21430969238281	63.420936584472656
56.53804397583008	62.403038024902344
