66.19766235351562	63.23467254638672
65.89476013183594	59.790016174316406
68.2295823097229	58.849000453948975
60.9619140625	62.01124572753906
46.24500274658203	42.80890464782715
54.612221240997314	53.39422607421875
62.400940895080566	56.77778148651123
38.00936937332153	37.26206302642822
57.881187438964844	58.03561782836914
42.90449523925781	39.30739688873291
50.370535373687744	47.88366937637329
62.69461631774902	60.4958438873291
61.467933654785156	58.107895851135254
60.99074935913086	55.85309600830078
73.74759674072266	70.06107330322266
55.13422966003418	55.90803337097168
52.97904396057129	54.38784599304199
58.35326385498047	58.035593032836914
62.13719654083252	55.412109375
51.41057586669922	49.78725814819336
63.48022937774658	66.08808994293213
48.491655349731445	47.06744384765625
54.92160987854004	52.78671455383301
47.6841344833374	43.20138645172119
57.093003273010254	52.3612003326416
75.18380641937256	72.32390403747559
66.68856239318848	69.47710418701172
53.53341293334961	51.75198745727539
52.40315246582031	50.28003692626953
61.36323356628418	60.10525417327881
73.45372295379639	67.82945251464844
48.80790710449219	46.35154724121094
59.4759521484375	54.16814422607422
60.705936431884766	53.56622314453125
50.15399169921875	48.41099548339844
71.01003170013428	70.68930149078369
64.49386596679688	61.17577934265137
75.43622303009033	69.1357569694519
54.26508712768555	51.75397491455078
45.896504402160645	48.35659742355347
64.27949523925781	60.82906723022461
53.75351667404175	55.40463590621948
42.347190856933594	45.62442398071289
55.50615692138672	51.47312307357788
50.43807363510132	46.31713819503784
51.912986755371094	49.85441780090332
70.19174194335938	66.4804916381836
63.06878662109375	63.05046844482422
56.48155403137207	55.58881187438965
62.20947456359863	57.269728660583496
54.356353759765625	53.64814758300781
65.94004154205322	65.25274753570557
56.707529067993164	50.47188377380371
67.7028112411499	64.17118835449219
56.246212005615234	54.26001739501953
84.55568218231201	75.77424144744873
63.863983154296875	61.278564453125
72.93290710449219	68.34239196777344
50.88949203491211	49.676170349121094
79.22400522232056	77.7470908164978
56.02485466003418	52.6871280670166
53.18682813644409	52.69323205947876
58.67828178405762	56.59625816345215
71.06995391845703	65.22798156738281
56.88551187515259	53.378783226013184
56.56134033203125	52.31486511230469
66.88410186767578	69.76360321044922
59.718783378601074	55.63635015487671
51.245036125183105	47.35090255737305
65.75221920013428	62.383243560791016
56.990447998046875	52.72179412841797
61.20988655090332	64.16386985778809
54.97526693344116	49.321102142333984
58.221858978271484	62.94096755981445
53.9735221862793	50.1021728515625
55.21855020523071	59.75221538543701
50.03165912628174	47.23598098754883
47.516279220581055	52.069034576416016
52.396015644073486	47.29068851470947
70.63451957702637	67.31034851074219
57.02444076538086	57.78081512451172
51.77940607070923	53.02403402328491
57.824684143066406	54.95487976074219
58.618202209472656	58.20054626464844
57.4988579750061	59.326871395111084
58.55406379699707	52.87090301513672
47.74203300476074	47.843003273010254
51.952457427978516	48.960540771484375
65.63767910003662	62.00984477996826
57.191307067871094	61.283321380615234
75.73797798156738	67.89866638183594
63.032257080078125	59.934959411621094
55.91777801513672	54.22210693359375
51.74688148498535	49.859893798828125
60.75990867614746	57.00340747833252
60.233076095581055	58.69525623321533
66.79855346679688	63.51860046386719
55.27325248718262	57.09434509277344
57.37530517578125	54.41385889053345
48.31583023071289	49.60226058959961
56.50153350830078	53.18292999267578
58.62120819091797	57.03410243988037
57.29444360733032	48.52252149581909
58.03312110900879	60.06381797790527
62.02519512176514	62.10802602767944
57.871646881103516	58.606101989746094
60.938971519470215	60.56644630432129
50.06045341491699	43.33357810974121
65.23429679870605	58.491926193237305
53.10046434402466	59.21658229827881
62.308204650878906	59.018683433532715
45.59670639038086	44.73278045654297
57.20853328704834	53.99015426635742
49.34784507751465	49.28991508483887
48.00932693481445	45.553993225097656
67.48370170593262	63.17046642303467
50.293335914611816	48.06861400604248
69.41244506835938	63.29388427734375
49.97134065628052	49.22923755645752
73.84722232818604	67.16615295410156
61.849124908447266	58.6086311340332
68.71973991394043	62.27982473373413
50.921215534210205	53.18672800064087
78.75817966461182	68.92892646789551
61.164724349975586	66.52441310882568
58.85861682891846	48.838791370391846
45.64207363128662	48.41832733154297
50.94158363342285	43.608120918273926
53.243385314941406	49.61779975891113
52.164928913116455	50.905951499938965
76.02934265136719	75.51457786560059
63.124051094055176	62.09296274185181
60.06443214416504	56.86160182952881
68.07693672180176	64.43089199066162
61.28504753112793	59.35123157501221
48.203134536743164	42.794809341430664
78.78281593322754	77.50253200531006
66.63926696777344	67.40106201171875
55.6199951171875	53.45539855957031
55.902700424194336	55.9683837890625
67.11386585235596	63.61340522766113
45.874000549316406	44.71352767944336
78.10313415527344	73.21573638916016
56.353272438049316	52.08339166641235
70.19573974609375	67.49418640136719
55.59081172943115	50.99441480636597
43.996877670288086	43.25511455535889
62.68675231933594	56.573936462402344
57.674652099609375	55.18210983276367
47.448392391204834	47.182541847229004
59.58526039123535	63.03263282775879
60.74277114868164	59.3171501159668
57.65210151672363	53.592233657836914
50.522483825683594	48.5687313079834
46.48948526382446	48.64638042449951
57.163917541503906	54.72599792480469
53.26564025878906	45.370452880859375
51.11917304992676	49.72469902038574
60.04887771606445	55.81343650817871
58.21052169799805	55.90654373168945
54.88967752456665	51.17085409164429
54.12929630279541	52.680020809173584
53.932037353515625	56.51627063751221
66.78266906738281	60.725990295410156
64.21385955810547	59.710811614990234
55.22133255004883	56.665489196777344
51.22230529785156	53.808082580566406
61.13559341430664	52.122596740722656
50.10958480834961	49.65699005126953
59.777915954589844	59.36710166931152
60.554898262023926	55.59698295593262
58.54133224487305	60.31005096435547
55.29687976837158	57.17864513397217
50.28623104095459	50.182326793670654
46.98966979980469	41.88347625732422
60.06752300262451	54.292290687561035
62.459354400634766	64.5045394897461
64.32681083679199	60.45856475830078
57.599663734436035	51.771535873413086
70.17658233642578	66.98250579833984
70.97659111022949	76.19299411773682
64.03624057769775	57.39420413970947
56.416709899902344	56.77642059326172
57.58079719543457	55.852917194366455
51.79644584655762	49.346689224243164
60.277594566345215	52.608153343200684
49.8200626373291	48.241607666015625
69.89520406723022	66.65768337249756
65.19781398773193	63.06144332885742
66.73808097839355	62.67238426208496
64.58807373046875	59.88252544403076
47.057433128356934	48.74294471740723
51.9089412689209	55.85657787322998
59.65348291397095	52.848336696624756
51.457215785980225	50.76824474334717
57.036203384399414	55.71926307678223
66.2790470123291	59.383541107177734
45.86379528045654	45.349345207214355
59.34199237823486	59.807623863220215
65.71404266357422	65.5289306640625
55.32923698425293	53.94015884399414
50.04810619354248	47.035783767700195
78.30029487609863	74.12249565124512
52.524314880371094	55.259464263916016
63.100746154785156	63.80110168457031
57.221242904663086	56.57565402984619
74.29058074951172	65.08570718765259
57.495784759521484	55.97003936767578
62.88495063781738	58.37118911743164
58.19626808166504	54.414093017578125
66.47738647460938	66.03031921386719
54.069942474365234	50.52061891555786
70.0803689956665	59.90725898742676
74.6513786315918	76.16568088531494
70.64274787902832	57.9849910736084
55.12542724609375	56.444703102111816
60.952165603637695	56.72075843811035
71.21007442474365	66.35595846176147
53.10292053222656	49.21877861022949
41.189208030700684	37.25142240524292
68.50824022293091	65.40001487731934
68.36518859863281	66.43233489990234
62.62289047241211	56.62380599975586
50.0298957824707	49.911231994628906
64.54971313476562	62.59427833557129
56.51085948944092	50.58866786956787
54.19577598571777	51.919875144958496
56.44760704040527	53.00650358200073
55.086424350738525	54.91080951690674
62.0258674621582	63.81843566894531
66.87698364257812	61.87760925292969
63.578110694885254	59.82291126251221
62.92603302001953	65.16164493560791
63.65134048461914	57.79731750488281
45.169936180114746	47.69228553771973
46.24597501754761	41.85603475570679
49.80290985107422	49.97336959838867
42.383666038513184	39.52949810028076
63.10133171081543	56.14577293395996
58.98313903808594	55.025184631347656
50.96330165863037	52.30035066604614
68.96088409423828	64.13101959228516
63.73212814331055	58.67405319213867
65.39651489257812	59.74058532714844
63.32145309448242	62.78471755981445
54.88101768493652	49.6966609954834
63.703834533691406	63.28546142578125
77.17967987060547	76.2710428237915
62.54403305053711	57.84809875488281
67.88989448547363	63.5676326751709
53.975521087646484	54.09268569946289
52.72773218154907	47.05770921707153
71.33162689208984	70.09431457519531
51.867523193359375	49.25503730773926
64.99717712402344	61.610761642456055
70.40492248535156	70.1832947731018
61.952232360839844	60.098243713378906
67.40779113769531	62.1005802154541
61.1197509765625	58.75392150878906
63.11531639099121	61.6256628036499
59.07802772521973	58.9801549911499
57.36713409423828	56.01374530792236
49.378732681274414	41.61470031738281
61.34062957763672	57.53810501098633
72.7960753440857	73.3582935333252
69.96335792541504	60.89529991149902
50.14942169189453	51.48762893676758
60.19654846191406	56.56509780883789
50.212921142578125	49.78922653198242
57.82125663757324	53.24792766571045
63.1058406829834	60.15589714050293
77.68895244598389	72.17524909973145
62.59696054458618	65.13972473144531
64.17402648925781	58.10635185241699
63.98272705078125	62.1013298034668
64.79193019866943	59.9672327041626
51.053701877593994	50.782774448394775
51.160643577575684	49.05249786376953
57.96400451660156	56.83574867248535
66.73365688323975	62.563087463378906
49.71846103668213	46.98420286178589
64.59706020355225	55.75834894180298
53.39413928985596	51.65628910064697
57.560298919677734	59.779354095458984
60.5720157623291	60.47225761413574
49.81305122375488	46.560049057006836
56.301979064941406	57.30315017700195
59.478177070617676	55.874876976013184
60.042630672454834	52.865219593048096
67.08282613754272	66.40464687347412
63.250733375549316	58.873403549194336
51.03154754638672	47.025787353515625
48.04691505432129	50.72016906738281
50.44361448287964	49.562659740448
52.65110158920288	51.98360300064087
63.07774543762207	65.33520698547363
55.42986297607422	53.046932220458984
61.33525085449219	59.875648498535156
54.762908935546875	51.289878845214844
55.430500984191895	56.09799289703369
70.98996639251709	69.08590841293335
59.24638271331787	59.32193183898926
52.28459358215332	47.371825218200684
52.806100845336914	49.673086166381836
45.942978858947754	49.906110763549805
65.52210998535156	63.697479248046875
49.464120864868164	48.0156946182251
45.623854637145996	43.9755425453186
60.105966567993164	54.75711250305176
60.8237886428833	56.48138236999512
67.69652652740479	63.87192392349243
51.729294776916504	53.353734493255615
61.727423667907715	62.79608726501465
50.24814748764038	42.408308029174805
50.17466926574707	50.659040451049805
53.77968406677246	55.71586990356445
53.97389221191406	53.22421884536743
66.34585618972778	62.86475229263306
62.32644462585449	60.44343566894531
50.52589797973633	50.77463150024414
53.20737838745117	55.1564826965332
59.73267459869385	58.19429683685303
50.799686431884766	50.57960891723633
50.276235580444336	50.934425354003906
75.27335834503174	72.46866130828857
46.07840538024902	46.303391456604004
55.5438346862793	56.6371374130249
63.64079570770264	59.52989387512207
52.013702392578125	52.56531524658203
46.142127990722656	45.668067932128906
58.88731384277344	57.24732208251953
59.54703712463379	52.411152839660645
48.854408264160156	45.69598197937012
62.73174285888672	59.52079391479492
49.9251708984375	46.796067237854004
50.523008823394775	48.99040699005127
40.06702136993408	37.97142791748047
44.861915588378906	42.53665637969971
52.954599380493164	53.787856578826904
68.66587829589844	66.38129425048828
61.163729667663574	58.08080196380615
64.90953922271729	64.18930053710938
43.354002952575684	46.53016710281372
53.208946228027344	54.123573303222656
54.576659202575684	48.89063358306885
66.33151149749756	62.320191383361816
56.9528865814209	54.6358060836792
44.3504843711853	43.13473558425903
68.24447631835938	63.40066909790039
59.892024993896484	59.27899932861328
58.041391372680664	59.858832359313965
70.78084564208984	67.98512268066406
65.73008251190186	60.507052421569824
61.13081169128418	62.85995006561279
45.24820518493652	42.92018938064575
69.96520328521729	65.33920383453369
48.715614318847656	50.88347768783569
48.5134334564209	44.004398345947266
58.23294162750244	58.38346576690674
60.76185607910156	61.082672119140625
52.09514617919922	47.0674991607666
59.12302494049072	58.73541831970215
57.34957265853882	57.83856725692749
58.79561805725098	53.67732810974121
59.13064956665039	56.47645568847656
53.126792907714844	54.150962829589844
63.67528247833252	63.84521961212158
53.36102294921875	47.87970733642578
73.40188121795654	71.35130453109741
58.94022083282471	60.253668785095215
68.60832977294922	61.480308532714844
56.09344005584717	52.489402294158936
48.89158058166504	52.54071807861328
65.20930337905884	61.271631717681885
52.20423889160156	45.01223373413086
70.92949676513672	65.81775665283203
57.938621520996094	60.739952087402344
55.47431945800781	51.17919731140137
58.57032585144043	52.03554677963257
48.291152000427246	51.56484842300415
63.89372539520264	63.78582572937012
65.1626672744751	61.78987741470337
56.18242073059082	52.703205585479736
57.70797634124756	58.11410045623779
56.442580223083496	53.78646469116211
52.06685829162598	52.80203819274902
64.36198282241821	61.224313259124756
60.098350524902344	61.99485778808594
58.70830059051514	56.768484115600586
70.82035207748413	65.55136156082153
68.37041473388672	61.948692321777344
60.28730773925781	61.18832969665527
63.25181484222412	65.83039855957031
43.13733959197998	41.811890602111816
69.10481071472168	67.21450996398926
68.55182647705078	66.12844848632812
62.04666709899902	62.741068840026855
47.1693639755249	40.736693382263184
57.181742668151855	52.666776180267334
71.0977783203125	64.12153625488281
60.03299331665039	58.19558143615723
65.75729370117188	61.91248655319214
43.85379695892334	44.7767858505249
51.239487171173096	49.0469536781311
69.66519927978516	63.244450092315674
57.59520721435547	55.47360420227051
60.707791328430176	58.16845417022705
59.46546173095703	54.92622375488281
62.15819835662842	60.59167671203613
58.5389928817749	53.356621742248535
50.989986419677734	51.25554084777832
62.69063186645508	55.85156965255737
57.43563652038574	53.57332420349121
65.49461364746094	62.02977180480957
73.2002305984497	67.67527914047241
53.07334327697754	50.633296966552734
57.2955322265625	55.09624481201172
49.361443519592285	48.24312686920166
56.710103034973145	55.435237407684326
43.40450143814087	43.96342611312866
60.554744720458984	60.9473876953125
59.461252212524414	60.615915298461914
51.65436553955078	48.89431381225586
57.423770904541016	56.659088134765625
48.7057843208313	50.547932624816895
52.44656181335449	51.35910415649414
41.75925254821777	40.40778160095215
64.90196800231934	65.08803653717041
62.529483795166016	61.247249603271484
58.9096565246582	52.304908752441406
54.261659145355225	52.87101650238037
52.36857509613037	50.65885305404663
48.70031547546387	47.943406105041504
50.67199420928955	48.63404035568237
74.89716339111328	66.7901611328125
54.33740854263306	51.69114637374878
63.083006858825684	60.404295444488525
57.015729904174805	53.43011283874512
60.49365234375	60.09181022644043
61.13485336303711	60.15642547607422
58.77057647705078	57.42326736450195
54.508094787597656	53.66179847717285
55.00813865661621	53.14296913146973
60.452836990356445	54.41694259643555
46.64138126373291	45.08211660385132
65.66489219665527	63.707923889160156
54.802589416503906	55.48047637939453
48.05805587768555	45.39875507354736
71.32814121246338	66.27156352996826
62.07706260681152	57.319368839263916
59.83918762207031	58.4526481628418
54.568939208984375	51.911441802978516
67.71592855453491	69.56198787689209
54.79405975341797	49.13401222229004
55.22458076477051	59.10732936859131
56.14439582824707	51.658265113830566
54.24415969848633	59.1876335144043
76.01545810699463	69.60695743560791
48.48264837265015	49.96199131011963
69.34816932678223	64.91984367370605
53.9630184173584	55.64479064941406
68.75100612640381	65.40577602386475
55.70082759857178	57.280189514160156
53.584922790527344	52.165977478027344
53.105695724487305	51.6917781829834
63.761884689331055	61.68837547302246
51.092966079711914	47.3617057800293
62.5111083984375	52.63900852203369
41.01753091812134	42.0040020942688
60.26905632019043	59.89531946182251
74.20379495620728	71.77381038665771
60.125423431396484	57.929725646972656
49.911880016326904	46.281192779541016
47.894920349121094	50.945228576660156
63.1691837310791	63.339895248413086
57.995887756347656	49.59531784057617
49.126447677612305	48.43754196166992
57.3710994720459	54.86333179473877
58.50918960571289	49.18891954421997
50.7217583656311	51.97881317138672
54.810041427612305	51.5573673248291
50.23512840270996	47.46005058288574
78.93652725219727	72.55819129943848
70.58072090148926	74.98844146728516
65.82545614242554	60.65848731994629
46.22419357299805	39.16574478149414
45.19184875488281	42.63447189331055
70.42164516448975	72.62439250946045
57.633209228515625	59.53158950805664
68.2275619506836	66.16056823730469
58.88986110687256	54.19752597808838
56.27072525024414	54.566749572753906
57.46392250061035	58.76018047332764
60.03460121154785	59.02749824523926
76.68243408203125	80.15192031860352
60.002105712890625	54.68338394165039
58.021305084228516	52.2202205657959
47.711777687072754	49.14714431762695
57.99504566192627	54.24095439910889
53.39106559753418	51.60235404968262
62.6542181968689	58.84668731689453
76.25686645507812	72.77360439300537
62.07061004638672	61.555912017822266
51.02537536621094	50.72422409057617
56.6010684967041	57.44028663635254
65.93849182128906	65.35375213623047
56.75762939453125	55.75859069824219
47.85832405090332	47.348127365112305
53.87674140930176	52.97783088684082
56.169097900390625	47.810089111328125
44.882826805114746	42.22400665283203
46.70273494720459	43.42203426361084
51.482059478759766	48.180198192596436
65.39899349212646	63.45984363555908
51.71283531188965	52.186835289001465
56.98044300079346	55.34740161895752
55.31240749359131	53.24837827682495
69.56909894943237	66.59462785720825
71.03982448577881	68.84989738464355
65.89856719970703	68.62474060058594
50.063422203063965	46.030115604400635
67.3869309425354	61.68858861923218
61.35112810134888	62.201096534729004
63.339168548583984	56.962764739990234
58.01332473754883	58.77449035644531
69.06865692138672	61.44857597351074
63.06662559509277	61.969499588012695
51.19045829772949	52.059688568115234
53.28478240966797	51.00566864013672
68.00315189361572	66.4615478515625
62.42680263519287	56.864492416381836
70.82721710205078	75.01687049865723
67.86842393875122	65.11325025558472
62.59325408935547	57.7420654296875
49.44579601287842	45.753912925720215
61.85720348358154	59.14445781707764
67.05151319503784	63.26422119140625
50.26997423171997	44.85180473327637
55.3136191368103	55.50175428390503
61.61030197143555	56.26309585571289
72.99964714050293	70.50101327896118
63.0609130859375	61.57274627685547
56.68604135513306	51.46153163909912
53.32131099700928	53.98024606704712
69.24980163574219	61.583412170410156
70.33648014068604	68.15072536468506
49.976233959198	48.9481897354126
67.61620330810547	62.639549255371094
48.80755805969238	46.21660137176514
49.00982666015625	45.40158987045288
62.03265380859375	62.158782958984375
62.011112213134766	60.416709899902344
48.15357971191406	47.36143398284912
63.92056846618652	65.89061880111694
65.63124084472656	65.96063232421875
47.899231910705566	41.93068027496338
59.02931213378906	56.24623107910156
51.26688194274902	44.143086433410645
52.77033615112305	54.90467834472656
57.88687705993652	57.18774604797363
70.43980407714844	67.14134359359741
58.94532108306885	57.412221908569336
63.10301399230957	59.1496524810791
51.26554584503174	54.649611949920654
79.42299842834473	73.3095874786377
57.84132957458496	53.592610359191895
51.43333339691162	51.14530277252197
71.27980613708496	67.84410667419434
58.28141212463379	55.97346496582031
53.592201232910156	53.14492130279541
61.23071622848511	55.58812093734741
71.68484687805176	70.42967176437378
51.123329639434814	42.94901704788208
59.88933563232422	55.296592712402344
62.68173551559448	62.385520935058594
63.18863868713379	63.443058013916016
57.23760509490967	57.981961250305176
62.33799362182617	60.4137077331543
66.81970167160034	59.953431129455566
49.46381902694702	44.533252239227295
57.08618640899658	55.02633285522461
59.0636682510376	58.42749214172363
45.86056566238403	42.07540225982666
51.463239669799805	48.74351692199707
57.4412727355957	53.504669189453125
57.10788917541504	49.04824209213257
60.049224853515625	62.111942291259766
62.83388328552246	60.97718095779419
62.107656955718994	62.2748122215271
41.44906044006348	38.301589488983154
57.86666488647461	56.492469787597656
47.51507759094238	50.218281745910645
55.58234786987305	46.7380256652832
43.451233863830566	43.131422996520996
65.587730884552	60.55815124511719
69.85964965820312	61.59252166748047
54.01377630233765	52.2168493270874
54.14880180358887	50.60248374938965
58.27855682373047	55.69776678085327
55.52603244781494	52.56269931793213
55.439849853515625	53.50224494934082
68.1840238571167	63.14551067352295
45.18149471282959	46.410189628601074
55.06294250488281	51.409711837768555
62.23821401596069	62.71416664123535
56.799102783203125	60.263511657714844
54.436614990234375	48.11889839172363
55.196285247802734	52.13353157043457
45.240028381347656	45.26949691772461
79.26135063171387	78.01096439361572
68.79692077636719	69.8682861328125
59.07281684875488	56.68444061279297
48.50241184234619	49.01676940917969
58.026702880859375	59.89380645751953
64.53923034667969	60.28669738769531
52.268043518066406	47.43706130981445
57.43854904174805	55.82939529418945
67.37837791442871	65.78030490875244
50.41456604003906	48.78123092651367
66.843581199646	58.34950923919678
54.360069274902344	52.96603870391846
56.42899131774902	50.51126289367676
70.6614761352539	68.37460327148438
64.0803394317627	62.00405502319336
56.55270767211914	53.37855529785156
43.2957239151001	43.49198007583618
56.36926746368408	55.741612911224365
55.473408699035645	50.27943134307861
51.310914039611816	47.621840953826904
56.63064622879028	51.76326036453247
54.1973352432251	55.52954864501953
63.17366886138916	56.936102867126465
57.206976890563965	57.06736087799072
47.02894592285156	45.519630432128906
45.41483974456787	44.38648223876953
44.58482217788696	45.219322681427
49.98827934265137	49.067596435546875
42.3847131729126	41.45819091796875
43.76100540161133	41.34615898132324
50.253052711486816	48.60112237930298
47.8957896232605	45.42421579360962
62.98838996887207	61.72735404968262
48.23096466064453	45.049495697021484
58.38506841659546	56.64030647277832
57.09467792510986	54.463539600372314
36.896564960479736	37.991554737091064
52.98150444030762	51.34832954406738
52.924957275390625	49.59380626678467
54.98533630371094	54.240760803222656
52.14681148529053	47.422475814819336
66.46513366699219	62.70826721191406
57.888434410095215	53.63431167602539
56.179877281188965	54.05175447463989
65.0321044921875	67.55281829833984
63.24695587158203	59.374000549316406
62.060418128967285	58.551509857177734
52.79632520675659	48.34601640701294
56.794424057006836	54.97062397003174
62.16347694396973	63.238205909729004
58.60649871826172	55.020835876464844
62.638556480407715	59.261616706848145
50.1434440612793	49.312997817993164
45.211143493652344	46.0638427734375
50.73740291595459	49.815295696258545
58.02543640136719	57.595550537109375
56.2089900970459	60.811323165893555
58.80721378326416	57.56638431549072
54.09267568588257	54.56643104553223
58.77977657318115	56.23946475982666
65.26987552642822	61.964402198791504
58.74905014038086	57.92839813232422
65.73689270019531	61.976478576660156
52.17597055435181	56.88276386260986
70.03865051269531	64.3886489868164
51.607800006866455	53.84450674057007
46.40280818939209	45.56484317779541
60.05383777618408	57.00948238372803
64.48554801940918	65.97265815734863
56.213361740112305	49.439048767089844
53.91828536987305	50.846439361572266
57.61083126068115	55.05395030975342
60.78055000305176	62.2376127243042
58.30713653564453	55.06095886230469
59.27520751953125	54.822662353515625
49.990920543670654	52.81946659088135
60.568373680114746	60.832303047180176
58.7869873046875	55.2457275390625
52.86246871948242	56.448360443115234
48.295658111572266	47.002644538879395
63.68213939666748	62.71901607513428
49.738351345062256	47.895094871520996
60.840301513671875	57.75679588317871
43.43397808074951	44.40351963043213
60.6375732421875	57.92354965209961
52.1169548034668	48.40600776672363
77.6185131072998	69.80337619781494
59.81781768798828	58.302162170410156
65.83676052093506	65.04989337921143
59.07125902175903	59.94752597808838
49.58425712585449	48.23979377746582
73.27942657470703	66.13617610931396
56.0970344543457	52.28668975830078
64.50382232666016	65.25560760498047
56.99664306640625	55.987003326416016
57.52768516540527	53.69434642791748
61.96846389770508	54.4349365234375
56.966121673583984	51.539390563964844
47.960386753082275	45.88444471359253
66.0672926902771	61.874433517456055
67.86276340484619	67.10547065734863
43.485294342041016	43.677842140197754
57.027573585510254	55.026443004608154
72.58562278747559	71.17955017089844
62.23375701904297	58.55183410644531
71.44129467010498	67.76976871490479
47.5032434463501	47.95425510406494
68.40134239196777	66.42121982574463
56.7370662689209	54.22404146194458
55.01474380493164	55.70673370361328
54.964942932128906	48.869407653808594
58.74967288970947	58.54510831832886
76.88794612884521	74.09807968139648
55.41679573059082	55.25101661682129
48.5622296333313	46.58450412750244
51.47691535949707	48.6807804107666
59.13742160797119	55.1244592666626
54.09539031982422	56.54911804199219
59.71194648742676	54.9528694152832
57.91758346557617	60.03847122192383
67.39243507385254	62.31443405151367
55.653029441833496	52.50381851196289
56.796753883361816	55.29542112350464
51.530874252319336	47.99999141693115
45.47292995452881	47.61484146118164
63.80072593688965	55.43709659576416
67.04171562194824	59.494481563568115
52.62322425842285	55.51254844665527
69.34876346588135	69.32762813568115
63.37626361846924	59.629422187805176
63.21635341644287	59.1170711517334
45.2247633934021	42.92875623703003
56.59083938598633	54.84427261352539
49.7924280166626	47.06153106689453
48.76189708709717	50.672077655792236
52.788259506225586	45.735846519470215
59.45473337173462	57.10053491592407
49.86170196533203	49.95067596435547
51.49068260192871	47.55086803436279
45.69272518157959	41.06278896331787
55.010536193847656	54.679847717285156
65.75705909729004	59.926042556762695
47.13399267196655	47.44308853149414
63.999006271362305	59.974348068237305
51.261329650878906	46.76828861236572
64.62374877929688	63.73006343841553
68.88160991668701	60.72240447998047
49.00385284423828	49.04944610595703
66.70802307128906	61.65318298339844
47.0634069442749	45.40744400024414
67.47080898284912	63.1515474319458
46.00813865661621	46.72654151916504
62.86067199707031	60.63436508178711
56.83875274658203	54.35810470581055
44.50146961212158	42.75846576690674
61.3994026184082	62.99958419799805
51.69944763183594	45.91818332672119
45.921348571777344	40.76216125488281
56.07007026672363	53.29238414764404
48.659048080444336	50.311981201171875
60.59420442581177	56.73053169250488
60.16874313354492	60.72120666503906
58.70127296447754	57.11913013458252
63.073827266693115	62.42428636550903
44.87572002410889	44.569275856018066
51.77346611022949	49.28194999694824
86.87360191345215	82.76122188568115
67.97259521484375	66.900634765625
48.240623474121094	43.906578063964844
38.502880573272705	38.96139574050903
58.2550048828125	58.79829406738281
50.90465545654297	44.48843955993652
58.5294771194458	54.7690806388855
45.390464782714844	43.524317264556885
61.78423881530762	58.55277061462402
49.827362060546875	51.4497389793396
49.30198287963867	48.14003562927246
62.18879699707031	61.97032928466797
50.7202091217041	49.064117431640625
49.738746643066406	44.94573211669922
60.08218955993652	63.264719009399414
55.886695861816406	49.771018981933594
43.91378879547119	41.340813636779785
64.64987087249756	63.574625968933105
79.06983852386475	72.20916748046875
53.796485900878906	48.870872497558594
53.73758125305176	53.12612342834473
52.09391260147095	51.20590162277222
48.15204620361328	42.828378677368164
71.50247097015381	69.0982437133789
64.00282430648804	58.7127742767334
65.63007974624634	55.50495529174805
55.44654846191406	56.649253845214844
53.2558479309082	52.2828369140625
65.44931602478027	61.763254165649414
47.94368076324463	49.033835887908936
56.66757583618164	49.450294494628906
54.883827209472656	52.34383964538574
56.76943588256836	56.2547721862793
74.50955963134766	65.097900390625
35.92618942260742	38.70903015136719
50.445451736450195	47.06347942352295
43.43953227996826	41.46748638153076
60.553815841674805	55.92172718048096
54.09215259552002	54.38770008087158
57.102203369140625	59.80534362792969
59.12906265258789	58.21407699584961
59.031410217285156	59.437644958496094
70.0440673828125	66.50457763671875
46.367119789123535	47.680389404296875
65.4697437286377	58.593177795410156
70.63691711425781	69.27920532226562
50.7276725769043	51.185340881347656
67.34761619567871	63.690383434295654
68.3041524887085	66.92425727844238
60.0448522567749	54.89802551269531
69.63985443115234	68.25305938720703
54.76700019836426	52.73368263244629
57.036842346191406	52.76564407348633
51.38495635986328	48.2135009765625
71.25931549072266	68.14150428771973
47.27488327026367	48.05476379394531
65.73693037033081	65.40521192550659
55.4236364364624	51.44644737243652
68.98856163024902	65.210862159729
61.65996265411377	57.75077438354492
62.48758506774902	64.6102123260498
68.9697961807251	68.99283409118652
62.73846435546875	62.118408203125
57.996541023254395	57.5471715927124
45.49966335296631	43.05472373962402
45.13825273513794	42.22565937042236
60.19486856460571	61.415878772735596
51.62454128265381	50.30224800109863
58.43186378479004	51.59621238708496
48.741065979003906	44.516319274902344
48.49113321304321	48.551842212677
49.80592966079712	45.260178089141846
72.10177803039551	70.57744646072388
58.500165939331055	59.030141830444336
48.96345138549805	46.87303924560547
60.66267395019531	60.511959075927734
51.86800575256348	50.485422134399414
54.705567836761475	53.546372413635254
48.38108253479004	50.13526725769043
69.79224586486816	66.52884721755981
57.96246814727783	60.57402324676514
53.556209087371826	49.76971387863159
58.526451110839844	59.800819396972656
68.42355251312256	57.66216278076172
59.000539779663086	59.20053482055664
59.75163459777832	58.7039737701416
59.956838607788086	58.99113178253174
53.017088413238525	52.76141595840454
57.56968879699707	55.683817863464355
58.72900915145874	59.51205110549927
63.56068706512451	60.4141731262207
61.938154220581055	61.36409568786621
65.35455989837646	60.65789031982422
55.88031768798828	54.73071527481079
53.624216079711914	52.42592811584473
65.53160095214844	65.79061889648438
71.80790662765503	67.65018653869629
69.52950859069824	67.96298408508301
47.26405620574951	46.5787353515625
48.91430854797363	45.87314987182617
70.66221141815186	64.99032592773438
66.37371063232422	63.02042770385742
72.64170455932617	62.52941179275513
63.11668252944946	64.30336046218872
61.693528175354004	56.88389205932617
73.01005554199219	72.07756042480469
59.25888633728027	58.50020408630371
56.68199825286865	55.52698516845703
64.1375732421875	64.21717071533203
57.49256420135498	58.55545234680176
70.409255027771	61.85297775268555
50.17813777923584	53.9867730140686
67.90801334381104	63.23987531661987
62.731040954589844	56.90140914916992
51.386444091796875	45.8626823425293
59.24759292602539	56.61384201049805
58.77886199951172	60.559510231018066
56.75079822540283	52.482506275177
57.43306350708008	56.50481414794922
56.09031629562378	52.61285591125488
48.33964443206787	46.83353853225708
54.42123985290527	54.04342460632324
43.43498945236206	42.825809955596924
59.91421699523926	53.16262722015381
67.58316898345947	58.37128925323486
53.188453674316406	54.23189163208008
61.67877197265625	59.504337310791016
54.20506954193115	53.67881774902344
53.157142639160156	47.830108642578125
48.82180595397949	42.98167419433594
44.51077651977539	44.30089569091797
56.7857723236084	55.31766700744629
73.04196357727051	68.05146217346191
61.37242269515991	59.85164022445679
55.67347526550293	57.377981185913086
62.00102519989014	53.65597105026245
55.25620079040527	55.72052192687988
56.679256439208984	54.428688049316406
44.26387882232666	44.060940742492676
61.5902099609375	60.02976989746094
52.02802276611328	50.43794059753418
57.193575382232666	56.64099740982056
48.98910856246948	47.23699235916138
53.80844306945801	51.0750789642334
59.4633903503418	55.20933437347412
75.43113708496094	70.93687534332275
54.309133529663086	50.214494705200195
54.64038372039795	49.86788749694824
61.347900390625	57.25682067871094
58.9259090423584	55.24655342102051
59.39424991607666	63.75033760070801
60.93918991088867	58.31932830810547
58.579543590545654	58.78157615661621
48.01887607574463	43.85835361480713
45.18577718734741	43.1470422744751
50.48813486099243	49.02500057220459
54.107425689697266	51.64541816711426
69.61726379394531	63.506595611572266
56.54581069946289	55.99729919433594
57.32761573791504	53.17742729187012
55.99893379211426	56.2261848449707
59.377052307128906	61.63157653808594
49.49126958847046	51.02778673171997
58.34650897979736	51.10757493972778
59.98566484451294	59.135756492614746
67.13442993164062	60.39150810241699
63.15790557861328	54.90383720397949
47.352869510650635	52.3221321105957
53.91572570800781	48.73171806335449
58.37569522857666	53.59473466873169
60.97673416137695	64.01420593261719
62.66623306274414	58.09075927734375
62.63703536987305	58.95966339111328
50.95535087585449	51.87967300415039
65.80381774902344	55.969383239746094
44.207024574279785	47.72874355316162
69.17081451416016	67.18786811828613
50.50985813140869	47.251577377319336
67.23711347579956	70.88386631011963
59.81073760986328	53.69467878341675
50.07019805908203	47.89142990112305
68.11511468887329	64.04827356338501
51.83500814437866	50.45901536941528
62.48272514343262	54.32408046722412
64.60815238952637	63.18780755996704
59.22563457489014	57.05501747131348
52.079105377197266	47.049827575683594
74.88716411590576	74.78509426116943
51.8141508102417	46.89887046813965
67.83740997314453	64.88206481933594
72.82372951507568	62.33859062194824
54.77785587310791	53.75572633743286
49.500672340393066	45.370330810546875
48.10705375671387	42.28716230392456
60.84698438644409	60.70273733139038
68.0411148071289	68.52941131591797
58.822367668151855	60.78956890106201
81.959228515625	78.37798118591309
70.06985473632812	63.990211486816406
59.49309539794922	59.18864059448242
56.946807861328125	53.27930450439453
58.259761810302734	59.5770263671875
53.192505836486816	51.99000358581543
66.04007720947266	61.7050666809082
76.54232025146484	69.1779613494873
45.31693172454834	45.33834409713745
57.94908332824707	52.4548020362854
55.46564865112305	54.35967540740967
58.257232666015625	58.057064056396484
52.38159942626953	49.928245544433594
62.676116943359375	62.91059494018555
65.86865043640137	62.24093723297119
52.28185844421387	57.07759094238281
60.93947410583496	51.73089408874512
59.01677370071411	62.96018314361572
54.69795227050781	54.14735412597656
45.52678298950195	44.45954132080078
62.66283988952637	54.81699466705322
47.39048385620117	49.68918466567993
51.99106407165527	51.845191955566406
60.520118713378906	58.13914489746094
52.002593994140625	49.47882270812988
66.72968292236328	64.83073425292969
61.05183029174805	59.157230377197266
58.64042091369629	60.9211540222168
