69.60545253753662	61.014697551727295
67.38642883300781	63.90963792800903
56.90692138671875	52.71158218383789
75.1254243850708	70.96696472167969
68.79348564147949	63.043344497680664
73.55486583709717	71.46014213562012
62.15516757965088	56.756245613098145
88.62276363372803	85.2048020362854
70.0777587890625	70.47908782958984
63.704139709472656	64.24907684326172
66.26003837585449	59.892263889312744
63.43061065673828	58.60319519042969
66.99437713623047	65.95063018798828
73.12051105499268	71.78640604019165
80.65669441223145	76.93713569641113
70.38833618164062	64.49700164794922
77.70270347595215	76.48151397705078
67.65830039978027	69.42057609558105
61.00115203857422	61.76251983642578
64.75261688232422	62.97539710998535
76.76817893981934	66.77992820739746
51.985809326171875	54.42963790893555
74.43534851074219	70.82694149017334
75.363450050354	72.24671840667725
66.140145778656	66.67826128005981
71.51349067687988	69.23006248474121
65.81742238998413	56.966583251953125
60.24283504486084	56.96417999267578
77.54563903808594	65.00891876220703
86.08204746246338	80.82355260848999
70.41673851013184	65.1523790359497
77.20109462738037	78.93114566802979
65.17667198181152	58.3871374130249
74.34072303771973	73.77856636047363
82.2412109375	72.56027221679688
66.72793579101562	62.528188705444336
74.61684036254883	75.87195110321045
73.238600730896	71.24186611175537
52.249900817871094	51.490535736083984
69.23577785491943	65.06106376647949
60.445831298828125	60.325260162353516
58.698904037475586	54.786131858825684
74.63036155700684	74.50991821289062
49.704463958740234	47.35601806640625
54.761714935302734	53.77670669555664
76.72197532653809	75.85528564453125
67.16931438446045	64.32044410705566
79.33677673339844	77.28079795837402
63.88354301452637	64.83773708343506
75.0225830078125	68.66549491882324
84.08936500549316	80.84474563598633
69.69305992126465	68.29266357421875
65.78633785247803	64.03401851654053
74.52301025390625	70.38311719894409
63.8632378578186	59.23282241821289
69.09257507324219	64.45083618164062
74.69585609436035	73.01398658752441
62.74620723724365	57.766757011413574
70.84384155273438	64.68310546875
78.04032135009766	78.10940551757812
75.32485771179199	73.62664031982422
75.09647369384766	69.59712028503418
73.61722564697266	68.38951110839844
72.39959716796875	61.16611862182617
83.65246868133545	82.2439956665039
65.4127049446106	63.09267997741699
79.98095512390137	79.56903648376465
56.70160484313965	50.39995861053467
78.81894111633301	77.24320888519287
59.68562316894531	55.69743347167969
66.97818756103516	65.87313652038574
60.82929992675781	57.46472930908203
91.95830726623535	87.63765573501587
59.28384447097778	58.90234422683716
67.26770782470703	64.1951904296875
60.99842596054077	60.57942295074463
78.41545629501343	73.91199350357056
78.31031608581543	75.72822570800781
68.73847961425781	66.32550811767578
56.426838874816895	55.20059251785278
73.05390357971191	64.37484741210938
71.9362621307373	69.42851257324219
68.05438041687012	67.32052803039551
73.11824131011963	71.21721506118774
63.5394983291626	53.27954721450806
85.09878873825073	78.25461387634277
72.1950626373291	68.88684272766113
67.32746315002441	60.31842613220215
60.60698699951172	54.973602294921875
79.93527889251709	75.8931770324707
74.0363998413086	70.7221908569336
74.74923419952393	71.27195835113525
80.97411346435547	73.32430744171143
73.74192523956299	66.10241031646729
68.66169929504395	63.48887920379639
75.03575801849365	71.13783836364746
75.68496704101562	69.86477851867676
72.94578409194946	74.91783046722412
75.12881183624268	74.38796424865723
68.59208583831787	63.14239978790283
75.32697772979736	70.25814771652222
66.60939931869507	62.3410005569458
58.960426330566406	55.39112854003906
62.48058319091797	55.774757385253906
61.69958972930908	58.137518882751465
77.27328300476074	70.31129360198975
78.24050903320312	77.64401149749756
78.19251918792725	73.60729932785034
70.63500213623047	68.88491725921631
72.61984348297119	70.18455505371094
69.5231065750122	63.66106986999512
74.52360248565674	70.75741624832153
72.97527313232422	74.64657783508301
76.31632375717163	74.5789794921875
70.37768363952637	71.25993251800537
53.0933837890625	54.648780822753906
79.3305721282959	80.2125015258789
68.45027160644531	61.152137756347656
55.904327392578125	55.905906677246094
69.95433807373047	71.01864814758301
80.8745002746582	76.96566104888916
84.83403205871582	79.05738830566406
60.32491874694824	57.568153381347656
65.75730609893799	63.02062129974365
70.56663608551025	67.74343299865723
63.22653818130493	64.73606729507446
71.44883823394775	64.8511209487915
64.83451080322266	65.31094408035278
62.87288475036621	57.54061031341553
83.1923623085022	81.00558233261108
52.88832092285156	48.790188789367676
70.19373846054077	70.21649217605591
78.76059675216675	77.83194208145142
69.56587028503418	67.61441230773926
73.71463203430176	66.04325723648071
61.54901885986328	54.38814401626587
71.34573411941528	62.58669090270996
76.80516242980957	73.82053756713867
65.47846126556396	59.04966926574707
94.38105010986328	88.27558708190918
55.580748081207275	50.88654184341431
67.19809055328369	63.959582805633545
84.16148281097412	78.06594705581665
66.73687934875488	66.01611137390137
80.88034200668335	74.33848094940186
64.57751655578613	58.4742636680603
52.302656173706055	53.95646095275879
74.5596981048584	72.77528285980225
75.03123092651367	70.58657026290894
74.2922134399414	74.52120351791382
76.51985168457031	72.32755184173584
65.40544128417969	64.01226043701172
69.97409105300903	70.52262210845947
73.6475133895874	71.03354454040527
80.64813613891602	77.0046329498291
78.80256652832031	75.83281707763672
72.3045015335083	70.69575548171997
67.81179904937744	66.26768589019775
71.2049331665039	69.47758626937866
81.67240333557129	78.88346099853516
82.83258104324341	78.25709247589111
86.90409278869629	79.90349006652832
69.54237985610962	66.23001909255981
65.66808843612671	63.835580348968506
71.33707475662231	72.49774742126465
66.40996026992798	57.2661452293396
69.11110639572144	66.69701957702637
66.0758285522461	59.70284843444824
71.78283548355103	65.26250553131104
61.84204959869385	62.758766174316406
70.70311546325684	68.04487466812134
77.4995903968811	69.90866136550903
73.96901607513428	68.15188407897949
72.82170867919922	73.95693111419678
85.21649360656738	86.97513580322266
73.88652801513672	73.22365760803223
80.22222805023193	74.84346771240234
61.46082830429077	64.4489893913269
81.92879962921143	76.78253746032715
68.96575164794922	60.036624908447266
69.45011901855469	63.141258239746094
73.42985820770264	66.89876747131348
71.1038818359375	66.59498596191406
61.13170623779297	55.35346221923828
69.30671691894531	64.89546298980713
75.21143245697021	69.22995185852051
63.27324295043945	56.41075134277344
69.26394128799438	71.36662483215332
69.28063917160034	65.8624792098999
67.14799547195435	67.56215858459473
70.8395185470581	67.66860485076904
88.77737617492676	80.90284538269043
80.9239387512207	73.5489273071289
82.26823806762695	74.86601829528809
72.31940460205078	64.86731719970703
79.87760066986084	76.57494735717773
72.8002610206604	72.6436915397644
67.74371147155762	63.69749069213867
62.922301292419434	60.748305320739746
71.92273139953613	66.70852661132812
64.92166137695312	64.13763427734375
77.92757320404053	81.3493218421936
72.37672805786133	67.2886290550232
58.594871520996094	59.0152587890625
84.7542781829834	85.29736852645874
82.21016883850098	71.66863441467285
69.88324785232544	68.64523887634277
59.82257795333862	57.38108968734741
70.5890884399414	67.33020782470703
68.60911560058594	70.81683349609375
84.05581474304199	81.73410415649414
67.3926830291748	61.250739097595215
70.2033920288086	71.72982788085938
72.41884517669678	69.10721445083618
76.69381427764893	75.28678321838379
66.36974334716797	67.56946563720703
72.41329956054688	66.84886169433594
77.24263191223145	76.90637111663818
65.24593353271484	68.18017482757568
66.47952461242676	60.46208953857422
76.01978540420532	74.88752841949463
67.08053588867188	61.34598731994629
73.18685054779053	68.31693172454834
65.47728538513184	55.47933101654053
64.23464012145996	64.45128536224365
74.83576774597168	67.86004066467285
61.44426345825195	57.091732025146484
72.32619094848633	66.79808950424194
50.392677307128906	49.19506072998047
68.98139905929565	68.58208465576172
72.24334907531738	66.11702060699463
66.84670782089233	61.61221504211426
83.71524143218994	82.88089656829834
75.00185966491699	67.03961277008057
83.94148063659668	85.7424488067627
77.8912124633789	72.99657154083252
66.26526546478271	62.86455488204956
75.24511051177979	70.36399793624878
63.186052322387695	57.231149673461914
77.22153568267822	65.08990430831909
67.90300941467285	61.45509481430054
66.4816427230835	66.05852603912354
66.68278455734253	67.42536163330078
69.48781871795654	66.27793216705322
74.48466491699219	73.7927474975586
72.84954357147217	67.39879703521729
69.0398120880127	65.18147230148315
68.384521484375	63.567543029785156
73.55746650695801	69.15369987487793
73.14370727539062	68.29093170166016
64.29863119125366	55.933945655822754
76.86781883239746	72.76839923858643
64.68109130859375	63.61957550048828
76.64725112915039	68.96625423431396
72.45165348052979	69.95942115783691
66.42277526855469	64.53455352783203
62.71371841430664	58.083205223083496
73.34785461425781	66.53581142425537
67.36985206604004	63.22404861450195
75.20124435424805	68.68026638031006
63.996267318725586	62.82104015350342
63.650150299072266	59.17116165161133
74.8952751159668	70.06103324890137
78.94659996032715	70.89889526367188
66.41651201248169	66.60465288162231
58.72372627258301	57.35822868347168
67.38764953613281	67.13997650146484
73.4975814819336	66.85612678527832
78.17242622375488	67.78389930725098
102.88372993469238	92.98349380493164
83.67159080505371	80.24402523040771
74.67657470703125	73.36842346191406
70.3915548324585	67.34221458435059
69.34719657897949	64.10537052154541
83.52129459381104	77.9121994972229
85.92934370040894	81.88857126235962
68.1330099105835	62.78032064437866
66.8224868774414	59.888890743255615
78.15377807617188	73.60370111465454
70.18989515304565	65.5339879989624
72.45748901367188	64.27953338623047
72.67732429504395	66.97787475585938
83.6279821395874	82.59931802749634
78.1790828704834	74.41969871520996
56.45142316818237	59.49148607254028
56.96743392944336	54.589019775390625
69.94837951660156	64.90530395507812
88.50186824798584	80.81079483032227
78.21731567382812	72.68628120422363
65.04960632324219	62.356971740722656
60.86384296417236	55.935325622558594
65.23749446868896	61.77820873260498
65.05525970458984	65.56400299072266
78.67812538146973	76.21168327331543
73.20578908920288	69.16132402420044
62.23135185241699	57.065537452697754
73.1328535079956	65.7759919166565
59.367825508117676	54.476205825805664
77.2688798904419	72.59069538116455
90.01471614837646	85.1424994468689
58.878028869628906	54.474124908447266
61.7802734375	63.360069274902344
89.10072803497314	78.68093204498291
71.91918182373047	69.7161955833435
65.23483276367188	64.9036636352539
76.31933450698853	70.00379371643066
56.86580467224121	53.78925895690918
79.51675415039062	78.24898719787598
68.11769771575928	63.451555252075195
64.42240142822266	64.56813049316406
75.66079902648926	71.04295349121094
61.77823543548584	57.86017894744873
77.71109104156494	72.59818077087402
64.9398422241211	65.94183397293091
73.0196943283081	69.10293531417847
54.67876482009888	52.38162279129028
77.24917030334473	76.34335899353027
69.21086311340332	62.851362228393555
70.77325439453125	68.218505859375
65.40767526626587	60.65678787231445
82.77910232543945	78.24690341949463
63.19913673400879	60.51314735412598
67.68418836593628	62.20716047286987
62.32762145996094	56.94013977050781
73.56298780441284	67.7133264541626
69.06987190246582	70.54093837738037
57.440032958984375	50.94905996322632
64.53666019439697	63.89323568344116
67.6769027709961	61.98599624633789
70.64378356933594	62.140987396240234
76.64860725402832	74.01777648925781
76.85778045654297	71.34971618652344
63.60656976699829	72.29213333129883
70.13162040710449	62.407798290252686
70.76941680908203	63.361759185791016
74.98533725738525	70.8259220123291
82.00167846679688	75.95536994934082
61.39107370376587	61.67865800857544
83.10916900634766	78.04354476928711
60.62230682373047	60.49518585205078
73.56554317474365	67.36220741271973
60.82484245300293	60.730628967285156
61.84539604187012	60.827762603759766
70.38658905029297	69.31524610519409
70.11752271652222	69.67057657241821
69.95933532714844	70.04293823242188
68.94838857650757	60.953264236450195
75.15078735351562	73.50885200500488
87.53747463226318	80.05210304260254
59.94293403625488	57.30989742279053
82.16415596008301	74.98020458221436
67.03801155090332	65.93344211578369
79.15726470947266	70.08905029296875
72.12413787841797	69.76722955703735
59.350223541259766	49.33879089355469
65.12190341949463	57.80123233795166
78.11403465270996	75.0055365562439
77.38787794113159	74.44589805603027
60.8044958114624	55.16247749328613
77.76584768295288	74.05479431152344
60.444454193115234	63.212005615234375
75.1540756225586	68.4476318359375
61.17109823226929	57.10119581222534
69.58374881744385	65.87762260437012
68.2578125	64.58167266845703
61.3359489440918	53.83441972732544
74.15267944335938	74.98802947998047
69.76027011871338	65.80108642578125
79.66466331481934	78.21452522277832
67.74554443359375	61.00246238708496
91.98850917816162	89.23447036743164
80.66075706481934	77.52930450439453
65.32231330871582	58.472466468811035
62.28417205810547	56.5577073097229
74.15886497497559	73.36631298065186
71.39661455154419	67.13971710205078
71.63421535491943	68.01937007904053
79.8773193359375	74.8003101348877
77.4119873046875	76.90260314941406
61.06565856933594	57.875823974609375
59.80841064453125	54.43307876586914
64.70490026473999	65.22971487045288
61.744937896728516	58.557106018066406
81.62571811676025	76.66126441955566
86.77576303482056	79.79189348220825
71.55867147445679	60.73931837081909
60.04077434539795	58.0358362197876
86.13507843017578	74.8901538848877
77.17254638671875	73.79114532470703
67.06880378723145	57.446046352386475
71.94273376464844	59.7702751159668
58.1109094619751	53.329444885253906
74.11718559265137	68.86859178543091
76.69425964355469	76.25999450683594
64.91070556640625	62.397891998291016
75.72957515716553	72.4846773147583
68.28196048736572	66.05504035949707
62.70194911956787	59.578139305114746
64.28555011749268	63.10500240325928
72.78389072418213	71.22324180603027
65.52702903747559	63.27160835266113
68.85841369628906	70.13047695159912
62.253581047058105	55.33862638473511
73.68672943115234	67.76792907714844
67.05348300933838	68.1969666481018
71.15499973297119	65.6085729598999
83.93106651306152	88.52428388595581
81.6722297668457	73.57858180999756
76.3912582397461	72.46339416503906
69.22032737731934	75.51740503311157
77.08055067062378	65.55505418777466
75.08062076568604	70.98972511291504
72.11809635162354	66.05451107025146
63.64554405212402	61.10829162597656
70.5238037109375	66.05522155761719
70.41705894470215	67.89828443527222
56.364601135253906	51.301945209503174
77.57877349853516	75.27962684631348
70.21807670593262	66.13397121429443
75.9030647277832	68.34401607513428
76.35815620422363	70.93968868255615
65.06695747375488	63.67804527282715
72.41425514221191	68.58757019042969
80.97677612304688	73.63268280029297
66.23907566070557	67.49681949615479
72.75858879089355	67.96072196960449
66.35590553283691	63.96681308746338
72.54857063293457	69.18898105621338
61.94010925292969	59.128639221191406
69.69928550720215	65.95305824279785
79.41577005386353	78.34973382949829
77.71489715576172	69.7422103881836
68.67449188232422	68.01024627685547
66.33947515487671	63.69552803039551
75.31494140625	73.89933586120605
84.11975860595703	77.4583911895752
72.0360336303711	62.75897979736328
72.30631256103516	72.5219955444336
83.53369617462158	80.25626850128174
90.0187292098999	89.86361455917358
64.00667572021484	55.03114700317383
72.10320281982422	68.89990282058716
77.1823501586914	69.29540157318115
80.88638305664062	77.84506416320801
72.8674521446228	69.89697504043579
66.53178405761719	62.526031494140625
56.96063041687012	53.614563941955566
61.491241455078125	59.97457981109619
71.26773118972778	66.75109720230103
56.681697845458984	54.46897029876709
70.2846007347107	67.85399580001831
74.24323654174805	71.05720567703247
69.91728973388672	66.85861206054688
77.9806809425354	73.21167945861816
60.380876541137695	54.586159229278564
84.8470368385315	79.72708368301392
71.05268859863281	67.96324157714844
65.96608543395996	64.42841148376465
77.69558715820312	75.62572479248047
52.76965570449829	56.14794731140137
70.22378444671631	70.59512138366699
74.44684410095215	72.40621948242188
73.62283515930176	68.06410932540894
73.18397426605225	63.19179391860962
87.7532958984375	85.3743953704834
75.8089599609375	71.84409093856812
71.61653137207031	66.5235595703125
78.95903015136719	70.9395980834961
55.90697383880615	54.23487949371338
52.54282474517822	51.36789798736572
52.266639709472656	48.02909851074219
80.66291284561157	75.29902601242065
74.15223121643066	76.27062797546387
93.89231586456299	84.03835201263428
75.11454677581787	74.16145706176758
67.32581949234009	66.41740465164185
61.87440013885498	60.58713436126709
81.21640491485596	70.88452291488647
73.07266902923584	73.21864032745361
66.9724349975586	57.52857208251953
68.1214656829834	66.41855049133301
83.9324951171875	81.00296020507812
83.73710632324219	80.06591796875
78.63611602783203	72.09587860107422
82.54429626464844	80.5128173828125
60.34264278411865	56.329179763793945
58.80643367767334	57.29220390319824
80.37203359603882	82.74293279647827
70.99732971191406	66.35965728759766
83.33572435379028	82.41502237319946
71.54833793640137	69.78458404541016
51.333107471466064	47.193931102752686
62.952327728271484	60.93452453613281
77.42188930511475	72.80088901519775
69.1246109008789	62.81934356689453
64.55552673339844	60.23584747314453
86.49435424804688	84.4409236907959
72.9886474609375	73.72029876708984
75.72402954101562	68.00576877593994
70.52732849121094	63.742441177368164
61.78874444961548	57.22974443435669
75.3583574295044	67.30082130432129
66.27633666992188	66.01643085479736
84.25066947937012	75.78560829162598
74.83393859863281	72.25947570800781
71.4132399559021	69.9918065071106
68.67939949035645	66.56915187835693
78.66030216217041	76.16067409515381
65.20225667953491	60.6793270111084
68.62068271636963	62.83782720565796
74.79199504852295	72.84646224975586
74.31078910827637	64.27243232727051
67.36337471008301	68.19905233383179
71.92163944244385	65.82355499267578
67.95572662353516	63.54094696044922
71.21931552886963	68.1851863861084
80.0301833152771	70.05252170562744
69.6377420425415	65.05839586257935
79.32260036468506	72.99798011779785
69.79655456542969	63.95087814331055
60.62842512130737	58.643431663513184
70.08307456970215	71.70100212097168
75.98880958557129	68.88825416564941
88.69013214111328	83.4854793548584
74.45971918106079	72.44071245193481
61.813154220581055	60.164732933044434
82.1278076171875	73.9061508178711
87.11813926696777	81.20976448059082
71.97406196594238	72.25352668762207
73.69426727294922	73.45489501953125
75.05323791503906	70.7659912109375
68.66345977783203	66.81171417236328
74.53242301940918	72.18640375137329
65.7303557395935	64.1721510887146
66.49176120758057	64.18378353118896
72.62305355072021	72.21646499633789
58.20240020751953	55.538734436035156
78.64142608642578	69.40147399902344
67.0546202659607	61.74459743499756
79.83651161193848	75.76099395751953
69.99205112457275	67.23291635513306
83.64935302734375	78.39628601074219
73.82533073425293	73.07662963867188
81.89138793945312	79.71024131774902
69.66194152832031	68.99913787841797
65.87813472747803	59.747480392456055
83.38024806976318	76.52841854095459
74.00784969329834	70.96094465255737
67.33580780029297	64.82488250732422
80.49322128295898	79.077467918396
74.43243360519409	66.85727167129517
59.92827224731445	57.64497756958008
72.56425094604492	70.84869289398193
73.34387969970703	68.62150573730469
76.41879272460938	69.85336303710938
71.38731384277344	65.2093505859375
64.14833736419678	52.96016550064087
68.21574211120605	65.91671562194824
76.11404514312744	75.40918636322021
74.55694675445557	70.67140102386475
70.12260389328003	65.81227684020996
64.73465633392334	59.74289083480835
76.7003173828125	72.72032928466797
77.81018829345703	70.99763488769531
62.947754859924316	61.63746356964111
76.63868522644043	77.59691619873047
68.70240640640259	64.93118190765381
74.9005708694458	66.556471824646
72.42090511322021	68.6706919670105
72.04641723632812	69.5759654045105
84.26785469055176	79.09765720367432
78.07418823242188	72.23434448242188
82.06117630004883	79.55449104309082
75.5906925201416	75.90622186660767
70.36688756942749	63.253718852996826
81.9049072265625	82.46846008300781
71.8718090057373	71.0921688079834
81.6156063079834	80.39019584655762
77.63665819168091	74.07286930084229
59.78939914703369	53.64416837692261
79.67089653015137	79.80639791488647
64.9697413444519	62.162713050842285
55.38684844970703	54.10893630981445
73.1621904373169	68.06092929840088
59.78214740753174	55.248536109924316
62.205589294433594	58.10333251953125
71.08454704284668	65.86763763427734
72.0320405960083	65.36863088607788
66.21428680419922	61.713069915771484
70.88842821121216	66.42630100250244
71.62792205810547	65.66622734069824
75.54038047790527	71.0317325592041
62.81058979034424	56.645148277282715
71.91120910644531	72.50627136230469
77.33766460418701	75.16878318786621
69.20381927490234	63.41865158081055
71.8184723854065	67.7856273651123
83.81627082824707	83.0186939239502
87.74868106842041	80.23203992843628
80.47408533096313	79.78830051422119
73.95922660827637	72.35521030426025
70.94952583312988	66.33493900299072
77.95707702636719	72.59065246582031
77.31981611251831	77.0653920173645
69.77267169952393	66.10447692871094
66.59688520431519	65.50081014633179
75.83467960357666	71.6793155670166
76.23270606994629	76.17864990234375
69.88450813293457	70.01561164855957
65.32729148864746	60.356950759887695
61.88738441467285	59.45915126800537
78.709397315979	72.0838451385498
73.41031074523926	65.46012878417969
75.7390570640564	73.20829105377197
75.29981803894043	72.29488563537598
56.10580062866211	48.371551513671875
68.7004451751709	64.58767032623291
63.760536193847656	57.03279495239258
64.61911010742188	59.99247741699219
69.68038177490234	68.5703125
86.5937328338623	79.89275455474854
68.16304206848145	71.39991903305054
90.11539268493652	79.51224517822266
73.88971710205078	66.13672685623169
59.29466152191162	56.371750831604004
78.80007743835449	74.6549129486084
78.2119369506836	72.78216552734375
84.44319248199463	78.68360185623169
70.75408172607422	70.405686378479
66.9898910522461	57.304649353027344
80.02741384506226	80.82626962661743
67.72752285003662	69.94284629821777
59.410948753356934	60.917935371398926
65.42276763916016	59.50562286376953
61.80985450744629	64.51987552642822
73.34365320205688	68.65168142318726
74.1957540512085	73.88602447509766
76.01685047149658	72.17133522033691
64.78791618347168	63.50577735900879
62.6890869140625	58.55221176147461
66.61216735839844	62.072845458984375
78.72315073013306	76.79570960998535
70.10350227355957	65.21717834472656
76.32714748382568	71.63205146789551
70.72570180892944	60.09910726547241
74.77907657623291	72.60804653167725
66.30270385742188	60.726158142089844
89.74583625793457	81.41005086898804
63.587496757507324	59.55075550079346
83.7941722869873	81.92609596252441
83.27446937561035	78.13241004943848
70.41577339172363	71.94898128509521
74.08540534973145	67.22048139572144
70.37262010574341	70.54768466949463
69.96474409103394	66.03201198577881
60.33219909667969	54.13789749145508
67.1191635131836	64.80902862548828
77.64083290100098	74.90657043457031
69.50204658508301	67.67122077941895
71.03885650634766	66.3962345123291
68.59188222885132	68.85964822769165
67.37841987609863	65.37161874771118
76.87875175476074	73.48481845855713
60.03012561798096	55.13288736343384
59.538246154785156	58.80840301513672
71.31392526626587	67.79253244400024
70.15052032470703	69.51943302154541
53.45199203491211	51.6043815612793
64.21359443664551	58.027090072631836
64.7321105003357	65.55765581130981
63.8900671005249	66.18606758117676
67.12991952896118	64.21122550964355
64.64282083511353	62.6811089515686
72.21615600585938	66.7994384765625
64.63639068603516	62.89185333251953
68.44910287857056	64.3756856918335
66.44879722595215	67.20090579986572
80.56673431396484	78.53494262695312
62.51375961303711	57.53329849243164
74.39361190795898	69.05878400802612
69.79399681091309	67.9769139289856
74.0739974975586	71.25155639648438
78.84345722198486	76.72524309158325
78.51151180267334	72.27159118652344
82.54206657409668	79.91607904434204
69.91485595703125	60.30327606201172
80.37318229675293	78.07613372802734
93.16809368133545	95.63595390319824
86.12970542907715	84.53180694580078
59.43656063079834	52.84191370010376
66.7840051651001	71.19725704193115
73.72653341293335	70.92121744155884
67.6842041015625	72.7825756072998
62.18702697753906	57.137699127197266
68.60380554199219	66.1160135269165
76.42951202392578	71.68988037109375
63.73286533355713	62.90523862838745
70.65330505371094	67.80973052978516
68.14016723632812	59.525333404541016
49.08569288253784	45.61177158355713
68.93967247009277	65.09158229827881
57.68754005432129	54.668004512786865
86.01408529281616	82.07858943939209
67.75441646575928	66.41458988189697
67.18939161300659	61.015573024749756
50.15296983718872	55.7267804145813
76.9676399230957	72.83245468139648
80.2419261932373	76.449462890625
57.81916046142578	58.85456466674805
69.20694923400879	65.84729146957397
75.49516296386719	77.45651435852051
83.29346466064453	79.73342227935791
77.51683235168457	72.0576000213623
63.10580348968506	61.92269229888916
72.78281211853027	72.1612024307251
68.64559936523438	63.15460205078125
75.94521999359131	78.55116844177246
70.25611877441406	74.22558784484863
70.70163917541504	64.70825386047363
66.59496307373047	60.43259048461914
58.124138832092285	59.539649963378906
67.22119140625	66.5278377532959
66.81409454345703	61.82627868652344
64.83311605453491	56.881718158721924
81.64671611785889	80.59669351577759
70.95592498779297	67.99290466308594
75.03828620910645	71.80974769592285
69.26813507080078	67.30651092529297
76.56159210205078	75.85709381103516
66.80706310272217	65.0877513885498
71.58778953552246	69.83268928527832
75.38732528686523	68.01280403137207
82.31046295166016	79.15535259246826
82.08308029174805	79.40731716156006
75.1920919418335	71.31817483901978
77.23549938201904	71.24094295501709
61.789581298828125	61.18803691864014
63.640472412109375	60.022945404052734
64.57193756103516	62.18685722351074
75.06810665130615	73.47320365905762
81.3984432220459	75.90593147277832
73.94902801513672	68.58738708496094
70.4596266746521	68.76286125183105
73.85824298858643	67.54321146011353
78.99532461166382	71.5175609588623
77.79614639282227	76.68445873260498
71.80551195144653	69.10046339035034
77.0090446472168	72.24805927276611
64.99445915222168	59.500436782836914
79.10533905029297	78.47763061523438
68.05264091491699	69.91275787353516
63.79051208496094	61.16366958618164
69.53674507141113	64.70532274246216
83.3594970703125	80.0767650604248
76.85051155090332	75.67033958435059
83.05439758300781	77.608407497406
69.67956733703613	67.60233879089355
67.87169647216797	57.22300720214844
59.200347900390625	55.721153259277344
60.712971687316895	56.33826541900635
54.15712356567383	49.22954177856445
78.76940298080444	75.82242441177368
62.661338806152344	58.79877853393555
63.78591537475586	61.775211334228516
72.14670181274414	67.94652557373047
67.32623100280762	60.06581783294678
61.78098011016846	57.7718563079834
67.37166595458984	65.40351247787476
78.00718688964844	71.23698234558105
71.60696411132812	61.92981719970703
70.01008605957031	69.91648864746094
73.3395004272461	72.5823974609375
79.06829452514648	72.66574573516846
66.68376159667969	62.24034881591797
81.28914833068848	73.94570827484131
88.44659328460693	77.46749210357666
74.26601600646973	73.41465282440186
70.89496421813965	66.97133016586304
72.13105630874634	73.04502868652344
75.22371006011963	76.22746992111206
79.08122062683105	72.4195146560669
78.93575286865234	74.4095687866211
65.16464281082153	65.54733324050903
75.49580669403076	72.66668128967285
69.74521064758301	67.12168836593628
76.67819023132324	75.12875556945801
78.94474029541016	72.77361392974854
78.90246391296387	78.72368812561035
67.30275535583496	61.37460231781006
54.550835609436035	50.90154218673706
76.12559795379639	74.56324768066406
59.201820373535156	57.337158203125
76.24206161499023	69.82720041275024
76.62208080291748	68.22015285491943
63.28380584716797	61.14987564086914
74.55652713775635	70.50832271575928
78.58086919784546	74.39434289932251
63.98271942138672	63.68814468383789
72.17074680328369	70.94676160812378
65.46046543121338	66.8035569190979
82.59401512145996	78.06629848480225
53.91144418716431	49.90960693359375
80.10557174682617	74.5901346206665
71.99012756347656	67.54105377197266
73.50868940353394	66.0157618522644
68.64714002609253	66.00666189193726
53.11256408691406	52.6812744140625
67.59040117263794	62.11271667480469
68.67579460144043	63.15891122817993
79.66178798675537	76.66393661499023
73.36092948913574	69.65690612792969
81.38357162475586	78.9510440826416
89.85280990600586	79.86440181732178
69.48491144180298	70.93829584121704
63.34268808364868	63.99471998214722
78.57465362548828	75.19899559020996
65.16600131988525	62.722039222717285
80.40543603897095	75.2239670753479
64.76354503631592	64.54720497131348
70.62355899810791	68.58817863464355
80.42314529418945	76.59027099609375
88.75781726837158	80.15135288238525
71.50018358230591	68.75549173355103
68.13029479980469	66.02955627441406
59.85264015197754	59.274789333343506
80.05723810195923	74.26138210296631
75.09564304351807	75.82812595367432
69.08213138580322	66.4328670501709
67.79598236083984	62.71042346954346
81.46805763244629	81.90593719482422
69.69419956207275	66.76501274108887
73.26485633850098	69.03076171875
68.0552625656128	61.677653312683105
90.61751651763916	84.63757467269897
69.94359540939331	66.8181095123291
66.22042751312256	62.37630271911621
66.08948516845703	61.82490921020508
81.86579704284668	80.45872688293457
71.49365234375	65.10892486572266
63.434526443481445	62.426732540130615
56.88360643386841	55.61109781265259
79.62753295898438	74.06624794006348
78.39830875396729	76.98995590209961
72.10130310058594	69.09260559082031
71.46137475967407	70.67289543151855
75.94159030914307	70.80828285217285
71.0833740234375	69.51541328430176
73.96462392807007	72.35145473480225
82.9050612449646	79.21574401855469
67.81819438934326	67.93345737457275
59.937477111816406	56.04246139526367
71.02425956726074	65.09312963485718
70.59245252609253	74.92952585220337
65.54520606994629	62.977914810180664
66.71636152267456	62.765682220458984
66.40462398529053	63.33230018615723
82.01342010498047	81.09311771392822
69.17491722106934	63.960256576538086
68.13147735595703	63.43339538574219
65.10249137878418	63.14511680603027
81.05181121826172	73.04000854492188
71.9060115814209	70.23387050628662
66.87400245666504	66.19082021713257
68.55835056304932	55.88370752334595
100.05047464370728	96.62663316726685
80.25874137878418	77.61229515075684
73.40645790100098	68.90383243560791
66.59769535064697	65.37036895751953
62.73786926269531	55.44169616699219
58.28374671936035	54.146484375
67.56117820739746	67.64733791351318
69.00528573989868	64.01044607162476
70.93735694885254	73.06521415710449
77.71495866775513	73.78268337249756
55.87393283843994	55.31328248977661
72.26365661621094	62.85987091064453
76.39791870117188	68.09648895263672
77.28431701660156	71.62322998046875
86.82648658752441	80.64488315582275
51.20790433883667	52.53411626815796
68.44724893569946	67.58386945724487
74.36233520507812	66.20726585388184
75.11256408691406	72.98394823074341
74.5893383026123	73.80297183990479
83.71023178100586	84.03933525085449
77.86876916885376	72.68262672424316
66.88461303710938	69.49290466308594
74.20686864852905	65.21414184570312
83.88816833496094	76.502366065979
71.99584197998047	66.79669952392578
64.96277618408203	63.70012092590332
75.00292301177979	65.88365077972412
58.712031841278076	57.68496894836426
79.46700382232666	76.58058643341064
72.32398986816406	67.61454582214355
81.6432752609253	76.46609687805176
78.07708787918091	74.53514003753662
64.70149040222168	65.0401611328125
79.17800331115723	75.0920934677124
83.1102466583252	82.64901161193848
74.685546875	68.29993438720703
58.84501791000366	56.26987409591675
57.18267488479614	53.03355073928833
57.65826892852783	53.71669006347656
65.995192527771	63.80696773529053
70.58123779296875	65.69547271728516
71.4897232055664	67.36775970458984
59.917970180511475	61.23269033432007
65.49439907073975	65.40426731109619
75.29544830322266	70.95359802246094
64.36332607269287	58.362452030181885
68.04853820800781	70.82965278625488
63.508705615997314	66.40956830978394
68.33027648925781	63.81221389770508
65.22083282470703	63.50642013549805
78.93937683105469	78.24973583221436
76.49370622634888	70.46360969543457
72.09368944168091	71.86831855773926
64.23756408691406	62.61140441894531
78.4371566772461	75.3189468383789
77.14866828918457	77.36617469787598
73.63107061386108	68.70242071151733
72.88018226623535	70.56674003601074
66.35375261306763	69.29759979248047
79.5281982421875	70.91443538665771
77.12636661529541	70.3704743385315
79.85335350036621	79.82594966888428
61.101141929626465	62.4364914894104
58.73951482772827	54.09056854248047
63.387579917907715	59.40784931182861
73.40768432617188	66.93678283691406
52.61251258850098	51.82288312911987
60.486958503723145	61.16774845123291
78.0993275642395	78.0512866973877
78.71859741210938	77.28781127929688
77.25971221923828	74.04438018798828
69.44081783294678	68.56092929840088
79.8125171661377	74.91684913635254
67.97615051269531	64.68777465820312
59.77002716064453	50.07389831542969
68.3172607421875	69.302978515625
73.71767807006836	66.8265380859375
67.82456874847412	66.30555009841919
73.0935525894165	68.74823093414307
71.11742448806763	66.18245601654053
83.29065322875977	79.19829368591309
64.64246273040771	63.89412879943848
59.21867322921753	54.4104380607605
51.36732721328735	44.606998920440674
80.16495704650879	64.76480007171631
76.59334087371826	75.47456359863281
75.5566759109497	77.02110862731934
61.10587120056152	61.92414665222168
79.25445556640625	81.35050868988037
79.91960334777832	76.30307006835938
68.52961921691895	70.44407844543457
83.47942352294922	72.8177261352539
75.62582492828369	72.46973991394043
77.46136474609375	69.40328979492188
69.30345058441162	64.41543579101562
61.62892150878906	58.14430236816406
65.31935024261475	62.268348693847656
77.64975070953369	73.26394557952881
74.2476806640625	69.21598052978516
72.17601776123047	64.72638702392578
86.18443393707275	86.23423719406128
79.89110565185547	71.13871049880981
67.10122203826904	67.70530796051025
68.02829265594482	66.85018157958984
56.57906627655029	52.21354579925537
61.592220306396484	62.67557144165039
59.26572895050049	56.65913391113281
73.58145046234131	66.60665130615234
71.73047065734863	62.216081619262695
74.55117702484131	72.44570255279541
70.36610984802246	68.57755279541016
68.34359550476074	63.83420133590698
67.6596450805664	65.86348724365234
58.27129554748535	58.2289981842041
88.87520599365234	86.25819396972656
80.02894592285156	78.48639106750488
79.0844669342041	76.40311622619629
76.00390434265137	70.40095329284668
69.9685001373291	64.78550910949707
80.57687568664551	78.43256616592407
73.83628940582275	64.93140602111816
75.70056438446045	74.21621704101562
65.53291320800781	62.073936462402344
80.94493961334229	73.07822227478027
60.25772476196289	61.04248809814453
63.953617095947266	63.61756896972656
74.4376277923584	70.07672309875488
75.68382740020752	70.2055721282959
75.12617588043213	70.39352416992188
62.8546028137207	61.843833923339844
72.08628845214844	66.61552429199219
75.677809715271	69.85783576965332
69.50679779052734	67.50404357910156
70.42088222503662	64.31740522384644
76.03921413421631	77.56330919265747
