24.671502113342285	22.79204034805298
22.320655345916748	23.221133708953857
14.865859985351562	13.034379005432129
18.827131748199463	22.170849323272705
19.43258285522461	23.13334035873413
21.878215312957764	22.854835510253906
21.17455244064331	23.223671436309814
26.081531524658203	24.91603946685791
23.584609508514404	23.67460584640503
21.416105270385742	20.533309936523438
30.56419086456299	28.538040161132812
29.535086631774902	29.863125801086426
31.504310607910156	27.7738037109375
23.512699127197266	28.33697509765625
18.831406116485596	14.521584033966064
25.514233589172363	24.870984077453613
27.637325286865234	31.356021881103516
17.1439208984375	13.076162338256836
22.71663236618042	24.98214626312256
24.561558723449707	31.6160945892334
19.892650604248047	15.91080093383789
17.062002182006836	16.992753982543945
24.265926361083984	32.26029968261719
18.929285049438477	15.492435455322266
23.94822120666504	29.811198234558105
25.399426460266113	27.030675888061523
27.47421169281006	28.117741584777832
22.990349292755127	24.326193809509277
31.80919647216797	29.404783248901367
26.974631309509277	26.40274429321289
20.80878257751465	19.027496337890625
17.814783096313477	19.858561992645264
17.253219604492188	14.06989860534668
23.938211917877197	25.61389446258545
15.010459899902344	13.503040313720703
26.914258003234863	25.83468532562256
13.065070152282715	15.009395599365234
12.463384628295898	15.634492874145508
27.15056610107422	30.85551643371582
23.79157304763794	23.147276401519775
33.50734806060791	30.706134796142578
17.56159019470215	19.484397888183594
22.153919219970703	17.95443344116211
26.47561740875244	27.394314765930176
27.662638664245605	23.593186855316162
17.020906448364258	16.45366668701172
15.180885314941406	16.382530212402344
33.21906280517578	34.70186996459961
21.430519580841064	19.975600719451904
26.733997344970703	25.11432647705078
22.27831506729126	25.05673885345459
24.452402114868164	18.66952085494995
28.387776374816895	25.34201431274414
14.810225486755371	17.103824615478516
32.91844081878662	32.749938011169434
19.75473403930664	19.795360565185547
15.00496530532837	15.575653553009033
33.015892028808594	33.693016052246094
24.659528732299805	25.502277374267578
18.902774333953857	22.35812759399414
18.64830207824707	15.398868560791016
20.502239227294922	21.56309938430786
30.479747772216797	32.5387601852417
15.233262062072754	14.207588195800781
18.187964916229248	20.121744632720947
18.989578247070312	19.69605255126953
22.267398834228516	19.782644271850586
14.277667999267578	17.12118911743164
22.26308012008667	23.320067882537842
15.319103240966797	14.3965482711792
15.696741104125977	17.140926361083984
12.480201721191406	15.21111011505127
16.298904418945312	21.636375904083252
18.844409942626953	16.162086486816406
19.156684398651123	20.80276107788086
20.948391437530518	18.400893688201904
16.556110382080078	17.387649536132812
24.36997890472412	23.96262502670288
17.357208251953125	16.910402297973633
16.739200592041016	15.76401138305664
14.389784812927246	17.192481994628906
16.774505138397217	14.240173816680908
33.02337646484375	35.70867156982422
23.6071515083313	25.93981647491455
26.823394775390625	26.69033145904541
20.41796064376831	16.80789041519165
21.296979904174805	24.510726928710938
26.04703712463379	25.1473388671875
15.581164360046387	14.37218952178955
22.216926097869873	21.86778974533081
30.797490119934082	34.79600429534912
22.631405353546143	17.802383422851562
21.452482223510742	23.97589874267578
18.965087890625	21.71302032470703
24.25547504425049	27.814261436462402
23.90274953842163	21.41661787033081
24.22192668914795	24.340962409973145
17.762035369873047	17.405826568603516
26.77811050415039	30.32663345336914
16.993194580078125	17.278196334838867
16.98815155029297	17.607097625732422
24.264690399169922	23.24239683151245
19.971283435821533	25.129365921020508
20.159209728240967	17.06231689453125
13.559241771697998	10.231872797012329
33.81148147583008	35.497074127197266
9.775129318237305	10.85988712310791
31.230266571044922	31.656124114990234
18.777135848999023	14.658348083496094
15.74472427368164	19.081329345703125
20.15527582168579	18.681015014648438
14.807944297790527	16.09331512451172
16.96562385559082	19.829607009887695
16.657302856445312	16.59920883178711
14.94942569732666	17.076740264892578
25.17930507659912	27.545969009399414
13.35875415802002	19.29448699951172
23.927299976348877	26.005342483520508
23.173782348632812	23.2228946685791
23.935611248016357	28.702723503112793
26.01060390472412	25.865821838378906
29.139202117919922	38.43144989013672
28.79409885406494	24.030123710632324
25.751328468322754	24.241280555725098
34.049556732177734	33.23974609375
24.071622848510742	21.08420753479004
26.41873550415039	30.57862091064453
18.662635803222656	15.462225437164307
17.28510093688965	16.6413631439209
13.183452606201172	15.407062530517578
11.58275318145752	14.037854194641113
14.540496826171875	18.48221778869629
17.27612543106079	24.82038116455078
23.382883071899414	18.858455657958984
33.04292678833008	34.58437728881836
23.805469036102295	22.710858821868896
33.601905822753906	33.74359130859375
19.991243362426758	15.727104663848877
29.530765533447266	31.652385711669922
23.364322185516357	24.69598388671875
22.850388050079346	21.03124237060547
24.03779697418213	26.56640625
23.25864601135254	24.426223754882812
20.7911376953125	17.379180908203125
22.383590698242188	24.825576782226562
41.18603515625	40.35514450073242
28.814071655273438	29.600378036499023
29.890178680419922	30.55640411376953
22.207422256469727	28.460424423217773
26.57966136932373	26.323662757873535
28.25222396850586	28.08988666534424
23.470483779907227	27.24468994140625
20.963857650756836	18.595884323120117
15.20474910736084	20.63286018371582
19.423004150390625	23.7896990776062
26.248580932617188	30.440893173217773
21.230465412139893	25.670960426330566
29.008861541748047	23.410633087158203
19.98987579345703	23.35570764541626
24.005390167236328	28.519692420959473
12.019586563110352	14.888792037963867
8.975321769714355	15.076736450195312
21.14192533493042	25.20718288421631
12.302494049072266	9.605570793151855
22.481136322021484	20.37242889404297
13.674878120422363	16.814029693603516
13.918167114257812	19.140153884887695
12.619211196899414	16.386341094970703
9.397887229919434	14.361536026000977
17.712421417236328	17.07304573059082
23.49753999710083	26.22095489501953
24.592042922973633	26.647873878479004
18.068675994873047	23.85722780227661
15.79550552368164	13.1436128616333
17.208127975463867	17.63604736328125
29.998903274536133	28.508527755737305
19.598831176757812	18.273277282714844
15.163294792175293	19.360244750976562
19.40690803527832	20.20071792602539
23.18537664413452	24.807151794433594
19.41055679321289	15.341300964355469
17.0336594581604	12.954816341400146
17.53817367553711	22.91910409927368
16.52770185470581	16.282360553741455
16.934738159179688	15.79908275604248
33.709442138671875	34.17334747314453
24.41565227508545	27.20273494720459
20.917110443115234	20.362765789031982
20.017998218536377	24.42747402191162
17.595726013183594	15.763386726379395
22.528571605682373	24.36204242706299
18.625189304351807	24.306438446044922
18.27027702331543	20.56122589111328
16.657756805419922	16.413833141326904
14.284667015075684	11.303722143173218
28.330862045288086	27.200580596923828
21.08451271057129	28.17182159423828
16.34859848022461	14.608613967895508
20.68024206161499	24.780776023864746
21.5413556098938	21.31360960006714
20.47064208984375	14.715677261352539
33.67317199707031	33.58441162109375
35.043434143066406	33.839378356933594
21.86971092224121	16.532642364501953
36.282814025878906	34.55986785888672
17.664531707763672	15.189898490905762
28.973937034606934	29.314175605773926
15.474414825439453	12.63308334350586
19.526363372802734	16.150371551513672
16.21796417236328	18.132305145263672
14.17404842376709	16.882080078125
11.674592971801758	15.730743408203125
12.690484046936035	17.480941772460938
32.26041316986084	32.83728837966919
17.593541622161865	20.386402130126953
17.634254455566406	18.251075744628906
32.59994888305664	33.73458480834961
20.134387969970703	20.0504093170166
32.09337615966797	34.477787017822266
17.67411994934082	13.757749557495117
12.219486236572266	16.267393112182617
14.018375396728516	17.502994537353516
19.288536071777344	20.661407947540283
31.98745346069336	32.944358825683594
17.208017349243164	16.879600524902344
17.64622449874878	16.490577220916748
20.74000883102417	20.33098554611206
31.345378875732422	35.84714889526367
17.509464740753174	16.87407159805298
29.592239379882812	30.371458053588867
22.9646258354187	19.39012098312378
22.18846893310547	21.327392578125
18.690250396728516	15.91720199584961
18.46041488647461	18.00998306274414
18.55039644241333	24.122222900390625
18.346664428710938	15.92054271697998
33.8144645690918	35.202476501464844
25.294601440429688	25.959694862365723
20.796701431274414	21.78568983078003
19.707937717437744	21.955288410186768
17.20195770263672	18.238265991210938
12.722916603088379	13.049772262573242
23.670978546142578	25.74305295944214
11.229626655578613	14.601472854614258
12.088897705078125	15.083351135253906
14.164302825927734	19.606779098510742
12.5093994140625	18.75243377685547
12.131926536560059	17.95185661315918
22.62664031982422	24.700050354003906
17.981172561645508	15.736000061035156
16.662304401397705	18.862186431884766
15.43648624420166	12.724807739257812
16.782459259033203	18.995975494384766
15.619284629821777	19.109745025634766
14.756892204284668	15.33425235748291
6.695219993591309	10.295970916748047
28.51834487915039	29.671768188476562
20.907413482666016	16.411808013916016
33.897037506103516	34.814598083496094
26.908958435058594	31.083877563476562
22.110488891601562	19.131362915039062
17.727840900421143	18.93244743347168
20.372802734375	18.0584716796875
27.028366088867188	31.436912536621094
26.858531951904297	28.226442337036133
27.907233238220215	23.862659454345703
23.05852508544922	20.000192642211914
17.93377161026001	24.641658782958984
20.847114086151123	14.634342670440674
14.612648963928223	15.300285339355469
23.844823837280273	28.791807174682617
14.935155868530273	14.626764297485352
16.361427783966064	16.488897800445557
18.208343982696533	21.154548168182373
20.776004791259766	18.76466417312622
21.37802267074585	21.937803268432617
15.627157211303711	14.299888610839844
14.495186805725098	14.31442928314209
17.67908477783203	21.68927764892578
14.36264419555664	18.796363830566406
16.467811584472656	18.563751220703125
36.04523181915283	37.8258752822876
28.197856903076172	29.341758728027344
20.444839477539062	17.055870056152344
9.474488258361816	10.516241073608398
18.751487731933594	22.336957931518555
25.49190616607666	24.176791191101074
15.423190116882324	12.208148956298828
17.482315063476562	17.16399049758911
15.081989288330078	14.091995239257812
15.492309093475342	20.613361358642578
16.40129280090332	15.801902770996094
27.664722442626953	27.545473098754883
21.87855577468872	21.156606674194336
26.237102508544922	31.59239959716797
18.767919540405273	17.509681701660156
19.808871746063232	23.163780212402344
18.984822750091553	22.621460437774658
19.72089385986328	23.494537353515625
22.657901763916016	20.73013687133789
18.23784828186035	26.511792182922363
33.21159744262695	33.02097702026367
32.10792922973633	33.6983757019043
22.519636154174805	18.35927391052246
13.900223731994629	16.18804168701172
13.536168098449707	18.2231388092041
24.194987297058105	23.421199321746826
18.459728240966797	14.623747825622559
23.18634796142578	25.08716583251953
19.430449962615967	21.387569904327393
30.274097442626953	32.14794158935547
20.1873779296875	20.071847915649414
23.64399003982544	26.68663501739502
25.55807113647461	25.20769691467285
18.057273387908936	16.969295024871826
20.547427654266357	18.91994047164917
17.182841777801514	22.02668809890747
19.959667682647705	24.94794273376465
28.22755241394043	28.953227996826172
16.75040102005005	16.825488567352295
18.812077045440674	21.391788482666016
24.416476249694824	24.90915870666504
12.62934398651123	11.143576622009277
13.674551010131836	9.980597496032715
18.226655960083008	23.147850036621094
22.242416381835938	23.29722547531128
27.245136260986328	26.891494750976562
16.45583724975586	17.678380966186523
14.06726360321045	16.71179962158203
12.714327812194824	12.97319221496582
16.387134075164795	20.798011779785156
17.939544677734375	15.116389274597168
9.463314056396484	17.639108657836914
13.969480514526367	16.437671661376953
13.948959350585938	14.639216423034668
34.91804122924805	35.440364837646484
14.856891632080078	15.909765243530273
28.84986114501953	31.789527893066406
26.803427696228027	26.82458782196045
23.4151611328125	21.199424743652344
16.79729461669922	14.345029830932617
22.03359603881836	23.19697380065918
16.714187622070312	13.178917407989502
15.962665557861328	14.609557151794434
12.446364402770996	14.881635665893555
18.675678253173828	16.897382736206055
16.39740800857544	14.660882949829102
15.983217716217041	13.005281925201416
27.438766479492188	31.114091873168945
16.189804077148438	15.871312141418457
14.028250694274902	17.654285430908203
16.557689666748047	20.578039169311523
16.83649444580078	14.325634002685547
16.5542950630188	15.02316427230835
35.28565979003906	35.77042770385742
32.1697883605957	30.982126235961914
20.103851318359375	16.58350372314453
14.41350269317627	16.394136428833008
18.869081497192383	18.370083332061768
24.210552215576172	24.190248489379883
15.969307899475098	17.224824905395508
19.419835567474365	19.05390214920044
18.099024295806885	21.109458446502686
17.840078830718994	14.5902099609375
24.187625885009766	26.142199516296387
20.42636489868164	16.592504501342773
14.880183219909668	16.318206787109375
16.62757444381714	21.737867832183838
21.936439990997314	25.94747257232666
29.710241317749023	30.440322875976562
23.997395038604736	22.1737060546875
17.3321270942688	20.010635375976562
13.842766761779785	12.751955032348633
15.728548049926758	13.963836193084717
12.851996421813965	12.421029090881348
28.081372261047363	26.359851837158203
14.728803634643555	16.00202178955078
36.563995361328125	35.62645721435547
15.12576961517334	13.073675155639648
20.33710813522339	23.04169464111328
11.974974632263184	9.506065368652344
25.535430908203125	29.060294151306152
25.519217491149902	23.80555772781372
11.747363805770874	10.041453123092651
20.49089813232422	19.406036376953125
18.282167434692383	13.74173355102539
19.336848735809326	18.203372955322266
23.18946075439453	24.716506004333496
33.29095458984375	36.10803985595703
24.41736888885498	21.998210906982422
25.41456699371338	24.407326698303223
24.75409984588623	20.7691912651062
29.635374069213867	34.64510726928711
17.62691879272461	17.353050231933594
13.19919204711914	17.557147979736328
25.366504669189453	25.82761001586914
21.623466968536377	21.795852184295654
19.735695362091064	21.55863618850708
20.34148406982422	15.445527076721191
20.42557954788208	20.904097080230713
14.44482421875	12.284738540649414
18.554996967315674	23.98064374923706
25.13429069519043	26.983970642089844
16.44962739944458	20.18732786178589
34.335662841796875	27.953699111938477
17.850872039794922	22.807863235473633
23.389313220977783	27.41392421722412
17.564123153686523	18.666579723358154
16.63015365600586	13.196322441101074
17.99661111831665	18.51161241531372
29.86051654815674	33.4414758682251
17.95913314819336	12.871500968933105
20.528182983398438	19.496063232421875
14.597099304199219	15.678503036499023
29.53545570373535	31.011768341064453
16.080047607421875	15.258481979370117
15.404107093811035	19.13436508178711
19.73344373703003	23.934841632843018
28.67564582824707	35.03672409057617
25.81460952758789	26.12427806854248
21.831745147705078	19.50832748413086
22.156848907470703	26.47540283203125
15.486032485961914	14.387014389038086
17.20294189453125	17.79180908203125
13.992749214172363	15.802928924560547
33.95402145385742	31.587234497070312
19.30974578857422	15.111519813537598
13.657503604888916	17.153783798217773
17.08535385131836	15.750783920288086
17.97612762451172	21.650804042816162
31.715843200683594	31.295867919921875
20.381474018096924	23.379379749298096
37.30238342285156	34.591094970703125
26.29592800140381	25.014521598815918
28.058021545410156	29.471817016601562
29.506402015686035	27.576038360595703
10.928108215332031	8.757554054260254
21.754767894744873	25.585530281066895
20.285741329193115	24.163596153259277
23.183236598968506	21.999744415283203
21.504168033599854	23.713947772979736
21.049156665802002	19.831322193145752
20.575477600097656	19.199405670166016
15.851132869720459	15.717108249664307
17.21985626220703	16.710098266601562
8.859862327575684	7.694108009338379
28.94916343688965	27.102988243103027
23.297138214111328	22.52760887145996
24.887128829956055	30.93387222290039
24.877220153808594	27.806324005126953
20.37002992630005	16.64964723587036
29.391777992248535	28.49634075164795
25.991726875305176	27.709033012390137
38.57754898071289	37.064876556396484
36.88792705535889	34.49158573150635
27.648499488830566	23.9343523979187
15.685080528259277	13.988829612731934
33.71400451660156	37.751487731933594
32.144843101501465	26.073025703430176
17.868686199188232	17.94879913330078
26.62668514251709	29.855412483215332
27.229351043701172	25.422228813171387
18.43079948425293	16.47659683227539
17.7629337310791	17.559072494506836
18.22651481628418	19.304771423339844
30.99154758453369	29.803439140319824
28.394145011901855	25.267536163330078
24.164302825927734	19.968903064727783
38.737571716308594	32.936485290527344
16.393590927124023	11.9415864944458
21.069026470184326	20.465957164764404
23.081241130828857	23.304420948028564
27.468552589416504	32.556358337402344
17.81655263900757	20.605666637420654
17.42585563659668	15.782817363739014
18.28581428527832	20.382841110229492
23.19959020614624	26.54373264312744
19.693662643432617	25.676997184753418
17.349098205566406	14.665677070617676
30.022140502929688	31.881189346313477
24.975257873535156	24.128700256347656
18.72026824951172	20.714099407196045
26.631608963012695	30.767781257629395
12.088681697845459	9.430617570877075
17.69544553756714	20.21174669265747
14.621755599975586	15.042190551757812
29.884977340698242	32.10963439941406
15.819204330444336	15.258135795593262
17.351078510284424	24.617405891418457
16.036144256591797	14.296674728393555
17.001724243164062	19.92034149169922
38.23467254638672	38.77634811401367
18.255172729492188	14.41201400756836
24.459625244140625	30.231901168823242
21.34328842163086	17.64642906188965
29.172578811645508	26.233379364013672
32.866180419921875	36.51771545410156
29.743754863739014	27.681734561920166
17.50978660583496	13.35029411315918
14.232278823852539	17.179594039916992
20.12748670578003	21.15131378173828
17.81145477294922	14.612288475036621
16.767432689666748	23.20598030090332
25.48785400390625	31.043453216552734
16.83946990966797	14.259136199951172
21.333938598632812	23.264984607696533
19.129314422607422	18.30291748046875
18.50487470626831	17.071098804473877
17.313629150390625	16.279598236083984
26.09241485595703	26.63650417327881
16.674854278564453	16.107086181640625
12.639906406402588	10.27324390411377
20.054084300994873	17.36958646774292
30.29142665863037	28.794081687927246
15.000427722930908	16.571685791015625
15.4425687789917	16.583641052246094
10.99010181427002	13.853277206420898
22.027772903442383	23.31499671936035
25.744461059570312	25.02837562561035
23.530224323272705	26.401968955993652
22.91137933731079	24.746257781982422
13.187213897705078	15.013360023498535
26.107074737548828	28.357952117919922
25.424392700195312	26.784095764160156
35.61957550048828	36.66899013519287
26.694665908813477	22.519826889038086
17.455787658691406	16.04863929748535
11.576813697814941	13.297538757324219
24.508051872253418	27.269734382629395
14.457612991333008	17.00336980819702
14.935906410217285	14.232034683227539
21.892704010009766	27.284767150878906
19.127533435821533	16.855835437774658
22.244411945343018	25.04454517364502
15.672284603118896	15.56636381149292
21.448166370391846	28.88975429534912
21.271041870117188	18.54928970336914
32.207366943359375	34.86033248901367
24.013352394104004	21.45728302001953
23.485103130340576	23.43248748779297
19.800626754760742	19.355628967285156
15.379914283752441	15.332980155944824
17.070751190185547	15.853437423706055
18.700920581817627	16.70610237121582
15.79367446899414	15.043522834777832
14.543006896972656	15.908939361572266
13.461626052856445	16.350444793701172
13.917104721069336	17.71384048461914
16.67581558227539	22.66677474975586
15.832209587097168	17.47834014892578
19.63222646713257	21.711082935333252
28.564058303833008	33.31645584106445
31.753551483154297	31.132808685302734
19.072242736816406	15.94815444946289
26.724675178527832	26.564000129699707
14.73365592956543	17.07124900817871
19.584704875946045	25.80512523651123
18.641807556152344	12.94301176071167
14.36822509765625	14.61861801147461
23.541038990020752	28.069161415100098
11.863515853881836	15.628150939941406
26.013258934020996	26.903712272644043
20.104557037353516	19.8380069732666
21.725269317626953	24.739388465881348
6.106268882751465	10.743261337280273
27.990408897399902	25.86108684539795
29.875564575195312	35.3462028503418
18.114761352539062	15.695489883422852
28.692378997802734	32.63117218017578
23.46005630493164	18.93065643310547
44.1431999206543	38.78009796142578
26.80948257446289	27.968218326568604
18.660032272338867	18.1270751953125
19.170325756072998	17.31633996963501
24.894375801086426	26.254952430725098
25.878573417663574	32.88857173919678
15.55270004272461	13.627243995666504
20.730253219604492	19.432641983032227
19.807424545288086	18.80880355834961
32.51476764678955	30.23836612701416
24.266193389892578	31.40926742553711
30.278682708740234	32.50730895996094
16.67799949645996	15.5638427734375
14.902474403381348	16.678955078125
21.8041033744812	20.779754161834717
21.215181827545166	22.59241819381714
18.23137855529785	12.177573204040527
16.433698654174805	20.904460430145264
22.36844301223755	28.69581127166748
10.193164825439453	10.215506553649902
24.358500480651855	24.503823280334473
26.896851539611816	28.554362297058105
30.272415161132812	30.573911666870117
21.781253814697266	15.907724380493164
19.51402473449707	25.224486351013184
18.738439559936523	19.089191436767578
16.329530715942383	16.963092803955078
16.991608142852783	21.940349578857422
17.221914291381836	14.214176177978516
16.617761611938477	14.526092529296875
27.877904891967773	30.435811042785645
28.362631797790527	29.333043098449707
11.771417617797852	12.400896072387695
13.506937026977539	15.872276306152344
35.008503913879395	33.94603443145752
27.851520538330078	28.73921012878418
25.057087898254395	21.027626037597656
21.96871519088745	22.277050495147705
14.517271041870117	14.761931419372559
13.789457321166992	16.292192459106445
13.313874244689941	18.184337615966797
14.908145427703857	23.195830821990967
21.697511672973633	18.487667083740234
18.25583267211914	20.327877044677734
17.781490325927734	15.716499328613281
18.09847640991211	19.953323364257812
28.054784774780273	33.61537551879883
8.84096622467041	9.574326515197754
19.07085609436035	21.436830520629883
15.753754615783691	17.392967224121094
25.306621551513672	26.914813995361328
29.85455894470215	30.016983032226562
33.33776092529297	33.285282135009766
21.991744995117188	22.722702026367188
23.06834077835083	21.416740894317627
25.719226837158203	29.1036319732666
17.167566299438477	16.619285583496094
18.204018115997314	17.191326141357422
27.309062957763672	27.218769073486328
13.703145027160645	16.61629867553711
26.65378475189209	28.893759727478027
40.024128913879395	38.299346923828125
16.687877655029297	12.873069763183594
16.751305103302002	23.326430797576904
25.31121826171875	22.979209899902344
16.040283203125	13.982370376586914
29.199668884277344	24.363089561462402
16.770492553710938	15.023660659790039
11.205000877380371	15.76032829284668
31.139110565185547	29.830890655517578
15.756138324737549	20.976418018341064
16.657569408416748	13.675333499908447
29.248909950256348	25.35285186767578
19.868011951446533	24.721263885498047
29.533702850341797	32.13333511352539
27.08136749267578	26.49140453338623
17.109203338623047	16.027523040771484
19.47863006591797	21.255096435546875
21.596745014190674	24.438474655151367
11.826763153076172	10.436797142028809
13.669057846069336	17.9101505279541
26.296534538269043	24.217506408691406
19.300460815429688	26.793651580810547
18.385723114013672	14.697561264038086
18.163644790649414	19.39172887802124
22.225849628448486	24.445338249206543
21.026980876922607	17.994079113006592
22.232661724090576	25.474522590637207
30.581806182861328	32.268245697021484
18.680175304412842	18.056000232696533
17.638446807861328	18.314191818237305
9.92696762084961	10.97279167175293
19.398698329925537	21.76232099533081
20.55736541748047	23.929880619049072
22.57968521118164	19.646255493164062
11.404243469238281	15.733050346374512
18.40341567993164	17.381418228149414
15.928009033203125	16.60072898864746
18.522319793701172	19.60162353515625
24.342350006103516	33.401214599609375
23.677404403686523	18.480506896972656
25.374786376953125	26.902244567871094
21.932781219482422	19.215225219726562
20.85338258743286	23.250304698944092
22.243210315704346	22.65743637084961
18.022802352905273	16.43929672241211
25.929723739624023	30.429100036621094
23.58513307571411	26.658682823181152
19.752689838409424	25.04630184173584
24.87063217163086	23.03639030456543
21.33713150024414	23.869884967803955
18.726699829101562	17.406909942626953
18.815836429595947	23.621968746185303
25.76724624633789	30.104171752929688
20.6496319770813	20.828540325164795
16.038727283477783	13.637144565582275
16.395854949951172	16.492860794067383
27.673851013183594	32.688026428222656
19.593196868896484	17.382007598876953
27.358105659484863	30.883601188659668
29.408217430114746	28.287938117980957
14.901617050170898	13.109917640686035
13.295539855957031	16.952011108398438
12.307915687561035	16.51357078552246
16.984355449676514	22.709190845489502
20.717914581298828	23.22874689102173
31.86386489868164	32.18167495727539
25.587544441223145	22.407573223114014
10.742246627807617	16.49323272705078
13.200781345367432	14.977057456970215
22.49979019165039	19.31139373779297
18.803056240081787	16.52303695678711
15.282979011535645	16.370594024658203
19.15754270553589	23.676258087158203
21.22342300415039	16.266024112701416
25.970420837402344	30.10327911376953
8.70013427734375	9.282402038574219
13.844747543334961	17.330101013183594
24.134390830993652	28.426589012145996
12.2405366897583	16.103836059570312
23.446410655975342	27.047587394714355
26.495421409606934	24.038286209106445
13.348978042602539	16.99066734313965
17.76409149169922	17.053532123565674
31.396484375	30.96926498413086
18.082447052001953	18.21355628967285
20.81031847000122	18.768681049346924
32.67281627655029	32.73391056060791
20.213898181915283	15.038444995880127
24.595816612243652	27.70407199859619
20.688880920410156	19.85211181640625
15.715537071228027	18.522491455078125
21.289845943450928	22.88869857788086
27.542853355407715	27.88311767578125
22.24193572998047	26.33781909942627
20.273301601409912	26.553491592407227
13.187753677368164	15.934914588928223
22.757519245147705	22.299476623535156
23.36884307861328	30.717409133911133
20.76129913330078	17.97968816757202
28.29785442352295	29.647427558898926
18.381717681884766	18.084915161132812
18.416969299316406	17.14435577392578
20.980735301971436	27.524093627929688
15.540855407714844	14.146395683288574
25.713760375976562	28.086923599243164
35.55665588378906	34.70562744140625
20.060260772705078	16.373123168945312
19.232528686523438	23.437557220458984
28.39383888244629	28.500798225402832
27.93786907196045	27.788758277893066
14.678290367126465	15.32747745513916
21.138742446899414	22.913928508758545
24.158565521240234	28.558265686035156
17.16234540939331	17.741919994354248
29.050020217895508	25.347278594970703
24.618590354919434	25.764744758605957
28.32009506225586	29.64380645751953
21.472198963165283	24.674683570861816
15.40552043914795	14.874640464782715
10.003310203552246	15.999812126159668
27.30878448486328	27.28260612487793
26.86391830444336	31.132129669189453
18.496784210205078	17.856130599975586
18.18934679031372	17.33446168899536
25.7413387298584	27.19796848297119
24.300816535949707	22.47269582748413
25.009735107421875	28.225261688232422
26.577987670898438	23.601523876190186
26.978790283203125	25.646827697753906
24.22266387939453	22.05080795288086
15.655421257019043	13.185478210449219
29.8892240524292	29.742533683776855
24.581295013427734	32.29782485961914
19.188358306884766	13.878032684326172
31.620168685913086	34.034934997558594
25.428983688354492	32.99907302856445
33.22569751739502	29.072476387023926
20.54903793334961	16.096988677978516
25.74577045440674	24.656487464904785
22.75153684616089	23.1405987739563
19.046749591827393	19.73952054977417
16.148052215576172	12.906698226928711
20.081956386566162	23.406160354614258
22.45330238342285	23.835227966308594
22.708930492401123	25.920281410217285
37.098758697509766	35.673423767089844
15.083934783935547	13.515491485595703
21.23018789291382	21.395729541778564
17.053499221801758	10.62542724609375
33.08845901489258	29.41065216064453
18.191272735595703	16.1014347076416
16.172783374786377	16.06585693359375
29.327713012695312	32.50059509277344
27.50686740875244	27.293071746826172
6.6317901611328125	6.524377822875977
17.71508026123047	13.816730499267578
35.557430267333984	36.72270965576172
21.716266632080078	15.243963241577148
16.322731018066406	17.19547462463379
21.235862731933594	24.44586181640625
21.736141204833984	24.237313270568848
16.69257926940918	17.181079864501953
11.477892875671387	13.987300872802734
14.287606716156006	11.142585039138794
12.837703704833984	14.820455551147461
14.376916408538818	16.407043933868408
23.636986255645752	27.00469207763672
20.19593381881714	22.631021976470947
17.212785243988037	20.401874542236328
20.598615646362305	15.073566913604736
11.846190452575684	13.478544235229492
20.142820358276367	20.803253173828125
25.07577133178711	31.341426849365234
17.224632263183594	16.107282638549805
20.1474552154541	20.420114994049072
17.453327178955078	17.858760833740234
26.28092050552368	29.92546796798706
25.15000343322754	28.7185115814209
24.7670841217041	28.598371505737305
16.804481506347656	15.292401313781738
11.844819068908691	14.478045463562012
16.119571208953857	15.817188262939453
30.77391815185547	30.170490264892578
22.255638599395752	20.007961750030518
13.039973258972168	16.698749542236328
23.11362075805664	25.740208625793457
20.647989749908447	26.80660057067871
14.671123504638672	12.51694107055664
15.319011688232422	13.462697982788086
19.259140491485596	18.254455089569092
8.886443138122559	9.811997413635254
24.064513206481934	22.768250942230225
21.709746837615967	24.93819522857666
28.014126777648926	27.09425640106201
20.050201416015625	16.763652801513672
23.844653606414795	28.950313568115234
30.559035301208496	29.337553024291992
24.580455780029297	20.646132946014404
26.185107231140137	25.587458610534668
17.402442455291748	25.198765754699707
17.504440307617188	12.827661514282227
30.43656063079834	30.72322368621826
12.51440715789795	17.53624725341797
15.24955129623413	13.232269763946533
16.556076049804688	13.03721809387207
20.997390747070312	25.023144721984863
19.485690593719482	21.00008726119995
29.86871910095215	30.257362365722656
26.694591522216797	24.63954448699951
28.264698028564453	31.296913146972656
30.525080680847168	28.86130142211914
17.893573760986328	15.911656379699707
26.937061309814453	29.13219451904297
21.544273853302002	20.333858013153076
21.387466430664062	24.847511291503906
21.711291790008545	23.23883056640625
22.47040557861328	22.436439514160156
22.247943878173828	22.357536792755127
16.756061553955078	17.127777099609375
32.33971405029297	33.25716781616211
20.52044105529785	22.540070056915283
25.050996780395508	28.191993713378906
16.76439666748047	15.302215576171875
10.735085487365723	13.281814575195312
14.77132272720337	16.669053554534912
22.094615936279297	20.465007781982422
24.160493850708008	30.304637908935547
25.289039611816406	23.0390625
26.212952613830566	25.014381408691406
28.79761505126953	32.5456657409668
23.217194080352783	24.575263023376465
26.680609703063965	27.562325477600098
15.388672828674316	18.045421600341797
23.465507984161377	20.393616199493408
29.875720977783203	35.751102447509766
26.513267517089844	22.417993545532227
17.00027084350586	19.70834732055664
21.13833475112915	18.358879566192627
14.353597640991211	14.53164291381836
16.90002965927124	22.95315170288086
14.455196380615234	13.356385231018066
31.93610382080078	36.20752716064453
18.651254653930664	13.321088790893555
12.691149711608887	15.376212120056152
14.79186201095581	22.042312145233154
29.92739486694336	28.481231689453125
18.25040054321289	17.766983032226562
18.15624761581421	24.77966022491455
20.724990844726562	17.804683685302734
20.118746280670166	22.232956409454346
13.173746109008789	14.790018081665039
8.458453178405762	8.739350318908691
13.44567346572876	11.836294412612915
15.576570510864258	15.201273918151855
12.557429313659668	17.593626022338867
19.396080493927002	25.244916915893555
29.215545654296875	29.005630493164062
25.72018051147461	26.63152313232422
21.426429748535156	17.19109869003296
18.914491653442383	19.45058298110962
31.09471893310547	31.045915603637695
7.948178291320801	10.013208389282227
20.140135288238525	23.965474605560303
26.876544952392578	26.900367736816406
18.842573165893555	15.253389358520508
19.898810863494873	25.925780296325684
21.59628438949585	25.180855751037598
28.33681583404541	27.055859565734863
27.57339859008789	34.37453842163086
18.135541915893555	14.924818992614746
14.150323867797852	16.982051849365234
28.690792083740234	32.38105010986328
18.014474868774414	18.941200256347656
18.05661392211914	15.824668407440186
23.709209442138672	28.671504974365234
16.49636459350586	13.389622688293457
16.572399616241455	12.252161979675293
16.901394367218018	15.82273006439209
17.00095796585083	12.937180995941162
17.88998794555664	22.229946613311768
20.242760181427002	23.20847511291504
23.67164182662964	25.904688835144043
17.510697841644287	13.5999755859375
13.899958610534668	15.090398788452148
13.15182876586914	17.63970947265625
14.754090309143066	16.643383026123047
15.470623970031738	19.2899112701416
16.017781734466553	23.479504108428955
36.804744720458984	36.73528289794922
14.16894245147705	13.797307968139648
13.507979393005371	15.924506187438965
24.50328540802002	24.209421157836914
16.374521255493164	14.082634925842285
19.90544557571411	22.54442596435547
13.580493927001953	11.703373908996582
24.86569118499756	24.501511573791504
29.880313873291016	35.322017669677734
20.951515197753906	13.602357864379883
22.10040807723999	17.86841583251953
17.865482330322266	16.594932556152344
19.48712968826294	21.763328075408936
28.16546630859375	28.94025707244873
19.8526611328125	21.43329620361328
18.288379669189453	15.788825988769531
22.544498443603516	29.880964279174805
20.950339794158936	19.3103084564209
29.709766387939453	30.31827163696289
31.351715087890625	29.7867374420166
25.863893508911133	29.107288360595703
20.451473236083984	17.31425428390503
16.05213165283203	18.064144134521484
17.87281608581543	15.46245288848877
17.31049346923828	14.993408203125
29.440072059631348	26.187260627746582
17.012405395507812	15.493106842041016
23.31619119644165	23.723217487335205
29.594207763671875	33.93192672729492
28.927433013916016	30.09395980834961
22.579941272735596	17.417312622070312
13.656793594360352	16.71666717529297
20.37949562072754	29.20718479156494
21.743481159210205	21.221825122833252
28.172558784484863	24.540035247802734
14.737115859985352	13.251492500305176
10.199958801269531	8.510236501693726
24.986783981323242	23.05948305130005
16.902355670928955	23.849172592163086
23.621551036834717	19.81184434890747
15.93552017211914	12.170034408569336
13.586589813232422	14.59723949432373
34.53675842285156	34.03301239013672
23.604748249053955	19.722388744354248
16.285568237304688	15.439128875732422
15.629849433898926	19.70362663269043
27.73855972290039	29.43368911743164
30.557960510253906	30.714122772216797
18.240676879882812	13.639213562011719
20.692880630493164	24.99601936340332
20.63512945175171	14.403575420379639
17.74160385131836	17.43480634689331
13.394143104553223	13.619834899902344
17.048480987548828	17.899805545806885
26.043081283569336	31.054262161254883
18.472407817840576	19.480579376220703
14.415233612060547	12.778875350952148
18.888914108276367	16.35555124282837
26.476905822753906	27.511552810668945
27.433605194091797	30.21844482421875
20.978349685668945	21.499786376953125
19.84238290786743	27.447890281677246
23.78974199295044	29.29710102081299
13.49974250793457	16.66109848022461
18.075531005859375	18.851486206054688
11.351609230041504	17.711135864257812
22.222304821014404	25.31502056121826
16.893394947052002	14.373337268829346
25.123629570007324	28.91422176361084
13.678211212158203	19.356372833251953
14.760200500488281	19.483566284179688
20.269289016723633	25.205998420715332
10.461933135986328	9.43268871307373
11.352434158325195	14.286054611206055
10.955134391784668	15.627554893493652
18.063018321990967	20.43124008178711
30.86671543121338	31.100415229797363
19.17925214767456	22.745441436767578
13.119404792785645	11.226720809936523
16.846555709838867	15.866320610046387
26.078704833984375	29.812816619873047
