71.61816930770874	74.9589056968689
65.25895643234253	67.2300968170166
62.341599464416504	63.829145431518555
66.19958353042603	62.63597059249878
63.69803428649902	66.55346870422363
68.40112352371216	65.90520572662354
79.6417064666748	78.08248901367188
68.43158912658691	71.12370300292969
51.036376953125	55.16772270202637
57.4437460899353	62.185951709747314
72.89645195007324	72.9278564453125
67.24631404876709	72.28915500640869
68.89501905441284	67.28671073913574
66.42579460144043	66.92059135437012
79.19012546539307	79.42400932312012
58.20105600357056	53.7638840675354
63.00629138946533	65.12657976150513
61.8617057800293	60.795677185058594
77.45780181884766	76.62084102630615
63.109540939331055	64.86016750335693
68.98087978363037	68.85005950927734
61.48103332519531	62.1959228515625
70.9240026473999	69.86050510406494
70.86320686340332	71.84808540344238
72.65870475769043	74.09623718261719
63.695011138916016	65.87285041809082
67.80825233459473	67.61894989013672
47.6794753074646	50.63394355773926
70.42280530929565	68.41081809997559
71.72249794006348	69.70044136047363
66.03369140625	61.44633865356445
71.0082950592041	71.58091735839844
67.45025682449341	67.15628242492676
58.63219213485718	59.472453117370605
82.56402969360352	83.39123725891113
66.35321760177612	69.42483282089233
75.54473876953125	79.06191825866699
69.89325714111328	64.75732421875
74.22844886779785	73.90566825866699
77.8337574005127	80.98310279846191
66.80131435394287	69.28523063659668
69.42483472824097	71.02138423919678
81.78939580917358	79.1274962425232
71.19544887542725	71.40739488601685
62.672242641448975	64.26942300796509
70.83382177352905	72.28647708892822
76.03509426116943	74.00216102600098
62.46948051452637	65.57510948181152
73.14112091064453	80.02510595321655
69.96278285980225	70.52090644836426
80.8476734161377	79.97251987457275
64.84481048583984	64.54670763015747
52.92323112487793	56.32172107696533
67.05116987228394	67.24600124359131
71.7676157951355	76.44590139389038
67.42985486984253	65.16799736022949
63.389163970947266	62.52395248413086
64.48375511169434	62.76457500457764
61.45342826843262	60.2112340927124
75.54818630218506	76.28865718841553
62.65264320373535	60.568416595458984
66.21548366546631	64.34217834472656
66.54760122299194	66.27288722991943
73.73509407043457	71.50071144104004
61.006141662597656	61.33751821517944
67.21075534820557	67.40615844726562
72.9301986694336	72.45088577270508
66.57825565338135	70.94578456878662
85.34994125366211	89.32951927185059
74.14882516860962	72.31175374984741
68.74532222747803	68.3455753326416
59.39590930938721	61.32866191864014
77.71514749526978	85.60427713394165
67.53958702087402	65.98082065582275
71.7374439239502	70.71268558502197
74.00291442871094	75.01645565032959
67.38333034515381	67.13037014007568
60.787248611450195	65.66390991210938
71.69290065765381	75.06396293640137
70.88419437408447	78.36444854736328
66.2033748626709	63.71086597442627
64.77030944824219	64.42240762710571
63.214293479919434	64.66623115539551
71.92833137512207	74.49547576904297
74.18610572814941	71.18576049804688
75.61377239227295	67.80939388275146
72.28516960144043	71.63346862792969
73.24212074279785	69.3064022064209
62.18238973617554	61.48398971557617
60.30399799346924	60.50640106201172
72.1014347076416	70.75292301177979
75.12769603729248	70.19544839859009
63.17767810821533	64.05253744125366
64.71831321716309	66.13642692565918
74.29593086242676	72.36946678161621
63.888211250305176	65.61635494232178
62.48791694641113	63.12402963638306
67.92724800109863	71.37503242492676
63.89879035949707	67.84731531143188
69.38655853271484	74.53595352172852
81.19302177429199	79.7988109588623
80.05885362625122	79.21331548690796
74.32915544509888	71.3938684463501
58.19631814956665	58.989290714263916
64.59550380706787	66.2637710571289
63.95823955535889	68.77148628234863
72.47232913970947	73.4326171875
72.91942691802979	73.34943962097168
65.89497470855713	65.92089986801147
57.171950340270996	54.57087516784668
73.41141700744629	70.3142261505127
60.560670375823975	60.98601293563843
70.86958885192871	72.47568607330322
62.79154300689697	62.28332233428955
50.028390884399414	50.9216833114624
77.79872846603394	83.82202816009521
72.1261796951294	69.87793922424316
74.30044460296631	78.19456434249878
58.7938117980957	59.91330146789551
58.590521812438965	58.683204650878906
55.34990644454956	57.277719497680664
63.813347816467285	62.571024894714355
81.08767509460449	76.64180755615234
77.08220481872559	80.9483528137207
65.82903289794922	66.63811492919922
70.30350685119629	72.77612209320068
77.55079412460327	84.05081939697266
68.83552312850952	70.62173700332642
73.89917850494385	71.22066497802734
66.99418687820435	68.92126607894897
67.50653171539307	65.88082122802734
71.32864952087402	74.85724449157715
80.13369369506836	70.67564535140991
73.20266819000244	72.27461767196655
59.90095138549805	59.20186996459961
56.50518751144409	58.48125457763672
74.70877647399902	78.11181545257568
71.02436685562134	75.86835479736328
77.68147087097168	75.07504463195801
73.79083967208862	74.29491996765137
70.0871753692627	72.75166511535645
47.81478404998779	47.83486843109131
67.03934335708618	69.23424291610718
66.696364402771	71.4789981842041
68.42683410644531	65.23383378982544
67.55875539779663	65.84853172302246
65.19065237045288	66.84392738342285
61.57614183425903	63.02977895736694
72.58410453796387	75.81026554107666
63.63372802734375	64.50394248962402
66.41621589660645	63.91634941101074
64.81481885910034	69.08395195007324
69.64975833892822	72.72700309753418
64.23625946044922	65.47638702392578
67.89286136627197	72.01986789703369
65.49601745605469	60.73870849609375
76.85351705551147	79.64573574066162
68.67230892181396	72.28907108306885
62.75054168701172	61.12179708480835
71.7122106552124	74.4545578956604
64.69010925292969	61.82985734939575
70.15393209457397	71.2066969871521
67.93820381164551	67.87512302398682
43.883118629455566	43.88282775878906
72.58731079101562	77.59438133239746
76.59857749938965	76.1679744720459
60.65543174743652	63.43063831329346
58.42575645446777	61.368727684020996
71.96517848968506	71.0325379371643
58.71196746826172	59.324913024902344
67.97166442871094	70.29087829589844
80.12552261352539	75.20540714263916
72.59785652160645	74.92127895355225
67.48947715759277	63.1642541885376
68.78110456466675	64.12923574447632
70.15664577484131	71.65596008300781
58.77339839935303	59.800214767456055
70.87964057922363	67.48669624328613
77.92455768585205	77.30416488647461
79.79027366638184	80.14395332336426
66.98056030273438	68.67792558670044
64.0979232788086	68.72392272949219
62.186960220336914	64.04997968673706
76.10465812683105	75.40104675292969
73.80850982666016	70.80741119384766
77.69656372070312	80.14101982116699
64.18115139007568	60.538015365600586
55.437578201293945	57.178619384765625
69.37596321105957	66.04517459869385
72.39843606948853	70.89956521987915
65.72083282470703	67.32757568359375
72.29945182800293	73.9798355102539
73.20480346679688	68.126540184021
69.73448753356934	71.31958961486816
69.91306972503662	70.82412815093994
72.57400131225586	69.75858306884766
64.11309099197388	64.23160600662231
70.94982719421387	73.67749214172363
72.1036319732666	69.72811317443848
74.00240898132324	78.26163291931152
57.47042655944824	60.82817459106445
68.52980947494507	65.58581686019897
64.4439468383789	62.29304265975952
75.8867883682251	78.21576595306396
71.86784362792969	75.3779239654541
75.74871873855591	79.30943393707275
66.17683410644531	66.42138004302979
66.50189876556396	67.28042602539062
86.42697143554688	88.5578556060791
70.06133890151978	76.13201236724854
68.37400960922241	69.00791215896606
85.84797477722168	83.34029388427734
62.88188457489014	61.739797592163086
69.17160844802856	68.75473737716675
70.97946882247925	72.69731426239014
68.84066677093506	68.34947347640991
62.15610122680664	63.07477569580078
52.94130849838257	52.930686950683594
65.66223192214966	66.85678052902222
69.87483215332031	66.2350401878357
65.26401615142822	64.33875274658203
80.71504211425781	74.70496559143066
66.62031650543213	69.5254373550415
75.37821769714355	76.62243843078613
62.25256061553955	63.336304664611816
61.68518543243408	61.37701988220215
75.37828922271729	72.4503231048584
68.60811710357666	62.920366287231445
73.21629810333252	74.37079811096191
62.6777400970459	61.33755397796631
67.53918552398682	66.34179878234863
75.1262903213501	73.70442867279053
60.328941345214844	62.79644012451172
68.98222160339355	72.99788475036621
67.69823551177979	68.51917266845703
79.71837043762207	78.7087345123291
59.52737331390381	61.509060859680176
71.05687141418457	65.08958339691162
55.9405460357666	57.850858211517334
67.14038848876953	65.09744167327881
67.02784061431885	68.42732429504395
76.16195869445801	78.2252368927002
64.95939445495605	66.20693922042847
74.11173343658447	76.16090297698975
63.283281326293945	67.52508640289307
74.44424629211426	71.099853515625
58.262879848480225	59.67208671569824
66.00495672225952	65.70079755783081
71.35188388824463	61.920172691345215
69.09659671783447	69.87420558929443
73.40522861480713	72.84067726135254
61.869330406188965	62.510313987731934
65.53531837463379	69.45396566390991
65.41929721832275	67.64246940612793
56.098127365112305	60.00964641571045
63.82226371765137	66.24787902832031
68.41014862060547	70.57282447814941
73.16954612731934	76.28792762756348
64.10380554199219	62.30517768859863
75.71638584136963	76.17678165435791
77.36268520355225	77.28738307952881
75.0849380493164	73.56470489501953
71.08766078948975	71.65234565734863
62.11878776550293	67.51962184906006
73.47871685028076	73.7700605392456
67.79144239425659	68.10667276382446
68.39299535751343	72.3137731552124
68.17136430740356	66.52754735946655
62.01693534851074	62.58442401885986
71.38952493667603	67.59998416900635
76.03838539123535	73.61101627349854
73.31961154937744	77.640380859375
68.831374168396	75.25914144515991
67.86781358718872	65.67642307281494
72.13674068450928	73.9040994644165
66.43126487731934	72.05845642089844
74.09887790679932	74.46310997009277
70.57163143157959	67.51522207260132
68.42627048492432	72.90998935699463
73.1482982635498	73.17688941955566
71.76528310775757	67.91095733642578
60.92917442321777	64.03485774993896
69.31019496917725	67.6081862449646
69.83261108398438	69.56286430358887
68.82344245910645	61.57543659210205
67.34698295593262	70.53112983703613
57.02313995361328	58.171112060546875
68.10571527481079	74.72910261154175
71.95315361022949	66.73337745666504
70.14621591567993	68.7633376121521
57.12300777435303	60.43635368347168
68.63266038894653	64.97189140319824
71.09944295883179	68.89192914962769
58.135786056518555	64.36806392669678
60.392982959747314	61.12595558166504
71.70287132263184	66.72086334228516
54.498817920684814	59.316760540008545
78.83753728866577	76.78683519363403
67.14340305328369	73.51231384277344
67.85135650634766	65.8092041015625
67.49983263015747	65.0180983543396
65.44698238372803	72.12107181549072
70.38088989257812	69.4321517944336
73.25847721099854	78.78378534317017
71.18229866027832	73.6865234375
74.85379219055176	68.95625114440918
63.02928161621094	62.98073720932007
70.91687679290771	66.90648078918457
75.86002922058105	77.79320526123047
66.00662231445312	61.768736839294434
72.25908660888672	70.65688514709473
79.37693119049072	71.38189792633057
68.95010471343994	69.8565673828125
74.06214237213135	71.68316841125488
71.24650573730469	68.18099212646484
67.77086019515991	70.03046464920044
74.37784481048584	71.54925584793091
49.4203519821167	51.9570255279541
64.6205005645752	63.13268995285034
74.14038562774658	71.42176723480225
75.99272727966309	74.80642509460449
71.57679176330566	67.43290901184082
64.31902313232422	66.00167083740234
63.419175148010254	64.52434539794922
74.13742446899414	71.1383113861084
76.36975288391113	73.4795618057251
72.18225288391113	69.37417030334473
78.5330057144165	81.96718215942383
69.37772560119629	64.92881202697754
54.64455604553223	61.314077377319336
74.38976907730103	74.48646450042725
62.388925552368164	68.85699272155762
62.48167276382446	63.969491958618164
71.11321449279785	72.94641971588135
69.21305751800537	73.51882839202881
67.16433143615723	68.21943140029907
74.61463928222656	73.51597785949707
78.7353687286377	84.29306030273438
62.10998725891113	64.0127420425415
59.20111656188965	65.08861684799194
74.62529993057251	75.21774101257324
60.32012128829956	62.996798515319824
70.88012647628784	72.25205278396606
70.8676586151123	73.94557332992554
72.0274109840393	66.41707801818848
68.313241481781	72.08802795410156
75.84912300109863	74.29928779602051
63.82327938079834	65.06965684890747
67.27682304382324	63.66329526901245
69.58884239196777	70.29584407806396
64.64605665206909	65.7793436050415
74.2266845703125	78.87011051177979
71.99738502502441	69.77841854095459
70.11977577209473	69.05512952804565
63.246346950531006	62.6832332611084
70.0217056274414	72.08111763000488
66.85000419616699	66.09115600585938
71.25675868988037	70.16351556777954
72.22209548950195	69.18955993652344
71.91458129882812	73.326171875
71.31102085113525	75.54273128509521
85.55130004882812	83.32815170288086
67.1247181892395	65.40731906890869
82.11713647842407	73.23594903945923
72.12179374694824	70.55333662033081
79.93911552429199	77.28909301757812
70.12738037109375	73.41060161590576
76.37372732162476	76.65265703201294
63.37535905838013	63.92885971069336
67.19973564147949	70.92193794250488
74.64181709289551	78.45989227294922
62.02277898788452	64.29448556900024
64.15745687484741	66.23465824127197
69.73844385147095	67.71299076080322
64.37970638275146	65.63186645507812
74.93355751037598	78.10461521148682
57.719178199768066	60.80101013183594
77.48235988616943	76.19657039642334
60.475998401641846	57.85402536392212
75.64053535461426	74.30550575256348
70.03099060058594	65.23792266845703
68.54573106765747	70.63125801086426
70.49956226348877	72.067458152771
63.61611366271973	65.32530784606934
66.40060329437256	64.98822069168091
72.14325141906738	76.20037841796875
71.40583992004395	74.50176239013672
69.55770063400269	69.33060550689697
67.71913051605225	71.4669418334961
70.55542945861816	67.71307945251465
69.20525407791138	64.02359962463379
64.3056583404541	68.88822078704834
66.95092821121216	67.29936218261719
82.62289047241211	81.46723747253418
80.42363166809082	77.63839721679688
72.68784523010254	70.80913543701172
75.08067798614502	70.10096168518066
82.37279319763184	84.6779260635376
66.64853572845459	67.61172294616699
73.58956718444824	75.74945640563965
67.17073631286621	68.9755711555481
61.911163330078125	64.60768699645996
64.1769962310791	71.92566442489624
76.22865533828735	77.82881116867065
72.95585346221924	77.70353507995605
70.67406606674194	71.19528150558472
66.03735446929932	64.31739807128906
63.91189956665039	62.854244232177734
69.59394884109497	70.19445705413818
62.61784315109253	66.2795090675354
65.07633209228516	68.45881462097168
67.33978414535522	67.99141502380371
73.9308557510376	76.8359842300415
67.25858211517334	71.47207736968994
82.27381706237793	77.73636817932129
65.29705810546875	62.84545278549194
72.1401515007019	70.63817024230957
72.10188961029053	68.01060676574707
73.60337257385254	75.73409080505371
72.78587341308594	71.29246282577515
59.744351863861084	64.74858140945435
61.89130353927612	60.69987916946411
68.56119632720947	69.20556545257568
70.53142547607422	69.81473445892334
70.92968845367432	76.85337018966675
71.07795095443726	71.13137626647949
61.79572105407715	61.068220138549805
66.96800422668457	66.34340572357178
58.53507900238037	61.803627490997314
61.384596824645996	65.5032205581665
74.88001346588135	70.25423526763916
65.94032335281372	69.89321279525757
68.68266105651855	64.7317361831665
63.09771537780762	66.70948219299316
64.83107089996338	65.82674980163574
73.48294258117676	76.65792846679688
73.036536693573	76.80857610702515
71.71027517318726	71.34252309799194
62.22622776031494	62.98258066177368
72.00799942016602	68.20082902908325
66.49360084533691	67.35713052749634
59.44326210021973	61.92439126968384
68.80381107330322	69.30294990539551
74.61555480957031	75.89334964752197
66.96453094482422	70.02596521377563
71.11220359802246	67.2226619720459
72.9801607131958	72.51325035095215
70.39981126785278	69.36955118179321
64.01494789123535	65.82392835617065
69.81049919128418	70.36465644836426
60.67473888397217	68.7908706665039
71.62711143493652	73.88209342956543
73.29970836639404	73.07276344299316
74.63951110839844	76.50081634521484
76.3487319946289	73.73443222045898
63.93481206893921	64.97912693023682
68.3664779663086	66.93185234069824
63.52726650238037	65.73730373382568
69.24884796142578	70.2981948852539
75.06371545791626	75.59689092636108
70.00051021575928	73.47823143005371
62.10713338851929	63.161134243011475
57.03430366516113	56.14469861984253
68.79558420181274	63.89178943634033
58.49047660827637	57.45804786682129
77.87489318847656	75.61108589172363
67.40747022628784	62.20707893371582
70.61902046203613	72.7325439453125
68.10830783843994	69.38124132156372
76.11274909973145	83.07425880432129
63.83634567260742	62.584686279296875
63.86283016204834	62.85156440734863
53.73242378234863	53.64757061004639
62.924866676330566	60.642900466918945
68.50247240066528	64.88138723373413
71.49207973480225	72.52290487289429
65.34199714660645	67.06811428070068
64.308669090271	64.95385837554932
66.60109519958496	66.03355407714844
71.72777318954468	79.4844822883606
77.75475025177002	80.0769681930542
72.91519403457642	74.65130043029785
58.8457145690918	58.81803894042969
69.15460109710693	68.88034629821777
77.89475917816162	75.55898380279541
71.57016515731812	70.21301460266113
75.1447057723999	74.19034481048584
54.72093057632446	50.786550521850586
68.70189666748047	70.4362964630127
68.0029616355896	74.028977394104
72.75329542160034	70.77931356430054
68.25221920013428	66.85116624832153
74.47793483734131	73.93649101257324
61.15945053100586	63.440250396728516
75.44287204742432	73.76698970794678
72.65402793884277	74.00837898254395
74.04630184173584	72.71061897277832
45.583274841308594	48.40752029418945
77.62764167785645	70.8101134300232
81.48319816589355	80.26057434082031
67.497154712677	63.56120824813843
63.57886791229248	61.953938484191895
68.27007293701172	68.03752756118774
72.98461532592773	75.7468957901001
64.55021858215332	61.41213417053223
61.880330085754395	63.6030592918396
74.51001644134521	75.28193473815918
69.73749446868896	72.84877967834473
61.69591426849365	62.62270927429199
69.97151374816895	71.61670684814453
63.925790786743164	66.80617332458496
55.54320526123047	57.53624725341797
59.48931694030762	60.79144477844238
70.47164726257324	72.53637313842773
69.03553867340088	71.91442918777466
69.02116298675537	67.97884464263916
70.07924556732178	70.55932521820068
56.91059160232544	59.09809398651123
68.97101736068726	66.35356378555298
78.500244140625	79.65058708190918
70.41397094726562	69.90955352783203
60.74796199798584	59.605584144592285
70.98757982254028	69.0744309425354
62.003085136413574	59.763479232788086
64.53066349029541	64.55519199371338
59.3666205406189	59.36649465560913
63.37381839752197	68.03383827209473
70.97783088684082	62.87935256958008
51.00014686584473	53.72136116027832
73.84686470031738	68.46980094909668
66.79186344146729	66.55316829681396
75.5115909576416	72.85338878631592
60.920639991760254	61.395339488983154
68.50395202636719	67.54016876220703
66.71984195709229	67.50961303710938
73.05109977722168	66.53855323791504
72.54521226882935	76.70682621002197
63.58241510391235	65.32755374908447
62.20481872558594	63.31637382507324
74.20616054534912	71.83639621734619
78.5248031616211	81.24160099029541
65.815345287323	64.45970964431763
67.533860206604	68.6892318725586
75.63546180725098	79.71714973449707
72.58133888244629	75.43099880218506
75.30618047714233	71.03157663345337
71.53562021255493	73.57523536682129
62.50833606719971	65.09786939620972
61.75784111022949	64.8523998260498
73.53430938720703	70.65387010574341
71.34747219085693	68.90200996398926
59.731550216674805	61.41044569015503
61.34400177001953	62.24982452392578
75.05904197692871	78.28204441070557
61.388511657714844	59.63547706604004
63.570237159729004	71.81689262390137
76.2485032081604	77.34797763824463
76.04171085357666	75.88189458847046
66.32513999938965	65.09100914001465
68.14490604400635	73.14142799377441
59.586849212646484	61.67746543884277
78.88086795806885	75.10848999023438
76.77436637878418	71.43623399734497
75.0545654296875	76.18862915039062
66.20317840576172	68.78465986251831
70.96333980560303	76.22064113616943
76.82066440582275	80.27223587036133
69.17578840255737	64.60706377029419
57.7545862197876	55.816640853881836
81.22723579406738	77.22567558288574
70.04682064056396	68.1609058380127
68.00568914413452	70.86979866027832
79.25096035003662	76.65200710296631
76.25601768493652	77.60641765594482
72.12444591522217	70.28746747970581
76.70110130310059	80.89510917663574
72.23250389099121	73.8539605140686
84.99434471130371	78.47699642181396
66.25616312026978	65.12255859375
71.30625200271606	68.60029792785645
71.73805904388428	70.82026815414429
68.07940483093262	68.5990047454834
68.74251508712769	70.89874076843262
69.69519138336182	68.55969905853271
70.0354905128479	70.15690660476685
74.18261432647705	69.26580762863159
68.82346200942993	68.60155534744263
69.79101419448853	73.71245956420898
74.36105108261108	76.13050365447998
55.127432346343994	56.23852491378784
74.11163330078125	74.79146003723145
65.96402645111084	70.60624599456787
62.52665662765503	61.20295000076294
63.015732765197754	61.69449806213379
60.2477502822876	55.68661689758301
68.17182064056396	68.23073482513428
69.95256900787354	70.27668714523315
55.25250434875488	57.26353168487549
68.52811431884766	69.21391439437866
68.84396266937256	71.81320238113403
69.72661542892456	67.65243530273438
69.96872901916504	76.45450592041016
62.5654993057251	62.04525804519653
74.42953300476074	75.2336654663086
76.98022556304932	75.31748390197754
53.093963623046875	57.637451171875
67.43120384216309	66.3284969329834
62.72568130493164	62.21506881713867
75.59166526794434	73.23719787597656
62.499823570251465	61.379427909851074
78.40680885314941	80.57893180847168
72.76342105865479	73.63969230651855
77.66721248626709	78.26528072357178
74.09391975402832	70.46221733093262
63.121471881866455	59.53079652786255
80.64061546325684	83.38915205001831
67.05291652679443	66.62411499023438
63.257153034210205	60.256988525390625
75.41900491714478	75.79180812835693
67.53007459640503	70.20069360733032
51.20367908477783	53.55494213104248
58.930063247680664	56.64150381088257
87.4853663444519	88.94417953491211
77.35140800476074	75.09046077728271
67.55834341049194	65.29328870773315
70.90041160583496	71.07992649078369
68.95528507232666	70.60875749588013
67.96493625640869	68.15617561340332
63.29060077667236	60.132436752319336
73.54367351531982	69.57282400131226
71.08341836929321	69.2303638458252
85.05057334899902	84.11027526855469
72.02021980285645	72.34029293060303
64.44067478179932	63.88564109802246
64.92824649810791	66.19097900390625
67.93715476989746	67.22100734710693
69.06659603118896	63.304595947265625
69.41646575927734	71.24237060546875
66.16631984710693	62.70984649658203
70.44449138641357	72.9412899017334
80.96056938171387	80.73949813842773
71.06928825378418	70.40411472320557
71.75302028656006	77.58028507232666
76.00816440582275	67.54591941833496
80.32040405273438	74.0793685913086
80.0369930267334	77.37120151519775
59.70974111557007	59.81096315383911
64.88705587387085	64.21857500076294
68.56447649002075	68.22997283935547
72.73172855377197	72.03016757965088
63.358216285705566	65.31044006347656
75.26721906661987	74.60065269470215
76.85789680480957	78.31947946548462
75.86528778076172	75.81512260437012
72.63711261749268	66.04212284088135
65.16863965988159	56.070531368255615
69.26156759262085	66.69505405426025
64.84533834457397	65.56387424468994
70.27763366699219	67.82017707824707
84.28092956542969	82.38897514343262
66.7481517791748	65.95475673675537
73.40924024581909	75.19139957427979
72.39270114898682	65.14551401138306
58.47398042678833	61.502495765686035
68.86598253250122	67.17800188064575
72.51639175415039	70.23286628723145
68.72537136077881	67.99424171447754
69.24390363693237	70.01959419250488
65.92135620117188	63.39838790893555
69.59591674804688	66.32609367370605
75.54533100128174	74.99046993255615
74.75698471069336	75.45186996459961
70.76288795471191	72.34073066711426
67.36280822753906	68.37624979019165
73.29595947265625	77.98195028305054
77.27007293701172	75.8470458984375
62.13028955459595	65.79190683364868
72.01493263244629	73.00122737884521
67.70820713043213	70.4970269203186
68.30284309387207	72.28143882751465
52.83658981323242	51.90536117553711
69.10227870941162	66.86345052719116
69.25902700424194	69.89987325668335
66.32247018814087	69.95067548751831
64.04176139831543	73.61829471588135
68.07995080947876	66.29276132583618
69.28449153900146	70.48739433288574
91.15217208862305	91.05107307434082
71.2352466583252	69.70961570739746
69.6336350440979	69.53903245925903
69.48593330383301	73.97466373443604
68.31709098815918	68.46871089935303
66.7684006690979	65.12657976150513
74.6271743774414	71.77315378189087
69.4281005859375	69.09093618392944
66.26584053039551	65.93457698822021
64.47013854980469	66.58778190612793
71.63045406341553	70.55100440979004
71.60228157043457	74.26707315444946
58.94647407531738	60.32930517196655
70.79470109939575	73.37154006958008
59.92760467529297	63.29984092712402
67.45490074157715	63.41549873352051
58.763856410980225	59.013078689575195
59.76300811767578	62.50244903564453
70.46415519714355	67.50902557373047
60.34888744354248	59.04833793640137
82.25679016113281	78.43923807144165
68.11843156814575	63.62791585922241
73.7884373664856	73.82540035247803
75.50856161117554	74.99968194961548
64.70694065093994	62.91360378265381
71.79312324523926	73.79672479629517
70.68114280700684	70.06564521789551
72.78280735015869	80.0380802154541
63.04170513153076	61.286428928375244
59.716920375823975	60.829633712768555
66.72837734222412	68.73448371887207
69.56630516052246	71.67362880706787
71.16895914077759	70.03412675857544
68.09791564941406	64.49316501617432
72.30021476745605	72.38881587982178
80.29958724975586	81.48797988891602
67.57485294342041	64.64583778381348
69.93467807769775	68.52900505065918
73.43237400054932	78.47876071929932
67.48579549789429	70.46716070175171
79.58754539489746	77.93530464172363
73.32960605621338	72.20004081726074
80.2242522239685	72.5774278640747
71.55933380126953	66.14898490905762
64.60056495666504	66.07130241394043
66.06034088134766	66.09650659561157
79.36223602294922	80.06123542785645
68.866286277771	62.9349045753479
73.65757083892822	72.56967544555664
79.88116264343262	78.97486686706543
74.1826868057251	70.76512813568115
78.44603538513184	82.68287658691406
86.93308067321777	85.60388374328613
66.64798879623413	66.28273630142212
64.78143215179443	66.32469177246094
75.127854347229	67.1410608291626
71.86824798583984	69.39093112945557
68.9892954826355	67.75356101989746
66.55519008636475	66.65132999420166
69.3487458229065	70.0436782836914
54.45010185241699	58.14034938812256
58.97549772262573	60.46377182006836
68.04783582687378	64.16440486907959
61.123870849609375	61.538265228271484
61.53509330749512	59.68940305709839
73.98684501647949	79.49133396148682
71.85582637786865	74.61019992828369
80.63352012634277	84.10669898986816
69.263916015625	62.54128932952881
67.21435546875	63.92637062072754
65.77946519851685	66.65329074859619
67.3883900642395	59.21308994293213
57.189945220947266	56.603240966796875
89.70233201980591	89.62123823165894
75.79325675964355	74.79669857025146
68.49036169052124	68.76804065704346
68.25543022155762	67.57074165344238
73.32500457763672	75.47610282897949
57.385704040527344	58.6600341796875
74.29208278656006	74.83165740966797
66.00434303283691	66.62837028503418
77.58360385894775	77.74205684661865
73.22625589370728	76.82481527328491
75.61911106109619	73.7032413482666
60.15904998779297	62.314720153808594
66.59462785720825	67.55591440200806
66.76039218902588	66.76055908203125
61.79064750671387	60.32567501068115
75.02149772644043	69.34446716308594
66.84111642837524	68.6982479095459
66.81034088134766	69.11378383636475
61.089569091796875	62.49365043640137
62.32931900024414	58.69693851470947
65.51633358001709	68.02061557769775
67.88777160644531	68.72696828842163
51.51051950454712	53.365779876708984
56.19894790649414	59.81646680831909
70.28923988342285	70.61304569244385
63.09209632873535	65.08068180084229
70.60976982116699	62.23984718322754
64.21622514724731	64.6777195930481
76.75879907608032	74.0763783454895
55.93644332885742	57.87483787536621
73.73287010192871	79.33038139343262
75.77458381652832	74.47312831878662
68.83406639099121	65.67395639419556
63.66115379333496	65.8460168838501
73.18587112426758	69.32355451583862
69.34388780593872	68.39572048187256
73.29181051254272	71.92314147949219
56.363929748535156	54.763877868652344
74.17204284667969	77.05979347229004
79.21443939208984	79.32968139648438
63.97317838668823	66.02609395980835
58.546690940856934	62.48059272766113
72.7654504776001	63.80291938781738
73.6923975944519	76.28190469741821
68.49318552017212	68.03194427490234
69.88308906555176	64.2644362449646
62.026262283325195	61.60500526428223
71.4023265838623	69.7619948387146
74.53827857971191	73.46785545349121
56.50286149978638	60.70317077636719
76.1642074584961	74.79013919830322
63.90235710144043	66.92931985855103
69.52927541732788	76.18396091461182
66.25224924087524	63.909135818481445
73.77021026611328	73.90457153320312
68.44910621643066	63.690314292907715
72.23742771148682	74.18832683563232
70.14835357666016	67.79979705810547
65.8126974105835	63.07787847518921
73.50385093688965	70.37821912765503
73.8641004562378	76.65423107147217
81.7319860458374	80.02672672271729
73.46786642074585	74.4006929397583
60.53064680099487	60.802639961242676
66.02475643157959	65.1772403717041
75.27261257171631	72.68631076812744
68.36725044250488	67.07036590576172
78.74607276916504	84.2926721572876
75.65049076080322	76.18680381774902
67.05500650405884	64.26997232437134
72.534499168396	73.02146911621094
66.00403547286987	73.50196838378906
72.09528923034668	72.390793800354
64.34245109558105	65.57143211364746
83.56006622314453	82.98120498657227
68.51667022705078	69.88101196289062
67.02498722076416	66.64545249938965
72.11627197265625	75.8312931060791
63.21531915664673	62.30718755722046
62.00200271606445	62.787391662597656
74.28909301757812	72.78096199035645
72.69914245605469	70.37341403961182
67.51905918121338	64.80462551116943
68.89894008636475	68.59519958496094
71.79153442382812	64.9382495880127
69.78540086746216	69.53106737136841
82.6014404296875	82.94192504882812
58.16009330749512	57.87924242019653
57.461920738220215	59.4639687538147
79.69970893859863	73.99039363861084
61.19211387634277	62.60087442398071
51.58511161804199	51.858506202697754
72.15239238739014	67.78888893127441
71.61965370178223	73.77824306488037
69.94742774963379	73.11246013641357
69.34941720962524	72.70525455474854
50.78916835784912	51.707505226135254
68.510178565979	70.00913858413696
60.05060577392578	60.2374267578125
70.09713172912598	70.35591125488281
73.03455400466919	66.45902919769287
67.15115547180176	70.93693733215332
72.84502363204956	68.0620174407959
66.79044342041016	63.48205375671387
57.51949167251587	53.713608741760254
69.30293083190918	72.35032081604004
60.95405387878418	60.849374771118164
62.96713638305664	62.87664079666138
66.64764404296875	69.71322536468506
66.00468349456787	63.910749435424805
65.96520328521729	68.97584295272827
68.8100037574768	66.58004093170166
67.93986701965332	65.87783908843994
70.90763282775879	72.94822883605957
61.115097999572754	59.31471824645996
69.57687950134277	69.823410987854
65.87347507476807	65.937828540802
62.5098295211792	64.41481161117554
63.95936822891235	65.32003784179688
65.82771301269531	67.913498878479
67.85658359527588	68.18619728088379
75.18869876861572	75.84413051605225
72.36634826660156	73.57660102844238
60.587730407714844	59.03972148895264
68.30124616622925	69.64100885391235
68.52116203308105	68.171715259552
72.76694869995117	69.09169578552246
71.93929195404053	71.42102909088135
77.34345817565918	77.78378677368164
64.495849609375	63.789520263671875
69.36231136322021	69.75334739685059
74.22930717468262	69.9691915512085
67.83251333236694	67.47325325012207
66.0382080078125	66.5799617767334
59.49783706665039	61.500370025634766
63.01880693435669	61.71405601501465
61.493706703186035	60.65312385559082
68.91049385070801	66.64952754974365
63.33542823791504	61.35746955871582
61.28390979766846	61.21714639663696
68.46423482894897	67.0953598022461
64.7453670501709	68.179856300354
58.63789987564087	64.2571792602539
68.80663251876831	74.38171243667603
68.35073661804199	63.68647813796997
68.6788101196289	70.96088218688965
66.49665212631226	68.76025199890137
78.69599533081055	73.33178329467773
66.86154365539551	69.00952339172363
66.36111259460449	71.82538032531738
76.45837211608887	72.06631278991699
61.75808143615723	64.46471357345581
67.86988735198975	67.43094444274902
71.9802041053772	76.78284311294556
68.26065063476562	64.85842704772949
68.15086364746094	69.72869873046875
64.42000389099121	67.30480194091797
70.92622375488281	72.47677230834961
83.52821159362793	79.25668144226074
65.75050449371338	63.20848274230957
78.77262496948242	75.22405815124512
60.88745880126953	58.90336227416992
70.03940391540527	67.98246717453003
62.0565299987793	63.276954650878906
70.90323448181152	70.68845272064209
72.23061561584473	77.37366485595703
66.53099060058594	69.81187438964844
84.54613494873047	87.11009788513184
72.73293352127075	74.81516075134277
68.69754791259766	71.9460916519165
85.60183525085449	81.9452133178711
63.82116651535034	67.11438655853271
60.31434917449951	59.933677196502686
64.99385070800781	62.37996292114258
78.0183572769165	70.6429591178894
63.923667907714844	62.98820495605469
71.38905334472656	76.75038051605225
62.48281002044678	58.72654581069946
81.77310848236084	80.57592105865479
66.28631544113159	68.09417581558228
66.42716360092163	64.54437303543091
71.47070407867432	74.1691026687622
58.338003158569336	63.81802225112915
71.3357162475586	75.91519832611084
62.67071723937988	66.18868350982666
69.55397129058838	69.12295532226562
60.56074905395508	58.45167541503906
62.24531173706055	62.74282455444336
64.98154640197754	62.30109214782715
64.27791595458984	62.44781684875488
62.033203125	59.87120819091797
72.33600425720215	74.59140586853027
69.55700540542603	71.67519950866699
69.87164068222046	67.9140396118164
64.20025634765625	61.97487258911133
72.28562831878662	77.91974544525146
74.66386413574219	81.39487266540527
62.828694343566895	70.22744941711426
63.140424728393555	65.52161979675293
72.49670505523682	77.90712833404541
64.89002990722656	62.462342739105225
65.57089328765869	64.757981300354
68.90557765960693	66.7762279510498
75.24378776550293	74.05267238616943
64.80449628829956	73.37639474868774
62.114943981170654	61.81157970428467
73.61675262451172	74.04757499694824
58.838576316833496	60.53084421157837
61.689324378967285	61.68716907501221
65.67442321777344	64.83499145507812
67.27358293533325	66.92843627929688
62.82547903060913	68.05734395980835
66.19933462142944	67.16431617736816
71.85070610046387	67.33872413635254
59.7664737701416	65.59527397155762
66.88188171386719	67.29167747497559
71.15647745132446	72.0450267791748
52.79607391357422	49.185081481933594
69.07278394699097	74.89050388336182
67.5056381225586	72.252525806427
71.59819221496582	70.28254508972168
69.039306640625	72.20848083496094
74.33717250823975	74.87234592437744
66.74213933944702	69.18539428710938
67.8699860572815	66.19489288330078
71.13715267181396	74.97212791442871
66.57199001312256	63.071351051330566
59.89093780517578	61.990922927856445
70.85665225982666	69.45826053619385
69.50169563293457	68.4634780883789
65.95190620422363	63.3024845123291
58.1784610748291	61.71550941467285
72.10616111755371	68.53262901306152
65.16787719726562	66.64324235916138
73.48106002807617	72.60833358764648
60.94548225402832	61.916422843933105
61.24008846282959	64.39375448226929
73.16550636291504	70.00055122375488
65.93108177185059	63.92905235290527
72.65613269805908	70.4350962638855
