32.055763244628906	27.3566951751709
27.315818786621094	29.785526275634766
22.865440368652344	26.2503604888916
20.955076217651367	22.05884027481079
22.610443115234375	27.20696258544922
19.32716703414917	24.04771900177002
38.386210441589355	43.17450714111328
39.896438121795654	40.44478416442871
21.736440658569336	22.82303237915039
30.57714080810547	30.935909271240234
28.5865478515625	31.496238708496094
26.355243682861328	24.9451904296875
32.203354835510254	30.421977043151855
21.706844329833984	25.631552696228027
36.790122985839844	35.42716979980469
17.934310913085938	22.882606029510498
32.48286437988281	35.112582206726074
36.924628257751465	36.43733310699463
19.238383769989014	22.20157814025879
28.39972734451294	31.6563081741333
36.89841842651367	40.03868007659912
22.447471618652344	27.038555145263672
25.632615089416504	25.176551342010498
19.22861671447754	17.896373748779297
17.21592378616333	22.433722972869873
22.540081024169922	23.523096084594727
25.561813354492188	28.859663009643555
19.83496856689453	24.00871753692627
28.05516004562378	28.046393394470215
36.17048740386963	40.33444404602051
18.848337650299072	23.964923858642578
54.63368797302246	49.06467247009277
23.394786834716797	28.190784454345703
23.01137924194336	21.305971145629883
17.65381622314453	22.657957077026367
11.346710443496704	16.34045934677124
30.021732330322266	29.056983947753906
24.032642364501953	23.151020050048828
35.50317049026489	39.34546709060669
36.45741271972656	39.49980163574219
43.92390251159668	42.19747066497803
24.71613883972168	27.42978286743164
22.360973358154297	21.74642562866211
22.536287307739258	26.026832580566406
31.430591583251953	33.15414047241211
24.012548446655273	26.6449031829834
36.74821472167969	34.139007568359375
26.726396083831787	26.503512859344482
27.753803253173828	30.93100929260254
26.82704210281372	23.119571208953857
33.43285846710205	36.83920955657959
18.97451400756836	18.595420837402344
20.8846435546875	26.67949676513672
28.104591369628906	31.89507007598877
24.240625381469727	24.298389434814453
34.635682106018066	32.65552520751953
20.696392059326172	27.417213439941406
29.08646011352539	33.097354888916016
27.672731399536133	31.966838836669922
29.577693939208984	30.224850177764893
26.856300830841064	25.508108139038086
34.72037076950073	34.654834270477295
23.827484130859375	27.720191955566406
24.277313232421875	28.99185562133789
22.78131866455078	21.983932495117188
53.68276405334473	47.34027099609375
15.994435787200928	17.833866119384766
17.22767972946167	23.224308013916016
24.220258712768555	27.654865264892578
21.97208023071289	22.084030151367188
22.236257553100586	20.390811920166016
35.173561573028564	36.399333477020264
24.996444702148438	29.622760772705078
38.50423336029053	40.74766445159912
29.943833351135254	34.7334098815918
21.56714630126953	22.18136215209961
25.14014720916748	29.741733074188232
20.83429718017578	22.15207290649414
21.505619049072266	23.570493698120117
36.438515186309814	38.65248203277588
35.997833251953125	35.339271545410156
27.24374294281006	26.465563774108887
26.25851821899414	24.59906768798828
16.541572093963623	21.510297775268555
20.968185424804688	20.842430114746094
25.951065063476562	23.599512100219727
24.812274932861328	23.854270935058594
29.505657196044922	28.403743743896484
28.351070880889893	27.44532823562622
23.001394271850586	25.59218978881836
23.450782299041748	22.00250816345215
24.913049697875977	20.932775497436523
22.990203857421875	28.300308227539062
17.101078033447266	19.7871150970459
30.280845165252686	29.00571346282959
19.164108276367188	24.198444366455078
17.329474925994873	20.761821269989014
34.549598693847656	33.603577613830566
35.02802610397339	39.567577838897705
19.736759185791016	20.602380752563477
19.48047637939453	18.847084522247314
34.140522480010986	34.34822082519531
32.7003173828125	31.133127212524414
27.285945892333984	23.26205062866211
20.44516611099243	25.968280792236328
17.930381298065186	22.92683458328247
21.119224548339844	21.245582580566406
24.804683685302734	30.02740478515625
24.860992431640625	21.66020631790161
26.039516925811768	26.987481117248535
27.08500623703003	29.979500770568848
30.733543395996094	35.32377624511719
32.031307220458984	32.42574214935303
25.417369842529297	27.490297317504883
26.393463134765625	23.67559242248535
36.91636323928833	36.005520820617676
23.825435638427734	23.432538986206055
18.097652435302734	21.847320556640625
32.17711925506592	31.37192964553833
23.257122039794922	22.722572326660156
32.36145734786987	35.79854965209961
21.926753997802734	24.095478057861328
37.47812747955322	39.84717845916748
18.941752910614014	19.424468994140625
23.094242095947266	23.585466384887695
26.32927703857422	29.700597763061523
31.783335208892822	30.520401000976562
27.28508949279785	26.169180870056152
35.32233810424805	40.70475769042969
58.30624580383301	51.38994026184082
29.50479745864868	30.922846794128418
18.402910709381104	20.66707992553711
23.06532096862793	21.485437393188477
34.596248626708984	33.726619720458984
30.645200729370117	26.65423011779785
35.423831939697266	37.632408142089844
33.17002773284912	31.747939586639404
51.02640724182129	49.76541709899902
37.59543991088867	32.315799713134766
18.77691078186035	21.944167613983154
23.307361602783203	31.205495834350586
25.651988983154297	22.473487854003906
31.317232131958008	28.724449157714844
25.923904418945312	27.406522750854492
31.10424041748047	31.41739845275879
38.800354957580566	35.78138065338135
30.312867164611816	27.722065448760986
26.2284517288208	30.07591724395752
28.73008966445923	25.38450002670288
18.1640625	21.30316686630249
24.570293426513672	22.746710777282715
30.02782440185547	28.87034034729004
30.90641975402832	36.532413482666016
29.631452560424805	29.704387187957764
22.25429677963257	20.207126140594482
26.669252395629883	26.625667572021484
20.659656524658203	20.538419723510742
36.882633209228516	35.1285514831543
27.037925720214844	32.404818534851074
32.81436538696289	32.26993179321289
25.765318870544434	30.753159523010254
29.863133430480957	31.032588481903076
33.357147216796875	29.10327911376953
21.841285705566406	22.577808380126953
35.033766746520996	34.01227569580078
37.58647537231445	35.27749252319336
22.056243896484375	22.834957122802734
28.165931701660156	33.134944915771484
25.445289611816406	31.520835876464844
24.527904510498047	24.399304389953613
34.203383922576904	37.16596603393555
29.15090560913086	25.703121185302734
34.042510986328125	34.22038555145264
20.224777221679688	24.041244506835938
21.75032615661621	28.231897354125977
40.11302947998047	42.87459850311279
18.82838201522827	19.49225664138794
16.620178699493408	17.758656978607178
34.24063491821289	30.2797908782959
20.38379144668579	21.04242753982544
24.07115936279297	28.370800018310547
26.76844835281372	23.935418128967285
16.757211685180664	18.186557292938232
37.81556797027588	41.90617847442627
25.186638832092285	25.13676166534424
25.040736198425293	29.078481197357178
27.36241102218628	25.584125518798828
29.28253936767578	27.643512725830078
19.597240447998047	24.770954132080078
35.417327880859375	34.20651197433472
23.403730392456055	21.598161697387695
27.691943645477295	24.606871604919434
36.002434730529785	31.050209999084473
33.84142303466797	32.63454055786133
32.82768630981445	32.0660400390625
41.530975341796875	36.77143478393555
34.788719177246094	32.893104553222656
27.911627292633057	31.493043899536133
22.0076904296875	27.5662899017334
35.81182098388672	30.434675216674805
29.09299659729004	29.006587982177734
20.35691785812378	23.131821155548096
25.76148223876953	28.542436599731445
21.694129943847656	26.119125366210938
28.403579711914062	24.58983612060547
28.849434852600098	26.82725191116333
18.603290557861328	20.751789093017578
33.437602519989014	31.92338228225708
22.244884490966797	25.4605770111084
41.721877098083496	37.71142101287842
18.356666564941406	21.39448356628418
39.624390602111816	40.3549861907959
24.301860332489014	27.157576084136963
20.325778484344482	23.3243408203125
19.341623306274414	23.707914352416992
26.300899505615234	28.050207138061523
32.41530132293701	35.89041996002197
19.476684093475342	19.98407220840454
25.108562469482422	23.005348205566406
22.43387222290039	21.320968627929688
27.368396759033203	30.47702407836914
21.006885528564453	25.135963439941406
27.759642601013184	24.129700660705566
17.77444839477539	22.0201735496521
23.636871337890625	29.147356033325195
24.077987670898438	20.907344818115234
25.089735984802246	29.2842435836792
22.550132751464844	21.161407470703125
18.2134051322937	18.75862455368042
17.30494451522827	22.677765369415283
21.63121795654297	26.181808471679688
32.26852798461914	32.25988006591797
20.80933427810669	20.150001525878906
27.600398063659668	29.450218677520752
29.200904369354248	33.007590770721436
26.176700592041016	23.714401721954346
21.28218126296997	20.718897342681885
25.795730590820312	25.59650421142578
40.79691410064697	32.984490394592285
30.36879301071167	32.299437522888184
28.441150665283203	26.65473175048828
18.681861877441406	22.257089138031006
23.20813751220703	26.768190383911133
34.798476696014404	32.201335430145264
18.696783542633057	19.472506999969482
17.94922971725464	19.273465633392334
18.96534776687622	20.01267957687378
22.534130096435547	27.563762664794922
23.945526123046875	22.49469566345215
28.02184295654297	29.64242172241211
34.74224090576172	34.23156261444092
24.479848861694336	24.813030242919922
27.070575714111328	26.66588592529297
30.66873073577881	27.98177480697632
22.69608736038208	26.31692409515381
26.262893676757812	24.738126754760742
25.7197904586792	25.035030841827393
24.895233154296875	23.51509666442871
36.99359607696533	40.482696533203125
16.50741720199585	17.741775512695312
25.580968856811523	31.225879669189453
32.06822204589844	32.20335388183594
34.06715393066406	39.417999267578125
19.69853925704956	24.192031860351562
42.07408905029297	42.08026885986328
34.429779052734375	33.293540477752686
43.37480545043945	46.1560583114624
21.627336502075195	17.577919006347656
41.43998622894287	34.248642921447754
14.46025800704956	18.345341205596924
17.265170574188232	21.666141986846924
23.033924102783203	23.081466674804688
33.24793577194214	31.232318878173828
24.238361358642578	24.224987030029297
26.808180809020996	30.46435832977295
24.89494800567627	30.44121503829956
17.388535022735596	18.98286008834839
34.5198974609375	30.25960350036621
21.7493577003479	21.81431007385254
34.05253887176514	33.81516933441162
40.81905269622803	41.047325134277344
26.941364288330078	29.728052139282227
30.473809242248535	28.773484230041504
21.1723690032959	27.406578063964844
33.29090881347656	28.500185012817383
20.67661142349243	21.852054119110107
30.594430923461914	28.608901977539062
31.485886573791504	32.539284229278564
26.39376401901245	29.224958419799805
18.41662359237671	20.60625457763672
17.583845615386963	18.730652332305908
18.317898273468018	19.348195552825928
17.274949550628662	21.448619842529297
31.064849853515625	33.19047164916992
37.10922622680664	33.1181640625
15.875930786132812	17.894874572753906
17.695388317108154	22.10023069381714
18.952234268188477	18.380491733551025
37.435173988342285	39.06909942626953
22.99104118347168	26.00115203857422
41.45561599731445	41.07978343963623
29.869484901428223	26.29490613937378
20.612003326416016	25.645313262939453
26.52801513671875	27.20893383026123
33.74958801269531	27.785667419433594
22.302806854248047	21.491012573242188
29.855289459228516	33.29328155517578
32.42640686035156	27.240718841552734
17.46445083618164	21.58147430419922
26.43506622314453	24.08108139038086
35.049850940704346	33.765578269958496
26.01137924194336	22.838932037353516
19.91127920150757	22.83873224258423
28.165106773376465	27.02399492263794
28.116633892059326	29.009215831756592
16.577446460723877	18.328097820281982
27.746779918670654	22.59586811065674
23.482452392578125	28.33966827392578
23.855541229248047	27.53765106201172
32.59717559814453	29.31841468811035
31.316423416137695	32.62132167816162
24.90537452697754	25.829179763793945
31.716041564941406	33.479087352752686
24.03738021850586	22.735570907592773
29.587409496307373	32.33753681182861
24.192323684692383	29.953353881835938
18.63928985595703	18.56136703491211
25.92375946044922	24.56045150756836
23.662425994873047	26.487367630004883
25.240092277526855	24.85071897506714
32.536048889160156	29.69786262512207
21.624618530273438	21.912715911865234
30.287494659423828	34.543094635009766
17.52790117263794	19.731186389923096
23.334035873413086	23.885936737060547
29.86373519897461	27.26845932006836
23.065582275390625	28.127750396728516
26.750099182128906	32.44467544555664
36.144118309020996	36.10692501068115
40.00172424316406	44.15832996368408
21.85599708557129	26.78385353088379
26.03419065475464	25.719575881958008
20.21689224243164	18.322933673858643
17.987584590911865	17.47791624069214
17.788691997528076	22.803192615509033
25.294063568115234	31.30289649963379
18.916747570037842	24.02482509613037
35.58438777923584	41.98586463928223
23.469676971435547	24.01634979248047
18.558700561523438	19.301822662353516
35.96416473388672	33.390419483184814
29.392520904541016	31.81546401977539
20.245595932006836	21.254642486572266
30.079588890075684	27.189815044403076
28.861143589019775	26.47648572921753
37.23750352859497	31.223127841949463
26.162723541259766	29.92436408996582
20.44529151916504	24.97909927368164
20.81631088256836	24.36207675933838
23.494571685791016	28.785507202148438
25.71013069152832	32.24560546875
19.47977066040039	20.45789337158203
20.62737274169922	26.42786407470703
36.71085834503174	33.51165294647217
28.045120239257812	28.176240921020508
26.501212120056152	30.93532085418701
19.114275455474854	24.48474884033203
43.553481101989746	36.53738498687744
42.40352153778076	41.22812747955322
22.486278533935547	27.885662078857422
60.62712860107422	57.799720764160156
36.30370378494263	40.1077938079834
36.21649503707886	37.372825145721436
16.98733949661255	21.31257677078247
34.5308837890625	32.382469177246094
27.334430694580078	27.193561553955078
24.28575897216797	27.314777374267578
28.765850067138672	30.75338840484619
36.98837661743164	34.768798828125
20.501697063446045	23.922007083892822
18.374892711639404	18.967266082763672
42.78420925140381	36.93666172027588
32.64676380157471	32.25054931640625
32.93943786621094	38.44129657745361
43.4659309387207	40.795918464660645
24.288122177124023	21.059728622436523
19.58036184310913	23.632747650146484
19.16556215286255	23.340080738067627
19.70050048828125	22.96640396118164
18.852454662322998	19.258342266082764
27.40077495574951	26.47871732711792
16.994609355926514	17.93829345703125
27.735593795776367	28.299785614013672
29.58794116973877	32.638020515441895
27.208850383758545	29.96183156967163
32.532100677490234	29.716106414794922
16.162437915802002	21.774215698242188
26.33490562438965	23.181415557861328
18.776657581329346	22.649150848388672
40.596323013305664	43.89054298400879
17.550594806671143	21.634853839874268
20.993661880493164	22.851367950439453
24.833168029785156	27.391273498535156
34.37186813354492	32.99150848388672
26.878342628479004	28.23758840560913
30.44584083557129	35.04747009277344
17.313682079315186	18.74106216430664
25.46417808532715	29.87311553955078
18.658154010772705	18.659058094024658
21.887470245361328	26.571582794189453
19.148478984832764	21.888214588165283
19.256675720214844	18.015684127807617
23.326839447021484	22.24966049194336
22.33176040649414	25.708660125732422
18.704544067382812	23.097381591796875
24.024948120117188	26.809803009033203
26.830697059631348	27.431011199951172
22.835918426513672	21.94439125061035
22.400569915771484	27.0657901763916
23.450042724609375	27.2475643157959
29.638439178466797	28.543119430541992
26.287843704223633	26.546907424926758
31.991416931152344	31.317092895507812
24.82000732421875	26.444286346435547
42.54011821746826	34.32959747314453
34.37184143066406	34.55705261230469
45.253249168395996	41.53018569946289
27.480101585388184	25.476717948913574
26.353763580322266	26.327253341674805
19.581260204315186	19.598117351531982
21.92769432067871	25.63595199584961
22.99176788330078	27.911006927490234
32.12339782714844	27.629695892333984
39.149173736572266	38.33546447753906
17.328181743621826	20.865707874298096
36.9457745552063	38.549742698669434
31.068482398986816	32.6814603805542
25.851730346679688	25.401695251464844
17.1602783203125	21.67483949661255
27.030437469482422	32.28340148925781
21.795562744140625	20.252538681030273
27.085121154785156	31.134355545043945
34.727301597595215	33.36465358734131
24.754119873046875	28.475738525390625
27.22909927368164	25.192237854003906
20.456558227539062	25.59636688232422
28.447914123535156	34.949467182159424
16.902504444122314	20.63120985031128
25.111823081970215	24.66526508331299
22.72821807861328	23.51721954345703
27.937496185302734	25.152666091918945
26.243538856506348	23.937573432922363
34.398345947265625	34.34938049316406
27.727808952331543	32.3297119140625
30.4661865234375	27.44442367553711
18.565326690673828	19.651604175567627
35.33716678619385	33.06023836135864
26.12912368774414	30.935964584350586
29.288179874420166	32.25327253341675
51.478394508361816	49.01359844207764
20.98383331298828	20.791038513183594
11.916146278381348	14.32651948928833
17.72734832763672	17.92947769165039
20.393990993499756	20.028728485107422
25.425006866455078	27.86639404296875
26.391053199768066	24.96244192123413
27.067760467529297	23.895565032958984
23.374507904052734	23.8378963470459
25.895671844482422	23.51361846923828
27.73820400238037	26.371443271636963
25.527854919433594	29.44759178161621
20.97804594039917	25.726409912109375
20.854987621307373	26.068851470947266
17.902713775634766	19.017776012420654
27.110111713409424	31.342124938964844
23.58156967163086	26.623489379882812
31.22298812866211	35.765708923339844
23.405105590820312	23.022769927978516
22.72334098815918	23.642287254333496
24.977462768554688	29.230669021606445
26.22922134399414	29.585224151611328
22.673152923583984	26.63134002685547
28.54750156402588	26.370182037353516
23.99612045288086	23.47970199584961
27.575565338134766	23.995773315429688
32.047584533691406	35.84562683105469
32.72474765777588	29.65710163116455
25.252676010131836	29.543895721435547
35.35112285614014	33.265869140625
34.490875244140625	32.878807067871094
26.81780242919922	23.57427978515625
23.779251098632812	31.30171775817871
35.57809829711914	40.33566474914551
23.67772102355957	25.297107696533203
17.206161975860596	18.048970699310303
22.698593139648438	20.936187744140625
24.641193389892578	24.747234344482422
17.529796600341797	21.957385540008545
23.44361686706543	23.153484344482422
30.363259315490723	30.45788288116455
24.15134048461914	23.016382217407227
37.44708251953125	32.51565170288086
25.27008628845215	27.288440704345703
21.161930084228516	21.55953598022461
16.123748302459717	17.832468509674072
34.244511127471924	36.68186902999878
29.521169662475586	26.96323013305664
37.800700664520264	36.795666217803955
41.91435241699219	40.016221046447754
18.94044542312622	22.914648056030273
21.50778579711914	23.238595962524414
17.269363403320312	20.041378498077393
26.410908699035645	31.153545379638672
25.583577156066895	31.375622749328613
26.82339096069336	25.750869750976562
20.31307601928711	24.748046875
40.08939743041992	37.00941181182861
22.273792266845703	22.557846069335938
18.63185691833496	19.50890350341797
35.77011585235596	32.755393981933594
25.226356506347656	25.336389541625977
37.70589065551758	39.60713195800781
20.71207094192505	18.355121612548828
27.789194583892822	29.665794372558594
16.60691785812378	21.93673324584961
20.436756134033203	24.756677627563477
32.442519664764404	31.171677112579346
26.86517333984375	27.764110565185547
21.953187942504883	25.822330474853516
35.78774642944336	39.82614612579346
17.26008653640747	18.487365245819092
30.822815895080566	29.91502046585083
24.12991714477539	27.192007064819336
33.63663864135742	28.20471954345703
27.04369354248047	31.175621032714844
22.946090698242188	26.363990783691406
35.88676452636719	30.66461181640625
23.907196044921875	28.979000091552734
27.60671043395996	29.237411499023438
32.82839298248291	29.433341026306152
29.330508708953857	25.921170711517334
32.4526481628418	30.291669845581055
27.682044982910156	27.90443229675293
26.576274871826172	25.342254638671875
32.83099365234375	33.10492706298828
27.075145721435547	25.61504364013672
21.40060806274414	21.62613868713379
25.02773666381836	23.25711441040039
18.122766494750977	22.125433444976807
28.220133781433105	32.409396171569824
22.885238647460938	23.137292861938477
19.19140625	23.753610610961914
21.761119842529297	27.481775283813477
20.713012218475342	23.954830169677734
37.496705055236816	34.45681810379028
22.46807098388672	21.203676223754883
16.824163913726807	17.053283214569092
19.54212999343872	22.11901044845581
19.79914426803589	23.182793140411377
31.359519958496094	31.642662048339844
33.36701154708862	30.40458917617798
44.51848125457764	39.54923915863037
17.246841430664062	21.211658477783203
27.109521865844727	31.34294891357422
26.961076259613037	32.01052188873291
20.152713775634766	17.95478868484497
22.523677825927734	23.35505485534668
21.09571075439453	26.412059783935547
25.040611267089844	20.070846557617188
28.87542963027954	27.004642486572266
32.05090284347534	30.80833911895752
27.484668731689453	28.62086296081543
29.37021255493164	24.285426139831543
20.091659545898438	24.261211395263672
31.84868574142456	35.980706214904785
19.29936981201172	20.57956314086914
17.178764820098877	21.81474494934082
22.70511245727539	28.909637451171875
25.001869201660156	25.167095184326172
17.34608030319214	16.250873565673828
22.557357788085938	23.375316619873047
39.264018058776855	40.41167736053467
21.279594898223877	24.723750114440918
17.035154342651367	20.077571868896484
21.699158191680908	24.808839797973633
23.44971466064453	23.902908325195312
18.188289642333984	21.911361694335938
19.092041015625	20.544543743133545
29.22182321548462	25.763742923736572
24.690296173095703	28.481719970703125
30.136917114257812	33.81715393066406
19.657814025878906	19.89440155029297
32.506470680236816	30.990817546844482
29.713890075683594	29.573047637939453
28.29000949859619	31.47449493408203
25.8660888671875	30.380675792694092
24.550487995147705	26.046295166015625
21.08878517150879	22.649900436401367
19.66203260421753	23.73116111755371
24.893269538879395	27.481884956359863
16.616276264190674	20.270061492919922
34.64502716064453	35.377559661865234
48.08486461639404	43.460893630981445
20.656574249267578	25.712448120117188
19.159176349639893	23.25591230392456
37.23391628265381	33.40793323516846
31.707700729370117	34.59065246582031
27.29191303253174	30.201220512390137
19.60050916671753	22.15285062789917
31.844372749328613	26.946496963500977
29.046123027801514	34.09294128417969
33.45612716674805	32.378233909606934
33.02968978881836	31.33981466293335
20.03731870651245	24.287535667419434
22.985328674316406	28.723615646362305
32.38111972808838	35.027828216552734
20.285675048828125	22.216163635253906
25.475784301757812	29.50942611694336
18.087879180908203	23.918655395507812
31.296792030334473	28.17296266555786
23.203020095825195	29.913551330566406
20.118350982666016	26.333927154541016
22.27008819580078	21.742393493652344
22.451210021972656	25.955448150634766
28.044795989990234	27.092906951904297
24.99864101409912	28.571720123291016
51.929311752319336	48.01857948303223
24.533090591430664	22.14345932006836
22.52802276611328	27.295188903808594
34.201393127441406	32.02640151977539
27.06338882446289	29.633760452270508
24.767250061035156	29.828765869140625
32.711594104766846	36.33949279785156
33.33123016357422	32.3718147277832
25.411674976348877	25.21390199661255
25.42717695236206	27.021479606628418
21.698837757110596	18.87463903427124
25.088064193725586	28.721904754638672
18.63147783279419	19.741697788238525
16.33317804336548	18.34365463256836
29.94058132171631	32.77029514312744
17.19171953201294	19.47537088394165
21.968128204345703	23.500377655029297
22.39850425720215	26.543750762939453
36.093928813934326	36.186485290527344
27.265518188476562	26.777324676513672
33.71712112426758	37.579413414001465
19.65596580505371	23.36698007583618
21.920830249786377	21.849563598632812
25.496000289916992	30.823017120361328
21.214420318603516	22.46355628967285
27.91289520263672	31.588626861572266
29.055795669555664	27.146477699279785
20.88363265991211	27.011240005493164
30.556459426879883	32.692484855651855
19.658210277557373	20.385263442993164
36.97165250778198	36.34960174560547
24.79526138305664	24.35260009765625
25.400156021118164	25.87024688720703
27.353984832763672	27.122182846069336
27.38005256652832	25.86492156982422
27.582943439483643	27.328028678894043
26.429436206817627	30.079617500305176
21.12112808227539	20.96352767944336
20.524399280548096	19.331554412841797
22.769657135009766	23.855899810791016
29.96898651123047	24.996962547302246
29.62390422821045	25.447440147399902
18.29221773147583	19.223064422607422
24.85767364501953	22.023788452148438
24.234676361083984	24.898440837860107
22.051563262939453	27.30611228942871
39.44804382324219	33.057708740234375
17.697566986083984	18.662796020507812
30.576353073120117	27.866597175598145
36.74985408782959	39.791152477264404
18.333192825317383	23.3736572265625
17.699442386627197	19.22072982788086
23.997882843017578	26.375225067138672
37.58418321609497	35.83279371261597
27.16024875640869	24.605560302734375
27.39936113357544	33.57436656951904
18.29591417312622	19.983840465545654
30.37027359008789	32.392425537109375
38.57841110229492	36.423614501953125
20.17842721939087	20.170211791992188
27.13400363922119	26.290576457977295
24.504714965820312	27.703832626342773
32.066673278808594	29.253620147705078
23.67394256591797	25.392635345458984
22.59718894958496	25.731761932373047
20.09284210205078	21.286664962768555
22.851356506347656	23.028688430786133
19.60283660888672	19.421291828155518
17.591943740844727	22.353193759918213
35.68612003326416	33.269986152648926
30.746324062347412	29.896304607391357
29.621870040893555	24.801799774169922
24.87169647216797	22.502119064331055
21.05753517150879	23.888636112213135
19.08035659790039	19.403647899627686
19.007675170898438	20.268505096435547
28.60713481903076	30.821897983551025
18.436798095703125	23.830982208251953
32.990196228027344	28.126056671142578
32.035335540771484	34.50254821777344
33.352054595947266	32.63813018798828
44.031615257263184	42.144564628601074
30.991406440734863	32.09934949874878
22.651416778564453	26.989805221557617
26.89629364013672	25.147613525390625
27.312908172607422	26.37201690673828
24.904829025268555	24.761749267578125
21.22798442840576	26.438758373260498
32.10514783859253	30.74148178100586
32.086308002471924	31.42035484313965
27.513933181762695	26.252819061279297
40.55759525299072	35.17617702484131
27.98391342163086	28.169827461242676
24.634969234466553	29.288246631622314
18.076144695281982	23.560322284698486
29.182143211364746	29.210543632507324
22.909836769104004	28.02605152130127
18.556509017944336	24.015670776367188
34.76377010345459	28.000664710998535
28.177659511566162	28.169150352478027
24.673030853271484	25.44770050048828
21.618042469024658	25.395584106445312
21.895977020263672	25.059036254882812
19.637598037719727	20.151965618133545
20.983985900878906	26.577884674072266
19.280132293701172	20.98012924194336
25.517333984375	31.139490127563477
19.841701984405518	21.349679946899414
26.183311939239502	29.109737873077393
33.459715843200684	31.477391719818115
23.876662731170654	22.084357738494873
24.48406219482422	25.160972595214844
26.631893157958984	25.325992584228516
28.086650848388672	25.484920501708984
48.123087882995605	47.60375499725342
26.210172653198242	25.62105941772461
38.86577606201172	37.00073719024658
17.318634510040283	21.01680564880371
36.66590213775635	35.102295875549316
29.917516708374023	27.54370927810669
37.43576765060425	38.03640842437744
24.35729217529297	26.915996551513672
27.2413272857666	30.869373321533203
27.023425102233887	29.917895793914795
25.334937572479248	29.873452186584473
22.01903533935547	22.12385368347168
33.33232879638672	36.66738033294678
20.381813049316406	19.906200885772705
20.58145523071289	27.684497833251953
27.441096305847168	30.833897590637207
18.00239324569702	18.942811489105225
24.798358917236328	24.73824119567871
26.297395706176758	28.452287673950195
30.93286895751953	28.781511306762695
25.09505844116211	26.541484832763672
39.36152935028076	39.78911638259888
21.148521423339844	24.140533447265625
22.730323791503906	24.23311996459961
22.863956451416016	27.40802764892578
26.572470664978027	28.90946865081787
23.393911361694336	23.348955154418945
33.75461196899414	32.106231689453125
31.850275993347168	30.199687480926514
21.985532760620117	24.88040542602539
22.87088441848755	23.355663299560547
27.023399353027344	30.92452621459961
23.060325622558594	22.159683227539062
27.256359100341797	30.3252010345459
24.776451110839844	30.44051742553711
31.491382122039795	30.568842887878418
17.46403455734253	18.696903705596924
33.01150894165039	34.022377014160156
41.15941047668457	35.023651123046875
15.631767272949219	18.921451568603516
25.791229248046875	29.202312469482422
30.240795612335205	33.30935716629028
26.707687377929688	25.745162963867188
24.95977783203125	27.790252685546875
24.528362274169922	25.468734741210938
19.34357786178589	24.309937477111816
25.310279846191406	29.340456008911133
17.60327911376953	22.718002796173096
24.316070556640625	22.24276351928711
38.48868131637573	38.31244230270386
22.577701568603516	21.6920108795166
34.943050384521484	32.529727935791016
39.19483184814453	36.565117835998535
34.74611759185791	34.834697246551514
20.82779312133789	27.638866424560547
22.676427841186523	26.61783218383789
33.56843566894531	29.246746063232422
28.446717262268066	27.92529582977295
29.819852828979492	30.689706802368164
22.66413450241089	21.470110416412354
16.28742027282715	16.68667984008789
18.56940793991089	19.969272136688232
51.31513595581055	46.40856170654297
18.44426679611206	19.586585998535156
20.220943450927734	22.07440710067749
29.15626049041748	27.120094299316406
27.309410095214844	32.230499267578125
31.214725971221924	32.415268421173096
27.143211364746094	25.77061176300049
30.074081420898438	27.18317413330078
28.22882843017578	27.74461555480957
31.33281946182251	30.97080707550049
30.654759407043457	30.055973529815674
31.337623596191406	27.228923797607422
16.999069690704346	22.051750659942627
12.613809585571289	14.187127590179443
25.72323226928711	32.219482421875
33.591086864471436	32.34309673309326
22.460025787353516	20.782182693481445
28.80244016647339	33.19798231124878
52.53504753112793	49.24387550354004
17.45677900314331	19.152530193328857
29.244041442871094	30.814900398254395
23.335344314575195	26.666484832763672
24.43023681640625	23.429931640625
38.93848419189453	35.451321601867676
28.44261407852173	34.10336971282959
24.101892471313477	21.951587677001953
25.878162384033203	22.140522003173828
35.47813415527344	35.635215759277344
38.163994789123535	34.269742012023926
24.130495071411133	23.40342903137207
32.68574237823486	31.962385177612305
28.29690456390381	32.51868486404419
30.894519805908203	28.501340866088867
23.570186614990234	29.045364379882812
18.434022903442383	19.023712635040283
21.917957305908203	28.737106323242188
29.66236114501953	27.138309478759766
19.725494384765625	27.408069610595703
25.136545181274414	26.769460678100586
23.047119140625	29.292465209960938
32.52613830566406	30.3708553314209
20.504472732543945	24.69042205810547
24.27015495300293	22.543176651000977
27.053855895996094	24.776325225830078
22.933208465576172	27.952192306518555
28.08147621154785	33.17263412475586
28.844571113586426	33.33022594451904
16.229570388793945	17.1644024848938
31.781160831451416	31.336658000946045
46.30898380279541	50.082767486572266
23.18104362487793	26.325592041015625
31.236234664916992	30.04977035522461
27.012826919555664	26.26190757751465
26.240142822265625	31.57045555114746
26.140762329101562	24.800457000732422
21.841983795166016	21.25951385498047
20.313858032226562	21.190309524536133
19.5932879447937	23.696239471435547
18.35114336013794	19.93123769760132
17.459190845489502	18.531662464141846
16.88623809814453	22.77855348587036
33.742523193359375	32.345919609069824
18.8729567527771	22.401500701904297
17.44121551513672	20.66812515258789
23.177400588989258	29.685420989990234
18.245537281036377	18.612409114837646
18.961441040039062	22.339852809906006
31.814768314361572	34.65981960296631
32.41009521484375	28.355926513671875
25.243614196777344	22.763565063476562
25.14497947692871	28.411483764648438
17.363859176635742	18.633407592773438
44.0557222366333	44.05363368988037
19.645784854888916	20.642842769622803
19.064598083496094	20.165771484375
25.208175659179688	31.057292938232422
40.21881103515625	38.768792152404785
19.318519592285156	24.644436836242676
58.64488697052002	55.5194616317749
27.482948303222656	31.522560119628906
18.747655391693115	19.071556091308594
32.95715618133545	32.808448791503906
27.001070022583008	28.024436950683594
38.276573181152344	35.035340309143066
17.75367021560669	19.424915313720703
21.046466827392578	21.37656021118164
29.41876983642578	29.24856185913086
11.5054771900177	16.06528902053833
28.45493507385254	25.315540313720703
24.984172821044922	23.90481948852539
20.364089965820312	24.46670913696289
28.896862030029297	25.127622604370117
29.11734390258789	30.489843368530273
42.00186538696289	43.052433013916016
35.21740674972534	31.780669689178467
20.940547943115234	20.567338943481445
30.2097749710083	27.83609390258789
24.042390823364258	23.477336883544922
24.322925567626953	24.77020263671875
26.4538836479187	29.23396587371826
23.970157623291016	29.687881469726562
20.8729248046875	21.011634826660156
26.045207977294922	24.133312702178955
22.731061935424805	22.454784393310547
26.145195960998535	25.968055725097656
17.145915985107422	23.178432941436768
23.64872932434082	23.17475128173828
23.02756118774414	26.94751739501953
24.949552536010742	25.809402465820312
34.77268600463867	29.31174087524414
49.42415428161621	44.120015144348145
35.63594341278076	30.3165864944458
17.93734359741211	20.37616539001465
40.845398902893066	38.136093616485596
24.177474975585938	23.831260681152344
18.87104845046997	20.465028762817383
21.231658458709717	25.156328201293945
27.63678789138794	30.57857036590576
16.6966552734375	21.784658432006836
16.54544448852539	18.130295276641846
35.098609924316406	36.813018798828125
24.400672912597656	29.04764175415039
19.529052257537842	20.381619930267334
23.885016441345215	27.817611694335938
16.917782306671143	16.90431547164917
23.702492713928223	28.825984001159668
24.572105407714844	22.69036102294922
16.080928802490234	20.07933282852173
23.808948516845703	23.41419792175293
30.608627319335938	29.634538650512695
43.724945068359375	40.178589820861816
22.601330280303955	23.120571613311768
25.766708850860596	24.16210174560547
36.30984544754028	36.02023363113403
22.200088500976562	26.359766006469727
32.05195665359497	30.78415870666504
33.29233169555664	29.52631378173828
30.751793384552002	29.415016174316406
38.24642086029053	35.49163055419922
29.15433168411255	29.710614681243896
25.58345079421997	28.678932189941406
16.75168228149414	16.744857788085938
33.99819850921631	32.75111436843872
25.113201141357422	23.476852416992188
23.427669525146484	23.127750396728516
26.812761306762695	28.300106048583984
39.556697845458984	41.66932010650635
26.661273956298828	26.492319107055664
28.030376434326172	26.108665466308594
22.874103546142578	28.232744216918945
18.738746166229248	20.094257354736328
24.731411933898926	25.772671699523926
38.12924861907959	42.67925262451172
31.448579788208008	29.258827209472656
33.582794189453125	29.65584945678711
25.999618530273438	26.153099060058594
17.470343112945557	19.380151748657227
17.318817615509033	21.51091718673706
31.125545501708984	33.28657531738281
25.753585815429688	24.034074783325195
23.554237365722656	29.043888092041016
21.356889724731445	20.99604034423828
17.785590648651123	21.92361831665039
19.19575309753418	22.7053542137146
20.98931884765625	27.483570098876953
25.298847198486328	28.134674072265625
25.506949424743652	29.134693145751953
23.04315185546875	28.643173217773438
25.273633003234863	30.348458290100098
22.479856967926025	21.472675323486328
22.32761001586914	22.176368713378906
27.329288482666016	31.347644805908203
19.28727149963379	23.70395278930664
13.00281286239624	16.29094362258911
16.798011302947998	21.433475017547607
17.308652877807617	15.053139686584473
17.846664905548096	19.910701274871826
31.355385780334473	31.110215187072754
36.417717933654785	36.86885118484497
30.54892921447754	25.935821533203125
18.47684097290039	23.623061656951904
16.726577281951904	17.687152862548828
22.650402069091797	26.125308990478516
30.563404083251953	25.889591217041016
31.355881690979004	30.67999839782715
26.808574199676514	32.77283430099487
22.32185173034668	23.98938751220703
26.27610206604004	28.418949127197266
32.400474548339844	33.17597150802612
22.238792896270752	26.707938194274902
27.8780574798584	28.705957412719727
18.847851276397705	23.35746145248413
49.83316898345947	44.9245548248291
37.03518629074097	34.490368366241455
24.12445831298828	22.67310333251953
25.477957725524902	28.14838409423828
38.3455810546875	38.32805156707764
40.73321533203125	35.539512634277344
