46.885433197021484	43.62867736816406
40.55391550064087	45.98812198638916
44.85637378692627	50.592406272888184
56.55860900878906	57.69971466064453
51.224449157714844	48.95423126220703
41.88078165054321	46.95800733566284
41.7405309677124	48.185691833496094
44.90389537811279	48.97444152832031
52.38690233230591	55.34556770324707
37.41079616546631	43.659687995910645
37.50460910797119	43.808258056640625
51.20131874084473	55.82192373275757
42.972015380859375	50.79777717590332
54.282562255859375	56.05323791503906
38.13801956176758	41.72087860107422
45.14234924316406	47.62036895751953
50.844356536865234	53.63740158081055
41.445404052734375	44.478675842285156
43.993289947509766	48.52365732192993
47.39225625991821	51.63328790664673
48.73060703277588	51.19696617126465
41.05832576751709	43.73507022857666
42.56580400466919	47.42072153091431
50.81694746017456	53.72749471664429
41.236572265625	41.086219787597656
44.347805976867676	46.97763442993164
41.0967116355896	40.26428270339966
58.23811054229736	62.69880771636963
43.57353067398071	45.18052339553833
41.77034282684326	43.322407722473145
41.357972145080566	45.01783561706543
45.23679304122925	49.629924297332764
40.04038619995117	41.5009765625
44.84739828109741	47.960994243621826
39.39461660385132	49.16456985473633
42.838263511657715	46.87208414077759
42.55486249923706	46.55618238449097
52.89253616333008	58.72441864013672
47.299219608306885	52.30359077453613
53.23660898208618	57.94430208206177
41.47544860839844	46.36570644378662
48.104713439941406	52.55549240112305
47.59998035430908	49.05693054199219
38.15341329574585	41.480966091156006
52.99884510040283	55.1304931640625
45.79838466644287	52.49351453781128
52.63195037841797	59.933552742004395
52.96155548095703	56.788299560546875
40.96393156051636	45.162559032440186
55.17703056335449	62.90014028549194
48.594172954559326	53.27306127548218
44.59818649291992	47.236934661865234
37.93943643569946	39.62034606933594
45.30651092529297	44.00811004638672
45.71516036987305	51.581520080566406
51.42095327377319	55.83460569381714
44.53535509109497	50.38869333267212
33.972840309143066	39.648173809051514
44.69550275802612	47.935014724731445
46.52595376968384	50.122976303100586
50.946495056152344	58.32843017578125
47.13269519805908	51.014649868011475
43.91114330291748	48.02084541320801
40.78546142578125	43.54423141479492
55.184539794921875	57.241241455078125
37.56916093826294	40.979042053222656
38.88229751586914	41.72932147979736
50.94973182678223	55.384474754333496
53.06497573852539	58.675865173339844
43.08104610443115	44.541964054107666
43.581504821777344	48.134132385253906
38.543081760406494	43.25387716293335
49.84269332885742	55.59958267211914
53.899200439453125	54.64347839355469
39.67257022857666	42.17724370956421
49.8029088973999	53.860875606536865
53.42209339141846	52.68222427368164
54.90950393676758	58.521324157714844
56.123260498046875	56.8871431350708
58.23296356201172	61.45998287200928
44.446778297424316	50.551998138427734
42.83268642425537	46.71156406402588
48.42107152938843	53.76261901855469
37.478150367736816	43.492581367492676
45.0193247795105	44.57616376876831
40.10989332199097	43.22790861129761
50.05287790298462	49.37755870819092
49.48980903625488	53.77858543395996
48.6304931640625	54.672264099121094
40.27766752243042	45.244643688201904
34.422096252441406	33.80685520172119
51.953131675720215	51.91868495941162
29.721945762634277	30.996597290039062
45.22220993041992	49.94489812850952
39.241435527801514	44.6704683303833
49.88807201385498	52.549920082092285
41.98408842086792	44.3803915977478
52.00069999694824	55.686532974243164
57.12522888183594	62.73686599731445
39.21191883087158	40.635679721832275
42.66178894042969	42.851318359375
52.49408721923828	57.8411979675293
49.65457105636597	52.40472745895386
44.10268783569336	49.6954345703125
51.42195129394531	57.11961364746094
56.455177307128906	57.60663986206055
42.21068572998047	48.21582317352295
46.81103467941284	51.64533090591431
40.66354465484619	41.307838439941406
44.39961767196655	47.31249141693115
50.2355055809021	54.97352457046509
42.338809967041016	48.17808532714844
38.2857141494751	40.53476142883301
53.21569061279297	55.857025146484375
42.348411560058594	42.69717788696289
45.36112833023071	45.936832427978516
48.6445198059082	53.42005920410156
44.972991943359375	50.39730167388916
33.2872838973999	36.95131969451904
42.479790687561035	47.19375228881836
64.10849094390869	70.44785499572754
38.861313343048096	48.63615322113037
43.16702938079834	45.449371337890625
48.66421127319336	57.855690002441406
48.57705307006836	49.90725040435791
43.62643909454346	48.367735862731934
46.149484157562256	48.256454944610596
74.1543197631836	76.92342281341553
38.586273193359375	41.46538543701172
40.61166048049927	44.59555673599243
43.953105449676514	47.592307567596436
45.19226932525635	48.27914905548096
43.54612684249878	46.42605924606323
40.83599138259888	52.36969327926636
52.297752380371094	58.05731964111328
41.350449085235596	44.573867321014404
39.86215591430664	43.65158462524414
57.14112854003906	59.68482971191406
47.82518005371094	48.43344831466675
33.74372577667236	33.28281497955322
51.05343151092529	52.954659938812256
40.571579456329346	46.7610969543457
46.18826675415039	49.5714750289917
46.287193298339844	51.84967041015625
49.542198181152344	49.651859283447266
49.432777404785156	54.23704719543457
45.74585723876953	48.78770589828491
46.60018873214722	51.07246732711792
51.66903877258301	47.784247398376465
50.52308464050293	51.13018226623535
45.58244323730469	49.94872283935547
49.10439348220825	52.733551025390625
45.97871255874634	48.30597543716431
47.06874752044678	50.82309579849243
47.40949630737305	53.041053771972656
55.330543518066406	56.75485610961914
40.002525329589844	43.13255023956299
42.616539478302	48.75148630142212
47.4813871383667	50.33236026763916
38.84459733963013	42.8383469581604
63.90342712402344	68.10081481933594
45.86479139328003	48.907485008239746
57.05408477783203	59.44716262817383
43.4610915184021	45.64237642288208
43.46516036987305	47.68766403198242
37.477566719055176	40.45755386352539
43.16886520385742	44.72949504852295
48.83889150619507	50.86217212677002
50.67918395996094	55.13493347167969
41.76118183135986	45.301960945129395
53.27229022979736	57.618818283081055
62.54646635055542	64.440505027771
45.42260503768921	51.354182720184326
58.40225601196289	63.34678602218628
39.88920068740845	46.31152391433716
52.858055114746094	55.06640625
47.75450086593628	49.83037281036377
46.45960235595703	50.211673736572266
48.748809814453125	56.20991134643555
46.189308166503906	47.54438781738281
55.62036991119385	60.267019271850586
56.96262216567993	56.465550899505615
42.59160900115967	50.38609313964844
46.169708251953125	52.21589279174805
44.222073554992676	47.97616481781006
51.965829849243164	51.63195991516113
45.00414419174194	44.95955038070679
70.6673412322998	69.50077772140503
47.305004596710205	48.805596351623535
44.804779052734375	45.180328369140625
50.24620342254639	54.60631990432739
39.83779525756836	47.35884475708008
45.703325271606445	54.272332191467285
44.51698350906372	47.754276752471924
44.37498378753662	49.55482292175293
50.26151418685913	55.5668625831604
43.548710346221924	48.566585540771484
46.862030029296875	52.565704345703125
47.25752830505371	57.314696311950684
41.561888694763184	47.84388828277588
43.273597240448	48.952919483184814
52.96412658691406	57.007911682128906
42.31988525390625	45.437809467315674
41.782371520996094	47.692901611328125
50.22960662841797	53.256093978881836
53.99619245529175	56.61086845397949
51.30784225463867	57.282958984375
53.376190185546875	56.336116790771484
41.06092929840088	44.61585187911987
36.60581111907959	34.81382083892822
43.647764682769775	43.90186929702759
47.81596374511719	53.05554962158203
37.80048370361328	41.91194152832031
48.906982421875	51.075653076171875
46.59048557281494	51.47577524185181
42.14839792251587	43.77702331542969
44.95728063583374	47.4527382850647
44.59401798248291	49.972679138183594
46.89016342163086	50.81255340576172
34.60704517364502	35.5402193069458
38.83552837371826	45.073524951934814
43.616432189941406	47.815162658691406
41.7702751159668	38.881911277770996
39.35164165496826	37.04368829727173
55.70674753189087	56.248862743377686
46.472686767578125	52.71234130859375
53.90629005432129	57.94552946090698
49.436094760894775	54.82399845123291
51.09197998046875	60.064476013183594
43.78864288330078	42.42058181762695
40.21186828613281	45.64131164550781
42.45447635650635	48.112279415130615
54.22034454345703	58.65936470031738
45.68704319000244	45.07868671417236
40.43349552154541	48.264649391174316
61.41153144836426	65.56368112564087
48.00473213195801	55.93073844909668
46.0337438583374	47.3749361038208
42.6267466545105	48.219558238983154
46.84981393814087	53.86425018310547
42.954989433288574	43.67922306060791
54.40763568878174	58.67040395736694
52.741119384765625	54.95489501953125
48.291306495666504	51.448463916778564
48.551955699920654	47.45203399658203
51.560964584350586	56.18778705596924
46.77257585525513	47.684128761291504
53.30952787399292	56.697325706481934
46.87151336669922	52.469058990478516
42.393402099609375	47.408371925354004
44.58557891845703	52.18544387817383
35.01947021484375	42.687217712402344
58.333420753479004	61.914405822753906
40.02920150756836	44.971564292907715
43.729305267333984	45.77051019668579
46.92442178726196	49.60550785064697
52.646915435791016	59.69891357421875
42.827476501464844	46.34330749511719
39.45251941680908	42.922059059143066
41.263047218322754	43.99531936645508
46.9361572265625	51.844871520996094
48.576889514923096	49.753071308135986
43.28125	49.46721649169922
47.08955383300781	53.635963439941406
51.0894570350647	51.04264688491821
51.75152778625488	55.691293716430664
42.89086151123047	45.56996154785156
52.56744384765625	56.28845977783203
47.38397836685181	50.293006896972656
41.937965869903564	48.99616479873657
51.477651596069336	56.16358280181885
37.55842304229736	41.16163969039917
50.18142318725586	53.395347595214844
45.01071643829346	50.68224811553955
42.86511993408203	47.326353549957275
49.438785552978516	52.822452545166016
51.39021921157837	51.52071189880371
50.15581512451172	55.979339599609375
42.025546073913574	36.79010009765625
38.67743253707886	43.764033794403076
46.12744092941284	49.71845769882202
47.48223876953125	52.05651092529297
44.48707866668701	48.47220039367676
39.719000816345215	41.19353199005127
47.67796325683594	52.414154052734375
50.28123474121094	52.95393371582031
41.82918834686279	47.973544120788574
45.940879821777344	50.72408676147461
45.632283210754395	49.17294502258301
41.866153717041016	44.96051025390625
38.8798713684082	42.42220687866211
36.95956754684448	38.49936580657959
36.627262115478516	40.81072235107422
55.91997241973877	55.62117862701416
49.18001937866211	53.313690185546875
47.25620174407959	53.15005826950073
38.10650634765625	41.07335662841797
37.305665016174316	44.50924301147461
45.71685743331909	50.74295377731323
35.155794620513916	33.793643951416016
40.6295747756958	49.19799852371216
44.75698900222778	49.04332876205444
45.87392044067383	50.91515398025513
50.02984666824341	52.780537128448486
47.72840118408203	46.66981887817383
41.70450210571289	45.91684055328369
37.85393047332764	40.92741537094116
43.52124881744385	52.66381645202637
49.231937408447266	52.24037170410156
47.20447540283203	53.78558349609375
49.11610412597656	55.226646423339844
59.921531677246094	65.0243148803711
50.20066452026367	51.75362777709961
43.613800048828125	48.340354919433594
52.120792388916016	52.618313789367676
37.02277994155884	42.75813150405884
51.68450927734375	55.70170974731445
48.841026306152344	54.016664028167725
59.109758377075195	61.948973178863525
48.49887657165527	48.16208267211914
56.81870985031128	63.0947699546814
52.13162040710449	54.61866760253906
55.78179359436035	60.354509353637695
42.676260471343994	47.03767538070679
33.727227210998535	38.011210441589355
46.11648941040039	49.947452545166016
51.213815689086914	57.901060581207275
45.32438850402832	50.59001111984253
60.68392753601074	63.920865058898926
33.08620548248291	34.2412805557251
52.12003469467163	57.32090473175049
38.039039611816406	44.3179292678833
42.150893211364746	47.1260461807251
40.84715938568115	45.09477710723877
41.17741870880127	45.941542625427246
63.65280246734619	63.295188903808594
51.94356918334961	56.009124755859375
39.417160511016846	45.21646547317505
51.808353424072266	58.89804458618164
46.99630165100098	51.64732503890991
47.1284065246582	51.38500213623047
41.18740129470825	44.88709211349487
47.84294891357422	51.65730285644531
50.74578094482422	54.615386962890625
53.169411182403564	60.52376842498779
40.836989402770996	46.46727514266968
54.47038221359253	57.55140781402588
51.92677927017212	55.92092943191528
33.9461145401001	36.39152526855469
44.70263671875	50.70808410644531
43.846577644348145	48.94555616378784
50.286537170410156	50.997459411621094
37.02043151855469	40.50742721557617
47.56726837158203	51.96078872680664
42.66511869430542	47.378891468048096
42.75841522216797	43.85871744155884
50.94309854507446	54.854623317718506
46.825053691864014	51.5163459777832
48.98521661758423	53.23410892486572
55.6013069152832	60.928131103515625
38.18184185028076	42.12021732330322
41.26742935180664	45.211585998535156
51.78703308105469	52.717111110687256
43.785667419433594	49.07793617248535
50.4014778137207	56.74702453613281
47.24663543701172	52.0416054725647
41.64188766479492	41.3410964012146
53.550734996795654	53.61366033554077
55.56852340698242	57.649879455566406
51.84425067901611	58.92684030532837
46.30870342254639	48.78463125228882
38.18178462982178	41.094048500061035
31.632366180419922	37.645981788635254
38.1647686958313	40.372923374176025
48.20589637756348	51.4162859916687
47.433669090270996	51.3401985168457
43.50816202163696	42.85506296157837
37.183504581451416	41.13740015029907
37.56312847137451	39.40568161010742
45.428489685058594	47.11941623687744
57.05911159515381	61.32425308227539
42.393423557281494	44.50486373901367
44.9995813369751	44.46110439300537
47.87414360046387	51.77871894836426
34.72303104400635	40.44832134246826
40.7262659072876	48.82410478591919
53.28028869628906	58.362091064453125
51.08108139038086	52.274559020996094
46.94976282119751	48.23872756958008
48.26983642578125	51.93488693237305
51.75063943862915	54.06357479095459
49.02890920639038	52.412484645843506
43.26324462890625	39.398075103759766
38.00969696044922	41.13618564605713
40.588934898376465	43.786354064941406
50.46926927566528	53.86969757080078
51.61724853515625	54.972450256347656
62.357622146606445	61.84974002838135
40.17794179916382	40.708396911621094
51.13278388977051	53.31446170806885
37.32902526855469	42.529274463653564
46.05222225189209	48.24581050872803
31.478113651275635	35.533533573150635
55.896209716796875	53.29559326171875
52.27149200439453	57.6103401184082
41.851887702941895	47.69246578216553
49.53715515136719	54.322357177734375
44.289308071136475	49.04212045669556
52.0957088470459	60.02492427825928
44.4462776184082	48.377792835235596
49.56772994995117	51.43770980834961
44.625730991363525	48.528403759002686
30.70287322998047	26.981769561767578
47.603965759277344	52.51715850830078
49.44719696044922	54.90085220336914
49.445237159729004	51.48248338699341
42.489017486572266	45.70452880859375
41.44032430648804	48.626136302948
46.30666732788086	49.49008131027222
43.476179122924805	47.24808597564697
42.250242710113525	43.79799509048462
47.78726530075073	53.36927890777588
44.16047286987305	48.04683494567871
41.84626007080078	44.52732849121094
43.79819869995117	50.946189403533936
45.18572998046875	47.282928466796875
42.75179958343506	45.09889268875122
47.16283416748047	51.32389831542969
52.094757080078125	50.59056854248047
37.032517433166504	42.855591773986816
47.55229949951172	51.810401916503906
39.186163902282715	47.09832000732422
53.7547492980957	57.026472091674805
42.63189697265625	49.05931043624878
53.27558183670044	55.084625244140625
38.807920932769775	43.090599060058594
39.83104705810547	46.688652992248535
46.696842193603516	53.6351318359375
49.31218719482422	54.32393264770508
51.09367370605469	56.87867736816406
44.87877559661865	45.369887351989746
34.57466983795166	42.04258632659912
51.205023765563965	49.010818004608154
54.66008520126343	55.73515748977661
41.07499694824219	41.61700916290283
42.57701396942139	44.727928161621094
46.21443176269531	49.79584503173828
45.58662414550781	50.057376861572266
41.44855880737305	48.880271911621094
59.160497188568115	59.14608192443848
51.20931816101074	52.64742422103882
41.196627140045166	46.472625732421875
47.964776039123535	54.258705139160156
47.70853519439697	51.92070007324219
39.41363573074341	47.229782581329346
40.63149547576904	44.86270236968994
41.972105503082275	46.76000213623047
41.24475574493408	43.82993173599243
42.96735334396362	47.16280460357666
51.26288414001465	56.16050720214844
41.363463401794434	47.3878870010376
45.33317708969116	48.663697242736816
40.474205017089844	43.484341621398926
55.12343215942383	57.25140380859375
44.04078769683838	45.23890686035156
38.00624084472656	44.30899715423584
50.636985778808594	54.121009826660156
49.13617467880249	49.01081466674805
42.04500102996826	45.41713094711304
44.93896150588989	47.98157358169556
43.93013000488281	45.78418731689453
51.50246858596802	56.78386688232422
42.513633251190186	52.95756387710571
46.22853136062622	47.97295379638672
43.030510902404785	48.86782741546631
45.5413293838501	50.00124454498291
45.62377166748047	44.56534194946289
43.81723403930664	48.972679138183594
44.898643493652344	44.28733825683594
55.5557975769043	57.89556884765625
47.00528812408447	51.78330135345459
41.552547454833984	41.96002960205078
52.43561553955078	55.833579540252686
55.58268737792969	63.26777648925781
46.08036422729492	49.76598358154297
48.462799072265625	52.12203025817871
46.197569847106934	49.16055107116699
44.12916088104248	48.18372964859009
42.215712547302246	45.54333543777466
45.898582458496094	41.20295715332031
43.67352628707886	47.51796007156372
45.658992290496826	48.6730432510376
36.46810054779053	35.67864990234375
44.257484912872314	44.19488000869751
41.7224702835083	50.73119783401489
41.05330276489258	44.65681314468384
46.57308483123779	49.93905830383301
53.94779348373413	56.75605773925781
40.798770904541016	44.606040954589844
49.02619171142578	54.82387161254883
37.05125427246094	39.9180908203125
55.7031364440918	60.64897537231445
43.02684688568115	48.57246208190918
50.28082323074341	51.79821968078613
64.4051742553711	70.97953796386719
42.201290130615234	49.37315368652344
45.513854026794434	49.317359924316406
56.56404495239258	61.67137813568115
55.45842742919922	57.184513092041016
44.31559753417969	49.409366607666016
47.52659225463867	47.685386657714844
49.42494583129883	50.133697509765625
41.21338653564453	40.688684940338135
53.24491024017334	54.608354568481445
45.691043853759766	48.027923583984375
44.79765319824219	50.1815071105957
56.84619903564453	63.32841110229492
42.64700412750244	46.808234214782715
43.288291931152344	50.14068603515625
47.873435497283936	45.87065267562866
41.23594045639038	46.65360116958618
57.48964834213257	61.01218271255493
42.04272127151489	48.42874193191528
32.991374015808105	36.36222839355469
37.86628818511963	35.91672420501709
64.81116485595703	64.30435180664062
42.17731475830078	44.85901737213135
44.51835536956787	42.768932819366455
42.206299781799316	46.494869232177734
39.92670679092407	46.41478157043457
44.074347496032715	49.771745681762695
34.28676509857178	34.16854763031006
45.180853843688965	45.61764621734619
40.68281555175781	45.650665283203125
57.609498023986816	61.24280118942261
58.074012756347656	59.5278844833374
36.96529769897461	40.42654895782471
47.19095325469971	51.137572288513184
48.48417663574219	52.786529541015625
40.62052917480469	41.20685577392578
47.49528932571411	50.23489475250244
41.61012554168701	45.197813987731934
45.26787519454956	48.01957035064697
44.55456018447876	50.47482204437256
42.45377826690674	44.59010410308838
39.98048114776611	39.35591745376587
37.57265567779541	42.32586193084717
57.43686294555664	57.01318359375
47.17634677886963	53.796051025390625
48.46016788482666	51.397361278533936
49.57695007324219	52.27113723754883
43.76411437988281	45.22623062133789
43.2657995223999	47.24169445037842
39.942893981933594	42.67754364013672
37.54177665710449	37.057305335998535
43.4417724609375	49.14341354370117
40.135215759277344	42.39604568481445
50.33198165893555	57.25493240356445
43.99540948867798	50.36225080490112
43.44249963760376	51.12053918838501
55.879868030548096	57.46754264831543
59.30210065841675	64.61190891265869
47.568668842315674	53.19419813156128
39.0446252822876	43.8522253036499
42.474151611328125	47.25820827484131
37.08958053588867	43.158451080322266
49.68037414550781	54.299407958984375
48.661869049072266	53.319732666015625
41.34403896331787	46.220046043395996
43.12370300292969	52.01414489746094
40.864458084106445	44.43766117095947
48.867958068847656	48.04248046875
49.93561363220215	52.78461456298828
51.299285888671875	53.12085771560669
49.372541427612305	47.53988170623779
47.398226737976074	50.96070671081543
56.55921792984009	60.52099943161011
51.039573669433594	52.28409957885742
51.07301044464111	54.52830934524536
54.739980697631836	58.58492088317871
49.27083969116211	52.53403091430664
47.13510513305664	53.852928161621094
49.65006160736084	52.442688941955566
49.92421340942383	52.69929122924805
47.48866271972656	48.71623992919922
47.821571350097656	56.19969940185547
38.84557342529297	44.02213954925537
57.86161804199219	56.4105339050293
53.0142388343811	52.1575026512146
43.061458587646484	45.371768951416016
49.530906677246094	53.09007692337036
38.66374206542969	45.95896911621094
51.74188041687012	51.923712730407715
37.457472801208496	42.83384418487549
37.34064435958862	40.06816005706787
39.05693864822388	43.33344507217407
46.36772918701172	49.727176666259766
44.8714075088501	41.09114742279053
45.35724639892578	47.13218688964844
52.99258232116699	52.391069412231445
41.25028896331787	43.8920316696167
60.11688995361328	57.89641189575195
47.10399866104126	48.66560983657837
49.16085147857666	52.85480785369873
52.21386909484863	48.676809310913086
52.18730926513672	57.489309310913086
49.643157958984375	50.7776985168457
58.36290693283081	64.52309560775757
47.5675048828125	48.33889389038086
45.6168417930603	52.25665330886841
39.646010875701904	37.70543575286865
48.84761333465576	50.941709995269775
49.85198211669922	55.25090789794922
55.46799087524414	60.4458122253418
44.35383224487305	48.60328674316406
46.34274673461914	51.55078125
45.281744956970215	45.77401828765869
55.7713623046875	58.10609436035156
40.918392181396484	46.822486877441406
42.630995750427246	44.70751905441284
56.28897190093994	59.36398983001709
50.34565830230713	51.8938512802124
48.50178050994873	51.756978034973145
43.70255899429321	47.94367074966431
56.33412551879883	61.77560043334961
57.111087799072266	58.18224906921387
46.42099952697754	50.1816463470459
48.550254821777344	50.66484832763672
43.68271207809448	46.456764221191406
48.17216491699219	54.82025146484375
51.652015686035156	57.70490741729736
41.08152103424072	42.18289804458618
41.22253704071045	44.87374019622803
57.06609916687012	55.56874179840088
48.6771297454834	50.1070499420166
53.85798454284668	60.24749565124512
47.92048645019531	52.54791259765625
39.36591625213623	42.307801246643066
49.40513563156128	52.816712379455566
47.40186309814453	50.71456718444824
63.49709987640381	70.81709861755371
46.371588706970215	50.94231081008911
35.88322448730469	41.11455535888672
49.509742736816406	56.46772766113281
52.59082746505737	57.31248092651367
48.7699499130249	54.92306613922119
46.851284980773926	48.4207706451416
51.409544467926025	50.51055860519409
47.4229621887207	49.840965270996094
50.04315948486328	53.18278884887695
49.272128105163574	52.47352695465088
46.77042770385742	51.32625961303711
43.862969398498535	47.37165355682373
43.566402435302734	48.55608367919922
42.38530731201172	47.16773986816406
67.40163326263428	70.78543663024902
42.60916042327881	44.4479284286499
50.83821630477905	56.72579097747803
42.62566518783569	47.141189098358154
47.37464141845703	47.583038330078125
52.500417709350586	55.49034261703491
52.29884719848633	57.18852615356445
49.33782958984375	47.48938751220703
36.439448833465576	39.53582143783569
44.43924808502197	47.32815599441528
50.83705139160156	57.29448890686035
48.96350860595703	50.45450973510742
42.195709228515625	49.76966094970703
40.9460072517395	48.08505916595459
48.735918045043945	51.74771690368652
41.92799091339111	46.6477746963501
49.38432312011719	55.932579040527344
42.68554639816284	49.16762399673462
45.81247329711914	51.38318634033203
35.7905158996582	35.43815517425537
57.838165283203125	59.981361389160156
57.41982936859131	61.3248348236084
41.341750144958496	42.422550201416016
53.77375793457031	53.861366271972656
40.850921630859375	41.749497413635254
42.19529342651367	45.324989318847656
30.496512413024902	34.75058841705322
40.59652662277222	44.390084743499756
36.67899227142334	41.80037212371826
35.852253913879395	41.669883728027344
52.38563919067383	56.665348052978516
60.311551094055176	62.36100196838379
42.94788217544556	43.87850093841553
49.2355260848999	49.26042318344116
41.38113784790039	45.110145568847656
44.91734313964844	53.612154960632324
56.32223081588745	60.67318153381348
60.690064430236816	65.51193380355835
43.16497039794922	48.99452209472656
44.903077125549316	49.18213367462158
43.885003089904785	53.08913564682007
32.22692584991455	34.84307384490967
44.99222135543823	40.52485942840576
45.23875427246094	51.218109130859375
44.81209707260132	48.651724338531494
51.12966060638428	52.12786674499512
43.817237854003906	42.84276628494263
36.87882137298584	39.169371128082275
45.81425619125366	50.91767740249634
51.436500549316406	51.07872009277344
36.312777042388916	41.35937452316284
42.53555631637573	42.530502796173096
44.59810018539429	48.548460960388184
43.01116132736206	45.59504222869873
40.033905029296875	45.317885398864746
47.26448059082031	50.790096282958984
40.05067300796509	44.35984706878662
59.818153381347656	62.58076477050781
47.34180450439453	53.518497943878174
44.63257598876953	50.62906837463379
27.146178245544434	33.88972091674805
42.80303192138672	48.596519470214844
50.27903366088867	56.64921569824219
41.212735176086426	41.48612308502197
37.649359703063965	42.17533206939697
47.1435546875	52.443458557128906
44.04424238204956	48.4786696434021
38.61597394943237	42.36494827270508
47.8275465965271	49.61357545852661
55.94033479690552	60.31808042526245
36.714385986328125	41.60115909576416
46.45746994018555	51.42676544189453
54.26807403564453	59.18992614746094
54.12251281738281	56.31126403808594
44.339863300323486	51.84735155105591
48.39201593399048	53.098206996917725
50.80986213684082	52.32628011703491
45.959256649017334	46.35815477371216
47.10458993911743	49.7431583404541
60.385308265686035	63.855910778045654
38.45163631439209	40.332481384277344
45.41046190261841	50.59985971450806
41.07676696777344	46.54595184326172
44.20583724975586	49.47273635864258
38.93354034423828	43.8826904296875
48.70838785171509	49.35364627838135
56.412506103515625	58.325164794921875
58.27713203430176	60.81911516189575
41.29473352432251	41.311636447906494
42.25429916381836	47.25033473968506
51.806915283203125	58.052734375
50.513893127441406	53.950507164001465
52.391624450683594	57.47389221191406
45.806275367736816	47.14931344985962
58.218599796295166	61.738224506378174
41.77383327484131	48.06546926498413
38.50027370452881	38.8992919921875
51.80427646636963	57.26503562927246
41.72567653656006	41.04327392578125
51.94174289703369	53.85608243942261
46.94820499420166	50.756338119506836
47.0063591003418	48.141357421875
53.983001708984375	54.36193084716797
38.259718894958496	37.504234313964844
53.15527153015137	55.90353584289551
40.03551912307739	43.986674308776855
39.84766101837158	42.71793079376221
38.92822742462158	45.56375980377197
52.47456359863281	54.31922912597656
46.11293029785156	48.63465881347656
47.227935791015625	51.47303771972656
54.040541648864746	56.10823631286621
57.4142632484436	59.47707939147949
41.864219188690186	45.05516004562378
49.96015167236328	54.32122802734375
42.62055826187134	46.57023477554321
34.47872257232666	39.96646213531494
37.37175893783569	38.208157539367676
35.326300621032715	40.30692386627197
48.13975143432617	50.3282585144043
51.7700719833374	57.26505756378174
50.01896667480469	58.37162780761719
54.3110032081604	58.88869285583496
51.81037473678589	54.6559739112854
50.20198345184326	55.58511257171631
40.70955276489258	44.539276123046875
48.937339782714844	51.184837341308594
57.41349935531616	62.11458778381348
48.111541748046875	53.77427816390991
54.9749755859375	60.821189880371094
50.82002258300781	57.46349334716797
43.94706344604492	41.91772985458374
53.078694343566895	57.675180435180664
40.26025724411011	39.56056833267212
38.917349338531494	43.778114795684814
49.53007888793945	55.30023193359375
43.975101947784424	46.84507751464844
45.69081115722656	47.77463912963867
38.18643808364868	42.68687152862549
39.27027130126953	44.577932834625244
53.38614273071289	52.62448501586914
41.16288375854492	46.168678283691406
55.617034912109375	54.832786560058594
43.81425380706787	44.68185043334961
52.60143423080444	54.64577341079712
50.88261413574219	54.85331726074219
34.99208450317383	36.52810764312744
48.57831954956055	51.394920349121094
47.013442516326904	46.62852716445923
49.32496643066406	54.5798454284668
38.97444534301758	42.9713773727417
43.974595069885254	44.96517276763916
42.954811573028564	45.38301134109497
44.728256702423096	47.23687219619751
49.94135856628418	48.86552667617798
56.16489028930664	58.28276252746582
43.040245056152344	47.330946922302246
37.972397804260254	36.13625431060791
56.797189712524414	61.14099979400635
64.05786752700806	66.73893070220947
42.15030384063721	45.47151803970337
45.579715728759766	49.81315994262695
48.8866662979126	54.39522695541382
38.78755187988281	37.49113464355469
45.07452964782715	51.4890718460083
47.80260610580444	52.985084533691406
48.235159397125244	51.7862286567688
46.77726745605469	52.19936943054199
44.89461421966553	46.963643074035645
56.56844472885132	62.25765037536621
48.348655700683594	50.5693302154541
42.754887104034424	49.7216420173645
48.441001892089844	53.277828216552734
39.89672088623047	46.1911940574646
46.358177185058594	50.12319326400757
41.65506649017334	43.95004606246948
49.55907487869263	49.05182695388794
48.86650848388672	52.767784118652344
38.81835174560547	40.39319086074829
46.225013256073	47.638643741607666
42.91829299926758	47.390960693359375
38.930259704589844	37.02373123168945
47.03121566772461	50.41096496582031
66.57357931137085	68.95976114273071
41.37021732330322	46.594937324523926
41.098257064819336	45.176146030426025
52.01993179321289	54.293907165527344
50.79283332824707	56.313955307006836
51.31512451171875	56.050045013427734
60.78432559967041	61.98742866516113
57.118361949920654	55.7089147567749
44.16249465942383	47.98988342285156
51.00332450866699	48.328248023986816
40.08702850341797	44.79291534423828
53.46842956542969	63.1907958984375
57.06410217285156	61.689422607421875
44.17338466644287	50.45571327209473
51.47237777709961	57.10487365722656
46.50592803955078	51.703330993652344
45.236886501312256	51.93328142166138
40.31614637374878	47.49801969528198
47.96683311462402	50.567994117736816
51.51115417480469	56.84404754638672
41.07865905761719	43.971985816955566
41.55680465698242	43.359134674072266
45.7633752822876	47.08671569824219
39.617942810058594	42.27885150909424
44.15531301498413	49.74181604385376
45.88004207611084	52.462411880493164
52.08343172073364	53.2955322265625
49.696746826171875	53.55354309082031
46.06455373764038	55.727853298187256
46.27011442184448	47.21661138534546
47.58044147491455	51.96241092681885
39.8541784286499	40.78938961029053
38.12516164779663	42.03342533111572
55.91313934326172	57.891841888427734
42.96476745605469	50.922019958496094
54.827364921569824	59.2669358253479
43.07304859161377	47.62691783905029
39.246445655822754	40.979846477508545
48.235146045684814	50.02222299575806
36.918368339538574	35.146552085876465
52.51465320587158	55.62851905822754
51.26030731201172	56.157466888427734
48.52026557922363	53.590702056884766
48.73534107208252	50.95444059371948
40.62498092651367	42.851752281188965
54.130828857421875	52.44867706298828
40.772528648376465	49.09175777435303
37.587947845458984	41.51340866088867
41.92531871795654	45.069472789764404
50.496145725250244	52.987648010253906
48.61812400817871	50.47158622741699
45.63707733154297	48.10680389404297
47.20102071762085	53.01825141906738
42.01095151901245	48.57899570465088
43.05353879928589	43.948505878448486
43.63199234008789	45.628334045410156
34.30129623413086	41.35680389404297
46.13954544067383	51.29874038696289
43.2660436630249	49.0554518699646
37.95378494262695	38.638729095458984
40.97163772583008	47.42115020751953
48.03321075439453	50.92913818359375
39.42213821411133	44.86153793334961
44.0841965675354	46.1062388420105
48.01365280151367	50.942431926727295
49.45609188079834	50.164963245391846
52.50767469406128	59.50595712661743
50.47197961807251	54.56442975997925
51.02992296218872	51.75586748123169
43.472869873046875	51.1136589050293
51.733872413635254	52.06782674789429
34.47311496734619	41.43814945220947
45.890159130096436	45.41127300262451
43.251585960388184	42.06618690490723
50.73271179199219	55.873748779296875
46.76594066619873	46.575965881347656
40.42354202270508	45.536803245544434
46.47219944000244	48.09568977355957
42.61137771606445	48.275848388671875
39.909613609313965	42.99381351470947
35.23970890045166	42.73609256744385
42.45433044433594	44.356513023376465
46.64823246002197	49.515934467315674
49.18594551086426	51.50851535797119
43.58979034423828	43.66677474975586
58.486045837402344	62.752227783203125
47.36223554611206	48.07333326339722
44.25685501098633	45.63334274291992
41.989073753356934	44.6801233291626
45.19221496582031	46.886009216308594
56.90891075134277	56.24256134033203
48.59759759902954	47.52897500991821
42.87567138671875	48.22676467895508
43.063968658447266	41.20784568786621
40.6292142868042	45.08607196807861
46.9630012512207	54.516639709472656
42.38328552246094	46.97793674468994
42.559699058532715	47.83458614349365
45.01454830169678	48.40861988067627
36.56806182861328	40.88092517852783
46.96376180648804	48.956557750701904
44.21209144592285	48.3151159286499
42.48915481567383	47.310455322265625
46.11798810958862	46.73621988296509
51.40345859527588	58.21403360366821
40.30924129486084	49.58034896850586
44.98905563354492	48.84148406982422
43.340394496917725	48.393317222595215
39.882606506347656	44.54757308959961
48.50421142578125	52.45915985107422
46.28449058532715	49.20185422897339
46.647889137268066	52.509132385253906
48.72606897354126	53.97240114212036
43.630881786346436	46.27858591079712
46.17776012420654	49.10574531555176
38.053858280181885	41.289896965026855
45.641114711761475	48.96730899810791
43.2093391418457	42.84278869628906
47.80404281616211	53.40174102783203
40.736095905303955	43.38894701004028
60.36288642883301	63.36056613922119
40.99648904800415	42.62144613265991
48.11900186538696	55.40739297866821
40.915337562561035	45.81303691864014
47.63539123535156	50.70423126220703
52.439520835876465	52.44999647140503
54.453975677490234	58.63072872161865
44.542908668518066	49.91148281097412
35.362778663635254	39.726783752441406
50.30098104476929	50.77888584136963
45.1949462890625	51.14493942260742
51.22562599182129	53.25293827056885
36.251792907714844	43.79061985015869
36.146389961242676	42.06372928619385
48.43926954269409	50.9906530380249
32.06363010406494	37.32664489746094
43.00499629974365	47.50388765335083
39.70207500457764	46.50593376159668
58.36062431335449	59.7904109954834
47.55470323562622	55.19924354553223
41.08377742767334	43.764286041259766
43.513004302978516	47.788551330566406
55.26894521713257	55.319907665252686
48.991363525390625	57.0824089050293
35.44144058227539	40.641685485839844
39.30528545379639	39.163650035858154
51.97510814666748	53.27961730957031
45.51437759399414	45.780638694763184
43.81809902191162	50.90671253204346
46.59387969970703	51.62650680541992
42.42974853515625	46.56633281707764
38.44353008270264	44.69806241989136
32.70984363555908	34.17018127441406
33.64744186401367	40.14360809326172
48.94384717941284	53.698365211486816
59.21672821044922	63.21760940551758
48.32470703125	50.52108383178711
33.797205448150635	34.814244747161865
47.831703186035156	52.62672424316406
51.38657569885254	56.35612773895264
44.911598682403564	46.443092346191406
49.08735513687134	51.35800123214722
