67.74667263031006	64.47421073913574
65.22313117980957	65.50417423248291
51.3889102935791	55.475850105285645
36.94705867767334	40.83723449707031
50.19824981689453	54.096256256103516
41.55347442626953	45.069315910339355
99.51727771759033	100.77551078796387
45.386016845703125	49.446231842041016
55.472309589385986	58.40013599395752
44.58451843261719	45.479610443115234
28.3020658493042	30.907530784606934
60.782774448394775	63.97965860366821
51.10831260681152	55.165517807006836
40.63427114486694	45.65799427032471
73.00694274902344	75.12571907043457
62.69653081893921	64.44116067886353
49.25734567642212	51.57330322265625
48.64894485473633	51.25482177734375
51.47343063354492	53.527061462402344
38.1425256729126	42.533331871032715
45.925490379333496	48.13715648651123
31.058661460876465	36.162105560302734
66.02735376358032	68.33167362213135
36.77156066894531	40.93076705932617
41.28579807281494	45.237677574157715
57.36345291137695	59.95270538330078
44.52454376220703	46.83585500717163
79.28252220153809	81.67966842651367
44.784796714782715	47.61288547515869
39.828200340270996	42.93830966949463
46.51939249038696	47.71071147918701
51.937270164489746	55.12272357940674
37.21785116195679	42.12623453140259
36.23353576660156	41.21904754638672
47.19395637512207	51.24377250671387
62.85548686981201	62.891645431518555
39.44003677368164	44.22305774688721
39.31452131271362	43.52334928512573
55.35925340652466	60.06838417053223
69.87316131591797	71.08614349365234
43.99043273925781	48.201029777526855
65.41903018951416	67.27602958679199
50.070064544677734	51.69789218902588
43.99244546890259	46.245591163635254
52.363319396972656	57.57341003417969
67.89340019226074	68.44729423522949
50.90270233154297	53.08225631713867
55.55136823654175	59.33331298828125
58.0281982421875	62.23805236816406
57.42035675048828	59.50845718383789
80.42080450057983	82.20581722259521
38.342637062072754	42.94416332244873
58.18399715423584	59.43256330490112
47.767311096191406	49.306663513183594
46.130181312561035	48.81925821304321
53.31805419921875	57.300716400146484
49.47567367553711	53.860694885253906
54.28457260131836	57.74016571044922
78.58700752258301	80.94195365905762
49.12504005432129	47.91068172454834
39.850833892822266	42.98875427246094
43.24369668960571	46.45885372161865
54.103538513183594	57.10361862182617
86.64317464828491	89.41134929656982
66.03913116455078	67.59781646728516
50.09254455566406	53.41960906982422
40.32029867172241	44.03433895111084
54.27031087875366	57.39019203186035
45.089012145996094	50.81821632385254
38.59707498550415	43.19172286987305
33.524779319763184	34.17430019378662
59.41221618652344	60.430999755859375
52.75588607788086	54.60033416748047
47.23049020767212	52.06744337081909
59.84479093551636	63.733208656311035
35.759483337402344	40.42716979980469
42.99388122558594	45.24986267089844
38.714805603027344	43.78577423095703
60.08552026748657	62.15167951583862
40.783172607421875	45.88764572143555
44.350399017333984	49.03742980957031
43.92073440551758	47.65583801269531
41.830410957336426	43.775763511657715
51.76316738128662	56.34657669067383
50.031829833984375	54.41703414916992
46.216187953948975	50.58858776092529
43.3655948638916	50.07644748687744
56.07865905761719	59.76496887207031
59.1616325378418	61.20069885253906
51.88396120071411	54.91228151321411
62.26544189453125	64.45343780517578
51.37572479248047	57.513404846191406
35.31786060333252	39.09638500213623
50.80254507064819	57.08411979675293
39.044902324676514	42.31918954849243
55.936065673828125	59.27247619628906
38.10258102416992	41.052428245544434
46.432228088378906	47.56169509887695
73.63813018798828	75.94091033935547
52.89909744262695	56.34592819213867
42.853397369384766	46.47686147689819
58.624900817871094	61.288071632385254
52.469818115234375	53.80974578857422
58.21391773223877	61.8833384513855
45.65818119049072	47.062472343444824
53.24260854721069	58.203128814697266
63.03137969970703	64.23349857330322
45.91567897796631	51.1212100982666
61.44782066345215	66.2553563117981
52.897348403930664	55.59292793273926
49.738037109375	51.974220275878906
34.01246738433838	37.613587856292725
47.9146614074707	53.681596755981445
69.75482845306396	72.78656578063965
49.82330322265625	54.27305221557617
78.65039920806885	79.75412893295288
47.22056579589844	50.161224365234375
43.31802415847778	44.5408091545105
66.46095943450928	68.57565450668335
56.86625671386719	58.87150955200195
31.672300338745117	34.97964572906494
66.10361576080322	68.61105442047119
53.009772300720215	56.73069953918457
52.073615074157715	54.51398801803589
45.423160552978516	48.62081527709961
53.80566215515137	54.37314462661743
50.322078704833984	52.13483428955078
42.606788635253906	45.820773124694824
41.28275728225708	44.25845289230347
51.40038299560547	54.65159606933594
42.17156982421875	47.171607971191406
42.95273494720459	44.91387462615967
40.20955753326416	42.44334125518799
58.330188274383545	63.001115798950195
52.30127716064453	54.77910614013672
45.11793518066406	49.735496520996094
65.19267082214355	64.25292778015137
49.972801208496094	52.24595260620117
53.86219024658203	57.254210472106934
60.8411169052124	64.29508209228516
64.16822910308838	68.59544277191162
40.62645721435547	41.935821533203125
59.66039419174194	63.30461311340332
43.31199789047241	46.09577035903931
43.9967041015625	49.34303283691406
44.869346618652344	49.007568359375
55.01931667327881	54.87631845474243
41.870991706848145	43.81473445892334
52.8854284286499	55.65586709976196
46.922611236572266	49.727569580078125
54.544742584228516	53.05479049682617
40.53976058959961	45.589202880859375
49.048439025878906	52.24314880371094
42.58451843261719	46.69261932373047
73.64108276367188	76.24540901184082
38.460880279541016	43.10886001586914
59.18071269989014	62.5386905670166
53.920616149902344	57.8858757019043
43.209557056427	46.89108324050903
44.890957832336426	47.34901428222656
47.26735782623291	49.832387924194336
41.679436683654785	45.25716304779053
51.104148864746094	52.72544860839844
66.00948333740234	66.69268798828125
48.43605852127075	51.35303449630737
39.713008403778076	44.488017559051514
44.192840576171875	45.382652282714844
69.21545505523682	71.13906860351562
60.864524841308594	62.71873474121094
47.85407257080078	49.96096658706665
54.531070709228516	57.44601058959961
36.31357669830322	38.669952392578125
45.21629190444946	46.682780742645264
50.91389465332031	54.98256301879883
41.116718769073486	44.92599821090698
65.15449333190918	66.02200126647949
64.1731948852539	64.33482360839844
62.06387710571289	63.22346496582031
52.874183654785156	54.63903045654297
43.96984815597534	47.58291149139404
40.03968811035156	42.10906219482422
84.58648681640625	86.19835758209229
38.459251403808594	41.45358896255493
53.018882751464844	55.561988830566406
62.382652282714844	66.06454229354858
45.1170973777771	48.739116191864014
40.65250110626221	44.9042329788208
56.419517517089844	59.6640739440918
55.461849212646484	57.13825225830078
45.347622871398926	46.51070308685303
55.25761270523071	57.40922498703003
61.664483070373535	63.98073148727417
60.43856763839722	65.52838325500488
47.15087413787842	51.54278755187988
65.30618476867676	67.10931587219238
36.682281494140625	40.956321716308594
69.58155155181885	72.60250091552734
59.37595844268799	61.68435573577881
62.976083755493164	65.41213035583496
38.51726531982422	41.75167751312256
36.36139678955078	40.224246978759766
43.84216833114624	47.93613386154175
53.71898603439331	57.092509746551514
67.7895655632019	69.08799600601196
41.5565619468689	43.762383460998535
38.49476623535156	42.04655313491821
71.7191333770752	72.64668273925781
33.084869384765625	36.58205032348633
42.832275390625	46.15333271026611
46.18746900558472	47.64322328567505
47.333683490753174	50.840285778045654
47.24346160888672	49.77210235595703
50.67251491546631	54.180739402770996
50.78767490386963	53.878493785858154
49.6629753112793	52.92622756958008
58.578453063964844	60.35822296142578
32.99284791946411	36.57861089706421
54.30694055557251	55.8403902053833
65.73675346374512	65.97286128997803
50.2025671005249	56.084951877593994
40.178643226623535	44.43589687347412
48.06611251831055	51.34575653076172
50.094390869140625	52.11875534057617
45.731483459472656	47.496337890625
60.361876487731934	64.21803951263428
56.653730392456055	60.14206123352051
39.32714080810547	42.822386741638184
52.19795227050781	55.65558624267578
53.39746856689453	55.82756280899048
37.560401916503906	40.019185066223145
36.92605209350586	41.86863327026367
51.225958824157715	54.93330001831055
55.95992660522461	57.956886291503906
85.4806079864502	85.94597053527832
54.283103942871094	57.76048278808594
53.96727752685547	56.738929748535156
44.663936138153076	46.283616065979004
63.096004486083984	65.9487133026123
36.34752559661865	39.25364685058594
74.78688907623291	78.17089319229126
36.122408866882324	39.098308086395264
34.78450012207031	37.43830490112305
42.42240619659424	45.34817409515381
45.94502353668213	48.49840974807739
63.51679229736328	68.27697134017944
100.60240173339844	101.61502838134766
42.07112789154053	46.68708801269531
46.44959783554077	49.27247619628906
79.76953840255737	82.20581722259521
52.79629898071289	53.20555114746094
39.90370035171509	41.98420858383179
62.48937177658081	66.54987144470215
39.63497829437256	42.804287910461426
64.35316371917725	64.66633415222168
42.306809425354004	49.876094818115234
39.279396057128906	43.71759796142578
39.013583183288574	40.248297691345215
40.300140380859375	44.821006774902344
58.42550754547119	60.18632411956787
39.0142240524292	41.1719970703125
42.86610460281372	46.70493412017822
42.625648498535156	44.66865587234497
39.838836669921875	40.27204513549805
51.56832218170166	54.420716285705566
49.746612548828125	51.27433776855469
41.66851043701172	45.58854675292969
46.520957946777344	48.34543228149414
51.237022399902344	57.15443801879883
60.01239013671875	62.3165168762207
57.118653774261475	59.51287508010864
48.9643669128418	52.877410888671875
38.26124620437622	40.30018472671509
42.629085540771484	49.28934860229492
36.499823570251465	42.90275287628174
35.23212146759033	38.38355207443237
43.276763916015625	47.20008850097656
59.64010715484619	61.80060386657715
53.56724166870117	58.39849853515625
44.228468894958496	44.911625385284424
72.72405338287354	77.1742615699768
44.69732666015625	44.3931040763855
51.99162483215332	53.18902015686035
43.324546337127686	47.79267930984497
38.46797227859497	43.086557388305664
47.160255432128906	49.430755615234375
43.913187980651855	46.69191646575928
40.311524391174316	46.79012203216553
50.26816987991333	55.412893772125244
50.085665702819824	51.910887718200684
36.897159576416016	41.00611877441406
57.169551372528076	61.36161231994629
56.958343505859375	58.31978988647461
54.30720520019531	56.0098671913147
36.67735004425049	37.726375579833984
57.06570816040039	64.30189514160156
53.775930404663086	55.41142988204956
42.57172870635986	44.97230100631714
46.63153123855591	51.541473388671875
58.50599670410156	62.14165496826172
37.176597595214844	43.620635986328125
57.38582754135132	61.21169185638428
52.05313730239868	54.03518533706665
44.74089050292969	47.20603036880493
52.99488830566406	57.2219295501709
38.150235652923584	39.43618631362915
65.39102840423584	68.63909339904785
38.11646318435669	41.5707311630249
38.19717788696289	42.422637939453125
54.257469177246094	57.76524353027344
66.21554374694824	64.82714653015137
36.79957580566406	38.76661777496338
61.23661422729492	63.06155776977539
43.37419509887695	45.86260986328125
47.43178939819336	51.04928207397461
35.34053707122803	39.09639644622803
59.93049144744873	60.68049907684326
39.049782276153564	39.887184619903564
46.11772155761719	48.637962341308594
43.81775188446045	46.66759014129639
58.599589347839355	60.604177951812744
58.144134521484375	61.28969383239746
64.14639329910278	65.65672159194946
41.36135387420654	45.305213928222656
42.10798978805542	44.818265438079834
58.17250728607178	62.90060520172119
44.07020425796509	46.452014446258545
53.17659378051758	52.74949645996094
42.1373496055603	42.82189464569092
42.55815124511719	46.6073112487793
60.63048505783081	62.99049425125122
43.06207752227783	47.162352561950684
43.654903411865234	48.440521240234375
40.928794860839844	44.587581634521484
62.28873825073242	65.4275894165039
54.119733810424805	58.45287895202637
57.118536949157715	61.75808906555176
57.990230083465576	59.96763610839844
65.24621486663818	65.79695224761963
39.74508762359619	43.452332496643066
41.38920593261719	43.76205825805664
54.66638946533203	56.82099533081055
35.15398406982422	39.07229518890381
46.90627098083496	49.92403507232666
45.11026668548584	48.99669313430786
55.63161563873291	59.81868553161621
46.139050006866455	47.26853847503662
40.44115447998047	45.42579174041748
41.482672691345215	44.47324275970459
52.82004404067993	55.44397592544556
45.31549310684204	49.1624436378479
48.46142292022705	49.199090003967285
65.45682668685913	66.98025798797607
63.30998420715332	66.66162014007568
43.05589199066162	46.48578691482544
47.35820245742798	48.70235824584961
54.152008056640625	57.2203254699707
35.732059478759766	39.689666748046875
41.11322021484375	44.58778381347656
54.99036741256714	56.93416690826416
54.05442810058594	56.417022705078125
40.054595947265625	43.62759304046631
53.552120208740234	56.15972900390625
56.191566467285156	58.69850492477417
37.251678466796875	40.357330322265625
36.99913787841797	42.831753730773926
51.324535846710205	53.676552295684814
60.0325026512146	60.334463596343994
43.5210657119751	43.91011047363281
49.912137508392334	51.58462572097778
52.087738037109375	55.08314514160156
67.69029235839844	70.50840759277344
39.33672332763672	41.850528717041016
50.080081939697266	52.38099670410156
45.48243713378906	46.331637382507324
39.1272611618042	43.50183391571045
54.774702072143555	58.46164512634277
55.89608383178711	57.594417572021484
49.46388244628906	53.10988712310791
47.11956310272217	50.170791149139404
43.977598667144775	48.607521057128906
55.141183376312256	57.124104022979736
49.56766128540039	53.92743682861328
41.616676807403564	44.545982837677
47.41267919540405	50.315168380737305
52.35328674316406	53.88096570968628
75.32706689834595	78.24994897842407
62.56556701660156	64.21025085449219
33.01061153411865	37.14982223510742
52.83496856689453	54.395286560058594
40.695547580718994	43.411667823791504
44.62905216217041	46.562347412109375
38.30928039550781	43.33827209472656
57.948822021484375	62.06378173828125
36.17067098617554	37.679110050201416
44.53565979003906	47.54383850097656
38.54189682006836	41.02285814285278
53.95234298706055	56.567543029785156
52.74970865249634	54.337902545928955
66.41310119628906	67.61024475097656
39.835641384124756	42.546881675720215
35.76672983169556	38.00855350494385
37.37648391723633	42.47693634033203
49.31752061843872	51.78242015838623
49.13294219970703	50.877132415771484
60.414353370666504	62.093183517456055
42.3870849609375	44.56785583496094
42.10296964645386	45.58388376235962
39.654362201690674	41.770615577697754
67.66440439224243	69.77369165420532
52.93818426132202	57.37478446960449
55.593101501464844	58.288299560546875
61.02647686004639	60.36771011352539
56.981285095214844	58.35444641113281
49.00966215133667	50.61454153060913
39.17558288574219	44.02739953994751
71.93595886230469	74.14261436462402
94.1272144317627	95.85868263244629
60.91343879699707	63.71237325668335
75.27550506591797	76.85922431945801
62.71923065185547	64.23120975494385
34.775230407714844	38.15577793121338
42.016502380371094	45.572391510009766
44.75108242034912	47.65652847290039
40.267006397247314	42.59791088104248
36.51863765716553	41.23032474517822
54.0679931640625	55.15693664550781
83.15488815307617	84.69686508178711
46.93466901779175	49.13647174835205
70.24022102355957	73.46954345703125
83.64392375946045	86.05261039733887
59.88600254058838	62.05858755111694
40.43830490112305	43.684993743896484
55.82512664794922	57.392784118652344
56.0306978225708	58.618340492248535
43.30329895019531	45.256717681884766
45.742587089538574	48.093252182006836
62.56448268890381	63.37574005126953
45.18786001205444	50.820839405059814
57.99961566925049	61.331191062927246
38.94266366958618	42.60839509963989
52.82657432556152	55.70000982284546
42.767295837402344	46.931297302246094
42.469505310058594	45.50925922393799
41.97489261627197	45.90955209732056
54.025794982910156	57.787872314453125
55.43391799926758	57.66895294189453
47.6140251159668	50.41280746459961
62.549543380737305	66.00604820251465
39.40122890472412	42.064574241638184
40.150054931640625	45.40506362915039
84.33309173583984	87.47628593444824
35.29016876220703	38.922715187072754
52.467076778411865	53.21459770202637
47.17474126815796	49.762654304504395
42.42927932739258	47.347530364990234
62.16863965988159	64.90808057785034
56.924147605895996	59.802236557006836
61.59440612792969	63.31264114379883
64.89070892333984	66.55730438232422
44.75901174545288	45.90375757217407
49.206623554229736	52.08414602279663
51.42444610595703	52.908164978027344
46.6108283996582	50.10314178466797
43.91405725479126	50.10923910140991
59.39704513549805	59.73146057128906
36.38753890991211	42.81644058227539
40.967132568359375	44.73525285720825
53.24208927154541	57.457337379455566
83.38159465789795	85.20305824279785
53.835222244262695	57.66169595718384
57.77078819274902	58.16176509857178
39.355416774749756	42.532432079315186
41.89680004119873	45.633121490478516
47.12339973449707	50.64556932449341
48.189781188964844	48.5010666847229
49.94429016113281	51.85410690307617
49.704018115997314	50.550365924835205
39.9958119392395	42.2324652671814
58.937326431274414	62.15299081802368
40.719635009765625	42.481727600097656
57.832231521606445	61.62732124328613
51.843849182128906	54.85786437988281
53.342978954315186	54.05851078033447
54.125999450683594	56.183067321777344
40.748626708984375	44.5814094543457
40.06600856781006	43.95330047607422
34.30701446533203	40.43623352050781
36.9226713180542	40.38471508026123
34.122973918914795	36.31863498687744
42.995827198028564	49.88327121734619
35.540706634521484	38.12565565109253
45.00393724441528	48.093039989471436
49.047080993652344	51.65452194213867
39.8080472946167	41.703003883361816
45.92910861968994	51.47610139846802
59.6153450012207	61.06110382080078
41.47221755981445	44.938591957092285
46.64721918106079	49.24003553390503
61.57109832763672	60.81055450439453
35.63892459869385	39.58149719238281
39.29243469238281	41.27956771850586
48.10751724243164	51.57501983642578
40.02328586578369	44.11000156402588
57.828460693359375	59.591912269592285
47.2714958190918	49.33616590499878
58.13431406021118	61.00500297546387
39.855430603027344	44.59973907470703
33.498960971832275	38.099727153778076
38.171661376953125	39.67040729522705
46.80552577972412	49.921119689941406
66.16387176513672	66.59803771972656
47.618682861328125	50.644906997680664
64.11953926086426	68.3710241317749
35.54070281982422	37.44807529449463
42.05577230453491	45.523712158203125
44.08084774017334	47.193074226379395
46.55431079864502	49.97189140319824
96.61867904663086	98.8978271484375
39.59478807449341	44.471638679504395
61.42270088195801	65.40356636047363
36.90241241455078	39.39508056640625
43.34665632247925	46.64589738845825
84.3489990234375	87.28869724273682
40.23890161514282	42.48001432418823
47.71525573730469	49.857540130615234
69.15654182434082	71.98132991790771
61.50557994842529	63.115386962890625
44.5387659072876	47.06451416015625
59.98347759246826	61.983933448791504
35.171905517578125	39.71588897705078
65.06471157073975	69.6939468383789
91.52481603622437	91.9290452003479
42.02600955963135	43.108214378356934
59.37661647796631	62.05399990081787
50.95201063156128	52.61010503768921
54.15266275405884	54.649343490600586
44.903533935546875	45.95555877685547
43.53086185455322	47.992881774902344
56.93591594696045	58.41112995147705
35.83569669723511	40.88089895248413
48.79789352416992	52.001922607421875
39.18492889404297	41.15062713623047
52.10492753982544	56.140156745910645
46.16118335723877	47.164103507995605
44.62203311920166	44.88510990142822
45.21761512756348	48.55341196060181
54.69205856323242	56.74535274505615
37.843369483947754	40.07461214065552
50.64162302017212	52.95882558822632
65.78812503814697	64.44632720947266
37.583316802978516	40.220580101013184
68.49621534347534	68.22956943511963
78.41199159622192	79.82441425323486
60.328819274902344	63.462379455566406
58.59346103668213	60.65499401092529
46.021976470947266	49.90666961669922
44.49754333496094	48.63411331176758
60.42207336425781	64.51847839355469
41.238739013671875	42.64790439605713
45.027729511260986	50.45958948135376
37.471099853515625	41.74702453613281
71.47340297698975	74.54762935638428
62.505048751831055	65.08427381515503
43.99018859863281	49.51888656616211
37.67963790893555	42.62511348724365
47.71849060058594	53.967193603515625
42.18616962432861	45.52358150482178
54.82432556152344	56.807212829589844
54.05963087081909	58.006572246551514
43.35328960418701	45.76197052001953
49.685176849365234	53.32654571533203
49.778663635253906	54.25650405883789
46.731460094451904	49.33795499801636
39.083197593688965	43.0972113609314
57.96532440185547	59.58496856689453
60.72201919555664	62.17919683456421
40.433006286621094	42.582953453063965
35.80231475830078	39.289395332336426
53.699974060058594	55.98322677612305
40.706077575683594	42.291221618652344
47.07723903656006	49.79839611053467
43.564701080322266	48.524383544921875
60.57849884033203	64.34449005126953
45.97890615463257	48.809428215026855
41.946510791778564	45.591217041015625
37.823585987091064	41.42837142944336
57.37700414657593	58.899919509887695
59.81508255004883	62.89450454711914
63.87162208557129	65.82889556884766
43.18988037109375	45.76209545135498
46.10049772262573	49.36808252334595
31.071003913879395	35.28585720062256
48.87448501586914	51.52449417114258
60.575828552246094	63.326507568359375
41.45449686050415	42.431111335754395
38.82417583465576	41.74446201324463
56.91058349609375	58.5484619140625
42.66093301773071	43.605140209198
41.936546325683594	44.79311752319336
59.54725456237793	63.314809799194336
37.99738311767578	42.18918514251709
46.64376449584961	47.4192008972168
41.77064895629883	46.000892639160156
41.510135650634766	47.36920166015625
44.96375274658203	46.833091259002686
45.13856506347656	48.78342819213867
37.79219055175781	40.8782958984375
59.78361511230469	62.35165214538574
81.82934761047363	83.34982109069824
62.886077880859375	65.24263763427734
35.621028900146484	37.1596040725708
49.62759017944336	52.32682800292969
35.297293186187744	37.041648864746094
63.09786796569824	64.76805782318115
73.41557884216309	78.00324201583862
72.01314449310303	75.39007663726807
44.91927242279053	45.10819864273071
29.812438011169434	33.9871563911438
49.145774841308594	50.91382598876953
51.24292755126953	53.86306381225586
48.26609468460083	48.71401882171631
39.016884326934814	40.903603076934814
40.756226539611816	45.29559946060181
60.186800956726074	62.63782024383545
45.72476863861084	49.3355655670166
42.36177730560303	45.60891103744507
64.51692867279053	65.43993473052979
96.26905679702759	96.40528345108032
40.97636318206787	43.32125759124756
46.16869354248047	49.48818397521973
39.540740966796875	43.24679946899414
33.20742893218994	37.87351369857788
54.65288305282593	58.58232879638672
55.185455322265625	57.373600006103516
44.09705400466919	44.902289390563965
57.828965187072754	61.1077880859375
50.981292724609375	54.719905853271484
62.98309135437012	65.2172384262085
55.69121789932251	57.27496910095215
43.21269464492798	45.18876791000366
62.98988342285156	65.63864707946777
42.406558990478516	46.12667465209961
55.32853126525879	59.93265628814697
56.21173667907715	58.144643783569336
37.838279247283936	41.993714809417725
42.609763622283936	47.126933097839355
39.16778230667114	39.66465616226196
45.537617683410645	48.25016641616821
38.82798671722412	41.10813045501709
42.36113977432251	43.329286098480225
62.71632528305054	64.97465515136719
53.38684844970703	55.03764724731445
47.82107448577881	51.03709030151367
51.18168544769287	51.97131299972534
43.923789978027344	49.322601318359375
71.25541591644287	71.96456813812256
40.13734531402588	41.44401168823242
39.912654876708984	42.62893581390381
38.954647064208984	41.94523620605469
50.175262451171875	53.37959671020508
37.38200378417969	42.530075550079346
53.854522705078125	56.6557502746582
83.70651865005493	87.24185228347778
38.38162279129028	39.78533315658569
59.262197971343994	62.02903604507446
45.262855529785156	49.705238342285156
50.77983856201172	52.650123596191406
46.02670431137085	47.57021427154541
54.3258261680603	58.65449523925781
63.42371463775635	66.41069889068604
45.65909957885742	50.026275634765625
49.56305694580078	52.226173400878906
42.27532386779785	45.7682991027832
55.72540283203125	57.7435302734375
56.88768768310547	60.614994049072266
59.69097137451172	60.6542444229126
52.993793964385986	56.804152965545654
56.69486045837402	60.012632846832275
59.64101791381836	61.917147636413574
61.85407876968384	63.34982872009277
41.402565002441406	43.97380828857422
60.60548782348633	63.88178825378418
53.146817207336426	58.04812431335449
54.86681365966797	57.29203796386719
43.50889205932617	46.849342346191406
56.40607452392578	56.5119423866272
33.290645122528076	37.89899826049805
39.607118129730225	43.00775671005249
61.96276807785034	64.50599670410156
42.47849225997925	45.43479824066162
56.977102756500244	58.30708837509155
49.743743896484375	51.30234146118164
43.082504749298096	46.15160369873047
38.90844440460205	42.40473175048828
80.38246631622314	84.99828481674194
46.14594268798828	48.14505052566528
41.0120735168457	44.18819761276245
50.65390110015869	56.11837863922119
60.46554088592529	63.700246810913086
56.52986478805542	61.708800315856934
52.56213188171387	55.66103458404541
36.141727447509766	39.01522445678711
44.76500654220581	47.911306858062744
43.32146072387695	46.83994388580322
57.34409952163696	60.57190656661987
38.94705295562744	40.64276933670044
50.99791717529297	53.561448097229004
73.23880195617676	77.79515266418457
71.59763956069946	74.08581447601318
39.0344123840332	43.030941009521484
62.06979751586914	65.39991855621338
68.10429573059082	71.34390354156494
38.969367027282715	41.91928768157959
39.480653285980225	43.329012393951416
38.127174377441406	40.299890995025635
51.888062953948975	54.51705265045166
37.20259380340576	40.8720588684082
58.01718235015869	62.65974521636963
52.58010721206665	57.18218994140625
56.98387908935547	58.84305191040039
40.25901794433594	41.387542724609375
38.98070526123047	43.30908966064453
68.17384243011475	70.72264671325684
46.895118713378906	50.95619201660156
42.75837707519531	46.79206466674805
54.4656982421875	57.37998580932617
45.963966369628906	51.24434280395508
50.60385513305664	53.280513763427734
56.2079553604126	60.01983833312988
42.23085308074951	49.118106842041016
48.83989715576172	52.64803695678711
54.24067783355713	57.92792987823486
55.8970832824707	57.00921630859375
45.714942932128906	50.190250396728516
54.2753963470459	58.61539077758789
43.08171033859253	43.766826152801514
45.605618476867676	48.010929107666016
44.636192321777344	48.45940589904785
43.647751331329346	46.08746337890625
57.63617515563965	58.723182678222656
73.10017585754395	74.76061344146729
43.20723056793213	47.86982727050781
52.78178787231445	55.81218338012695
61.966177463531494	61.6435341835022
57.375383377075195	60.21742343902588
41.82184839248657	44.946664810180664
43.724875926971436	44.75161838531494
35.06357288360596	37.42139720916748
100.99003601074219	102.51313591003418
57.31790065765381	57.8752965927124
50.58603763580322	52.878493309020996
76.35964965820312	76.45174598693848
64.06827354431152	66.94986009597778
49.322694301605225	53.803741455078125
54.05242967605591	56.81073188781738
45.833187103271484	49.464630126953125
42.82838821411133	43.81101989746094
50.49967002868652	53.48546648025513
44.021748542785645	48.562403202056885
41.2085165977478	43.52824258804321
39.54768419265747	42.62858581542969
43.89557409286499	45.68749761581421
42.17985916137695	46.79902648925781
36.871020793914795	40.11906909942627
48.79692459106445	50.97434759140015
44.08092498779297	44.63939666748047
42.96859359741211	48.34530830383301
77.15782642364502	78.34659576416016
53.69667959213257	56.804250717163086
83.7927656173706	85.93491077423096
55.01993179321289	57.926015853881836
35.11708211898804	40.783249855041504
44.73110103607178	47.7738561630249
38.68832874298096	41.91520833969116
46.91467237472534	50.14958381652832
43.24434423446655	45.90575361251831
44.462547302246094	47.95198440551758
77.62126922607422	80.16019248962402
53.2899227142334	57.152137756347656
40.71163606643677	44.86357355117798
33.8626127243042	39.150784492492676
50.21067237854004	51.19621467590332
45.939576148986816	48.34251832962036
41.829251766204834	43.95739126205444
60.49015426635742	61.41162109375
53.49987983703613	56.068878173828125
44.31952667236328	46.63130187988281
35.10785627365112	37.79692316055298
48.30402374267578	51.13056659698486
54.075355052948	58.83412170410156
46.399566650390625	49.25119066238403
36.073288917541504	38.571343421936035
102.72277164459229	106.83069610595703
34.88733720779419	38.45765924453735
57.00187683105469	62.031065940856934
50.40513610839844	53.65396499633789
43.969383239746094	45.92973709106445
56.152198791503906	58.27613067626953
37.36054468154907	38.902305603027344
49.13175964355469	53.14545822143555
53.22979736328125	57.22661590576172
31.318126678466797	35.334754943847656
41.99201488494873	44.78220462799072
72.6581335067749	75.44605255126953
52.05419063568115	57.38226890563965
51.42013883590698	53.22420883178711
49.507835388183594	53.44100284576416
40.1574182510376	43.38745880126953
43.72901916503906	46.625877380371094
45.86727523803711	49.50819396972656
54.051292419433594	57.92233657836914
45.83602523803711	47.00218105316162
37.98274850845337	40.206387519836426
46.648040771484375	49.68359375
44.858253479003906	50.084205627441406
51.74927520751953	53.73600769042969
58.184876918792725	61.499319076538086
47.73161315917969	51.382503509521484
33.28061771392822	36.8010950088501
41.59255886077881	43.28030490875244
55.46029853820801	58.76939058303833
74.93758916854858	75.3523645401001
59.09183692932129	60.73947715759277
39.377803802490234	41.40358781814575
60.00871467590332	65.38037252426147
53.173912048339844	54.5049934387207
53.53443717956543	56.175803661346436
47.14481735229492	49.52499532699585
41.813740730285645	44.83383321762085
51.273841381073	54.72247123718262
51.57894802093506	53.609418869018555
58.4797739982605	62.83473300933838
53.85166311264038	56.3966178894043
38.28915739059448	42.039597034454346
52.06787395477295	56.770936489105225
35.08008098602295	37.91646194458008
69.39806938171387	69.80589389801025
34.469566345214844	36.786376953125
41.901803493499756	44.1096978187561
63.718995094299316	69.00535440444946
51.389403343200684	54.121389389038086
38.321571350097656	41.1190710067749
41.6098108291626	44.55821514129639
40.40867853164673	43.71152448654175
77.09824562072754	77.618408203125
42.541677951812744	45.4463005065918
52.56816816329956	54.509199142456055
76.53763484954834	77.33312320709229
74.52093601226807	75.75880527496338
44.38336658477783	48.90834617614746
49.30349349975586	51.898109436035156
40.66252946853638	43.77546787261963
54.65111541748047	58.0205078125
45.962453842163086	49.25591468811035
42.19197082519531	47.08314514160156
56.21790885925293	57.658209800720215
52.765389919281006	53.5960431098938
47.07452392578125	49.34497833251953
39.424461364746094	42.90116500854492
76.05975151062012	80.26598167419434
50.26123046875	53.94202899932861
43.005157470703125	46.47700881958008
46.033092975616455	48.95294952392578
43.077293395996094	46.496116638183594
76.67148399353027	79.11252021789551
41.95283889770508	44.21220016479492
54.468017578125	56.710693359375
50.662017822265625	52.956504821777344
47.340577125549316	50.329668045043945
38.38459396362305	43.48409652709961
38.07948303222656	41.62176990509033
47.903321743011475	50.35887336730957
38.16789150238037	40.55467700958252
45.22665882110596	48.09737777709961
57.41698455810547	60.61094284057617
43.52124786376953	46.37802505493164
43.493165016174316	44.189642906188965
42.352081298828125	45.15178298950195
53.49025630950928	55.78711462020874
54.85765838623047	57.38028335571289
39.15301561355591	39.950210094451904
59.88293647766113	62.364439964294434
49.15464401245117	50.85362243652344
45.689002990722656	49.987632751464844
44.04803466796875	46.13016128540039
55.25711488723755	59.15443754196167
41.17094898223877	45.3010368347168
46.81915903091431	47.86971378326416
40.33385372161865	44.234994411468506
49.30748748779297	53.09768295288086
39.383070945739746	42.20024824142456
43.80875015258789	44.8135986328125
49.89679718017578	53.56982421875
37.923744201660156	42.00276565551758
53.90031623840332	56.10715627670288
52.460426330566406	55.308250427246094
43.537689208984375	46.27825164794922
39.19876766204834	41.81842041015625
60.02078056335449	63.541154861450195
54.95573329925537	58.14192295074463
35.79603958129883	38.006150245666504
56.15220642089844	58.572303771972656
41.62135982513428	44.57073974609375
48.46582555770874	51.87322998046875
43.68460464477539	47.71964693069458
62.533703327178955	66.69823408126831
58.62760877609253	60.4802942276001
84.55551099777222	88.32428932189941
42.86051940917969	46.45757293701172
44.00069046020508	48.39020347595215
51.041534423828125	53.31608581542969
58.244147300720215	62.94792652130127
40.88887643814087	43.93256759643555
30.069296836853027	31.970738410949707
46.477240562438965	50.36160850524902
33.18184423446655	37.064162731170654
47.487074851989746	50.952224254608154
47.95826721191406	50.327940940856934
42.352134704589844	49.17096519470215
53.8465461730957	56.357872009277344
69.71358680725098	72.92358636856079
47.27492046356201	49.23300266265869
33.001376152038574	39.29687976837158
48.60750961303711	50.93710708618164
40.65460968017578	45.808135986328125
45.61758041381836	50.916664123535156
56.12518310546875	59.56921577453613
37.69822931289673	40.89655351638794
34.536795139312744	38.071712493896484
58.50193548202515	59.777525424957275
51.48355484008789	57.67511177062988
56.98857307434082	58.52071285247803
46.99433898925781	50.767032623291016
47.28711700439453	50.14958906173706
50.65114974975586	54.67387008666992
48.452880859375	52.963829040527344
41.4627046585083	43.55029249191284
48.947144985198975	51.72659778594971
38.47317409515381	42.1309289932251
58.585126876831055	61.423165798187256
41.208670139312744	42.55040645599365
39.516441822052	44.344252586364746
59.60553169250488	62.709336280822754
48.597055435180664	52.90630531311035
52.20531463623047	53.875282287597656
60.55672645568848	61.51679849624634
36.89300060272217	39.067466259002686
40.099085330963135	44.20514726638794
61.371192932128906	62.31318664550781
47.495245933532715	50.243266105651855
40.605711936950684	46.9610595703125
55.290687561035156	57.156898498535156
64.63432312011719	67.91361331939697
44.88075637817383	47.16746520996094
48.37099361419678	49.387946128845215
53.05907440185547	57.58356475830078
63.3538818359375	66.43063354492188
59.46413612365723	63.76345109939575
37.76232290267944	40.81169509887695
37.4028754234314	42.239768505096436
43.31669569015503	47.404669761657715
72.63369941711426	75.43773031234741
45.554176807403564	49.113770961761475
54.355857849121094	57.50716781616211
42.85024166107178	44.815415382385254
66.19585275650024	70.03907918930054
55.261810302734375	58.751731872558594
51.93083953857422	53.55448913574219
51.678035259246826	52.37199783325195
47.76422882080078	50.310543060302734
53.608534812927246	55.77735185623169
40.370924949645996	43.4734468460083
49.49003982543945	51.449462890625
42.81244516372681	46.417213916778564
57.68026542663574	58.2798228263855
42.332054138183594	44.54826354980469
54.93697738647461	54.82988739013672
55.69107484817505	58.853013038635254
51.750500202178955	55.17947721481323
35.98436498641968	40.5558180809021
48.998756408691406	50.60595703125
50.102630615234375	53.11003494262695
61.304128646850586	62.81736946105957
52.974403381347656	56.751155853271484
56.46157932281494	58.5778226852417
37.595787048339844	39.19454574584961
52.127745151519775	52.26676082611084
46.86313533782959	50.30852794647217
56.62079620361328	58.79197692871094
39.69571828842163	42.48795175552368
40.71698331832886	42.87027359008789
45.360984802246094	48.372772216796875
68.93422794342041	69.40132141113281
50.5065131187439	54.70065784454346
38.89367055892944	42.25544309616089
45.06598138809204	47.07880783081055
40.21888780593872	43.808242321014404
51.43155288696289	53.369693756103516
49.58205795288086	50.654380798339844
44.910497188568115	46.81768035888672
