47.335166931152344	48.29312324523926
29.910595893859863	33.27850341796875
37.333980560302734	42.96234130859375
34.75685358047485	38.52366542816162
37.413737297058105	42.142478942871094
41.941577434539795	45.40868282318115
38.18013000488281	44.820587158203125
39.3627233505249	43.82431697845459
27.373785972595215	30.270824432373047
38.26324796676636	41.000328540802
39.13829565048218	43.74203586578369
35.38952589035034	38.132500648498535
37.14592123031616	40.496214866638184
35.636590003967285	39.1444673538208
39.46741533279419	42.03959035873413
40.69708299636841	44.06897592544556
41.55657196044922	44.07596206665039
41.69879150390625	43.06590223312378
37.75353240966797	40.580291748046875
33.53246212005615	37.168967723846436
40.40217876434326	43.73757839202881
28.356539726257324	32.88585662841797
32.244155406951904	34.44398880004883
38.81387233734131	41.63875675201416
31.16920232772827	33.65522384643555
38.11991214752197	40.10285568237305
34.270955085754395	39.59801387786865
34.499053955078125	37.33047962188721
37.01772689819336	38.676390647888184
31.68870210647583	34.85011577606201
45.69938278198242	47.211607933044434
42.20694065093994	46.422911643981934
47.44139862060547	51.3802604675293
37.84526205062866	41.227919578552246
37.41771697998047	40.14228057861328
42.61085557937622	45.37741470336914
35.79114294052124	38.06527042388916
39.34160900115967	46.2773323059082
29.661718368530273	33.31065273284912
39.473623752593994	42.912437438964844
33.552592277526855	32.918243408203125
28.62858533859253	31.68599843978882
30.836371421813965	32.18465709686279
40.74535369873047	44.15829658508301
50.46413612365723	52.80457305908203
35.10008239746094	38.663909912109375
36.43601703643799	39.24277210235596
40.609721183776855	44.26956796646118
37.53779602050781	41.13963317871094
39.62977647781372	44.935712814331055
37.272231578826904	41.016472816467285
44.70365047454834	48.02388668060303
38.51305103302002	39.60310363769531
36.593533515930176	40.17582035064697
33.767234802246094	37.82161998748779
38.927589416503906	40.14997863769531
34.98833084106445	39.54233694076538
38.44520568847656	41.73894262313843
44.56874084472656	47.6185302734375
34.216437339782715	36.892943382263184
44.598487854003906	47.677452087402344
33.245850563049316	33.79712390899658
38.40238094329834	44.0040807723999
30.527167320251465	32.48979568481445
40.94504165649414	45.76483917236328
33.9172477722168	36.56732177734375
36.06188106536865	38.65132999420166
39.360363483428955	42.60478353500366
33.4995551109314	37.223665714263916
37.76985549926758	42.12444305419922
35.60335063934326	38.943328857421875
33.506134033203125	35.220038414001465
36.89026737213135	39.68910598754883
37.056427001953125	41.133599281311035
29.846525192260742	32.63137102127075
32.059569358825684	35.940680503845215
38.051246643066406	37.61522674560547
40.002811431884766	41.929744720458984
38.84468746185303	39.182125091552734
31.773130893707275	36.64351940155029
39.15872812271118	41.682897090911865
35.92698049545288	39.28416347503662
44.206756591796875	45.55588912963867
38.82053470611572	40.89170026779175
43.651516914367676	46.49172306060791
42.28166198730469	43.19661998748779
28.656649589538574	32.95712184906006
35.435791015625	39.10813522338867
30.33820867538452	33.02515506744385
27.090373992919922	30.22309970855713
35.647644996643066	37.72845697402954
38.24763464927673	42.9175488948822
41.07414722442627	46.33359146118164
40.20854473114014	43.415205001831055
42.29175567626953	44.06724548339844
32.98658847808838	36.921210289001465
31.413028240203857	33.845226764678955
36.413580894470215	39.00711536407471
41.654571533203125	42.774009704589844
33.396430015563965	36.06437683105469
38.72060251235962	41.57616853713989
31.520602703094482	33.84143829345703
34.02960205078125	38.187140464782715
37.46076059341431	40.203436851501465
32.02102184295654	30.515727996826172
35.16502380371094	37.80212688446045
43.98273468017578	47.08689498901367
24.28762674331665	25.58274745941162
37.73362731933594	41.361785888671875
31.366074085235596	34.91356611251831
39.02522659301758	40.42460250854492
35.09807634353638	37.27012538909912
37.77583408355713	41.20535945892334
37.14326477050781	38.9822301864624
40.22242784500122	42.98416757583618
33.43285322189331	39.01614427566528
39.65822696685791	43.227078437805176
29.524085998535156	31.98460865020752
35.76554489135742	38.162715911865234
37.222869873046875	38.42372512817383
29.762855529785156	33.30465030670166
38.60577392578125	42.12173366546631
38.82066249847412	43.18096160888672
33.38302516937256	36.83664608001709
42.59408187866211	47.07300567626953
43.12851047515869	44.53058195114136
40.22148132324219	40.56120300292969
32.829411029815674	36.912925243377686
45.30615234375	46.48064422607422
41.719135761260986	44.532708168029785
31.47516918182373	34.31447696685791
31.635193824768066	34.558067321777344
35.888465881347656	38.1897668838501
27.378642082214355	32.164509773254395
35.152119636535645	39.07817077636719
47.109275817871094	46.99103546142578
33.47783899307251	36.33427953720093
36.33466339111328	38.91606092453003
32.759230613708496	36.38041019439697
34.703006744384766	35.837562561035156
31.80781602859497	34.95077848434448
37.00699710845947	40.09353733062744
40.84006118774414	42.842928886413574
46.87463665008545	48.368807315826416
38.70682382583618	42.42975616455078
36.25308275222778	39.44349765777588
41.823280334472656	46.69538116455078
55.93673515319824	57.525315284729004
40.163944244384766	42.84701156616211
37.16859769821167	41.6672887802124
40.70050048828125	45.00780487060547
31.044631004333496	33.00875186920166
28.306326866149902	31.383321285247803
34.588491916656494	38.278746604919434
43.249197006225586	45.9838342666626
42.942484855651855	45.80780076980591
32.64732360839844	36.03096008300781
29.596698760986328	31.361595153808594
44.230106353759766	45.29092025756836
31.222838401794434	34.83028507232666
34.35620069503784	36.35265350341797
31.709072589874268	36.77229642868042
40.328372955322266	45.24399662017822
33.84187316894531	37.51126956939697
50.62390899658203	52.57543182373047
42.05369853973389	44.09535312652588
37.19835376739502	41.861294746398926
41.001952171325684	43.45941925048828
37.489102363586426	39.64286470413208
36.749255657196045	40.15457057952881
36.9816370010376	39.34721660614014
35.064544677734375	37.174198627471924
37.876380920410156	41.11913537979126
32.60087251663208	34.2234468460083
40.64565658569336	43.85710859298706
36.392555236816406	40.11272048950195
37.09018802642822	41.166683197021484
38.10812187194824	43.25086069107056
31.742353439331055	36.14079236984253
30.479109287261963	33.2401704788208
40.50919485092163	42.907981395721436
40.25104808807373	43.29555416107178
37.91613483428955	41.97631120681763
39.26491069793701	41.47408962249756
35.54508876800537	36.96628475189209
41.21068096160889	43.50875473022461
34.9350700378418	39.17021942138672
41.839362144470215	45.72659397125244
32.824604511260986	35.70271968841553
35.567891120910645	40.44865036010742
36.070770263671875	39.078423500061035
36.41999053955078	38.23088836669922
45.19109773635864	49.43312406539917
35.62473392486572	34.984806060791016
32.190730571746826	35.64829349517822
37.41972827911377	40.968995094299316
26.415324211120605	25.511958599090576
37.3597936630249	41.886075496673584
36.181809425354004	43.493775844573975
36.32406568527222	39.00686740875244
29.138267040252686	31.246105670928955
33.38312864303589	36.92932844161987
37.55251169204712	41.63049554824829
39.08991003036499	41.682486057281494
43.55792999267578	47.55506134033203
41.23874759674072	44.17172861099243
36.746620178222656	41.35358428955078
42.21929931640625	47.118568420410156
41.63466024398804	44.17055368423462
34.07365083694458	37.698330879211426
22.193419933319092	28.09657096862793
31.415390968322754	33.38335418701172
43.79698181152344	47.90680694580078
30.147075653076172	34.72882032394409
42.46780443191528	42.78054857254028
36.99170780181885	42.13982391357422
29.712812900543213	33.34130048751831
40.81361436843872	44.69347286224365
41.833359718322754	43.55111217498779
44.04554748535156	46.149010181427
37.847641944885254	41.163081645965576
43.02640438079834	46.2278938293457
34.190101623535156	39.202377796173096
33.075965881347656	34.5736198425293
44.520673751831055	46.971192359924316
30.94047451019287	33.747658252716064
33.079421520233154	36.154866218566895
37.635193824768066	40.8507080078125
35.94517517089844	40.0494384765625
44.04357147216797	46.13082218170166
33.3372802734375	36.68804168701172
38.959296226501465	40.06010341644287
33.991618156433105	35.60445785522461
36.90472650527954	40.909260749816895
33.40315532684326	35.32367706298828
36.701988220214844	39.82677936553955
40.02216053009033	43.77392578125
47.40520477294922	49.63287353515625
44.514305114746094	48.293174743652344
43.233402729034424	47.95648813247681
39.11803436279297	40.73137378692627
43.35854244232178	48.19440412521362
39.06040668487549	40.581990242004395
35.101043701171875	36.09683084487915
30.55856704711914	34.46199893951416
37.12897491455078	37.59791564941406
42.56257247924805	46.11268615722656
34.21079921722412	36.86407470703125
34.61608600616455	36.13850498199463
43.79517459869385	48.67307996749878
43.44645023345947	47.61061763763428
45.84033203125	47.07049560546875
38.229248046875	41.87333297729492
33.24114990234375	36.511924743652344
36.983680725097656	40.787593841552734
45.62681198120117	48.064117431640625
48.835487365722656	49.78233337402344
39.02134037017822	41.63063907623291
34.791767597198486	36.626460552215576
37.40304231643677	41.17524814605713
35.56317138671875	37.08584976196289
34.657562255859375	37.423728942871094
36.490997314453125	37.89714431762695
31.86686611175537	34.99082851409912
33.593316078186035	37.89759922027588
43.162628173828125	46.673919677734375
36.31284713745117	39.005126953125
31.531174182891846	33.39463710784912
34.11948919296265	37.95187330245972
32.97274875640869	37.98819065093994
43.269752502441406	46.836273193359375
37.850311279296875	40.491172790527344
33.76080274581909	37.17249393463135
32.069000244140625	37.86716938018799
35.2023811340332	37.912376403808594
31.501147270202637	27.734639167785645
38.40790843963623	39.296650409698486
40.904808044433594	45.41409492492676
43.88177490234375	46.86468505859375
34.46339130401611	39.573116302490234
37.68533420562744	41.94100856781006
45.41399335861206	47.16510820388794
40.527774810791016	42.811431884765625
50.7301139831543	56.113494873046875
39.480369567871094	41.11265993118286
41.64180374145508	44.668617248535156
41.30833196640015	44.883644104003906
30.758551597595215	33.66232395172119
33.314083099365234	38.13683223724365
36.634849548339844	39.48298358917236
32.544270515441895	36.15330505371094
34.93751525878906	38.033804416656494
26.836247444152832	31.105875968933105
37.976295948028564	42.85348415374756
39.97390937805176	43.42940139770508
37.18953037261963	39.198575019836426
31.80976390838623	34.72207546234131
46.39387607574463	49.83523368835449
37.15850067138672	39.92823028564453
33.3868932723999	36.30759143829346
42.85761308670044	45.847137451171875
34.42872333526611	37.414947509765625
32.98874378204346	34.247939586639404
38.18416166305542	42.442556858062744
44.523460388183594	45.89249038696289
38.06122827529907	43.02338457107544
45.03749084472656	47.706504821777344
41.465088844299316	44.512999534606934
34.90861892700195	36.991188526153564
37.36598873138428	40.67379140853882
35.42767667770386	35.368656635284424
34.71302032470703	38.16422653198242
31.5887713432312	34.12731885910034
43.04978942871094	45.600746154785156
39.9979248046875	42.94202423095703
34.420936584472656	38.43121337890625
28.658621311187744	32.556774616241455
38.28499889373779	39.14253902435303
36.7868332862854	39.273385524749756
31.294121742248535	33.33283185958862
33.47405385971069	36.700950145721436
37.92036724090576	42.56527662277222
34.35979175567627	37.76502990722656
37.480480670928955	41.05382013320923
43.52862310409546	43.59141492843628
40.48055362701416	42.935357093811035
40.32654047012329	42.49890995025635
32.10792112350464	37.721487522125244
35.63203430175781	37.118492126464844
33.02207279205322	37.542789459228516
30.489206314086914	34.812564849853516
36.52591943740845	39.02242183685303
33.69817113876343	36.50768804550171
34.447513580322266	37.78342819213867
36.62737274169922	40.091617584228516
36.28651714324951	42.332542419433594
35.50823211669922	38.948471546173096
26.686832427978516	31.246362686157227
39.23254346847534	41.3577356338501
29.581820964813232	32.981014251708984
37.590919494628906	42.000343322753906
32.16730833053589	35.44525861740112
40.199538230895996	44.160019397735596
39.78235578536987	41.63935089111328
32.69461679458618	36.326902866363525
26.991722583770752	25.698068141937256
38.31008243560791	41.13730001449585
35.954569816589355	39.15604305267334
37.882400035858154	41.042080879211426
32.84160614013672	36.512070655822754
36.02843761444092	39.96110439300537
34.143181800842285	35.514344215393066
41.15426731109619	44.13133907318115
40.55899906158447	45.56989145278931
33.54605484008789	36.71571350097656
33.910160064697266	36.567317962646484
31.958377361297607	35.38711071014404
35.392075538635254	35.75335693359375
36.58171463012695	41.3743371963501
33.258559703826904	35.50178527832031
40.574801445007324	42.07738494873047
38.53813552856445	42.50888442993164
27.78117084503174	31.022892951965332
41.34695100784302	44.36740064620972
29.975833892822266	32.79170274734497
42.75938415527344	44.85936641693115
33.262447357177734	36.30817794799805
33.61193895339966	36.56190872192383
37.1896390914917	39.18313694000244
30.72932481765747	35.361199378967285
31.839603424072266	35.297478675842285
36.42707347869873	39.303382873535156
40.52067708969116	40.489925384521484
43.446531772613525	46.53108835220337
39.59300708770752	40.42280960083008
37.41981506347656	41.215389251708984
39.34826374053955	44.393826484680176
34.9749641418457	41.036410331726074
40.76560306549072	43.621670722961426
33.635069847106934	37.94783306121826
33.40621089935303	34.99877071380615
33.79188823699951	37.695496559143066
39.7227087020874	44.91456985473633
31.922593116760254	35.612244606018066
36.69280242919922	39.285118103027344
37.973549365997314	41.395880699157715
38.330806732177734	39.31745147705078
35.679259300231934	40.78145503997803
35.7859468460083	40.65527057647705
29.404020309448242	34.31252717971802
39.38648223876953	42.12566041946411
42.08820343017578	45.22013473510742
36.64163637161255	38.50880527496338
40.777610778808594	43.63552474975586
45.41787528991699	47.852617263793945
36.3940315246582	38.09259510040283
39.52802276611328	42.92573928833008
33.01779508590698	35.76967716217041
39.79389953613281	42.14759159088135
32.526092529296875	35.69068908691406
36.94832229614258	40.84804153442383
38.554463386535645	44.9112606048584
27.70715045928955	28.704694747924805
44.102173805236816	48.08271789550781
43.244266510009766	47.46659851074219
46.976741790771484	52.02372360229492
36.52550458908081	41.728620529174805
21.32866382598877	28.03471088409424
28.600869178771973	32.433059215545654
31.266872882843018	33.7310266494751
37.27169418334961	40.05383062362671
35.40160274505615	39.683372497558594
38.83583211898804	41.012691020965576
32.839962005615234	36.516178131103516
40.72258758544922	44.06648254394531
35.3557014465332	39.22395706176758
36.5603141784668	39.260948181152344
39.426063537597656	41.72267246246338
35.14884853363037	40.0713415145874
35.27874135971069	39.06766986846924
47.234519958496094	50.13534927368164
39.513474464416504	43.014649391174316
44.41412353515625	49.535133361816406
37.65625	41.470298767089844
40.60927677154541	44.535956382751465
37.36810827255249	41.25230264663696
37.682281494140625	40.088284492492676
40.997108459472656	45.99913787841797
37.82968997955322	41.169273376464844
35.911991596221924	39.168877601623535
36.84024906158447	38.61215543746948
28.642277717590332	30.842304229736328
34.09580898284912	36.30849552154541
39.010929107666016	42.696868896484375
36.58212900161743	37.469035148620605
39.61182451248169	42.56956911087036
35.67424392700195	38.07417011260986
36.68833303451538	39.19071674346924
39.84452819824219	43.895355224609375
33.249515533447266	36.043052673339844
39.301947593688965	41.78795576095581
40.80063819885254	42.34934329986572
39.091830253601074	43.36514949798584
32.35218048095703	36.468544006347656
35.78317213058472	40.58377933502197
30.334702491760254	33.78377151489258
35.24783420562744	37.96753406524658
39.53791809082031	40.25368118286133
38.39513397216797	41.620994567871094
31.591215133666992	35.289610862731934
41.91683053970337	44.160940647125244
50.514678955078125	54.18973445892334
40.48557186126709	42.592599391937256
30.386409759521484	32.6861252784729
38.3672399520874	43.54767894744873
37.6741247177124	41.65425968170166
34.97963333129883	39.45797824859619
30.519269943237305	31.564879417419434
38.0681676864624	40.86684322357178
38.88664102554321	41.88188314437866
38.94752502441406	42.699851989746094
36.68978834152222	38.82473039627075
47.71319341659546	47.325074195861816
34.33882999420166	36.24099254608154
36.86824893951416	39.578925132751465
29.15803050994873	30.512136936187744
38.242615699768066	40.775084495544434
39.3164587020874	43.53863716125488
37.32899856567383	39.28168344497681
30.35830020904541	34.55336332321167
40.09254741668701	43.74581050872803
35.30836772918701	38.724117279052734
47.77703046798706	52.47868537902832
29.676318168640137	29.63243007659912
45.24247407913208	48.19157361984253
35.12763977050781	38.47873592376709
32.17357158660889	34.68134641647339
37.503089904785156	40.50383758544922
37.23277187347412	40.04977512359619
40.70826721191406	42.17862319946289
37.57304048538208	41.27163505554199
44.43891096115112	45.669106006622314
44.297441482543945	47.35054636001587
33.78123950958252	37.694878578186035
36.93896484375	41.195128440856934
36.951324462890625	40.38646697998047
42.62437438964844	44.14155197143555
30.355055332183838	33.55361223220825
31.14943504333496	34.31000471115112
35.77140808105469	38.322997093200684
39.648444175720215	43.3630051612854
45.176841259002686	49.19455862045288
31.858412742614746	34.9932541847229
36.84694147109985	38.76101732254028
35.31327152252197	39.09403324127197
34.68051624298096	38.20249557495117
40.70013380050659	43.77267074584961
34.776710510253906	36.66416931152344
38.10779857635498	42.99732971191406
35.970767974853516	39.72181701660156
42.26828050613403	45.64641523361206
30.46574878692627	33.03830623626709
27.094626426696777	30.607407093048096
40.61906385421753	44.45881128311157
36.75054407119751	39.61823320388794
34.86837100982666	36.77934265136719
38.8495774269104	40.92768907546997
38.10058832168579	38.39380598068237
36.83707809448242	40.6566047668457
34.1737174987793	37.431617736816406
41.16828918457031	43.97460079193115
34.99944591522217	39.55673313140869
38.98017883300781	41.887264251708984
51.20421886444092	52.067298889160156
38.56029510498047	42.403767585754395
36.24917507171631	38.90554904937744
38.806549072265625	38.505614280700684
40.871105670928955	41.3258957862854
43.68220591545105	45.41118669509888
33.53694820404053	37.51901149749756
41.475762367248535	45.80327129364014
43.8251519203186	47.389068603515625
29.945220947265625	33.886005878448486
31.0748553276062	35.42916774749756
39.47959899902344	42.955841064453125
36.04310464859009	40.38954257965088
34.53725337982178	38.695549964904785
39.639512062072754	43.54495191574097
43.65504789352417	46.41361904144287
33.04554748535156	34.64051055908203
29.205482482910156	29.864770889282227
46.13335418701172	51.520511627197266
38.416850566864014	41.633482933044434
37.37571430206299	41.4733772277832
40.8185510635376	45.07564115524292
42.29789733886719	44.950050830841064
29.595366954803467	33.29720735549927
42.266292572021484	44.48061752319336
39.55329179763794	42.85140132904053
36.89731979370117	39.28294849395752
34.024834632873535	37.216758728027344
37.33647584915161	43.46158981323242
37.83441925048828	40.3324499130249
34.07778596878052	38.31892442703247
24.983768463134766	22.761330604553223
42.556419372558594	46.95625686645508
34.21602964401245	38.18784236907959
33.276028633117676	35.077338218688965
34.872984886169434	40.15289306640625
33.275330543518066	34.190932273864746
36.720877170562744	39.01052904129028
40.1588020324707	41.70256042480469
43.13655471801758	48.280025482177734
37.05307102203369	38.74979543685913
32.05674362182617	33.96440887451172
35.22584915161133	39.441421031951904
33.3242712020874	38.059547424316406
39.499492168426514	42.8785514831543
38.35700607299805	42.3197021484375
38.506187438964844	41.787875175476074
34.23933792114258	38.189414978027344
34.898887634277344	38.8663215637207
29.89566707611084	35.05096435546875
31.493287563323975	32.58201742172241
30.246245861053467	33.34930419921875
31.90187168121338	35.149245738983154
47.947349548339844	50.78563213348389
37.217716217041016	39.76739501953125
33.422072410583496	37.25068759918213
35.94546890258789	39.88080930709839
27.66441822052002	32.03921413421631
42.856048583984375	44.080101013183594
35.50093746185303	38.99147129058838
31.385674476623535	34.673190116882324
28.694465160369873	31.849257946014404
37.877869606018066	41.45844221115112
38.21129512786865	42.5245246887207
37.610286712646484	40.4144983291626
48.00865173339844	51.412174224853516
34.414809703826904	35.555152893066406
40.200523376464844	42.65068435668945
52.26008129119873	54.76594638824463
39.55508089065552	42.785842418670654
34.56675052642822	34.02606964111328
33.47130346298218	36.93009090423584
33.87476348876953	35.250389099121094
31.598896980285645	35.63272762298584
39.851070404052734	40.48668670654297
33.912940979003906	37.659424781799316
34.32190656661987	38.30661058425903
37.161741733551025	40.71178960800171
36.3903021812439	40.35194206237793
33.12828063964844	35.889039039611816
36.560569763183594	36.94170331954956
26.833560466766357	31.45618438720703
43.886741638183594	46.90872573852539
39.068307399749756	42.16291427612305
43.87980651855469	46.98030090332031
40.909310817718506	44.63802433013916
48.28358459472656	50.50652313232422
36.20445251464844	37.726149559020996
35.78826189041138	36.311748027801514
41.343398094177246	44.46968078613281
37.729538440704346	41.13825464248657
29.349812507629395	33.77940273284912
43.8013596534729	49.83822679519653
34.32985782623291	36.731746196746826
46.59348964691162	50.01076412200928
30.635283946990967	33.070189476013184
31.237987518310547	35.68612575531006
36.37165832519531	38.102195739746094
41.49208068847656	45.8441162109375
44.07878112792969	46.07286834716797
40.48617696762085	42.65127658843994
36.163458824157715	38.093905448913574
33.306663513183594	34.51192808151245
43.714494705200195	47.8757381439209
39.28744459152222	43.72444200515747
35.648319721221924	36.03678226470947
31.188889503479004	34.65432071685791
35.94686985015869	39.2517614364624
33.206470012664795	37.06130266189575
30.113987922668457	32.69481182098389
33.519721031188965	36.105873584747314
35.27867031097412	38.00229263305664
28.505847454071045	32.38644361495972
36.775803565979004	39.798142433166504
39.26599884033203	42.18203353881836
40.780738830566406	43.76626968383789
35.81218242645264	39.182891845703125
39.18871307373047	43.72188091278076
45.29667377471924	49.45069456100464
29.901206493377686	32.888591289520264
47.650206089019775	49.290907859802246
30.08547019958496	34.156250953674316
36.99906635284424	40.39924621582031
38.05056047439575	40.448158740997314
29.74891424179077	32.37011671066284
38.811829566955566	42.67349338531494
30.54521942138672	33.07971954345703
31.139426231384277	37.36859083175659
40.30997943878174	43.01689052581787
28.04798412322998	28.057488441467285
37.680588722229004	41.52028942108154
45.95745038986206	49.43257999420166
32.94357204437256	36.12594509124756
41.30232381820679	44.0689172744751
47.263267517089844	51.17931365966797
35.98107051849365	40.879974365234375
43.770904541015625	46.02970218658447
35.32061004638672	38.457627296447754
39.43492126464844	44.16945219039917
35.97054624557495	39.63324689865112
39.61948490142822	42.94804239273071
32.9790358543396	36.279738903045654
29.634857177734375	32.40722036361694
36.74695873260498	39.657325744628906
42.43113327026367	43.944594383239746
39.794342041015625	43.23462772369385
50.47686052322388	52.63862657546997
30.77069664001465	33.411746978759766
26.674437522888184	27.63479232788086
31.937716007232666	33.60387086868286
40.06124210357666	43.054993629455566
33.67627811431885	38.85615634918213
36.66638994216919	41.01581859588623
31.01410150527954	33.35697650909424
36.70795440673828	41.726806640625
35.41416263580322	42.146324157714844
34.08984375	38.29387664794922
34.198265075683594	37.52973937988281
44.783973693847656	47.00336456298828
39.82174587249756	41.5537691116333
46.50273132324219	49.79633712768555
32.351951599121094	36.7059326171875
40.119022369384766	42.676307678222656
46.37213897705078	52.205101013183594
43.826812744140625	48.03660583496094
42.50575256347656	42.695523262023926
41.75071620941162	45.48948383331299
39.6302604675293	42.368629455566406
33.56928300857544	36.70471525192261
26.840941905975342	26.561665534973145
37.932119846343994	41.43311786651611
42.306861877441406	45.73127365112305
33.864317893981934	38.470919609069824
41.18677043914795	44.278096199035645
30.934816360473633	36.08669185638428
34.80392408370972	37.67842245101929
28.785955905914307	33.024773597717285
40.86173343658447	43.79707717895508
30.801770210266113	35.72706127166748
44.12480926513672	46.84651565551758
47.77151584625244	50.863407611846924
41.080413818359375	43.79423904418945
28.57801914215088	27.723288536071777
35.73661422729492	37.877525329589844
41.147690773010254	44.49079465866089
31.145811080932617	33.018882751464844
37.805641651153564	43.56998586654663
34.399940967559814	39.11881923675537
33.256659507751465	37.172579765319824
34.25949811935425	36.56975507736206
35.02199935913086	39.243659019470215
33.35117268562317	36.526463985443115
32.69876956939697	35.054545402526855
41.26753234863281	44.8771333694458
35.771610736846924	38.31005811691284
39.247398376464844	42.920851707458496
29.670555591583252	32.613372802734375
34.83309268951416	36.02162837982178
32.09713649749756	36.08321237564087
41.04389953613281	41.02885055541992
35.76799154281616	37.25556564331055
36.944382190704346	37.40352153778076
32.47694492340088	38.309157371520996
43.748016357421875	46.67518997192383
45.09599304199219	46.74363327026367
29.21344518661499	33.579421043395996
39.172499656677246	43.506577491760254
40.18315267562866	43.82522535324097
36.63988399505615	39.75834655761719
39.82865810394287	41.104957580566406
43.94139862060547	48.75328063964844
37.988253593444824	41.87831211090088
38.31055450439453	41.548133850097656
36.9343843460083	40.89225769042969
43.50932264328003	48.772215843200684
51.22602081298828	57.21806335449219
45.06629467010498	47.639784812927246
38.35106134414673	42.6555757522583
29.37430763244629	33.89032745361328
46.75414323806763	48.42067909240723
50.38772010803223	52.87088060379028
44.36006164550781	49.122318267822266
48.13140106201172	52.842933654785156
30.705597400665283	34.66519117355347
40.6629900932312	44.02441883087158
33.82176208496094	36.11210489273071
38.91051769256592	39.91506576538086
41.55477285385132	47.322922229766846
33.08242893218994	36.93930530548096
43.24931335449219	46.90083312988281
35.58597183227539	36.621734619140625
30.18079662322998	33.0096960067749
36.284523010253906	37.10394287109375
37.39962339401245	42.094359397888184
42.13656425476074	44.497857093811035
30.915931224822998	33.77653408050537
31.108758449554443	35.70574998855591
33.978145122528076	37.52671480178833
28.950794219970703	33.47826862335205
37.62359619140625	40.21548843383789
31.39267921447754	32.26499080657959
31.51220989227295	34.1476674079895
40.12948513031006	42.295522689819336
36.77989053726196	38.771371364593506
40.87483072280884	43.494343280792236
33.219420433044434	37.58289813995361
34.638092041015625	36.41968536376953
36.52556562423706	40.55894231796265
40.90343618392944	43.55376386642456
36.70429229736328	40.37798023223877
38.35114288330078	40.87679386138916
40.34370803833008	43.342689514160156
39.67738151550293	41.89367151260376
28.49644422531128	31.256368160247803
34.9491491317749	36.02552890777588
29.9399733543396	33.669114112854004
41.6347131729126	44.641639709472656
35.87785243988037	38.611533641815186
43.34213352203369	47.23721933364868
41.971336364746094	45.323631286621094
29.406068325042725	32.48717546463013
36.17588806152344	39.59342288970947
46.49163818359375	49.94036865234375
34.126158237457275	38.61007261276245
37.69699764251709	40.52581071853638
35.268672943115234	40.83760070800781
27.813697814941406	27.439533233642578
37.35581874847412	41.32237911224365
23.403472900390625	31.032109260559082
37.664353370666504	39.97626543045044
52.40277719497681	55.07003402709961
29.59212303161621	33.55374574661255
36.701170921325684	39.72443675994873
44.14118957519531	45.76948547363281
40.05316972732544	43.328818798065186
39.18487548828125	41.99195575714111
30.52489471435547	35.921173095703125
38.93988800048828	41.90302276611328
34.0068564414978	39.800169944763184
41.44771194458008	43.52980041503906
35.30643939971924	38.037611961364746
37.059608459472656	39.769309997558594
39.28693389892578	43.08729553222656
38.36769104003906	41.56710147857666
37.03435134887695	39.65464782714844
38.644339084625244	43.77543783187866
42.467567443847656	44.70882797241211
38.57313251495361	42.0479736328125
45.03048324584961	49.59230041503906
32.88404846191406	35.16302490234375
49.08675003051758	50.791717529296875
37.964173316955566	41.234328269958496
37.210307598114014	40.416916370391846
36.49837589263916	41.782010078430176
29.259167671203613	32.31185436248779
38.854050159454346	39.77070665359497
34.014206409454346	36.916232109069824
40.266175270080566	43.67355966567993
41.56278991699219	43.71516418457031
34.21846389770508	38.05290985107422
43.01006317138672	44.39377307891846
32.732887268066406	36.09788417816162
28.32880973815918	32.39773511886597
27.6807804107666	30.817992210388184
38.19223928451538	40.96427869796753
31.39804172515869	35.544273376464844
33.250935077667236	37.84006595611572
31.22958469390869	33.72678852081299
38.33008575439453	43.35010528564453
39.29110288619995	42.03511095046997
34.36270523071289	37.594390869140625
40.46006155014038	44.523178577423096
41.68814039230347	45.08152914047241
36.931869983673096	40.79480218887329
38.27864980697632	41.29703998565674
35.65092372894287	38.083740234375
53.1448974609375	54.78623962402344
34.368876457214355	39.080257415771484
38.13848876953125	40.72298812866211
30.44432258605957	34.34645748138428
33.79155111312866	36.52641677856445
30.5954909324646	33.487937450408936
39.44571256637573	42.26180076599121
40.42935657501221	43.337170124053955
31.042386054992676	33.50645446777344
40.85170602798462	43.873390674591064
41.08754253387451	44.13071966171265
35.80262851715088	40.57900953292847
32.12228727340698	36.151061058044434
34.88034009933472	38.34492206573486
44.342262268066406	47.97282791137695
34.20381689071655	37.013874530792236
37.472694396972656	40.45365524291992
35.13770771026611	41.03242206573486
41.47991132736206	43.71094369888306
37.519761085510254	41.17661190032959
41.80488586425781	46.03584671020508
36.793304443359375	42.31066417694092
33.678765296936035	37.733588218688965
34.83138370513916	37.80255603790283
35.59366226196289	37.00090026855469
43.011192321777344	43.96552276611328
38.22268056869507	39.66657543182373
49.28253936767578	51.73758029937744
33.885321617126465	38.153239727020264
35.36630630493164	37.480934143066406
36.44443988800049	38.79994869232178
31.119205951690674	34.16664123535156
34.32819890975952	37.1324987411499
31.766421794891357	36.054909229278564
34.275715827941895	38.33093547821045
22.983276844024658	27.890326976776123
38.3788948059082	41.87068462371826
33.00252437591553	35.845866203308105
38.83770132064819	43.19110870361328
47.68529510498047	51.747982025146484
34.51033115386963	37.058424949645996
35.11178493499756	38.4173059463501
37.63439607620239	41.98229265213013
32.5321626663208	35.64777374267578
34.784971714019775	32.50902843475342
34.386558532714844	39.243988037109375
47.35805892944336	50.00396728515625
38.80110836029053	43.68871355056763
41.997416496276855	45.27291536331177
36.51017761230469	40.852858543395996
38.49117136001587	43.179736614227295
33.08593034744263	33.849196434020996
31.437249183654785	33.852009773254395
37.035874366760254	40.99137878417969
29.368502616882324	31.7598557472229
42.00333023071289	47.29594421386719
41.2970085144043	42.64427947998047
32.599571228027344	34.89794158935547
35.48683547973633	40.195068359375
33.240840911865234	36.0936598777771
41.49402713775635	45.35519361495972
48.088096618652344	51.04905700683594
36.63485765457153	41.133790016174316
45.38889932632446	49.70611095428467
26.962105751037598	28.688335418701172
33.721128940582275	35.36031198501587
35.499449729919434	36.19643497467041
33.833367347717285	37.86079502105713
35.276525020599365	38.85864973068237
39.099853515625	41.267784118652344
31.99559497833252	34.160353660583496
50.31962203979492	52.18596649169922
32.30882167816162	35.63173294067383
37.09713077545166	40.18221187591553
28.831435203552246	32.151432037353516
42.491177558898926	46.220675468444824
34.62220287322998	36.154160499572754
42.73900890350342	47.218650817871094
35.59410905838013	38.530457973480225
48.97850799560547	55.72959518432617
37.78350830078125	39.55554151535034
36.25557804107666	39.91080379486084
34.17515802383423	37.82150316238403
34.17076873779297	37.12151336669922
35.626808166503906	39.540284156799316
40.56927490234375	44.938716888427734
38.744479179382324	41.78002452850342
30.39436388015747	33.67061710357666
32.347044944763184	36.210689544677734
32.37560749053955	34.45463562011719
36.14687442779541	38.2133150100708
33.15263843536377	35.86497402191162
41.003201484680176	44.67372274398804
39.147207736968994	41.410640716552734
40.53320789337158	42.46652269363403
36.98085021972656	40.1446008682251
46.451324462890625	49.737342834472656
33.07988405227661	37.94595241546631
36.55093860626221	37.5876989364624
35.541157722473145	39.705451011657715
45.73762130737305	46.49604797363281
47.00221061706543	48.89429569244385
34.72979736328125	37.634239196777344
33.12732696533203	35.955265045166016
33.42677307128906	36.949971199035645
35.17940664291382	38.84906005859375
29.89220952987671	32.29253149032593
41.383872985839844	44.410675048828125
45.291189193725586	49.10260820388794
38.154873847961426	41.251667976379395
37.26264667510986	39.09188747406006
37.99706268310547	39.97806930541992
41.835405349731445	47.08559989929199
43.478416442871094	48.79207420349121
31.489150524139404	36.48700714111328
37.015727043151855	40.72135257720947
45.994667530059814	47.753859996795654
41.16042423248291	43.555094718933105
35.24535417556763	38.1732702255249
38.14216661453247	43.35086631774902
40.798617362976074	43.47829484939575
38.314568519592285	41.373947620391846
37.57027816772461	39.403326988220215
38.44604015350342	40.099746227264404
32.93101739883423	32.99648952484131
35.508870124816895	39.847657680511475
34.69237518310547	37.85489273071289
40.12186288833618	44.717278480529785
32.91131114959717	35.26413059234619
37.46293544769287	39.70150709152222
43.670143127441406	47.20729446411133
33.95299434661865	36.87323331832886
35.48429203033447	37.78750705718994
34.60459518432617	37.61724853515625
35.53611707687378	39.81116485595703
35.452171325683594	38.914687156677246
35.668267250061035	39.67880630493164
39.45315933227539	42.0592737197876
35.95731067657471	38.987053871154785
40.17857360839844	41.8325309753418
31.435806274414062	35.83216857910156
42.930673599243164	45.76308631896973
41.59299373626709	42.723060607910156
51.84749126434326	53.358049392700195
29.234251976013184	34.07695770263672
37.51639652252197	40.174530029296875
40.748616218566895	45.36245679855347
42.531219482421875	44.96662902832031
36.48748731613159	40.48319959640503
40.34757900238037	44.253355979919434
36.89404296875	42.28700256347656
32.6130952835083	36.42524814605713
45.46498775482178	47.006052017211914
37.722084045410156	38.22796630859375
36.7916898727417	41.317240715026855
27.176044464111328	30.19640064239502
35.21430587768555	41.725722312927246
35.265480041503906	38.32661151885986
40.10179138183594	43.034271240234375
31.883700370788574	35.51488494873047
40.15465450286865	42.072707176208496
37.683165550231934	41.252614974975586
33.75617265701294	36.686015129089355
35.30620527267456	37.11605978012085
38.4095458984375	40.068790435791016
39.89514875411987	43.8650426864624
31.78640842437744	35.812079429626465
38.9614143371582	40.320709228515625
40.30020809173584	43.20374917984009
41.012277126312256	44.50272083282471
38.841888427734375	43.1705436706543
