34.06022310256958	29.34791088104248
33.22427272796631	33.7128210067749
34.55672550201416	37.051371574401855
33.339271545410156	31.79377794265747
31.27920627593994	31.960521697998047
33.09218978881836	31.775482177734375
26.85497283935547	30.990703582763672
33.9905309677124	38.48707914352417
31.04273796081543	29.17068099975586
32.191529273986816	31.193098068237305
32.81954288482666	34.77480411529541
30.78347110748291	30.005799293518066
32.64260387420654	38.85493755340576
21.308745861053467	21.161786556243896
32.65568256378174	34.01018142700195
31.06102466583252	29.74910545349121
22.163761138916016	21.420421600341797
51.72326326370239	47.99322462081909
42.74527549743652	39.72885608673096
28.951374053955078	35.494895935058594
23.141193866729736	25.2425594329834
25.615715980529785	29.394972324371338
28.27627182006836	27.75885772705078
27.581613540649414	31.980751037597656
23.742050170898438	24.92186737060547
38.19998502731323	43.33454608917236
36.31085157394409	31.81410551071167
30.38639259338379	33.228187561035156
25.927230834960938	23.378047943115234
44.81990146636963	39.776893615722656
28.131797790527344	25.30777931213379
27.488207817077637	31.610404014587402
31.715343475341797	29.108044624328613
36.52317810058594	37.28278350830078
28.85826873779297	30.079750061035156
28.963391304016113	29.081454277038574
34.517388343811035	37.920124530792236
30.038443565368652	33.43605136871338
28.759429454803467	29.145445823669434
32.44844436645508	33.49550724029541
25.291893005371094	27.331024169921875
26.527207374572754	23.320122241973877
33.227360248565674	27.918400764465332
29.413124084472656	33.56297206878662
29.934572219848633	31.137027740478516
21.642856121063232	26.97594451904297
34.021636962890625	33.07415771484375
24.526187896728516	27.264633178710938
34.094340801239014	35.23203372955322
36.778472900390625	36.93097686767578
26.689693450927734	28.483922958374023
36.95381164550781	32.543463706970215
23.38368034362793	24.874637603759766
35.308319091796875	34.11637496948242
24.082319259643555	22.45835304260254
33.24572801589966	28.456778526306152
35.00779628753662	31.213390827178955
31.456379890441895	34.779484272003174
29.113560676574707	27.662375450134277
35.07376194000244	37.26262331008911
37.27072477340698	35.569255352020264
30.725488662719727	29.24095630645752
27.648693084716797	34.22021484375
32.04319763183594	26.409706115722656
21.819643020629883	21.20869016647339
20.98633575439453	23.435078144073486
27.666332244873047	28.59290599822998
32.23934268951416	26.561945915222168
34.4835901260376	38.5469126701355
28.49472713470459	32.30398464202881
36.11622619628906	30.508045196533203
25.86891460418701	28.074912071228027
43.13169765472412	43.064921379089355
32.08622646331787	27.140192985534668
36.14110469818115	34.06054735183716
29.055479049682617	32.355414390563965
39.870216369628906	42.60917663574219
30.532668113708496	23.506540775299072
21.541757583618164	27.964213371276855
33.683685302734375	38.40663146972656
29.46658229827881	31.37449836730957
35.203399658203125	37.35713243484497
33.66041564941406	32.81773376464844
26.48279571533203	32.2265625
32.468631744384766	32.82459259033203
33.83862018585205	33.73448848724365
33.018524169921875	31.906099319458008
33.01251173019409	37.63453722000122
35.053771018981934	40.7724723815918
31.685550689697266	32.74586486816406
28.418984413146973	31.386404037475586
24.669702529907227	24.712369918823242
17.79497194290161	20.728145599365234
32.35570430755615	35.96835374832153
33.118194580078125	29.15682029724121
20.185752868652344	27.143550872802734
41.53795337677002	42.71282958984375
20.729986667633057	22.49485158920288
33.965041637420654	29.397881031036377
32.73959732055664	32.01837158203125
26.890334129333496	31.41203212738037
40.481858253479004	37.76105976104736
31.729219436645508	35.49610137939453
29.722225666046143	29.644503593444824
27.052431106567383	29.979318618774414
36.21934127807617	34.53787612915039
37.36085891723633	32.34886169433594
33.53891372680664	37.77945041656494
23.31913948059082	25.106300354003906
20.602924346923828	20.426490783691406
34.43516492843628	34.189581871032715
25.826379776000977	34.76731491088867
25.657649040222168	28.320538997650146
27.09439516067505	31.562411785125732
28.330389976501465	22.672915935516357
32.99628734588623	30.941874980926514
32.22335338592529	35.974488258361816
33.52755784988403	33.31707715988159
27.74850845336914	28.639938831329346
23.50613784790039	24.660974502563477
33.88682174682617	34.16547393798828
28.788004875183105	29.72633457183838
33.535186767578125	31.68448257446289
28.408466339111328	33.528526306152344
34.18710708618164	33.725295066833496
29.037553787231445	29.358936309814453
32.902618408203125	30.81645965576172
23.558853149414062	27.05350685119629
30.657230377197266	30.372196197509766
34.3017578125	32.657036781311035
33.47923755645752	37.092273235321045
27.69242525100708	24.909980297088623
47.76148319244385	45.692572593688965
43.37794303894043	41.3820743560791
29.663715362548828	33.04650115966797
49.63772392272949	42.874016761779785
34.65864944458008	31.68790912628174
45.73191833496094	44.906375885009766
27.710389137268066	26.153054237365723
34.7996711730957	35.24440050125122
32.85719394683838	36.2115740776062
32.52939987182617	35.20105743408203
33.134541511535645	30.793521404266357
27.17951202392578	26.784607887268066
31.342053413391113	35.256335735321045
29.385761260986328	28.105819702148438
47.957024574279785	44.67231273651123
29.361066818237305	37.56070375442505
28.63974380493164	29.47822093963623
30.961915969848633	34.02732181549072
29.5248441696167	26.241929054260254
30.407764434814453	31.846278190612793
35.47003984451294	41.8369197845459
23.650664806365967	30.78354263305664
26.035888671875	32.513397216796875
30.423552989959717	31.054348945617676
32.755019664764404	36.23319149017334
28.42174530029297	33.40400218963623
26.154460906982422	25.278526306152344
27.34443426132202	28.010897636413574
31.95077896118164	26.332592964172363
25.868690490722656	30.520404815673828
19.846293926239014	20.22862958908081
34.67866516113281	36.124332427978516
34.45465850830078	35.677268981933594
18.83589506149292	22.129497528076172
32.56674289703369	33.305721282958984
25.29098129272461	22.865447998046875
32.79492139816284	34.13348436355591
28.320693969726562	32.876572608947754
28.720638275146484	34.361083984375
29.36469316482544	28.60443115234375
19.561603546142578	22.599276065826416
19.614834308624268	24.373068809509277
29.15079689025879	28.341267585754395
27.873746871948242	29.598506927490234
32.082200050354004	31.015162467956543
34.99803924560547	32.5028076171875
32.69839096069336	32.51701736450195
29.448162078857422	29.678936004638672
31.44207191467285	35.63686752319336
31.48074722290039	33.96521759033203
28.54284954071045	33.2034387588501
30.569049835205078	35.91825866699219
29.483259201049805	26.0414981842041
28.073627471923828	31.206846237182617
34.824581146240234	35.53452968597412
42.815131187438965	45.24531841278076
24.801979064941406	28.40562343597412
31.358797073364258	34.39888858795166
35.50846576690674	30.109643936157227
30.19973659515381	30.001107215881348
24.445075035095215	28.10049533843994
26.102076530456543	32.60569667816162
29.31953716278076	27.05771255493164
23.392131805419922	26.96847152709961
30.16451358795166	30.62887191772461
28.951294422149658	27.467641830444336
38.65342617034912	41.87197685241699
26.293890476226807	26.966350078582764
37.399306297302246	38.49311113357544
30.194573402404785	30.948550701141357
38.65782976150513	38.54473829269409
28.696189880371094	33.60483169555664
29.286200523376465	31.104214668273926
28.58774185180664	34.331135749816895
34.680763244628906	32.98334503173828
27.789196014404297	35.71361541748047
32.67510986328125	31.199180603027344
47.934560775756836	38.75724792480469
27.490631103515625	26.93540096282959
36.70626926422119	35.15676212310791
31.613306999206543	34.01294708251953
20.777885913848877	22.9215087890625
28.69253396987915	37.792534828186035
34.74816131591797	41.83728790283203
25.9398193359375	30.770012855529785
29.289650917053223	25.71903705596924
33.74011993408203	34.40047073364258
29.83771324157715	29.714874267578125
28.573033809661865	25.534651279449463
24.904898643493652	22.541274547576904
38.37893009185791	38.27214002609253
29.70979118347168	31.363693237304688
27.482650756835938	28.765911102294922
25.99138069152832	31.887378692626953
27.57211685180664	22.562095642089844
31.67691707611084	28.992202281951904
26.555349826812744	36.434738636016846
34.39512252807617	33.979698181152344
33.40473556518555	30.765195846557617
30.057655334472656	27.921295166015625
32.914671897888184	32.79994249343872
30.47354793548584	27.857033729553223
32.30815887451172	31.766011714935303
38.525612354278564	40.31210422515869
28.007583618164062	30.163116455078125
29.99711036682129	33.8897442817688
35.14873027801514	34.224960803985596
31.977972984313965	30.123291015625
32.07089185714722	31.835875511169434
28.226627349853516	33.25825500488281
33.71407985687256	37.79896831512451
29.464305877685547	30.48049545288086
29.439356803894043	27.36240863800049
26.908241271972656	28.591123580932617
26.024568557739258	27.428173065185547
17.761539459228516	23.339351177215576
32.48294734954834	31.368507385253906
26.289499282836914	31.3388729095459
28.505549430847168	35.19808292388916
29.089406967163086	34.327178955078125
37.654197216033936	40.07817268371582
25.041335105895996	27.472323417663574
32.19529724121094	32.904579162597656
37.01068115234375	30.470430374145508
41.40700149536133	43.91110324859619
38.032711029052734	35.63602352142334
32.667248249053955	28.653438091278076
31.141533851623535	32.52704620361328
33.43411731719971	35.67289066314697
34.38854217529297	35.10295391082764
16.068756580352783	19.180290699005127
27.046398162841797	26.084962844848633
30.18282413482666	32.40011215209961
32.52066135406494	32.481563091278076
25.825581550598145	29.810937881469727
20.610790729522705	25.150371551513672
23.924599170684814	25.687617301940918
35.16812515258789	39.45173645019531
32.69941234588623	33.04361057281494
29.838294982910156	27.697673797607422
25.807923316955566	27.264172554016113
31.52816390991211	36.42056179046631
36.16651153564453	35.35213851928711
27.27440357208252	27.442173957824707
32.85349369049072	34.03681993484497
22.07750701904297	20.73835802078247
28.897170066833496	35.3512544631958
30.9193754196167	32.619933128356934
31.500823974609375	32.91883850097656
25.490132331848145	24.151894569396973
30.316635131835938	32.915682792663574
40.76579570770264	36.85812473297119
26.021367073059082	29.039525985717773
33.97259521484375	30.42217445373535
25.68344020843506	26.178568840026855
42.57999897003174	41.99199676513672
54.28695487976074	50.97558403015137
30.321552753448486	36.28638505935669
31.975242614746094	28.93174934387207
32.99554109573364	32.645230293273926
27.666778564453125	25.86386489868164
29.138251304626465	26.661921501159668
21.69493818283081	23.20008659362793
38.146374225616455	38.40119123458862
27.543177604675293	28.30878496170044
41.516103744506836	39.31025981903076
31.147544860839844	37.75782775878906
34.75269317626953	35.92719316482544
20.679266452789307	22.390793323516846
26.106595993041992	27.445037841796875
28.550371170043945	28.56352996826172
25.95981502532959	23.942786693572998
30.62218189239502	34.26619291305542
26.655263900756836	29.50324249267578
35.58266830444336	31.643144607543945
33.113548278808594	32.44567108154297
34.496498107910156	33.4218635559082
37.37518310546875	39.27550554275513
30.15674591064453	33.14042663574219
35.31188201904297	29.157373428344727
33.26263427734375	33.91054153442383
21.09479522705078	23.563400268554688
24.770567893981934	22.047356128692627
33.38624954223633	35.72146654129028
35.65945816040039	35.26363754272461
30.67650032043457	31.937679290771484
33.126933574676514	30.90848684310913
27.569332122802734	28.856894969940186
31.575666427612305	31.666257858276367
41.739346504211426	41.23746585845947
28.68691921234131	26.858001708984375
27.392443656921387	28.827092170715332
28.787055015563965	26.20327091217041
23.061931610107422	24.577648162841797
27.620678901672363	29.95030689239502
28.290206909179688	35.83777713775635
32.12622880935669	36.32244825363159
34.511192321777344	33.00806427001953
27.75725555419922	26.221240997314453
31.756013870239258	35.074092864990234
29.765932083129883	31.429658889770508
26.466184616088867	26.683767318725586
33.843170166015625	33.91121292114258
29.246466159820557	30.440974235534668
27.929863929748535	29.819724082946777
20.45656156539917	24.304781913757324
31.003700256347656	31.579153060913086
30.625282287597656	31.03238296508789
25.480244636535645	23.87993574142456
39.08984422683716	41.28800868988037
36.442711353302	32.01014757156372
28.353914260864258	26.759963989257812
32.24334716796875	33.381171226501465
35.61256408691406	34.93372344970703
36.035640239715576	37.29635238647461
21.68596887588501	21.303308486938477
28.018672943115234	34.7934455871582
32.081687450408936	32.27858304977417
27.30071258544922	29.92203140258789
33.639461517333984	36.56571865081787
33.040069580078125	28.19131851196289
26.598000526428223	29.85834503173828
36.40082836151123	35.72270154953003
31.68919324874878	32.945570945739746
26.46712017059326	29.587111473083496
28.218183517456055	34.33933734893799
23.856033325195312	28.994879722595215
26.674294471740723	29.437146186828613
27.544302940368652	28.36676836013794
28.61968994140625	27.363365173339844
33.7809419631958	34.19364929199219
19.641094207763672	21.765167236328125
30.82428741455078	34.88154602050781
39.795138359069824	39.405006408691406
33.40217113494873	32.59620666503906
39.87953186035156	37.174739837646484
35.30103302001953	35.01172637939453
27.601252555847168	32.74592113494873
29.78726577758789	34.173102378845215
31.020172119140625	31.749160766601562
26.475173950195312	30.847705841064453
31.695018768310547	30.85047721862793
26.352059841156006	27.20874309539795
42.71445178985596	42.20074939727783
37.17458248138428	41.573166847229004
31.3216552734375	32.34011936187744
24.553001403808594	26.536027908325195
30.536348819732666	31.13487482070923
32.13067293167114	33.241868019104004
33.578429222106934	38.61529588699341
27.652450561523438	31.94200897216797
30.05052375793457	30.498613357543945
31.789965629577637	32.018799781799316
25.323689460754395	29.59855842590332
21.019253253936768	21.657762050628662
31.273418426513672	36.15522003173828
27.47526454925537	28.231764793395996
24.622501373291016	29.507450103759766
24.567200660705566	20.786194324493408
29.83320713043213	35.42940616607666
37.75223922729492	33.18673324584961
29.101641178131104	30.97135066986084
30.63228988647461	29.36953353881836
33.470306396484375	34.022812843322754
27.246803283691406	30.398883819580078
31.324376106262207	33.01311492919922
37.907776832580566	36.56150817871094
28.744657516479492	24.97024154663086
40.371150970458984	41.70445919036865
28.488444328308105	27.038131713867188
30.501017570495605	32.54905700683594
27.32120418548584	32.191715240478516
28.9627046585083	31.66904926300049
29.654090881347656	34.64418029785156
27.85655403137207	28.52898406982422
27.54779815673828	28.600666522979736
29.02613067626953	32.50067138671875
39.6981782913208	40.395358085632324
37.58150577545166	33.027215003967285
28.957362174987793	32.73656129837036
24.73689079284668	25.10873794555664
30.3590989112854	25.31123638153076
28.21439838409424	34.099525451660156
24.542136192321777	24.781498908996582
28.363317489624023	32.35612106323242
30.01878023147583	31.508679389953613
33.73817443847656	28.72831916809082
25.708723068237305	24.026862144470215
20.38496446609497	19.3867506980896
27.2371826171875	32.29546356201172
22.85791826248169	24.361679077148438
28.677371978759766	27.111568450927734
26.045079231262207	26.94540309906006
31.255023956298828	24.47079849243164
35.063841819763184	31.15803050994873
37.23257541656494	35.40491580963135
33.90715026855469	38.12252712249756
35.48646545410156	33.7411003112793
31.881206512451172	32.680206298828125
29.71311092376709	29.043123722076416
28.391305923461914	25.363113403320312
34.82759475708008	38.75019550323486
29.189638137817383	30.304798126220703
36.334195137023926	35.3608512878418
29.264230728149414	33.175804138183594
41.290597915649414	34.29271697998047
31.338287353515625	36.325584411621094
34.318603515625	33.1141357421875
34.77290630340576	39.12259340286255
26.443230628967285	26.15042781829834
34.47773742675781	30.713821411132812
27.687013626098633	26.81121826171875
35.001747608184814	36.05796813964844
45.25436782836914	42.67111873626709
27.537989616394043	27.230326652526855
31.22417449951172	29.187129974365234
33.6468505859375	37.67730236053467
27.042497634887695	29.14654541015625
30.344011783599854	35.02417802810669
23.73759698867798	22.813661098480225
24.1787109375	24.87363338470459
36.40310764312744	38.32561492919922
33.160743713378906	30.135570526123047
31.690406799316406	34.446823596954346
32.95185852050781	30.518404006958008
30.80266237258911	32.06098556518555
35.729034423828125	33.86885070800781
47.728440284729004	43.38943576812744
28.371057510375977	29.57596778869629
27.21584701538086	33.75946807861328
33.28582763671875	34.9981689453125
26.070785522460938	33.13095474243164
24.04893159866333	29.11172866821289
35.093642234802246	30.364608764648438
33.26602220535278	33.439698219299316
27.71078395843506	30.41022777557373
24.31944751739502	28.129935264587402
23.403974533081055	22.96711492538452
32.450199127197266	37.59281539916992
37.961880683898926	37.75291156768799
26.858314514160156	31.530433654785156
34.17816877365112	30.376460552215576
31.88280487060547	30.804656982421875
24.243252754211426	26.947388648986816
26.620583534240723	23.610408306121826
47.76043224334717	39.872222900390625
30.64143180847168	34.38472032546997
27.102882385253906	32.25114440917969
28.679468154907227	30.77359962463379
30.55264711380005	35.121097564697266
31.436542510986328	32.22187900543213
16.2227840423584	22.1027569770813
31.207985877990723	29.183387756347656
24.797158241271973	27.11305332183838
35.61787128448486	32.045273780822754
36.99873352050781	34.87445831298828
45.96534061431885	47.41809940338135
32.74686813354492	33.43147945404053
30.37237548828125	29.295669555664062
28.75118350982666	28.017763137817383
27.581368446350098	31.266860961914062
25.610610008239746	24.399770736694336
33.45412349700928	34.75884294509888
33.72595548629761	34.218597412109375
32.03266143798828	30.071683883666992
37.665183544158936	35.589187145233154
30.82006072998047	34.58894062042236
28.707727432250977	24.586509704589844
25.35875415802002	22.893887042999268
38.94706726074219	41.65738105773926
31.250011444091797	36.500789642333984
35.09222412109375	36.942176818847656
33.32919788360596	28.35197925567627
32.58333969116211	32.17167282104492
30.035076141357422	29.1611967086792
29.937535285949707	30.31190586090088
31.444055557250977	34.99536895751953
32.236289978027344	34.734314918518066
29.662551879882812	30.56490182876587
33.846702575683594	39.33897399902344
22.915603637695312	28.12596893310547
30.93755340576172	29.627090454101562
31.12358570098877	35.75186491012573
31.776294708251953	28.952696800231934
29.230799674987793	28.271608352661133
29.307126998901367	33.66972351074219
26.140811920166016	28.781879425048828
28.816866874694824	33.39924335479736
37.84160137176514	39.31171417236328
32.07124710083008	35.94396209716797
28.548505783081055	28.802115440368652
23.375656127929688	27.795055389404297
35.64364194869995	40.310163497924805
36.42916440963745	37.2937536239624
32.360740661621094	32.840606689453125
29.938840866088867	30.453295707702637
31.402149200439453	30.820133209228516
31.014797687530518	38.82040500640869
31.236854553222656	28.01396369934082
22.619572162628174	28.972057342529297
33.83432388305664	39.11993741989136
33.75046634674072	35.38469696044922
38.96995544433594	39.46083068847656
27.576507568359375	26.998580932617188
27.13538932800293	28.848922729492188
35.13508605957031	34.70316696166992
32.73863124847412	35.32383728027344
27.98017978668213	36.46538496017456
36.1125373840332	32.41051197052002
28.741278648376465	31.980460166931152
33.09615612030029	31.511986255645752
33.594374656677246	36.9404673576355
29.215195655822754	29.76775360107422
52.197744369506836	47.517462730407715
30.741093635559082	28.96486759185791
17.78999376296997	22.107906818389893
38.58787536621094	33.9952392578125
37.51508712768555	36.31544876098633
34.707032203674316	31.387985229492188
33.67605209350586	34.27227020263672
33.31935119628906	36.16315460205078
33.63695812225342	39.16348171234131
38.93716335296631	34.99833583831787
33.26848220825195	31.499927520751953
26.634696006774902	29.506027221679688
31.171122550964355	31.71888256072998
28.06966781616211	31.95771026611328
29.847089767456055	24.3697509765625
28.576786994934082	29.049270629882812
30.029911994934082	31.14598560333252
23.52845048904419	20.031463623046875
48.24575614929199	44.221930503845215
35.002403259277344	27.679187774658203
23.07878351211548	22.39255714416504
25.004433631896973	24.619540214538574
39.53314542770386	36.93638324737549
31.621997356414795	30.731277465820312
32.79600524902344	31.118160247802734
29.53140640258789	26.355573654174805
33.01899719238281	34.34794616699219
29.647838592529297	32.96979904174805
35.106472969055176	34.70397233963013
39.898319244384766	36.08652114868164
28.7605562210083	30.8761625289917
26.110711097717285	28.635815620422363
36.58935546875	33.65622329711914
33.55508327484131	34.8077917098999
25.364745140075684	21.075146198272705
35.370849609375	38.15654468536377
30.252971649169922	29.29929828643799
34.15065002441406	28.898136138916016
25.584314346313477	32.60383605957031
31.227489471435547	30.221118927001953
31.381202697753906	36.58295440673828
29.599445343017578	32.77739334106445
25.394123077392578	33.44440460205078
32.37784957885742	30.153852462768555
25.300609588623047	28.67131805419922
32.237491607666016	31.769142150878906
30.8798770904541	33.6903076171875
29.787652015686035	27.186902046203613
27.766220092773438	33.578636169433594
36.88797473907471	37.972588539123535
23.445537567138672	32.91746139526367
28.479595184326172	24.850948333740234
30.442535400390625	29.205638885498047
26.336216926574707	28.98808193206787
31.920783519744873	29.649779796600342
34.13714647293091	39.32042598724365
54.70353841781616	50.46556758880615
26.46751594543457	31.721294403076172
34.08794403076172	35.23243713378906
25.60166072845459	28.44132900238037
31.78965950012207	38.63861083984375
19.052330017089844	24.93588924407959
26.208059787750244	34.664719104766846
31.661736965179443	32.10639476776123
36.14131450653076	33.45509052276611
32.08298206329346	32.592933654785156
49.60367202758789	47.27813243865967
30.772676467895508	33.966827392578125
41.01741313934326	39.959309101104736
30.378544330596924	33.022472858428955
34.510581493377686	35.24320602416992
30.306385040283203	32.78724670410156
28.845556259155273	26.897480010986328
33.3729362487793	32.37995910644531
35.25286912918091	35.09928226470947
31.925761699676514	32.65915632247925
33.865336418151855	40.3181791305542
23.23990774154663	25.681872367858887
37.97621250152588	36.25035762786865
32.271732330322266	31.668418884277344
32.91943073272705	36.58814191818237
24.911582946777344	28.437870025634766
20.174938201904297	24.452442169189453
27.174287796020508	30.751004219055176
27.3725643157959	24.576732635498047
31.95169448852539	28.771780014038086
28.679841995239258	30.926170349121094
35.32339572906494	33.069984912872314
32.1559944152832	34.471580505371094
25.706088066101074	29.98641586303711
32.0454740524292	35.78040599822998
28.88973045349121	32.59435272216797
34.24720287322998	35.80979108810425
34.24124479293823	29.622039794921875
29.531960487365723	33.067097663879395
33.952202796936035	31.71914577484131
24.611133575439453	23.525379180908203
35.036285400390625	32.05105972290039
25.721437454223633	28.342288970947266
44.358675956726074	41.80998516082764
29.334674835205078	25.80626106262207
28.885391235351562	29.55344009399414
36.385416984558105	38.88053798675537
38.78194332122803	37.921509742736816
29.905491828918457	28.93630027770996
27.814833641052246	29.8020601272583
32.79930114746094	37.470009326934814
26.61536407470703	24.33694839477539
34.013400077819824	37.07693576812744
25.55831527709961	30.760456085205078
35.47279739379883	30.059551239013672
29.295710563659668	29.94378662109375
23.499263763427734	23.129546642303467
26.227500915527344	24.989723205566406
28.122726440429688	32.57072830200195
28.673812866210938	26.951366424560547
28.532423973083496	26.73285484313965
36.87584638595581	38.754515647888184
27.51697063446045	28.025658130645752
32.25354766845703	34.821197509765625
29.382295608520508	31.111347198486328
29.175381660461426	33.11084032058716
28.407194137573242	29.225704193115234
29.912250518798828	30.908191680908203
26.11682891845703	32.986900329589844
30.590980052947998	37.07775115966797
28.40443229675293	28.115283966064453
29.499801635742188	35.31163787841797
32.27125549316406	36.92033386230469
28.040454864501953	26.46027183532715
45.650917053222656	47.312198638916016
33.29892635345459	32.154381275177
32.29983139038086	29.407922744750977
37.7528600692749	36.23587703704834
42.94741153717041	40.87162971496582
23.765636444091797	25.46385955810547
38.6537561416626	42.196343421936035
25.248129844665527	23.959455013275146
31.69191837310791	33.31068515777588
29.179658889770508	31.912802696228027
27.786938667297363	25.22842025756836
34.029502868652344	34.660396575927734
23.421287536621094	29.271118640899658
37.00680160522461	42.70494842529297
39.75412368774414	34.61722946166992
31.069302558898926	28.52593183517456
36.83434247970581	37.380428314208984
28.83134937286377	32.352370262145996
34.69409465789795	31.66610813140869
31.783270835876465	37.7251935005188
30.76413631439209	32.31102466583252
24.577978134155273	27.093432426452637
32.525410652160645	31.135196685791016
24.580836296081543	25.550931930541992
33.360092639923096	30.8644700050354
30.080557823181152	32.427334785461426
20.80044174194336	27.215133666992188
32.22920608520508	34.72118377685547
30.622943878173828	31.981637954711914
28.479981422424316	29.596298217773438
39.809678077697754	39.92878818511963
33.555235862731934	36.04281187057495
32.756771087646484	29.876850128173828
25.78224277496338	20.287312030792236
26.21374797821045	26.37311840057373
31.791887283325195	32.16683864593506
30.568618774414062	32.699081897735596
33.817142486572266	31.009767532348633
25.58805227279663	32.83252000808716
27.985596656799316	24.049670219421387
31.372276306152344	33.300697326660156
21.901477813720703	21.14441680908203
29.65462589263916	35.40956211090088
37.02831745147705	35.48675537109375
27.543301582336426	27.982630729675293
42.653839111328125	41.38011932373047
20.796703338623047	21.298843383789062
38.087164878845215	38.06993007659912
37.65773057937622	36.06528043746948
29.10228157043457	26.3492374420166
32.83391571044922	36.87055587768555
41.428213119506836	38.970787525177
29.110164642333984	30.391940116882324
34.048866271972656	34.54402160644531
26.89013957977295	29.09901523590088
33.06318759918213	31.7179536819458
25.844120979309082	23.017913818359375
28.814544677734375	26.11863899230957
33.59269618988037	35.09738206863403
36.5667610168457	37.13077163696289
26.17633819580078	28.752756118774414
26.451281547546387	25.037189483642578
35.06739377975464	36.6365122795105
24.802494049072266	23.115413188934326
30.04622459411621	27.453386783599854
30.50020694732666	33.322691917419434
26.598727226257324	31.664963722229004
28.4241886138916	28.36336898803711
27.790603637695312	25.446138381958008
36.665191650390625	37.9192852973938
34.073890686035156	35.26580810546875
31.30610704421997	31.86378002166748
26.71302080154419	29.48735475540161
32.337721824645996	31.55551528930664
33.515026569366455	32.56118059158325
27.839046478271484	28.81686782836914
29.321409225463867	32.175682067871094
28.43613624572754	30.74535608291626
34.98834228515625	37.300994873046875
31.904888153076172	34.50755310058594
37.78752088546753	33.31350803375244
28.96235704421997	34.21261548995972
27.709439277648926	29.023798942565918
31.768250465393066	36.23401641845703
37.937583923339844	35.235939025878906
33.7422981262207	38.06172180175781
31.9716739654541	35.78898620605469
36.550726890563965	38.78030300140381
33.45143127441406	38.678436279296875
24.81368923187256	22.089885234832764
33.62067794799805	37.428375244140625
22.11454725265503	22.593410968780518
26.68626880645752	28.394296646118164
25.72078800201416	24.345356941223145
22.004412174224854	19.17985725402832
32.10848617553711	31.9091796875
30.478023529052734	25.18039894104004
28.374359607696533	28.833441734313965
29.567716598510742	33.9649543762207
35.231956481933594	35.10547637939453
29.813674926757812	31.57729721069336
27.28952980041504	26.849124908447266
34.361228942871094	30.735795974731445
32.84626865386963	32.63924503326416
29.47884178161621	30.121843338012695
40.79363822937012	43.01408767700195
31.111957550048828	34.54906463623047
34.7504186630249	34.160895347595215
36.43147945404053	38.07907962799072
37.65793561935425	33.15953016281128
29.096649169921875	31.159210205078125
33.5870361328125	36.2770414352417
30.350918769836426	34.14716720581055
27.719314098358154	33.03549528121948
29.724116325378418	32.82265901565552
29.787806510925293	36.05761241912842
20.728309631347656	21.57318878173828
28.033355712890625	31.188108444213867
22.681961059570312	22.163715362548828
32.4682092666626	26.603407859802246
25.40812397003174	26.895566940307617
34.630645751953125	33.489322662353516
22.997836589813232	23.389984130859375
36.78249740600586	36.828529357910156
29.170809745788574	30.371984481811523
28.075284004211426	32.648348808288574
32.380279541015625	33.75766372680664
34.31072998046875	31.834989547729492
35.34770965576172	37.556915283203125
21.262726306915283	24.339946746826172
34.941226959228516	41.51146602630615
37.24668502807617	37.29276180267334
30.106329917907715	28.759760856628418
34.717063903808594	37.921996116638184
27.50959014892578	26.917146682739258
28.144302368164062	30.04383087158203
30.697548866271973	28.07167911529541
29.846481323242188	35.89270782470703
34.82244873046875	38.54296875
27.233119010925293	25.205134391784668
23.845783710479736	25.72024440765381
31.478631019592285	37.564942359924316
27.79981231689453	26.9039306640625
36.88632249832153	38.72817277908325
31.07886791229248	30.462899208068848
26.67732810974121	25.191109657287598
26.630535125732422	35.267852783203125
30.440221786499023	34.02500534057617
30.735776901245117	26.016462326049805
21.93284797668457	30.014192581176758
52.72471046447754	47.360721588134766
35.08239030838013	35.22925853729248
27.68099021911621	34.99260711669922
32.17455768585205	33.736510276794434
33.0712890625	34.677940368652344
26.205101013183594	30.625988006591797
36.17044925689697	33.72992992401123
27.348134994506836	30.10441303253174
22.249229907989502	19.838849544525146
27.383670806884766	36.11955642700195
36.843971252441406	36.42003631591797
45.527503967285156	38.88327884674072
30.688987731933594	27.839187622070312
22.160741329193115	20.84779930114746
26.593994140625	31.486526489257812
31.43466281890869	26.624828338623047
26.069683074951172	29.681884765625
48.97796678543091	44.26117658615112
29.437456130981445	26.5797758102417
32.63203048706055	32.74120330810547
28.10649299621582	32.25348663330078
34.66836214065552	31.54930591583252
27.192641258239746	31.413345336914062
28.281090259552002	29.584274291992188
33.02886199951172	36.20865249633789
35.41202163696289	35.65265655517578
24.770195960998535	30.153396606445312
39.30948257446289	39.93075656890869
32.66304016113281	29.62925434112549
28.851064682006836	33.739219665527344
29.565918445587158	26.092393398284912
36.43592834472656	37.42981672286987
21.711726665496826	24.677006721496582
31.12442970275879	36.33457946777344
37.2357177734375	32.59807586669922
25.45648193359375	33.874027252197266
29.39186668395996	28.487957000732422
32.82330322265625	31.983417510986328
26.125951766967773	28.93513011932373
30.475902557373047	32.28206253051758
27.915971279144287	25.84873676300049
17.871890544891357	22.33185911178589
31.603654861450195	29.205429077148438
33.57651615142822	34.12931728363037
30.6769437789917	36.69992923736572
32.143492698669434	31.671605110168457
39.071922302246094	36.408913135528564
26.150297164916992	27.701675415039062
37.80471897125244	38.86776351928711
34.55902862548828	30.624083518981934
23.9863543510437	24.070816040039062
23.810672760009766	25.706348419189453
30.0001859664917	32.381595611572266
29.15684223175049	32.79375457763672
36.46947383880615	38.18486309051514
30.48959732055664	30.353145599365234
28.91186237335205	35.38384199142456
44.32740497589111	44.51433277130127
33.07585144042969	28.822989463806152
41.977434158325195	41.87382698059082
35.9604606628418	32.109256744384766
28.482620239257812	29.33414649963379
31.629462242126465	33.689866065979004
34.162516593933105	28.155632972717285
35.46436309814453	36.6141357421875
32.315382957458496	32.316962242126465
28.717166900634766	35.49173355102539
33.57024431228638	35.424861907958984
40.470977783203125	39.91771602630615
30.930259227752686	33.20149898529053
32.24321365356445	33.901474475860596
34.63192701339722	36.3806414604187
28.45073938369751	30.352959632873535
38.863487243652344	35.58838605880737
28.809585571289062	26.029194831848145
33.944454193115234	32.38588333129883
38.36439847946167	32.29783296585083
40.250725746154785	37.638893127441406
27.988216400146484	30.664060592651367
28.11503505706787	26.828696250915527
27.868379592895508	24.266996383666992
38.78384828567505	36.07360363006592
29.766266345977783	33.889453411102295
29.625108242034912	34.07782793045044
32.66230010986328	31.01482582092285
27.71690607070923	34.542813301086426
28.303611755371094	25.46683120727539
40.60725021362305	38.80855941772461
23.01197862625122	23.500077724456787
34.487425804138184	35.952484130859375
30.552741050720215	30.784915924072266
25.816463470458984	24.189149856567383
30.721515655517578	33.38104248046875
24.60978412628174	25.310874938964844
33.610047340393066	35.942341804504395
35.01510143280029	29.648962020874023
36.46339416503906	40.29566955566406
22.363998413085938	22.520484924316406
31.052162647247314	33.23723554611206
28.07771587371826	30.698756217956543
27.128620147705078	30.19724178314209
34.820353984832764	40.35204887390137
26.1302490234375	28.410927772521973
31.42144775390625	29.85257911682129
23.890869140625	20.61123275756836
27.876054763793945	31.04548454284668
27.99770164489746	31.991973876953125
29.683194160461426	28.937268257141113
28.97191619873047	30.665193557739258
36.50368022918701	35.420348167419434
25.292274951934814	27.009482383728027
30.267160415649414	33.01840591430664
32.56683826446533	34.09670352935791
36.97040557861328	34.53963041305542
25.415573120117188	28.110251426696777
35.38340091705322	34.99783277511597
33.62620162963867	28.082843780517578
24.934950828552246	34.1823034286499
32.83627986907959	28.495192527770996
25.154495239257812	25.27232551574707
31.76867961883545	30.7034969329834
32.57394504547119	29.351014137268066
33.53648662567139	33.468146324157715
32.889342308044434	31.21645450592041
31.4178729057312	27.646644115447998
24.21131134033203	25.00321388244629
24.744669914245605	21.581841945648193
31.326557159423828	34.79395294189453
27.806105613708496	34.35563564300537
25.528724193572998	20.883426666259766
31.12840461730957	31.977821350097656
23.579326629638672	26.34594440460205
26.898887634277344	34.5821533203125
38.50568771362305	40.29789924621582
21.725383758544922	20.76447057723999
25.98087787628174	30.5326509475708
16.55516767501831	23.80257797241211
14.641413688659668	14.786348819732666
25.351722717285156	28.350894927978516
37.16084289550781	37.72543430328369
24.703574180603027	26.180391311645508
37.12880802154541	41.86457920074463
26.15170669555664	29.318206787109375
23.437713623046875	23.77796173095703
37.95217990875244	36.3792085647583
43.78248691558838	38.79393815994263
34.61416721343994	32.27839946746826
37.55367994308472	40.57340145111084
25.14260959625244	21.29448652267456
25.664531707763672	25.732975959777832
25.94714069366455	29.211247444152832
23.74991226196289	24.68950653076172
26.98703956604004	27.917198181152344
42.69773006439209	38.84815692901611
27.165335655212402	24.179800987243652
27.059852600097656	29.772480010986328
28.20885944366455	26.49107837677002
27.923629760742188	26.12497615814209
37.47185468673706	40.19716739654541
32.178443908691406	28.401039123535156
22.204792499542236	27.73469638824463
34.64398145675659	26.726982593536377
19.91639757156372	20.068851470947266
30.524532318115234	29.760265350341797
45.5205078125	40.4576301574707
32.426483154296875	34.61553192138672
40.16355037689209	34.737792015075684
30.06749725341797	28.372126579284668
32.131961822509766	34.825706481933594
38.0547833442688	40.949721336364746
30.817005157470703	37.621665954589844
36.81541061401367	34.951683044433594
28.772595405578613	27.73901081085205
31.91439151763916	31.94735288619995
37.03501892089844	38.52284240722656
