55.64893341064453	53.82476234436035
46.928595542907715	43.21303081512451
37.193450927734375	36.79344892501831
42.36621856689453	45.341267585754395
40.782179832458496	42.01763153076172
31.604816913604736	42.55450248718262
39.092164039611816	39.96615648269653
62.184391021728516	61.464171409606934
38.109893798828125	37.21523666381836
32.761512756347656	37.03235626220703
41.35111618041992	41.25898742675781
34.20090103149414	34.952274322509766
51.353878021240234	50.05180740356445
45.057096004486084	48.81011915206909
50.639556884765625	54.57261657714844
43.396968841552734	37.48768329620361
41.877410888671875	45.760459899902344
44.58430194854736	34.02553939819336
49.7958984375	49.555137634277344
44.27067947387695	47.95112991333008
44.858673095703125	43.327823638916016
50.74944019317627	46.46641731262207
45.416258811950684	47.32425785064697
43.46674919128418	39.976489543914795
43.401360511779785	45.633201599121094
50.79515075683594	52.76547431945801
34.33452606201172	33.93341541290283
41.43353271484375	28.158496856689453
43.678409576416016	43.94084930419922
48.636579513549805	49.96424674987793
52.10681676864624	49.362621784210205
41.071228981018066	39.886794090270996
50.60098123550415	36.37360620498657
49.76015281677246	47.16042995452881
51.90275001525879	51.9327449798584
42.58400058746338	47.36708736419678
39.157127380371094	36.70681858062744
58.15975570678711	55.00486707687378
36.89271926879883	39.981117248535156
32.77204990386963	33.09509992599487
42.095746994018555	44.24971580505371
45.80016231536865	44.140193939208984
47.08145809173584	59.042012214660645
44.611061096191406	49.605268478393555
33.5950927734375	30.511802673339844
38.006561279296875	43.30599117279053
41.48524284362793	38.23744535446167
45.179362297058105	40.47441482543945
34.3124885559082	22.52132225036621
42.988176345825195	46.85120105743408
31.973190307617188	35.13822555541992
55.02333164215088	54.111714363098145
43.22542476654053	55.565202713012695
49.65270519256592	51.65207386016846
36.783976554870605	38.62177610397339
46.02602291107178	46.05698776245117
48.05740928649902	49.17557716369629
52.13374137878418	45.76502799987793
40.235901832580566	36.13922595977783
40.810967445373535	40.974459171295166
43.70581912994385	48.336490631103516
45.330528259277344	44.700018882751465
37.072994232177734	39.548179626464844
47.89460849761963	51.05302619934082
59.66134548187256	53.360206604003906
32.22697067260742	33.65638732910156
39.86623477935791	50.04690742492676
49.282264709472656	45.89636993408203
48.40336799621582	45.73004722595215
45.88442802429199	48.03213119506836
37.095191955566406	35.25371551513672
50.01738977432251	49.974141120910645
44.27638053894043	49.18996334075928
50.28136110305786	49.40895128250122
51.40589952468872	53.9493522644043
48.51506423950195	48.343448638916016
40.2747106552124	46.772894859313965
52.028470039367676	50.88783264160156
43.46226692199707	47.79213905334473
26.906673431396484	29.02337074279785
26.49071502685547	27.134428024291992
31.267135620117188	41.78667449951172
45.81830978393555	37.73466396331787
37.809932231903076	41.363463401794434
41.55790328979492	37.441932678222656
40.84145545959473	49.87849712371826
51.97291374206543	37.05002546310425
52.505287170410156	54.76592445373535
49.84138488769531	39.241318702697754
38.93742370605469	21.267478942871094
41.928574562072754	38.51674747467041
42.05210208892822	54.50127601623535
37.27126359939575	38.60813617706299
41.75168991088867	45.8616943359375
50.47959661483765	51.663809299468994
39.933650970458984	40.533416748046875
42.80128002166748	42.42762565612793
48.82136535644531	34.16100311279297
42.885398864746094	47.540626525878906
50.401954650878906	49.5058536529541
35.896430015563965	48.00360679626465
43.26820373535156	47.8428840637207
47.467586517333984	57.290504455566406
41.452545166015625	45.68892288208008
43.168341636657715	51.91308403015137
39.47960615158081	40.33233642578125
32.96825408935547	34.44427490234375
42.17001914978027	37.59378433227539
42.68533229827881	40.996376037597656
40.54018306732178	34.97091293334961
40.86314392089844	44.51512813568115
46.3161563873291	29.862914085388184
55.22052621841431	54.30844593048096
45.22270202636719	34.306640625
42.87748718261719	46.35050868988037
49.415388107299805	36.74228382110596
31.17543649673462	41.330381870269775
45.020538330078125	25.844242095947266
45.3720588684082	47.68466663360596
43.2138147354126	43.09050750732422
37.17040252685547	37.96051025390625
44.73794460296631	42.05117225646973
23.616390228271484	34.94290542602539
53.09185028076172	51.30805587768555
43.98778533935547	42.555198669433594
44.18294620513916	31.05864429473877
41.9038200378418	39.63652420043945
54.556312561035156	57.005615234375
36.56913757324219	44.93919849395752
58.47811412811279	45.81614542007446
34.67702865600586	45.16334533691406
51.21292304992676	50.03952598571777
45.04991054534912	45.154972076416016
51.18340301513672	35.664055824279785
43.2666540145874	46.33294105529785
46.56410598754883	47.73824691772461
35.91675281524658	36.01307392120361
38.79495906829834	42.06628704071045
30.395846366882324	31.084136962890625
43.786025047302246	43.47786903381348
40.29925012588501	43.78865909576416
40.091651916503906	51.27398872375488
35.82201385498047	33.82191848754883
52.16553497314453	52.024166107177734
40.521592140197754	50.10055160522461
45.01900863647461	47.56168842315674
43.69122505187988	42.743754386901855
32.59091854095459	44.097700119018555
47.538089752197266	50.363030433654785
35.18033695220947	49.44166946411133
36.62281036376953	45.504417419433594
40.00563621520996	42.30184555053711
43.057355880737305	44.71110820770264
33.081932067871094	36.97557830810547
34.07111406326294	43.290252685546875
39.93405818939209	42.890329360961914
28.79357147216797	26.42413330078125
43.49012088775635	46.46713161468506
46.433472633361816	45.691285133361816
36.712398529052734	33.05550765991211
49.40713691711426	47.7145471572876
41.60081386566162	47.770795822143555
43.32961559295654	29.002037048339844
39.73260498046875	39.539710998535156
41.20450019836426	30.0429630279541
36.51547193527222	38.068344593048096
41.07231855392456	39.73709774017334
38.651909828186035	41.21239185333252
39.51439666748047	42.94644546508789
45.40608596801758	45.35788059234619
38.977824211120605	43.06643199920654
56.000694274902344	49.960044860839844
45.898043632507324	49.177825927734375
51.13600015640259	52.87696123123169
47.962154388427734	51.65270805358887
49.873191833496094	47.755859375
42.597618103027344	42.17570877075195
43.2364559173584	46.81429386138916
40.68860054016113	42.38480567932129
44.274396896362305	45.63071250915527
56.162814140319824	53.16769552230835
48.373483657836914	51.61692237854004
43.621009826660156	46.61316776275635
46.6837854385376	44.16023302078247
31.791597366333008	35.71644973754883
39.479641914367676	50.07904052734375
45.46641159057617	45.6469841003418
37.80648469924927	42.10671424865723
47.55602502822876	55.58879899978638
38.659164905548096	38.797316551208496
49.84170150756836	37.688693046569824
38.785927295684814	38.884215354919434
39.69590377807617	35.46177291870117
35.62717914581299	35.40201663970947
42.687886238098145	41.87196636199951
42.667551040649414	45.55071830749512
43.058807373046875	26.402240753173828
44.442832946777344	50.477203369140625
41.191864013671875	41.08505344390869
48.807334899902344	48.03213596343994
47.289130210876465	49.942800521850586
38.79082489013672	49.59272003173828
29.00123119354248	31.002984046936035
45.8565788269043	47.9435920715332
51.25450086593628	51.41343975067139
57.99118995666504	61.290103912353516
59.70793533325195	58.29621887207031
51.64947509765625	37.015305519104004
37.828033447265625	47.96900653839111
44.678916931152344	30.60511827468872
35.81212615966797	45.62779235839844
39.381961822509766	39.83572769165039
40.83055877685547	42.05442810058594
33.99810028076172	35.348995208740234
31.227527618408203	44.76502227783203
40.69968509674072	44.38334655761719
47.684245586395264	47.83519697189331
35.722328186035156	42.53428649902344
44.17006015777588	41.795851707458496
32.99810028076172	29.89834499359131
46.45474720001221	49.78011131286621
46.43732452392578	47.67882537841797
37.230587005615234	38.424134254455566
39.641136169433594	41.42251205444336
48.62114429473877	50.13965606689453
34.95304489135742	40.16677474975586
47.27445316314697	51.39248085021973
30.05112648010254	34.739410400390625
36.374183654785156	38.2264289855957
30.974942207336426	45.028475761413574
36.11311435699463	44.25961971282959
42.66045570373535	38.70903015136719
47.36084461212158	55.60760307312012
35.10108947753906	39.0893816947937
57.73080253601074	62.235809326171875
39.063560485839844	38.12191390991211
43.105021476745605	43.05797481536865
36.706862449645996	39.286487102508545
48.37639045715332	49.35191345214844
28.820568084716797	27.227313995361328
48.45535135269165	53.16052579879761
43.14776420593262	30.70706605911255
54.56315469741821	53.97036075592041
49.982178688049316	47.988972187042236
39.13602352142334	41.987810134887695
44.81173038482666	45.611045837402344
39.079185485839844	34.98101806640625
33.65129852294922	38.65735626220703
48.08079719543457	49.656949043273926
41.529762268066406	43.24958801269531
33.108642578125	45.359657287597656
39.140586853027344	39.8956298828125
52.00806999206543	51.56734085083008
51.1530818939209	46.653931617736816
37.06010437011719	33.27814865112305
43.515639305114746	41.33191108703613
49.61128234863281	47.357587814331055
40.19778251647949	39.56073045730591
39.85133743286133	32.32420063018799
36.424803733825684	39.54008102416992
30.884979248046875	43.00544738769531
39.75741624832153	36.348185539245605
45.969380378723145	47.428038597106934
40.05270957946777	38.17924976348877
40.406837463378906	40.82750701904297
44.67235565185547	42.005600929260254
34.983642578125	37.920310974121094
48.878583908081055	48.15365791320801
47.83946514129639	35.54137706756592
33.38796615600586	39.2479944229126
39.1893196105957	40.830153465270996
45.17108917236328	46.59187030792236
51.50395202636719	37.264100074768066
39.25791835784912	43.84241008758545
44.26710605621338	40.29523944854736
49.08834934234619	48.80574703216553
43.43212604522705	44.96155261993408
50.46997690200806	50.93777799606323
33.091723918914795	43.236589431762695
32.85905122756958	35.77268123626709
52.636940002441406	52.432777404785156
50.000513553619385	51.42477512359619
42.748291969299316	48.70228385925293
48.314199447631836	47.203078269958496
42.6588134765625	42.58729076385498
44.3273401260376	42.515268325805664
43.916985511779785	46.809539794921875
31.105531692504883	33.59483337402344
46.7124137878418	40.153143882751465
51.31796360015869	47.10453510284424
49.88485908508301	50.751176834106445
25.66269302368164	27.712026596069336
48.488670349121094	32.03649139404297
49.05144643783569	48.001883029937744
36.310707569122314	36.491108894348145
39.94502305984497	39.042372703552246
47.33020305633545	50.825018882751465
35.352680683135986	37.951111793518066
35.86001634597778	37.694167137145996
42.424903869628906	41.327850341796875
44.78700637817383	41.36382293701172
35.79880428314209	36.32635974884033
51.556973457336426	47.680864334106445
40.948256492614746	43.135199546813965
37.24663496017456	41.57978057861328
35.18298625946045	39.991614818573
58.070374488830566	59.95742702484131
53.75314235687256	56.44334316253662
40.57459354400635	51.92809772491455
41.18174362182617	41.439329624176025
46.22026348114014	36.69672441482544
58.8943190574646	58.420602321624756
46.16718292236328	36.836185455322266
45.85660457611084	35.84610843658447
37.1229772567749	45.078898429870605
38.644118309020996	48.07502269744873
45.751662254333496	48.31120491027832
45.573665618896484	44.3621826171875
44.382262229919434	44.16989803314209
38.43034362792969	34.521400451660156
53.02192449569702	48.36166429519653
51.18556022644043	34.72367477416992
41.33982181549072	45.60494422912598
30.739212036132812	34.676337242126465
38.149704933166504	43.49275588989258
43.47808837890625	30.65389394760132
52.748209953308105	47.15715408325195
40.56871032714844	43.24972629547119
50.67094278335571	44.172913551330566
49.64405679702759	52.22786092758179
50.785234451293945	33.444634437561035
49.19299125671387	50.97312927246094
44.13348388671875	44.14516067504883
50.069708824157715	47.97749042510986
52.52973175048828	49.58062934875488
44.21807289123535	44.551711082458496
44.67162609100342	46.346893310546875
55.933692932128906	57.50274658203125
33.16877746582031	37.61733341217041
37.76767349243164	41.10191345214844
47.6953706741333	50.359607219696045
36.442322731018066	36.95145845413208
33.846858978271484	32.97245407104492
58.88682174682617	57.763471603393555
45.1578426361084	45.35255432128906
42.6758131980896	42.87049055099487
42.01894283294678	41.79736614227295
37.49070739746094	46.77034378051758
46.91261959075928	46.68207836151123
43.064194679260254	43.153395652770996
44.579444885253906	39.7165641784668
43.785905838012695	42.91584014892578
38.37832260131836	40.63177490234375
47.388296127319336	34.91814374923706
32.447608947753906	35.42485809326172
42.11537551879883	45.83338928222656
51.219268798828125	47.1494722366333
48.74611473083496	54.008148193359375
36.52591323852539	33.16432189941406
44.04596710205078	42.15221405029297
64.01143169403076	62.97584056854248
55.21745204925537	55.299803733825684
45.3950834274292	47.20877647399902
47.80143642425537	52.30978202819824
31.99899387359619	32.12480449676514
35.93118667602539	36.94767379760742
33.197364807128906	36.857688903808594
48.904104232788086	46.781792640686035
34.611087799072266	37.857017517089844
38.075623512268066	48.018178939819336
50.199440002441406	35.54372024536133
41.335577964782715	52.30969429016113
38.979926109313965	42.73880958557129
51.93014717102051	54.10367774963379
39.72990036010742	40.38975524902344
55.13882541656494	53.71487092971802
40.58255195617676	44.974098205566406
28.950773239135742	21.924869537353516
38.95805358886719	43.76851272583008
40.56408977508545	51.93113136291504
49.25104522705078	33.275593757629395
42.839717864990234	47.503347396850586
47.24860191345215	51.182236671447754
38.06696319580078	39.96095657348633
44.15309143066406	44.044952392578125
45.41975498199463	51.67435646057129
46.66685771942139	50.55230140686035
36.69209957122803	31.40021562576294
39.303184509277344	40.22744369506836
46.21966361999512	48.66966247558594
53.99234962463379	42.49317169189453
51.83119297027588	52.806625843048096
42.65500545501709	47.20839500427246
35.35437822341919	36.58466339111328
44.75539016723633	47.756446838378906
38.34226989746094	49.18104553222656
40.73171138763428	45.61179828643799
47.595168113708496	34.828136920928955
49.25906753540039	51.99270057678223
21.002273559570312	18.723697662353516
47.52129364013672	39.80629634857178
41.299835205078125	45.03498077392578
49.60094451904297	47.78011703491211
38.79841613769531	36.72589111328125
44.99615669250488	33.867855072021484
43.75233316421509	42.54247236251831
44.105735778808594	45.29828643798828
42.71656894683838	51.37299156188965
48.79116678237915	39.647109031677246
37.605560302734375	34.18828582763672
43.91211652755737	46.484665393829346
19.43020248413086	30.58307647705078
39.166839599609375	38.37348175048828
45.16077518463135	49.1132116317749
43.964900970458984	42.73917198181152
47.055081367492676	49.27669143676758
50.57731819152832	49.97874069213867
38.50444793701172	40.55387592315674
41.280574321746826	45.822640895843506
38.55185270309448	35.31684160232544
33.93147659301758	36.368408203125
37.65932559967041	32.05777645111084
43.12114334106445	42.65971755981445
50.87991714477539	50.66135215759277
36.198974609375	35.5814094543457
41.39424180984497	41.503376483917236
39.84210205078125	42.08973026275635
43.75980997085571	36.26158094406128
40.367441177368164	36.762542724609375
49.391560554504395	49.35690402984619
34.47789001464844	36.778533935546875
55.25335741043091	41.11886501312256
33.786712646484375	34.04315948486328
27.777633666992188	32.713993072509766
42.912108421325684	42.74568843841553
46.03587341308594	53.15094614028931
55.768014907836914	50.38649940490723
45.74838352203369	49.52263641357422
40.39327621459961	42.004666328430176
52.496466636657715	46.258440017700195
46.42163944244385	57.211835861206055
50.04043006896973	50.21127891540527
48.19292211532593	63.31621551513672
52.03478813171387	48.755836486816406
46.52772903442383	48.70689392089844
42.322630882263184	38.38528394699097
46.34198188781738	48.18934440612793
44.89060878753662	45.949607849121094
33.247901916503906	35.91197204589844
48.366079330444336	49.28205966949463
42.55459499359131	42.25514602661133
39.978346824645996	43.60274314880371
39.154483795166016	40.23995304107666
32.94104862213135	32.099693298339844
36.71685791015625	34.016536712646484
47.34351825714111	52.728904724121094
52.179325103759766	51.004234313964844
42.543917655944824	44.81750440597534
36.00475311279297	35.56703186035156
35.74391555786133	31.26635456085205
41.73820495605469	41.75992488861084
43.32705497741699	46.21071815490723
41.26619625091553	48.300270080566406
40.2883186340332	35.65869903564453
36.0198974609375	36.967341899871826
42.742953300476074	40.42928218841553
42.40482711791992	41.170753479003906
52.93836975097656	47.41375732421875
37.30605697631836	34.68693923950195
43.289361000061035	44.11551475524902
43.08858394622803	46.03866100311279
50.10436820983887	50.0101261138916
53.881019592285156	52.414794921875
39.852519035339355	44.825523376464844
48.982876777648926	47.66067361831665
41.25541305541992	53.85014533996582
45.42618751525879	48.310303688049316
38.55819225311279	33.990139961242676
40.768372535705566	29.068625450134277
41.660780906677246	42.16937065124512
39.89743709564209	43.632750511169434
45.15185546875	43.95648956298828
36.941697120666504	41.053871154785156
37.555179595947266	38.84817838668823
39.37392711639404	41.45431423187256
39.70295429229736	37.531447410583496
36.81534290313721	52.7042293548584
32.751450538635254	37.932963371276855
34.723426818847656	36.54313659667969
34.274383544921875	27.029136657714844
56.72487735748291	39.84558820724487
53.09396743774414	51.06144714355469
49.74011993408203	52.45857810974121
39.1285514831543	46.780540466308594
38.49854278564453	37.94223117828369
40.06088733673096	38.00192594528198
48.27532196044922	49.12358093261719
62.37919998168945	61.372379302978516
44.03777313232422	43.93755340576172
45.23140239715576	52.71861982345581
37.261043548583984	37.31976318359375
48.04615497589111	50.42342185974121
43.8579797744751	47.326087951660156
34.263718128204346	36.6011118888855
43.25087547302246	40.74930191040039
40.68726825714111	41.2349853515625
43.24678087234497	41.375953674316406
54.03537940979004	53.96252632141113
46.096001625061035	45.46599721908569
49.40362358093262	47.084561347961426
54.53022480010986	54.26358222961426
48.33354949951172	47.78827667236328
51.321401596069336	53.44438362121582
41.757728576660156	29.223297119140625
29.786958694458008	34.03107452392578
44.469913482666016	42.00993347167969
34.54514408111572	32.31766605377197
49.6953010559082	49.05397891998291
46.8068962097168	48.22848129272461
37.733577728271484	36.056854248046875
41.0442590713501	42.39821434020996
43.789581298828125	44.06387710571289
25.523128509521484	25.061458587646484
38.77241134643555	41.409287452697754
37.65390872955322	39.90670108795166
59.65018272399902	55.721574783325195
41.61819076538086	41.83045196533203
45.022422790527344	45.47180938720703
39.14702606201172	44.004737854003906
36.646728515625	47.15883731842041
49.69470977783203	35.69438457489014
44.54252529144287	49.32710838317871
40.17160701751709	47.75272512435913
44.1091833114624	46.21628665924072
47.37452030181885	49.772353172302246
41.72998046875	39.8172607421875
38.48058366775513	35.14075756072998
39.83987045288086	52.40133476257324
39.06734848022461	43.34874725341797
52.15519905090332	52.69427299499512
39.057472229003906	36.29749774932861
46.97285175323486	36.97592258453369
59.185781478881836	55.9222412109375
43.92399501800537	45.38774871826172
38.74043941497803	34.91507434844971
37.908729553222656	43.95683288574219
44.64755916595459	45.06072235107422
42.34233856201172	44.1414737701416
45.379719734191895	49.60887908935547
46.79304599761963	43.969422340393066
36.81371212005615	47.55425453186035
37.0141077041626	43.44493865966797
42.54423904418945	40.108070373535156
46.484375	48.9568567276001
62.69473934173584	57.570730209350586
44.15757179260254	45.527639389038086
37.571234703063965	34.134602546691895
49.28485870361328	37.484612464904785
47.082810401916504	47.46696472167969
52.60244178771973	50.41903495788574
36.415181159973145	44.597320556640625
38.81443405151367	36.690277099609375
45.05324935913086	45.69733142852783
53.98969268798828	55.65346145629883
36.10966205596924	34.85619306564331
42.00984477996826	42.706613540649414
45.91508865356445	44.36542510986328
58.131019592285156	55.32801818847656
50.985751152038574	44.62960720062256
44.01420593261719	44.92715358734131
45.42670154571533	45.41177272796631
35.22003173828125	33.58439254760742
45.091492652893066	32.75140714645386
40.69317817687988	41.21645450592041
53.584373474121094	53.88540458679199
41.17843723297119	50.88998222351074
49.34468746185303	46.24727725982666
36.59770488739014	38.27337169647217
30.962663650512695	27.159330368041992
42.665133476257324	49.21955680847168
45.402045249938965	33.6210823059082
48.142714500427246	44.52986717224121
45.50255298614502	49.98147010803223
47.89012908935547	44.681297302246094
34.994771003723145	35.927252769470215
41.078444480895996	53.720123291015625
47.62797832489014	45.734859466552734
37.14975357055664	35.46584415435791
42.660932540893555	43.640990257263184
47.61233472824097	47.144333362579346
44.531307220458984	42.470502853393555
51.155112743377686	51.939977169036865
40.74165344238281	39.467995166778564
49.451189041137695	34.04876708984375
42.75905513763428	33.07023239135742
35.4718017578125	35.27772903442383
38.89419460296631	40.036744117736816
33.9451789855957	40.339213371276855
40.79384231567383	44.504783630371094
41.27677536010742	40.93448257446289
32.002933502197266	30.334766387939453
34.53057861328125	45.515570640563965
52.688262939453125	53.856563568115234
34.397658348083496	37.72982883453369
36.02521896362305	36.687461853027344
45.942641258239746	34.10786533355713
49.478859424591064	51.85150384902954
43.0378532409668	30.622715950012207
54.752538204193115	54.095977783203125
38.590075969696045	42.10460662841797
34.73310947418213	46.189537048339844
47.13971710205078	41.02135944366455
39.21839952468872	49.45840835571289
41.82961940765381	43.14650058746338
39.70207595825195	39.53502655029297
52.1143102645874	55.86508274078369
36.61746883392334	39.33237934112549
45.44654846191406	36.8933629989624
42.58136749267578	45.96364212036133
37.63887882232666	37.60173320770264
41.73240661621094	31.102834701538086
46.594139099121094	42.10806369781494
43.18226909637451	51.76118087768555
55.13635873794556	52.48362112045288
48.4258975982666	38.698768615722656
44.06393051147461	28.76746654510498
46.417396545410156	47.26024627685547
46.434983253479004	49.709495544433594
36.50228023529053	48.13946723937988
44.83001232147217	44.158525466918945
39.298336029052734	43.4871940612793
44.47736644744873	53.738890171051025
39.80566740036011	38.73255252838135
47.94675636291504	52.1264705657959
42.25947189331055	49.45025825500488
40.642066955566406	39.719688415527344
47.475746154785156	35.23979949951172
39.782344818115234	40.84497833251953
51.73556327819824	36.368834495544434
46.376991271972656	44.37756538391113
37.20195007324219	38.2518196105957
44.86838436126709	44.63115406036377
45.52936553955078	49.10995006561279
42.033066749572754	37.435078620910645
49.46743583679199	53.10080909729004
37.328009605407715	42.878618240356445
33.018988609313965	44.928531646728516
45.84264278411865	41.05948448181152
50.786986351013184	53.940114974975586
43.83467102050781	45.15224361419678
44.689130783081055	48.916869163513184
46.48622751235962	47.46936750411987
36.828537940979004	46.44235324859619
33.62925052642822	45.76272487640381
40.21137237548828	49.296770095825195
50.048667907714844	44.26225280761719
41.243581771850586	46.042795181274414
41.71192169189453	41.90976142883301
49.04496192932129	46.88565731048584
33.26064586639404	43.37832450866699
54.58986282348633	49.82106685638428
56.51028060913086	59.153560638427734
41.54586124420166	43.692933082580566
55.226417541503906	53.19724225997925
37.486069202423096	39.28332567214966
41.719879150390625	31.8302059173584
47.02903747558594	47.06758975982666
40.33194065093994	29.46453094482422
37.40486240386963	43.10346221923828
33.516944885253906	45.920379638671875
45.68865776062012	31.22880458831787
44.88705825805664	33.1563720703125
41.91560745239258	46.508731842041016
50.632060050964355	51.47204923629761
35.31487226486206	35.07831573486328
50.04138946533203	49.757256507873535
52.506025314331055	48.436140060424805
45.37961196899414	49.16510009765625
44.59923267364502	45.089592933654785
53.67322540283203	39.32918643951416
43.450100898742676	47.765387535095215
42.601409912109375	50.02163887023926
43.97756481170654	43.902809143066406
36.424949645996094	38.90541076660156
44.30251407623291	48.95717811584473
43.494327545166016	42.26665496826172
41.743656158447266	37.86205291748047
41.39274597167969	40.277509689331055
38.165316581726074	41.48367881774902
43.309874534606934	40.81997871398926
54.64331007003784	51.47695589065552
34.11425828933716	37.621753215789795
45.073304176330566	35.41160583496094
45.07627487182617	43.53705883026123
44.26466464996338	45.72012424468994
44.19337463378906	46.71927738189697
36.360618591308594	37.57236862182617
38.201823234558105	39.34494733810425
36.8056640625	37.44760513305664
42.12897300720215	46.0156774520874
38.476970195770264	45.63076972961426
45.05860137939453	47.316253662109375
38.65161895751953	42.21710205078125
32.76491165161133	33.28554153442383
54.076234340667725	55.787652015686035
59.04430389404297	54.965349197387695
48.71601104736328	53.01711845397949
55.4258713722229	55.29275417327881
45.03483772277832	44.538230895996094
41.918511390686035	44.204511642456055
41.4642333984375	26.431800842285156
45.53360939025879	47.474303245544434
28.108344078063965	40.59090614318848
50.65915012359619	51.00480890274048
46.00245666503906	45.120872497558594
51.451515197753906	36.806015968322754
45.625529289245605	48.56244087219238
44.743895530700684	44.92281913757324
34.4868278503418	44.32876110076904
43.89722728729248	54.10851860046387
40.88723659515381	38.627517223358154
35.434467792510986	38.7456750869751
43.669569969177246	42.75552749633789
39.81718063354492	38.452693939208984
42.44283199310303	47.85383701324463
45.82386779785156	45.054988861083984
43.75208854675293	44.18062210083008
42.431960105895996	37.12697696685791
50.8087682723999	46.664581298828125
41.741132736206055	40.1153564453125
50.065155029296875	49.634033203125
31.67041301727295	42.75845527648926
49.31654930114746	48.16256523132324
51.996697425842285	39.089112281799316
52.44385528564453	54.433759689331055
51.021552085876465	48.505563735961914
40.8081169128418	42.82293701171875
45.94038486480713	47.49098777770996
38.26988697052002	41.037071228027344
43.8563346862793	38.26187038421631
34.25553798675537	33.47702741622925
42.610164642333984	31.541709899902344
34.37368869781494	31.657443046569824
39.59876537322998	42.09800720214844
48.445091247558594	50.61975955963135
42.946600914001465	40.583106994628906
36.78109884262085	51.720229148864746
40.344276428222656	42.55059051513672
45.024237632751465	46.87047481536865
38.194732666015625	37.485671043395996
36.07228469848633	39.31686019897461
48.013580322265625	43.910919189453125
48.06654739379883	48.2501277923584
32.90732192993164	32.346351623535156
40.889159202575684	52.46726417541504
41.565728187561035	43.887972831726074
54.94413757324219	49.13623237609863
46.598923683166504	46.03232526779175
54.12075471878052	56.169169425964355
31.680877685546875	32.282230377197266
43.844380378723145	57.413716316223145
47.49770164489746	45.62983512878418
40.66859245300293	42.491116523742676
45.831642150878906	43.84592056274414
46.39958333969116	55.026246070861816
43.69771099090576	46.62946701049805
35.881805419921875	37.94348430633545
40.10268688201904	42.85567283630371
36.14912033081055	38.432533264160156
27.383445739746094	27.081836700439453
36.43436813354492	43.19105529785156
46.747260093688965	44.41721439361572
34.42171573638916	49.29152965545654
39.23243761062622	43.63595008850098
18.49334716796875	32.1457633972168
39.4412841796875	36.71655750274658
45.310797691345215	31.7832350730896
39.647536277770996	40.68333625793457
44.665122985839844	36.218841552734375
39.32860612869263	48.596038818359375
39.202117919921875	41.410179138183594
36.38020324707031	50.72869110107422
49.77609443664551	52.52117729187012
43.67137908935547	28.860126495361328
42.832275390625	45.321311950683594
42.64207363128662	45.19950199127197
50.47727966308594	48.92915725708008
39.74142837524414	38.26271152496338
47.64170837402344	47.182411193847656
45.16704177856445	45.941226959228516
48.37738513946533	50.599303245544434
47.89522933959961	47.42068576812744
48.70331287384033	52.24375247955322
37.262481689453125	32.484092712402344
45.18474197387695	44.30416202545166
50.786943435668945	47.82094955444336
47.303343772888184	44.77870845794678
39.40795040130615	39.88081741333008
36.79843521118164	44.627628326416016
37.703189849853516	38.86816740036011
46.64558029174805	50.664390563964844
39.080902099609375	41.838748931884766
37.50725555419922	33.426475524902344
40.77983856201172	41.30789279937744
49.65105056762695	55.31233787536621
49.98322677612305	49.06308889389038
53.748979568481445	35.20884990692139
39.444077014923096	25.925822257995605
48.59579563140869	48.449859619140625
41.10787582397461	39.159911155700684
45.294631481170654	47.83853816986084
50.49708938598633	35.94260501861572
40.35113334655762	39.950242042541504
36.36281204223633	37.79703426361084
45.327773094177246	45.83869171142578
36.705810546875	40.237796783447266
37.72819519042969	45.03712463378906
37.19435214996338	46.54726982116699
50.54054260253906	34.05154466629028
49.37432098388672	52.479705810546875
45.31142711639404	42.22877502441406
40.91349124908447	44.91788387298584
42.76272773742676	44.40391540527344
53.264671325683594	50.31562042236328
43.87866973876953	45.58144569396973
53.121734619140625	48.98965072631836
35.47138261795044	36.55896759033203
46.760902404785156	35.638442039489746
45.276451110839844	46.33229732513428
43.36384582519531	44.373023986816406
50.24427795410156	49.79241943359375
40.43930006027222	44.878817558288574
48.817955017089844	54.0120906829834
37.36531734466553	35.73074817657471
47.26395606994629	50.25949954986572
35.016197204589844	48.06925964355469
42.370591163635254	43.01074504852295
45.17782974243164	43.44285345077515
35.46027660369873	47.567100524902344
44.020583152770996	49.57155990600586
39.16039276123047	24.210018157958984
52.331398010253906	52.78384494781494
38.195311546325684	43.39805603027344
51.023781299591064	49.18856906890869
28.029532432556152	27.42546796798706
47.03714370727539	46.742523193359375
52.239681243896484	52.43710899353027
36.989444732666016	39.751441955566406
35.88069152832031	37.41554641723633
40.293073654174805	42.846693992614746
44.55204677581787	45.13000774383545
48.98063659667969	52.34424591064453
39.600117206573486	36.93089008331299
34.117512702941895	48.386993408203125
41.09614372253418	50.01081943511963
42.729248046875	45.00102233886719
39.82426452636719	44.73794174194336
31.749143600463867	41.149659156799316
43.82989501953125	45.911170959472656
35.83183670043945	37.17742156982422
48.40257978439331	59.69925022125244
35.17725372314453	44.75962829589844
42.60878849029541	44.76382541656494
36.59508514404297	40.49058532714844
37.330594062805176	39.91497755050659
45.21287441253662	48.230838775634766
42.322587966918945	41.8550968170166
44.49601173400879	43.55870246887207
52.71978950500488	54.037994384765625
53.6130895614624	48.11133813858032
51.67685508728027	52.799795150756836
33.59732389450073	40.54274082183838
36.400062561035156	32.47935390472412
44.116106033325195	31.69651746749878
55.2796516418457	56.234222412109375
44.96253967285156	45.97226142883301
43.648667335510254	53.130706787109375
35.81972885131836	36.84685516357422
37.8956937789917	37.85862636566162
44.132466316223145	32.90467071533203
41.36265754699707	38.76375913619995
42.410898208618164	38.96481990814209
40.76693534851074	52.02129364013672
40.153183937072754	48.89122009277344
49.83609199523926	47.161221504211426
54.400734424591064	53.69760751724243
56.44098472595215	52.4366774559021
32.649128437042236	31.83441162109375
45.09851932525635	36.78493595123291
44.009281158447266	42.46082305908203
38.957122802734375	37.54522705078125
39.976990699768066	41.41823101043701
37.781333923339844	24.705490112304688
32.99631595611572	44.381842613220215
43.67795467376709	44.366445541381836
34.20273542404175	35.9826135635376
35.37030792236328	41.84210205078125
46.638954162597656	48.089630126953125
52.317896366119385	57.59585094451904
61.941471099853516	58.81378936767578
38.9715051651001	41.18031978607178
51.801509380340576	51.84265851974487
51.5765380859375	48.6624813079834
39.65766906738281	40.20128631591797
40.314345359802246	37.62036609649658
60.1805534362793	50.68254470825195
52.147470474243164	49.27803611755371
45.13539505004883	45.48920917510986
44.29328441619873	46.42955780029297
54.98958778381348	42.763824462890625
44.16624355316162	46.766727447509766
38.54496383666992	38.38920211791992
42.71005153656006	46.03426933288574
40.39765167236328	43.664371490478516
56.21792793273926	37.77212905883789
40.88031768798828	51.49481773376465
48.28640937805176	48.64118576049805
40.94077205657959	42.237656593322754
51.0025691986084	50.47694206237793
48.28674602508545	45.03137445449829
40.92976093292236	39.437499046325684
60.29237365722656	60.56668472290039
42.97555160522461	41.68776798248291
43.676109790802	47.853354930877686
46.06352233886719	30.030055046081543
41.07221841812134	52.728700160980225
56.74003601074219	39.48050022125244
34.28863525390625	32.74845600128174
29.82316255569458	32.24879503250122
44.08982753753662	42.66151428222656
42.76833200454712	44.44701528549194
34.677841663360596	44.03175354003906
36.943321228027344	41.797489166259766
25.701873779296875	35.62068176269531
39.563133239746094	43.344459533691406
52.86956453323364	55.37079668045044
43.16406726837158	45.96493148803711
41.538376808166504	42.677741050720215
46.526312828063965	54.12483215332031
45.41837692260742	45.27469253540039
45.35626411437988	45.989813804626465
34.022640228271484	36.576507568359375
45.493764877319336	44.26518440246582
34.25088405609131	35.404744148254395
35.0502347946167	37.913269996643066
48.95609378814697	48.464555740356445
43.783650398254395	30.439751148223877
52.453012466430664	55.52056312561035
56.46072006225586	53.781314849853516
44.92903232574463	29.380714893341064
39.68299865722656	44.98601150512695
48.84834289550781	45.85496425628662
47.08260726928711	46.60137176513672
42.36193656921387	42.58759021759033
51.2389931678772	50.109901905059814
40.817298889160156	44.009230613708496
37.37969160079956	38.79394054412842
39.00470733642578	38.50715637207031
35.787513256073	39.157280921936035
48.222126960754395	55.668368339538574
42.546189308166504	40.216681480407715
46.66457653045654	42.679572105407715
46.15989017486572	46.78014278411865
35.089290618896484	36.01522445678711
38.239532470703125	41.9096565246582
43.85157585144043	41.25157833099365
49.96206092834473	48.77522850036621
35.138328075408936	40.60111999511719
44.1535758972168	43.962411880493164
39.0352258682251	51.604188442230225
55.85050582885742	54.015398025512695
40.51933765411377	50.944342613220215
39.48942184448242	44.158029556274414
38.30229949951172	43.56803226470947
49.38332176208496	39.22660732269287
46.007615089416504	45.669493675231934
49.217872619628906	48.920440673828125
38.119049072265625	44.35316848754883
56.48998832702637	54.747013092041016
48.26052188873291	34.334049224853516
52.16065311431885	54.951531410217285
36.34676742553711	37.02689266204834
42.83938503265381	42.527565479278564
57.22037315368652	57.02985763549805
46.90865516662598	48.802666664123535
40.237460136413574	42.142696380615234
46.06717300415039	46.55574417114258
49.34744119644165	45.66126203536987
48.07566976547241	48.856919288635254
49.956464767456055	35.102328300476074
47.196550369262695	46.248273849487305
52.589598178863525	47.72970724105835
51.966224670410156	52.11552429199219
43.54197692871094	43.826233863830566
42.87575721740723	44.676527976989746
43.56337070465088	30.681047439575195
38.206910133361816	42.41765213012695
44.53845977783203	42.998870849609375
34.0132474899292	33.336074352264404
44.88209247589111	50.218749046325684
