51.86069965362549	51.388829708099365
57.05264759063721	49.53232192993164
32.08291721343994	27.955432891845703
39.805386543273926	39.19937610626221
40.464348793029785	36.54525375366211
35.02056121826172	34.64498996734619
46.78092956542969	48.45159912109375
42.68025588989258	43.33958673477173
34.90103483200073	36.953818798065186
48.572590351104736	43.048301696777344
43.78367567062378	42.0334587097168
43.649606704711914	41.83987617492676
41.040475368499756	42.621379375457764
39.33072566986084	33.99848461151123
42.49121618270874	40.201237201690674
36.217437744140625	33.596617698669434
32.3779821395874	29.38086748123169
31.137964725494385	30.060675144195557
36.02025604248047	35.967604637145996
46.412415504455566	47.46400451660156
34.6889533996582	32.01740741729736
53.34809350967407	47.89118957519531
36.85752868652344	36.871192932128906
39.46638822555542	34.20965909957886
39.23440933227539	36.61479949951172
29.362785816192627	26.739201545715332
37.10811710357666	39.2627592086792
42.03386306762695	35.565619468688965
44.111830711364746	48.81432819366455
29.877898693084717	24.531426429748535
32.434654235839844	33.236491680145264
45.617422580718994	44.53293180465698
36.23394012451172	25.90815782546997
50.76443958282471	45.56240129470825
37.05298662185669	37.17213153839111
49.44436454772949	44.68758487701416
42.47626876831055	42.34120273590088
34.325172901153564	30.933375358581543
50.84830093383789	50.03733825683594
36.01918029785156	36.58678150177002
45.36452579498291	37.84728240966797
29.653141498565674	30.887203216552734
35.21888256072998	32.01956272125244
46.07827425003052	44.36349868774414
33.949337005615234	32.99558162689209
49.04867362976074	40.82281494140625
52.54763460159302	50.62177610397339
28.52662181854248	23.741878509521484
35.92896366119385	31.487746238708496
35.92223644256592	35.619099140167236
30.154662132263184	32.44962692260742
37.5871467590332	31.562490463256836
45.07324457168579	46.7157621383667
40.538063049316406	39.104126930236816
42.775498390197754	44.1132926940918
48.01874589920044	42.23743534088135
40.601162910461426	37.86358594894409
32.97050476074219	31.906938552856445
50.804059982299805	47.220319747924805
37.25300312042236	33.92920732498169
35.825042724609375	33.98436784744263
51.305328369140625	42.96398162841797
48.056557178497314	46.754855155944824
45.9531044960022	42.192524433135986
51.638795375823975	44.849374294281006
42.320557594299316	42.27529048919678
43.322876930236816	40.120516777038574
33.357619285583496	34.05367183685303
48.22711372375488	43.863009452819824
45.328307151794434	47.92461824417114
44.36028289794922	37.750492095947266
45.48805904388428	31.049935340881348
27.340877056121826	27.081546783447266
24.267761707305908	23.427259922027588
36.493074893951416	33.476033210754395
35.70544481277466	37.40426540374756
52.791452407836914	46.51037120819092
34.25183868408203	32.56651306152344
32.98316240310669	30.61976671218872
39.142648220062256	41.746779918670654
55.167587757110596	49.98994588851929
55.03615951538086	42.405564308166504
50.90453910827637	50.1665096282959
51.865692138671875	46.90447998046875
35.297486782073975	34.83941888809204
37.60439395904541	37.211997509002686
39.05067443847656	41.97524356842041
49.92323541641235	42.74049758911133
38.16356372833252	39.257747650146484
43.027960777282715	45.01540279388428
35.62957715988159	35.21846628189087
40.86094856262207	40.34390926361084
31.44092559814453	30.97733736038208
53.271018981933594	50.452499866485596
42.70433807373047	41.48807144165039
43.58882474899292	43.61093807220459
38.337615966796875	39.22984600067139
42.12767028808594	40.52787780761719
41.765713691711426	39.420653343200684
40.332444190979004	39.63266658782959
43.041666984558105	40.235392570495605
35.882080078125	41.4600305557251
40.3631067276001	40.35438537597656
37.11986827850342	37.27191114425659
51.0394492149353	47.492615699768066
35.385189056396484	40.918747901916504
37.66765594482422	35.65719509124756
33.730037212371826	30.064997673034668
48.43358516693115	45.33492946624756
35.613746643066406	35.1945424079895
56.30777072906494	57.620290756225586
41.6616644859314	40.89342927932739
44.26831340789795	40.2299108505249
38.1644868850708	35.68264675140381
41.54222249984741	40.98896884918213
42.194814682006836	36.32230281829834
38.56671380996704	45.25860595703125
49.31286096572876	46.102810859680176
39.46706485748291	39.99355602264404
39.19523239135742	36.963703632354736
55.09840393066406	50.17983341217041
38.568527698516846	33.39345932006836
48.25119209289551	46.916725158691406
48.64424419403076	46.13250780105591
28.834450721740723	29.47825813293457
48.78948211669922	44.47264862060547
42.77003002166748	43.032188415527344
43.92451858520508	44.020514488220215
47.02436828613281	44.22861385345459
50.52964782714844	48.293328285217285
37.28472948074341	35.468292236328125
28.49919605255127	29.393929481506348
43.25546741485596	40.999813079833984
37.62907028198242	37.173686027526855
55.85888671875	54.38158416748047
28.664770126342773	31.462407112121582
42.51070261001587	44.79022741317749
45.57713460922241	44.32023000717163
45.94094800949097	45.53940677642822
43.00748348236084	43.26517868041992
47.964019775390625	46.90225124359131
31.49071216583252	31.50453805923462
43.966835021972656	42.11537170410156
46.246795654296875	42.479434967041016
59.44786834716797	54.55938720703125
38.209370613098145	44.754509925842285
31.93080425262451	42.12289333343506
42.641544342041016	41.8192777633667
42.388672828674316	41.121296882629395
43.373053550720215	40.70111846923828
40.12265682220459	36.928908348083496
44.99357986450195	42.816253662109375
48.64873695373535	45.76203918457031
38.5964241027832	38.13300704956055
31.366219520568848	31.308035850524902
49.20537757873535	45.288811683654785
39.33900547027588	33.542418479919434
40.5026159286499	33.632118225097656
28.14569091796875	28.92729663848877
38.24253559112549	37.87776231765747
27.617018222808838	22.773025035858154
35.02878284454346	38.19070816040039
39.77585220336914	38.883164405822754
45.3720965385437	43.39588642120361
49.32403564453125	48.90854072570801
28.350200653076172	28.845820426940918
31.00782871246338	31.913790702819824
41.870280742645264	40.31955432891846
28.562805652618408	26.446573734283447
42.51795768737793	41.245131492614746
52.08079719543457	44.220611572265625
50.14008617401123	45.80678939819336
45.073615074157715	47.501591205596924
33.9166259765625	36.205387115478516
33.35493564605713	34.58794832229614
34.241604804992676	36.235191822052
42.9874324798584	39.46350812911987
42.88922882080078	40.801514625549316
46.87067699432373	43.233567237854004
40.41072177886963	43.563446044921875
53.93948221206665	48.25233602523804
42.83500576019287	42.542245388031006
34.79300594329834	32.81291198730469
38.908233642578125	36.356356143951416
50.97592735290527	38.91067886352539
48.42287635803223	45.96881103515625
39.19400882720947	47.017767906188965
39.10925626754761	40.1890606880188
44.90021991729736	39.70720720291138
37.31170177459717	35.0531005859375
44.32743310928345	43.658135414123535
48.359201431274414	47.52641201019287
38.98810625076294	36.14858150482178
52.8543906211853	45.887024879455566
36.49287414550781	38.35389232635498
31.700740814208984	31.125463485717773
22.798783779144287	22.712459564208984
44.39304828643799	31.54148769378662
41.81584167480469	41.04414367675781
42.01284742355347	39.08882188796997
30.847103595733643	31.730427742004395
33.203125	37.04383850097656
39.77666473388672	37.39369297027588
35.57744264602661	32.8679895401001
35.34925174713135	38.338791847229004
42.16472339630127	38.00127410888672
39.594008445739746	44.33429718017578
48.37149238586426	42.28271198272705
46.35845184326172	43.45632076263428
48.57395124435425	56.20199918746948
39.12194538116455	40.80630970001221
34.640836238861084	35.17660617828369
51.140936851501465	49.191646575927734
45.51608180999756	39.154250621795654
24.736953735351562	24.457262992858887
36.672669410705566	34.69966793060303
40.58089542388916	37.786648750305176
40.36668825149536	40.84599161148071
31.462122917175293	30.582661628723145
51.36091184616089	44.44619083404541
34.474334716796875	33.085670471191406
45.47551679611206	46.58046865463257
44.12218475341797	38.677260398864746
33.266655921936035	37.88038730621338
48.15694999694824	46.218223571777344
33.966922760009766	31.78682804107666
31.45520257949829	43.3279709815979
39.85712814331055	39.22628116607666
36.889259815216064	32.80232906341553
45.42307376861572	38.37534999847412
41.14229679107666	39.109206199645996
57.608962059020996	46.73404359817505
38.12210416793823	38.813488483428955
44.25464153289795	38.834052085876465
43.50735664367676	44.6840763092041
45.40931034088135	46.23475646972656
55.322296142578125	45.1116943359375
43.787113189697266	41.23503875732422
42.888368129730225	44.35512065887451
40.060194969177246	34.30034351348877
33.468764305114746	31.448996543884277
32.4700403213501	33.24188232421875
50.929877281188965	46.33076333999634
38.445022106170654	37.498230934143066
29.37759017944336	27.622326850891113
33.87762451171875	33.51594829559326
41.38381290435791	41.18569564819336
43.535470962524414	39.91314649581909
60.02688121795654	52.392844676971436
45.26565456390381	42.785868644714355
39.82676935195923	31.319595336914062
35.97403621673584	33.806053161621094
34.92837619781494	38.49554395675659
28.600146770477295	22.69317626953125
35.4056396484375	35.510536193847656
38.500396728515625	35.89281177520752
46.383816719055176	42.66807460784912
48.53134775161743	43.94228410720825
44.67374324798584	42.366122245788574
39.50404405593872	36.575493812561035
44.937376976013184	44.31591081619263
41.34859371185303	41.24069595336914
40.21311950683594	39.835015296936035
41.15841865539551	33.787522315979004
34.77700471878052	37.059364318847656
42.185317039489746	47.83889865875244
37.689019203186035	35.47279644012451
40.839436054229736	43.48417615890503
47.84230661392212	48.16932678222656
32.74962663650513	31.53080463409424
32.804598808288574	30.216341018676758
54.82227277755737	49.17869567871094
48.40890169143677	50.72195529937744
44.48712158203125	41.44716167449951
44.872944831848145	40.88350296020508
51.80863571166992	35.37449789047241
36.602816581726074	36.448795795440674
39.493712425231934	41.48963928222656
45.94241666793823	42.085325717926025
45.94353675842285	32.70837068557739
53.44841766357422	38.69786739349365
25.023422241210938	23.415298461914062
47.747620582580566	45.672789573669434
29.089632034301758	26.475374698638916
37.14995574951172	38.654643058776855
37.567002296447754	40.3950891494751
53.34142446517944	47.12655258178711
36.215638637542725	36.54661417007446
37.891568183898926	34.88438415527344
37.17381000518799	34.54029083251953
40.83359241485596	40.81787109375
36.703972816467285	37.05033540725708
40.05432415008545	35.248443603515625
46.21603441238403	44.44161128997803
38.424038887023926	37.90375232696533
46.33647441864014	43.64840221405029
33.15470218658447	34.6122670173645
34.256197929382324	31.363964080810547
40.06481885910034	40.07485914230347
42.465545654296875	40.05238342285156
35.6119909286499	33.333160400390625
46.01459503173828	30.418918132781982
33.11904430389404	34.35906171798706
45.81797504425049	40.046027183532715
32.68623447418213	31.587547302246094
41.55215549468994	36.34167194366455
22.34461212158203	24.739954948425293
46.591464042663574	40.38615703582764
61.05290079116821	53.92632293701172
38.484755516052246	42.52751541137695
45.59843444824219	41.56600284576416
45.25583744049072	46.76491737365723
43.30659770965576	42.75783634185791
41.26148223876953	35.679423809051514
40.53574085235596	40.466944217681885
22.662429809570312	19.116519689559937
46.455482482910156	40.59880971908569
39.57780361175537	39.36292362213135
52.27140998840332	42.158660888671875
36.91141605377197	41.52539253234863
30.02114772796631	28.296420574188232
42.90617227554321	30.97911024093628
42.090651512145996	37.768744468688965
40.50663471221924	40.43624925613403
44.7454833984375	47.71279764175415
42.07358264923096	35.419944763183594
50.125319480895996	48.532222270965576
49.78191041946411	45.02975559234619
47.1491003036499	32.023937702178955
59.96453094482422	54.553924560546875
47.981932640075684	48.37989807128906
31.23445415496826	32.19150924682617
49.22677993774414	31.814899444580078
52.1641845703125	51.35913562774658
36.60296678543091	35.500664710998535
27.77787494659424	37.5587682723999
36.558342933654785	37.9002799987793
46.17959117889404	42.91890621185303
44.45206546783447	44.65198516845703
41.06932783126831	42.66750192642212
43.48916530609131	42.896644592285156
37.02459239959717	34.781996726989746
39.31815719604492	39.505714416503906
47.6224684715271	44.747896671295166
42.27021789550781	42.48148441314697
33.42682600021362	29.98225688934326
37.10923719406128	34.421996116638184
46.802239418029785	47.53294372558594
39.74420404434204	34.32855272293091
41.57451629638672	38.22308301925659
41.005974769592285	37.375213623046875
34.33352279663086	32.290157318115234
26.58918285369873	23.671541690826416
43.55604696273804	41.430213928222656
28.62264394760132	24.38328266143799
32.27212429046631	28.595704078674316
36.07738494873047	36.791088581085205
38.64882707595825	38.25712203979492
55.485458850860596	49.63447713851929
36.556251525878906	35.12278747558594
44.57597351074219	51.26034212112427
46.37632369995117	43.84183120727539
39.19152545928955	32.255249977111816
38.309364318847656	37.23963260650635
40.735084533691406	38.59584045410156
44.005648612976074	39.891886711120605
24.66979694366455	26.79082202911377
56.76494550704956	51.35049247741699
44.95441675186157	46.023216247558594
36.881794929504395	29.009368419647217
44.50879669189453	48.962928771972656
51.12968444824219	39.99192810058594
20.391623973846436	21.35331630706787
40.23762130737305	39.57133483886719
32.09603977203369	34.610426902770996
40.91399002075195	38.740516662597656
42.17432498931885	39.417311668395996
30.44400691986084	26.79107427597046
35.8397912979126	38.835259437561035
38.787137031555176	35.26596450805664
23.868908882141113	21.22922420501709
36.073885917663574	40.82994747161865
42.558414459228516	40.28005313873291
50.37382125854492	36.22281551361084
33.27291965484619	34.03335094451904
34.06108474731445	27.664246559143066
40.349388122558594	42.40937852859497
46.381455421447754	41.90464735031128
39.630409240722656	40.72763156890869
43.45206069946289	34.59629821777344
29.325928688049316	28.582646369934082
33.74556255340576	35.534743309020996
39.61131191253662	36.556549072265625
39.19571399688721	39.13914442062378
29.398193359375	26.71250581741333
48.30503749847412	47.465752601623535
51.997178077697754	48.02096891403198
43.94115447998047	37.52141237258911
35.29580593109131	35.56546449661255
36.396986961364746	31.67390727996826
33.79797983169556	36.38449764251709
34.59219455718994	34.3211030960083
30.87959575653076	26.06056308746338
44.3192138671875	45.54771423339844
38.12941074371338	34.06596851348877
35.87743663787842	35.983975410461426
34.762261390686035	32.553717613220215
31.989684104919434	31.12221908569336
49.69375419616699	45.672752380371094
44.77832794189453	44.14044952392578
40.04040241241455	35.20792007446289
44.22161865234375	39.235533714294434
36.791473388671875	42.729615211486816
40.78889751434326	41.52253246307373
40.36679935455322	37.84090518951416
27.07848072052002	22.86860942840576
26.28614902496338	29.46566104888916
47.51142454147339	47.23820400238037
43.91958665847778	39.86120939254761
46.80327081680298	39.40040445327759
48.214712142944336	43.83944034576416
47.42922639846802	49.19794511795044
37.567511558532715	38.06899166107178
44.99559688568115	46.337013244628906
40.784603118896484	35.557339668273926
45.16999912261963	46.00247812271118
36.00050449371338	36.194281578063965
45.40066194534302	42.590033531188965
45.14077615737915	42.660866260528564
39.18014144897461	34.912293434143066
32.25466060638428	35.80943298339844
41.16771411895752	40.7087287902832
38.20328426361084	38.951021671295166
32.40640163421631	33.26134443283081
48.045048236846924	48.96001577377319
43.28507995605469	30.716609001159668
41.26604175567627	41.62548351287842
31.883673667907715	32.23309278488159
45.98294734954834	47.110934257507324
48.51764488220215	42.867905616760254
38.844117164611816	41.84128475189209
41.90687036514282	39.33688497543335
45.32344722747803	41.74047136306763
34.80182647705078	39.87920665740967
39.01367998123169	36.10501194000244
43.557472229003906	37.88674592971802
32.02075481414795	33.67980480194092
35.20830154418945	36.55785322189331
41.292823791503906	40.944786071777344
38.7042236328125	40.14930248260498
39.268402099609375	46.49681520462036
46.99656677246094	42.1820068359375
29.850444793701172	29.420249462127686
32.03824520111084	33.4692907333374
43.94211673736572	39.62574291229248
41.14225673675537	44.004178047180176
49.01951789855957	44.687771797180176
44.30326700210571	45.75779962539673
31.996670246124268	37.07508087158203
49.862266063690186	43.64722394943237
46.50581073760986	43.50413417816162
39.3923864364624	39.226372718811035
35.48499774932861	32.28328561782837
36.532835960388184	35.397255420684814
48.31553506851196	48.61361598968506
50.72340965270996	30.71829319000244
44.6522536277771	44.121323585510254
35.572975158691406	28.114282608032227
43.68138027191162	42.92007923126221
43.41287279129028	40.960049629211426
37.4749116897583	41.767212867736816
38.578694343566895	39.31853485107422
57.01310920715332	52.49620056152344
30.65192413330078	28.430374145507812
47.52707004547119	31.20276927947998
38.6495246887207	37.28040790557861
48.47515869140625	42.969374656677246
43.622809410095215	49.51901435852051
34.74040985107422	32.289977073669434
37.227654457092285	28.609611988067627
27.726624011993408	29.030697345733643
34.76976013183594	34.88726806640625
53.322632789611816	51.3218936920166
49.719520568847656	43.376275062561035
37.48704433441162	37.98147916793823
27.778246879577637	25.866863250732422
30.400611877441406	30.067545890808105
40.5901312828064	38.622122287750244
44.857489585876465	43.13969421386719
29.093753814697266	27.713032722473145
40.05973434448242	41.55361461639404
32.6151967048645	31.20415210723877
33.28882598876953	31.865135192871094
44.90150451660156	44.21806335449219
52.07215690612793	50.86935997009277
40.88168144226074	37.573814392089844
42.559380531311035	40.565242767333984
36.47454357147217	36.07455825805664
40.99421501159668	40.51711082458496
42.86487293243408	36.050479888916016
33.44233417510986	35.61042022705078
28.81867218017578	29.860819816589355
49.06650924682617	44.902464866638184
49.559104919433594	49.41090726852417
32.70700550079346	32.016268730163574
38.911354541778564	37.93105363845825
44.65902328491211	40.7902193069458
40.622544288635254	38.54450225830078
33.22244644165039	32.14498996734619
49.24413776397705	49.38286256790161
30.40060520172119	26.91260814666748
35.95381450653076	36.385972023010254
38.89710330963135	35.54708003997803
43.640567779541016	41.104485511779785
41.45751476287842	38.4045672416687
50.85440158843994	33.23589324951172
30.38687038421631	30.435399055480957
38.83181095123291	34.964587688446045
44.546663761138916	44.27661752700806
31.447744369506836	29.06804323196411
59.05633544921875	52.0616569519043
39.16603088378906	38.770262718200684
37.568206787109375	39.11543941497803
32.996249198913574	29.827003479003906
36.70089244842529	38.985862731933594
35.83702802658081	38.05598497390747
48.770305156707764	49.32831525802612
41.179266929626465	34.02253246307373
36.55044937133789	38.87883281707764
52.097540855407715	46.47737216949463
38.8462028503418	34.76102542877197
30.06706714630127	30.203158855438232
22.465548515319824	20.22243022918701
39.02024745941162	39.253907203674316
38.64736461639404	43.81339359283447
44.54951477050781	42.38244152069092
42.6095552444458	37.43261432647705
30.03368377685547	31.10724925994873
37.620429039001465	36.738224029541016
46.033759117126465	43.19429683685303
23.832534313201904	35.94264507293701
45.97160053253174	40.345479011535645
38.69141864776611	38.4063720703125
47.084275245666504	44.95280456542969
46.50691509246826	43.0636510848999
43.90439701080322	47.177916526794434
47.33143711090088	42.268317222595215
49.908823013305664	43.59068012237549
37.41621780395508	38.06468868255615
50.14574718475342	48.36135387420654
51.23191833496094	46.13469314575195
35.07723569869995	38.148064613342285
44.427499771118164	37.972779273986816
28.988006114959717	26.904032230377197
34.93769931793213	38.16184902191162
29.88527011871338	29.45181941986084
39.28434371948242	35.83467483520508
38.760743141174316	40.75797080993652
50.79933023452759	41.92808246612549
40.462656021118164	32.094104290008545
33.50167751312256	32.39215850830078
49.36348342895508	44.34928607940674
35.44791126251221	40.74861431121826
56.80777072906494	50.67582893371582
48.61841011047363	31.899587631225586
39.31305646896362	37.285168170928955
40.38266658782959	38.70158672332764
45.70747470855713	44.26410722732544
51.184913635253906	49.774940490722656
37.21065616607666	39.854430198669434
39.095470905303955	39.61874055862427
28.349030017852783	25.968081951141357
34.03727054595947	33.930954933166504
44.29995632171631	39.366888999938965
48.65011024475098	48.72340393066406
38.97172451019287	34.364871978759766
34.76354122161865	31.78658962249756
40.40448474884033	40.47318649291992
53.31495666503906	47.41324710845947
37.36592960357666	40.57326793670654
31.538140296936035	31.37021541595459
39.51917266845703	41.613221168518066
40.263535022735596	37.221659660339355
47.64546871185303	32.61943817138672
42.27402687072754	38.40349197387695
33.252997398376465	30.88691520690918
40.0264835357666	36.162497997283936
45.711204528808594	42.09271717071533
44.580596923828125	42.42341709136963
49.768667221069336	46.3145055770874
34.95007276535034	34.25904035568237
35.039849281311035	35.110198974609375
48.24388790130615	46.915342807769775
44.82876491546631	42.547654151916504
26.665139198303223	21.895442008972168
42.17405605316162	40.132347106933594
31.942448616027832	30.93988037109375
41.36386585235596	37.46997928619385
35.219149589538574	35.53804397583008
53.65927505493164	51.95492362976074
36.41651773452759	34.95251226425171
48.773616313934326	46.75706148147583
33.95417404174805	29.891326904296875
37.35635757446289	30.3770112991333
46.37914228439331	50.24021863937378
27.385233879089355	26.719831466674805
43.029072284698486	44.74324035644531
42.170525550842285	45.244285583496094
39.14802646636963	32.383910179138184
49.07778739929199	45.42040729522705
42.739399433135986	46.08212947845459
45.5450439453125	42.99342155456543
25.138332843780518	27.62904167175293
35.37056350708008	34.53570556640625
32.55091190338135	32.305359840393066
26.340682983398438	30.773715019226074
39.987616539001465	37.57291316986084
36.52088165283203	34.85656023025513
32.777953147888184	32.37449645996094
50.07221031188965	45.98152542114258
47.65467548370361	47.880765438079834
43.5624303817749	44.454548835754395
39.67557191848755	36.68551683425903
37.638466358184814	36.79896593093872
41.117431640625	41.38975524902344
54.4402642250061	46.029869556427
53.363601207733154	53.690210819244385
36.78808927536011	33.862948417663574
32.577999114990234	32.02152156829834
49.42275810241699	43.97647190093994
47.59613513946533	45.35145664215088
42.92521810531616	40.01713418960571
45.18539333343506	47.01846265792847
54.73873281478882	54.584593772888184
42.91524124145508	36.70077610015869
43.716050148010254	45.603641510009766
45.496344566345215	45.27204895019531
43.49592208862305	32.2235631942749
44.11637020111084	40.87320041656494
42.048542976379395	43.91959476470947
41.67766618728638	36.63766098022461
24.672043323516846	21.352050304412842
41.10116958618164	43.67248821258545
36.99319553375244	37.314826011657715
38.56163024902344	36.21893310546875
30.881237983703613	30.81669044494629
41.071048736572266	36.3092679977417
31.546428680419922	27.42095947265625
33.420104026794434	37.04611158370972
31.831257343292236	29.433743953704834
36.0646276473999	42.31874942779541
27.239854335784912	24.54469919204712
29.710710525512695	33.89821529388428
37.871578216552734	34.587098121643066
41.53816223144531	39.57915782928467
38.61612796783447	46.86540985107422
28.95289134979248	23.965999603271484
38.108333587646484	40.79674243927002
45.923848152160645	40.120938301086426
36.533896923065186	36.93828868865967
45.01171112060547	44.843796730041504
50.7701301574707	45.978660583496094
32.84820556640625	34.3249249458313
28.35561990737915	27.64188289642334
37.2804651260376	42.21361541748047
35.54048824310303	42.05356693267822
45.19892168045044	42.430580615997314
30.03248929977417	30.57035207748413
32.97569274902344	29.419643878936768
51.08078956604004	48.49552917480469
51.82533502578735	52.07013702392578
48.96882104873657	43.09053897857666
48.326478004455566	33.62534284591675
37.37624263763428	30.670047760009766
39.231605529785156	38.20069885253906
37.85197734832764	36.299920082092285
46.19805669784546	47.08708906173706
51.40144348144531	42.10787296295166
47.376394748687744	52.66220998764038
45.73151779174805	36.52719497680664
42.962565422058105	42.09220504760742
33.931777477264404	28.41829776763916
49.448814392089844	46.50861358642578
45.77384948730469	44.2855110168457
45.254244804382324	44.432358741760254
50.04907941818237	48.30345869064331
29.32979106903076	26.788020133972168
41.181687355041504	42.97822666168213
41.766961097717285	41.897918701171875
44.08988428115845	43.54823970794678
40.24047374725342	39.10145282745361
40.12515163421631	35.19686508178711
41.90270233154297	39.380435943603516
40.14573669433594	41.38681697845459
49.25936508178711	43.680702209472656
33.0852746963501	45.02201557159424
36.705322265625	36.65977954864502
52.29297351837158	44.55985164642334
45.85128164291382	46.75322914123535
49.21718454360962	46.04631757736206
25.290873527526855	24.360600471496582
47.13240909576416	45.67448043823242
53.47863054275513	40.837379932403564
35.06511211395264	47.495086669921875
29.737918853759766	29.891003608703613
41.639113426208496	35.99803161621094
36.71970748901367	41.908447265625
32.93400478363037	31.18524169921875
35.31196594238281	31.801433563232422
27.665696144104004	29.648990631103516
46.40449666976929	38.44924449920654
45.893617153167725	42.757230281829834
42.00314426422119	40.13525676727295
41.32405185699463	36.66314220428467
44.46278381347656	43.68757247924805
40.57517910003662	40.04011917114258
48.765371799468994	47.56169939041138
36.21553897857666	39.77246046066284
46.81733322143555	47.44771099090576
42.29927062988281	31.298387050628662
58.056100845336914	53.55447006225586
25.70418119430542	22.40462303161621
34.160274505615234	34.87793779373169
36.37194871902466	37.947304248809814
57.3112850189209	52.23108100891113
48.5028018951416	48.13340950012207
35.611945152282715	34.23104953765869
39.95325565338135	37.05087375640869
37.6644172668457	38.293747901916504
30.27289867401123	32.08285617828369
42.9483118057251	40.03168773651123
48.760643005371094	43.99478244781494
26.118664741516113	24.81056499481201
32.558841705322266	31.335976123809814
34.707977294921875	31.089386463165283
35.949992179870605	37.01596927642822
42.629393577575684	36.379703521728516
39.63671922683716	38.965556621551514
45.16423797607422	41.263831615448
40.63922882080078	37.99783802032471
50.30486869812012	48.153860092163086
46.64140033721924	44.41575908660889
40.10485649108887	41.025495529174805
36.495537757873535	30.45922040939331
24.614195823669434	26.59496545791626
35.03936052322388	35.581982135772705
43.89521884918213	42.41912841796875
45.70530843734741	46.03700494766235
52.5757360458374	46.847383975982666
33.33494520187378	32.241836071014404
35.280673027038574	35.6464204788208
43.54389667510986	44.50649929046631
40.29887294769287	43.122276306152344
49.48457908630371	44.46565532684326
47.917869091033936	46.067065715789795
35.81100940704346	35.583961486816406
41.76134490966797	37.89466953277588
46.84696340560913	41.15480709075928
45.83012008666992	42.04387378692627
32.7183723449707	33.6864538192749
27.490599632263184	28.26547336578369
35.414488792419434	38.20587158203125
39.439146995544434	40.28548336029053
52.427988052368164	40.40455627441406
29.912139892578125	27.90725588798523
45.497986793518066	45.22701358795166
42.90107727050781	41.08590126037598
45.978569984436035	38.39607238769531
41.692809104919434	34.77159118652344
37.551963329315186	34.23271894454956
29.4592547416687	29.662375450134277
40.097846031188965	33.76295757293701
43.011820793151855	40.02836608886719
41.723533630371094	38.79829502105713
40.348992347717285	35.69166898727417
32.53146457672119	33.08946990966797
53.683401584625244	49.62360906600952
41.49855661392212	41.28002691268921
40.841983795166016	39.470680236816406
36.47721004486084	32.53358459472656
37.408249855041504	40.64469051361084
47.31488037109375	44.50376510620117
39.82965087890625	43.36677646636963
46.774832248687744	46.789849281311035
38.55412673950195	38.00790882110596
34.5118932723999	37.57071590423584
45.567111015319824	39.552831172943115
36.855849266052246	37.25071620941162
32.18654537200928	27.9957218170166
40.505104064941406	40.93198299407959
39.89919376373291	41.71328258514404
30.4070782661438	30.406486988067627
40.643558502197266	36.802687644958496
33.42736005783081	34.784207344055176
30.160470008850098	31.210083961486816
36.9966344833374	41.2126579284668
46.735087394714355	44.659850120544434
38.677610874176025	31.54770803451538
33.54097080230713	33.80441951751709
36.16894054412842	37.52489948272705
38.44221115112305	34.72350597381592
46.08364486694336	46.02741193771362
49.423890113830566	42.93286323547363
47.35550308227539	44.05874538421631
43.57836389541626	44.45290994644165
35.99284648895264	30.28416156768799
30.81620979309082	31.298048973083496
36.59302997589111	36.47471523284912
48.688180446624756	47.14679670333862
44.51751708984375	43.119526863098145
30.52946662902832	30.489541053771973
31.817021369934082	28.05816650390625
37.3383092880249	40.11058044433594
33.41681957244873	30.75329303741455
38.75008821487427	27.218761444091797
42.050490379333496	41.45081043243408
48.655120849609375	41.291805267333984
39.82530212402344	41.97591304779053
41.43498229980469	43.955403327941895
39.44386672973633	39.745849609375
24.01681900024414	26.787614822387695
45.51947021484375	45.11578845977783
42.17805576324463	40.1544828414917
40.0164155960083	39.77456188201904
49.55803346633911	44.968345642089844
37.26554775238037	35.334832191467285
45.337586402893066	42.36111831665039
37.160423278808594	40.9613881111145
36.99484348297119	41.28472137451172
55.11075735092163	52.08303451538086
25.62007427215576	20.878703594207764
49.24521446228027	45.316386222839355
45.156460762023926	41.05391979217529
37.15122699737549	31.017356872558594
37.38389253616333	35.96192121505737
30.98637819290161	32.26490020751953
28.526864051818848	28.507418632507324
50.46852493286133	48.21624183654785
53.94736289978027	51.43696975708008
56.39994430541992	51.617942810058594
49.60166358947754	41.10319519042969
40.52470254898071	44.92970323562622
43.19622802734375	38.23052978515625
48.80484867095947	44.21821165084839
35.1348614692688	35.32529354095459
36.46483612060547	41.80025768280029
45.673072814941406	44.57629108428955
28.134203910827637	30.678671836853027
30.75596570968628	31.650474071502686
35.98447895050049	35.57093524932861
55.21465301513672	53.17922592163086
44.835411071777344	44.13787078857422
45.901577949523926	43.25250196456909
46.18604373931885	42.32089853286743
41.312493324279785	40.96337127685547
41.939194679260254	41.93862533569336
52.28310012817383	45.89293670654297
38.293521881103516	40.62143039703369
31.838955879211426	29.44363832473755
44.33774185180664	40.38091278076172
47.15514278411865	40.301570892333984
42.17086839675903	43.182960987091064
42.245490074157715	39.75742435455322
41.94544267654419	43.80007791519165
36.21310472488403	33.50590944290161
36.144598960876465	40.520198822021484
40.47566270828247	38.75794315338135
51.424156188964844	47.00861358642578
56.15485382080078	49.594627380371094
33.510730266571045	34.19756841659546
45.09082841873169	43.448280811309814
36.947813987731934	37.719237327575684
36.04405117034912	36.23117923736572
43.169028759002686	42.784053325653076
34.62472915649414	27.30381727218628
42.50363302230835	43.704782009124756
42.40549564361572	37.148056983947754
48.83486270904541	51.33985662460327
41.25355911254883	39.55013179779053
44.539220333099365	37.24789524078369
31.955015659332275	29.695885181427002
35.15028381347656	36.17514371871948
50.06382179260254	48.5181827545166
36.124027729034424	40.648316860198975
44.67176342010498	43.2145299911499
50.496506214141846	47.92106008529663
37.31310033798218	36.00705575942993
47.63962268829346	45.12941265106201
31.642742156982422	27.843773365020752
46.47751569747925	39.85555171966553
36.113059520721436	35.830960273742676
46.066165924072266	41.27732563018799
36.00653886795044	36.861281394958496
39.34217834472656	39.278663635253906
37.354018688201904	35.933425426483154
40.72836971282959	40.23236846923828
47.18587875366211	48.09090614318848
49.64535713195801	46.24247074127197
37.83283996582031	33.516737937927246
48.245744705200195	44.51846981048584
41.8085241317749	39.915573596954346
38.21403121948242	40.338478088378906
35.012057304382324	35.459486961364746
37.11132049560547	36.60214900970459
52.418155670166016	47.06795883178711
57.17883110046387	45.89523696899414
24.294816970825195	33.296324729919434
39.22094774246216	35.790762424468994
46.130725383758545	43.546534061431885
40.583696365356445	44.88847732543945
35.99419116973877	35.14733076095581
36.78969955444336	39.660332679748535
36.38528537750244	33.89311695098877
31.72562885284424	33.08421993255615
36.07224225997925	34.56988573074341
42.106987953186035	39.85798931121826
45.6822509765625	45.02145767211914
46.0061616897583	41.957688331604004
36.97683095932007	35.56514310836792
30.95130443572998	32.1028208732605
56.24617004394531	52.67842102050781
39.23438358306885	36.259148597717285
43.303650856018066	41.80487537384033
38.292606353759766	35.6636381149292
41.27787780761719	41.301175117492676
34.155632972717285	33.21059703826904
41.19800662994385	42.52976989746094
49.12058353424072	46.902255058288574
42.10563659667969	35.471739768981934
39.47382831573486	32.07536315917969
41.53044033050537	41.37880039215088
37.53521490097046	35.131234645843506
51.016658782958984	47.85085678100586
36.92952060699463	31.57917308807373
50.40715169906616	51.708359718322754
33.58372449874878	32.96734571456909
42.51918077468872	35.058692932128906
45.140716552734375	48.1278133392334
40.621652603149414	40.85442543029785
47.38590145111084	42.54185771942139
39.068678855895996	33.518174171447754
36.481329917907715	36.539849281311035
46.71874237060547	42.84252166748047
46.361815452575684	44.17411708831787
43.553338050842285	43.94857692718506
42.53828716278076	35.31999206542969
39.583502769470215	43.07090091705322
37.826626777648926	34.45518779754639
45.1548285484314	44.218578815460205
49.685696601867676	45.9440221786499
40.07648849487305	41.38398456573486
44.142333984375	45.099595069885254
31.9751558303833	36.96635341644287
40.112895011901855	35.17197132110596
34.265015602111816	31.083849906921387
36.19881820678711	40.688652992248535
28.989280700683594	38.67520809173584
36.277647972106934	33.887351989746094
43.012779235839844	41.46353816986084
43.074259757995605	41.53094291687012
45.38162612915039	45.75359344482422
35.39312267303467	34.953795433044434
36.2719202041626	33.963478088378906
59.193052768707275	54.32631540298462
45.4039306640625	37.01396656036377
29.527316093444824	30.07720947265625
44.25476121902466	45.29200458526611
38.16002559661865	40.18634033203125
46.881317138671875	39.966851234436035
43.399861335754395	44.602349281311035
35.32877445220947	33.675148487091064
45.85608625411987	40.78729867935181
36.291964530944824	37.179368019104004
41.1003999710083	40.304171562194824
31.870671272277832	37.67917728424072
41.42270565032959	38.845948219299316
43.583038330078125	43.39497756958008
40.92660427093506	45.2940673828125
39.020859718322754	40.63354969024658
52.63977813720703	47.72072124481201
40.06896495819092	36.46697998046875
47.019344329833984	46.9191370010376
46.794859886169434	44.645233154296875
33.435142040252686	32.74068832397461
34.54511642456055	41.7291784286499
29.997227668762207	30.036998748779297
42.35820913314819	44.1363205909729
48.992380142211914	48.82861518859863
42.61161804199219	35.27278518676758
50.14898157119751	46.31166410446167
31.027198791503906	28.233592987060547
48.15846061706543	40.21241855621338
27.887701988220215	27.74341106414795
26.657947540283203	25.423270225524902
50.14593744277954	46.36241626739502
33.51318359375	32.252235412597656
42.212891578674316	41.161834716796875
46.856589794158936	44.86582326889038
42.92790985107422	34.19056034088135
45.88087320327759	44.80053472518921
