56.78640365600586	54.33592224121094
59.68055534362793	65.39962005615234
53.76785945892334	52.91071367263794
56.554012298583984	61.932716369628906
57.75710964202881	53.56618595123291
38.96722412109375	47.77126979827881
49.557369232177734	53.14006471633911
60.53822040557861	59.839162826538086
44.09242248535156	42.60508728027344
56.58790826797485	60.239381313323975
50.787322998046875	53.85280466079712
55.03801918029785	57.51070261001587
61.177539348602295	62.24021863937378
55.46492385864258	54.54689598083496
50.1954779624939	52.45449161529541
43.07112264633179	48.279098987579346
65.01778221130371	60.30548667907715
40.23721694946289	44.958412170410156
61.48491668701172	57.58657264709473
50.2092981338501	55.476698875427246
57.89511251449585	58.017425537109375
65.46926736831665	60.10574197769165
49.11305332183838	47.55145215988159
46.631938457489014	46.40012073516846
73.48013973236084	70.91431331634521
54.69027614593506	56.716957569122314
58.209476470947266	59.11185836791992
43.73756408691406	45.26601028442383
54.72549057006836	60.9691047668457
44.99604654312134	46.866403102874756
62.82137393951416	65.23316860198975
65.00952100753784	65.02783203125
60.131988525390625	56.588130950927734
57.15876007080078	59.816680908203125
51.224326610565186	58.6692533493042
46.38295364379883	47.04035186767578
48.96104049682617	55.60263442993164
56.611148834228516	55.85940599441528
56.708404541015625	51.729233264923096
58.022215843200684	56.472580909729004
71.85740518569946	71.13408851623535
55.41453409194946	56.73443841934204
49.223716735839844	52.71839141845703
63.76792907714844	64.22987461090088
53.92672538757324	62.170419692993164
61.927940368652344	54.922569274902344
48.85341453552246	50.87541961669922
44.54004669189453	45.47761535644531
46.219244956970215	41.860084533691406
51.05210781097412	54.88927364349365
57.628363609313965	57.824435234069824
61.92607879638672	57.655174255371094
47.23440170288086	52.55781936645508
49.1996955871582	52.1856164932251
59.04918670654297	58.47233772277832
49.01481628417969	46.939696311950684
63.64805603027344	67.54000854492188
48.08516311645508	48.991024017333984
46.7098331451416	48.592323303222656
51.835570335388184	55.69920539855957
58.34695339202881	59.150452613830566
53.32972860336304	53.208938121795654
49.03315544128418	52.1638126373291
58.327531814575195	61.255455017089844
52.430328369140625	55.36139488220215
59.53021240234375	62.73957443237305
60.12249755859375	58.91935348510742
50.57710552215576	51.357937812805176
52.98666477203369	52.27676868438721
42.51219463348389	46.0241174697876
43.01730251312256	45.426063537597656
52.58331298828125	55.20000457763672
49.97445487976074	51.947299003601074
39.588704109191895	44.97066020965576
63.69227886199951	66.88066959381104
72.30018424987793	78.34078788757324
51.93289232254028	50.32455396652222
56.64942741394043	56.90931987762451
48.4191780090332	50.987037658691406
49.91150665283203	48.636199951171875
70.15112113952637	71.62676095962524
43.39491510391235	42.41258955001831
58.66159629821777	58.22317028045654
52.70923614501953	53.095584869384766
59.65051746368408	61.005560874938965
39.93201541900635	40.423630714416504
55.88019323348999	58.41572713851929
62.64749336242676	62.53482627868652
72.75953769683838	74.95874881744385
53.98963689804077	54.96405839920044
41.66089677810669	43.51076555252075
68.45677852630615	66.16891384124756
44.09141540527344	41.85992431640625
52.88154983520508	58.075164794921875
46.21536684036255	47.14396905899048
65.34391593933105	69.18965005874634
57.96160697937012	56.392083168029785
49.05887317657471	53.25771903991699
47.21125602722168	49.42290687561035
67.12679290771484	71.2374496459961
57.21841907501221	59.56943321228027
48.26960563659668	41.2576789855957
47.72548055648804	51.535783767700195
42.60498046875	42.432406425476074
74.41128730773926	65.68763732910156
64.912522315979	70.41396474838257
60.88878345489502	63.39159107208252
66.44789695739746	64.94206428527832
60.595394134521484	61.56743240356445
44.82516145706177	44.461631774902344
48.54016971588135	49.18765115737915
45.45806121826172	45.72669982910156
54.040138721466064	51.294601917266846
55.069427490234375	55.078346252441406
55.261531829833984	56.73183250427246
36.696189880371094	42.81258487701416
43.63120889663696	45.54520797729492
46.7801628112793	48.99156475067139
47.44609451293945	44.272491455078125
58.27582550048828	59.898048400878906
57.093666076660156	57.63471984863281
55.895751953125	57.95561218261719
59.13546085357666	62.371177673339844
40.17879581451416	45.1904296875
59.96464490890503	62.86119890213013
51.247148513793945	53.78373146057129
59.08668518066406	58.881065368652344
50.05753469467163	55.57546520233154
39.248478412628174	43.674370765686035
40.406307220458984	42.61852169036865
42.59897994995117	50.11560821533203
52.10486078262329	53.251585960388184
54.24439859390259	54.32056903839111
59.65324258804321	58.90842533111572
51.339317321777344	48.408382415771484
60.68310260772705	63.55809688568115
53.857177734375	54.12224006652832
63.52127552032471	64.85329484939575
50.965171813964844	50.674983978271484
47.05187129974365	49.69182586669922
46.30022192001343	51.15028619766235
47.78362703323364	50.970919609069824
45.39142656326294	48.11355113983154
61.43771409988403	56.604291915893555
54.34246826171875	58.00567626953125
53.498501777648926	59.02606010437012
49.240966796875	50.503517150878906
73.04822301864624	71.74218702316284
56.246013164520264	62.771501541137695
65.5755090713501	60.60483932495117
52.76870775222778	52.04345750808716
48.15504550933838	48.168439865112305
62.198768615722656	64.56034851074219
54.42502498626709	59.69202995300293
64.6587085723877	61.05216979980469
56.96218013763428	59.235191345214844
47.387826919555664	49.518805503845215
53.99196672439575	55.90117263793945
48.97704219818115	52.23831224441528
45.72014236450195	49.21176528930664
56.641993045806885	53.267799854278564
59.60014343261719	63.55300283432007
50.53072261810303	53.674920082092285
44.546289920806885	54.203513622283936
67.80092716217041	65.38084506988525
45.59095001220703	45.38643550872803
47.10515213012695	50.057148456573486
75.29937744140625	76.22056722640991
63.76242542266846	63.96618604660034
41.17555856704712	43.80246114730835
50.286231994628906	52.92707443237305
50.34291076660156	54.85575866699219
52.12283134460449	54.95939826965332
60.145912170410156	57.34872055053711
66.6855697631836	69.39924669265747
61.18194770812988	61.99141216278076
68.79639625549316	71.46644592285156
51.683284759521484	47.14251708984375
48.23751926422119	48.695502281188965
56.19374656677246	57.25955772399902
70.53949213027954	69.80493211746216
71.59075736999512	71.54622554779053
51.13303279876709	52.9474401473999
55.93752479553223	56.03125190734863
52.15502738952637	53.38845252990723
53.6444034576416	53.091941356658936
74.08931732177734	76.30002021789551
64.57268524169922	59.83718490600586
52.494476318359375	58.46061706542969
74.51189517974854	71.79945230484009
59.59282398223877	59.06590461730957
54.69237041473389	55.562843799591064
45.52107238769531	48.11629104614258
41.01206588745117	47.980506896972656
45.8586311340332	47.803863525390625
63.07070255279541	59.93180751800537
48.26728963851929	55.48620319366455
55.10708713531494	55.92159461975098
43.4093542098999	41.82849884033203
56.435359954833984	60.49669647216797
50.42043972015381	57.965779304504395
47.978214263916016	46.339698791503906
55.732521057128906	57.39798355102539
66.71525478363037	68.52319240570068
55.31585693359375	56.054391860961914
69.16861057281494	73.2824182510376
51.36257076263428	50.25126028060913
59.904799938201904	57.236918926239014
44.58873748779297	49.7032585144043
54.24601078033447	56.65619373321533
55.819172859191895	56.934757232666016
47.699520111083984	52.39503479003906
50.92250633239746	50.37343454360962
47.19272518157959	50.76729869842529
53.88796949386597	57.91711091995239
53.64872932434082	55.227516174316406
63.70337677001953	65.90128326416016
46.9740686416626	46.80149745941162
48.670937061309814	50.93823862075806
61.97190761566162	59.14510250091553
61.16551971435547	62.1745719909668
44.66410160064697	43.19809627532959
59.09302568435669	61.30258655548096
51.76249694824219	51.659515380859375
59.99628162384033	60.61505365371704
45.65776348114014	50.349148750305176
49.15602684020996	47.341647148132324
40.54944705963135	46.99841022491455
67.45740509033203	68.26622009277344
35.00358867645264	38.44472408294678
50.98204803466797	57.48880577087402
44.83017826080322	44.34379529953003
56.21631622314453	56.42425537109375
53.540313720703125	55.11802673339844
55.407830238342285	59.809326171875
54.658626079559326	58.7499475479126
48.04555416107178	59.39094543457031
55.77705383300781	54.46120071411133
54.26528549194336	55.3959846496582
50.1429557800293	56.333248138427734
46.65135192871094	48.8420524597168
59.355812072753906	60.64767360687256
52.31102752685547	55.23711013793945
53.111613750457764	50.543147563934326
48.80621910095215	49.38651084899902
65.76045036315918	64.41815853118896
57.85302734375	64.39217376708984
57.01957082748413	59.22687864303589
50.096595764160156	50.795379638671875
48.70512771606445	58.78358840942383
62.00116539001465	54.19444799423218
52.17921495437622	54.79432821273804
48.87550354003906	51.334991455078125
59.71617794036865	60.87697792053223
45.99974822998047	52.2894401550293
62.81207752227783	64.78710317611694
49.7703857421875	45.64466094970703
41.39605093002319	45.87465810775757
52.529266357421875	54.46780872344971
52.06385803222656	54.45942306518555
55.61472415924072	54.40351152420044
54.3356237411499	54.04279088973999
57.92801856994629	60.40219306945801
57.98649787902832	59.62428092956543
45.988494873046875	50.856590270996094
40.92746829986572	42.44224262237549
41.42154550552368	47.81214237213135
51.50084829330444	50.06635284423828
59.73260498046875	62.33659744262695
67.16703701019287	65.59052467346191
64.5688009262085	58.15567493438721
62.10099220275879	62.61673164367676
54.79442739486694	55.65821027755737
49.6929931640625	50.15423536300659
53.010127544403076	56.854398250579834
60.68958806991577	61.80182075500488
51.932129859924316	53.49187183380127
43.71188449859619	48.04177665710449
42.07304906845093	44.58992910385132
59.91824722290039	62.07725524902344
57.42468738555908	60.000311851501465
46.89846658706665	47.10737323760986
68.86631727218628	62.33333158493042
57.895437240600586	59.96712684631348
48.18481636047363	59.45832538604736
58.95942687988281	57.014427185058594
42.953887939453125	46.93962860107422
56.63757276535034	56.53197526931763
59.4186429977417	58.92990016937256
62.79178762435913	67.08813285827637
69.63606262207031	65.07970428466797
46.54957962036133	48.57615661621094
44.61046600341797	50.652920722961426
80.57822799682617	78.73185539245605
57.18624496459961	60.43215322494507
56.16480255126953	56.51362991333008
44.948018074035645	44.506606101989746
47.410561084747314	51.350444316864014
43.69587993621826	46.25565147399902
63.17347717285156	60.5482177734375
51.21410608291626	53.223477840423584
38.778934478759766	42.669708251953125
59.852803230285645	54.93953275680542
58.99896240234375	59.11178970336914
59.8248176574707	62.391845703125
46.459519386291504	43.99851894378662
59.28704023361206	66.37238883972168
52.96662139892578	51.71864318847656
53.24908447265625	56.29914474487305
49.26699161529541	51.11252784729004
58.733957290649414	59.62365245819092
50.282968044281006	52.263978481292725
62.77186632156372	63.08241891860962
51.74449920654297	56.44432830810547
50.44993305206299	53.31871700286865
45.51628112792969	46.894290924072266
55.358296394348145	55.12705993652344
59.77642822265625	63.31913757324219
49.17813491821289	52.027374267578125
53.606767654418945	52.4730920791626
48.73872232437134	47.61276197433472
51.70351839065552	59.95855951309204
58.890037536621094	54.131500244140625
59.42304849624634	58.254321575164795
51.21217632293701	52.54705810546875
72.14056587219238	70.44338417053223
44.24284839630127	48.34371328353882
60.0781774520874	58.10626029968262
59.30597543716431	64.01132106781006
61.80132293701172	58.2003173828125
47.98860168457031	48.8437385559082
56.59291076660156	57.48442983627319
62.54659080505371	60.96799278259277
51.82931184768677	50.95187759399414
50.81399488449097	51.572553634643555
49.28609275817871	47.36302185058594
47.746633529663086	51.051342487335205
41.6256422996521	43.62124538421631
51.53295135498047	57.028770446777344
52.46360778808594	60.3389835357666
51.79397964477539	58.97781944274902
54.4066047668457	54.002864837646484
54.3116135597229	59.48010063171387
60.09357166290283	57.588327407836914
54.7811164855957	59.544029235839844
64.56777095794678	63.66903781890869
55.81516456604004	59.04615354537964
59.98699188232422	63.43170642852783
49.73929166793823	54.15322923660278
46.36018466949463	46.56763744354248
46.885764598846436	55.40979051589966
59.72709560394287	56.98558187484741
67.98971748352051	63.77186155319214
47.993560791015625	50.61140441894531
62.807302474975586	66.22241973876953
58.55248975753784	52.90265893936157
57.19475555419922	58.10519599914551
52.65799427032471	51.67023754119873
57.93091297149658	56.33313179016113
56.58725643157959	57.48775768280029
52.31752109527588	53.33802652359009
55.92007637023926	57.31819152832031
51.390058517456055	54.06764841079712
59.15252351760864	57.74858236312866
45.086509227752686	45.63991975784302
44.3577995300293	46.43608856201172
51.23155975341797	51.09867858886719
61.130552768707275	60.45818519592285
65.01423835754395	64.6694564819336
55.1427116394043	55.951942443847656
69.18502712249756	73.2445616722107
52.08597135543823	50.906378746032715
49.22002029418945	52.020172119140625
57.34747838973999	56.22343111038208
65.55962562561035	61.90976142883301
49.11988067626953	50.358001708984375
48.362281799316406	47.9589729309082
51.67140054702759	56.40943908691406
52.29856014251709	59.60263729095459
56.78689956665039	55.54311752319336
66.15469169616699	64.53638219833374
56.35632276535034	59.09292268753052
40.17375469207764	38.4977502822876
42.53093671798706	43.49166965484619
43.46488332748413	44.316184520721436
55.48432540893555	57.30105209350586
52.327885150909424	54.94734764099121
50.99411487579346	59.825315952301025
47.02723789215088	47.43566036224365
54.66057014465332	57.80825614929199
59.44857168197632	67.56370687484741
39.91967010498047	38.493109703063965
52.03542709350586	59.74092483520508
49.96773910522461	53.465755462646484
65.4905014038086	62.29008483886719
62.289695262908936	61.69236087799072
43.910141944885254	44.84889507293701
36.92036771774292	40.547473430633545
48.13862609863281	48.73523712158203
52.141993045806885	47.296181201934814
59.6253604888916	61.811116218566895
54.590553760528564	57.64346122741699
55.79480743408203	57.612667083740234
64.33928489685059	66.18464040756226
40.37369155883789	41.20252990722656
38.42318248748779	42.79593276977539
62.966362953186035	64.64149475097656
51.59759521484375	53.23301315307617
39.022064208984375	41.54940319061279
64.75227642059326	65.21886920928955
46.4500150680542	50.145578384399414
49.19324541091919	48.084044456481934
47.283034801483154	51.642406940460205
50.93280601501465	54.461005210876465
46.82461643218994	48.4671106338501
38.3427848815918	39.97096252441406
40.50853443145752	46.72207546234131
47.521915435791016	48.69974613189697
48.66937255859375	57.430137634277344
49.56372833251953	54.59832000732422
53.20465564727783	52.93841361999512
50.59640121459961	54.231109619140625
53.49506378173828	54.54646110534668
59.158363342285156	65.18737030029297
46.40657329559326	47.213942527770996
46.756213665008545	47.00360584259033
55.48268222808838	60.259499073028564
65.49008703231812	69.134840965271
67.43031072616577	65.85453987121582
57.896244049072266	59.10062026977539
61.3151650428772	60.91412115097046
57.42967224121094	57.906765937805176
48.801204681396484	48.84211730957031
57.397114753723145	60.81237316131592
53.8773193359375	56.196882247924805
44.7318000793457	45.11103820800781
46.721999645233154	50.39626121520996
48.800954818725586	49.85658073425293
41.78240156173706	46.41494417190552
62.3426570892334	61.657822608947754
54.286407470703125	56.81157302856445
41.352261543273926	41.007033348083496
57.25047588348389	54.96415853500366
42.26827383041382	44.66669321060181
53.39358043670654	51.324867725372314
43.011001110076904	46.068243980407715
60.2285270690918	62.603543758392334
50.12054443359375	50.178646087646484
61.455322265625	68.89068031311035
50.34378433227539	47.207998752593994
43.44989347457886	47.02665567398071
43.31303071975708	41.044333934783936
34.13962650299072	39.320926666259766
63.59148979187012	66.84150695800781
56.58342742919922	57.022178649902344
54.666571617126465	55.070271492004395
44.462013244628906	48.26313400268555
51.8878698348999	51.67815971374512
54.219207763671875	55.65013885498047
46.248291015625	51.513118743896484
63.45301580429077	65.10531425476074
60.56390190124512	55.658751010894775
42.89558792114258	47.802398681640625
65.94572257995605	65.75001335144043
38.74111032485962	44.90068960189819
57.7052116394043	55.807395935058594
52.97618246078491	55.14697313308716
57.48309516906738	58.42924976348877
49.9469575881958	49.39784622192383
44.088531494140625	48.02210235595703
66.19243621826172	62.53067207336426
45.208858489990234	46.915833473205566
51.96937036514282	57.936161041259766
45.93250274658203	45.1081428527832
83.43077087402344	75.9484806060791
52.637184619903564	54.87401819229126
48.711524963378906	50.86636734008789
39.23534059524536	42.660048484802246
41.76408672332764	43.131327629089355
64.61779117584229	62.60634422302246
66.62467813491821	68.71303701400757
64.20453548431396	63.0087947845459
62.43847417831421	62.97437524795532
47.22578048706055	49.108360290527344
48.3027458190918	46.56470489501953
68.21856594085693	72.5553150177002
66.01514625549316	69.93969869613647
43.836607456207275	50.34008741378784
67.65470123291016	65.19203853607178
49.726348876953125	52.43284225463867
52.96629238128662	55.29245710372925
49.712860107421875	54.485668659210205
50.5549054145813	46.58560228347778
59.9708251953125	62.486328125
43.85804319381714	43.9450945854187
47.254148960113525	51.372153759002686
55.43677806854248	58.18159580230713
45.60086631774902	44.030349254608154
50.096839904785156	54.03630828857422
41.433478355407715	45.67638921737671
53.6879825592041	53.24112892150879
66.3946704864502	64.32715606689453
66.3673996925354	70.11786603927612
49.08332061767578	48.78713035583496
56.59932613372803	57.54744529724121
32.56836557388306	32.773780822753906
46.806339263916016	48.986289978027344
67.26319313049316	64.08926486968994
54.27119255065918	55.705037117004395
55.83595275878906	57.82073211669922
54.902732849121094	57.3634033203125
60.415874004364014	62.4927020072937
44.49007701873779	49.79603624343872
48.2056303024292	48.38314962387085
55.99911117553711	53.93291473388672
59.83133792877197	63.95122528076172
46.55306911468506	47.9327917098999
55.74134063720703	60.307472229003906
59.49945831298828	57.282249450683594
57.13002014160156	55.43695068359375
56.5668740272522	58.284685134887695
45.71514844894409	48.11837100982666
68.19648599624634	66.37384986877441
54.71055793762207	59.16219234466553
65.37978172302246	70.66606044769287
69.05787467956543	63.26676845550537
56.4913330078125	62.254159927368164
46.418352127075195	47.72271251678467
54.808907985687256	58.98799228668213
54.00271654129028	59.60020351409912
41.886022090911865	43.05537796020508
50.79920196533203	62.12251424789429
65.81329536437988	66.61562919616699
53.70900344848633	54.32796859741211
44.061936378479004	47.8482346534729
49.33642387390137	51.11084747314453
51.87163782119751	50.7163610458374
63.039634704589844	67.29164123535156
46.53964328765869	44.2648549079895
47.3942985534668	48.08039903640747
59.169981479644775	66.01556253433228
44.54945755004883	46.947296142578125
56.35665321350098	57.50889587402344
56.960495948791504	51.9361686706543
51.583396911621094	52.85293006896973
42.03235721588135	42.216063022613525
55.15437126159668	58.727431297302246
61.1374568939209	55.0311484336853
52.542104721069336	56.149516105651855
53.237213134765625	52.28779602050781
40.44114589691162	49.02281093597412
62.406314849853516	62.80093765258789
55.34275817871094	55.147422790527344
67.54762506484985	62.85414934158325
55.05930757522583	62.251768589019775
48.16488742828369	48.41343450546265
43.82312893867493	46.33417558670044
51.58021593093872	51.50863552093506
57.54549980163574	57.04148292541504
55.75935363769531	61.41894817352295
48.289883613586426	49.120386600494385
59.936723709106445	60.04228115081787
69.22351837158203	66.09986114501953
68.08413028717041	66.52441501617432
55.866859436035156	54.288124084472656
51.17848205566406	52.82033157348633
44.380918979644775	44.350494384765625
65.77394104003906	66.49874877929688
66.15602111816406	63.728424072265625
39.47981548309326	44.33441925048828
70.08302211761475	68.6484432220459
66.43904209136963	66.68627738952637
53.38307476043701	52.7338342666626
56.03606700897217	61.454880237579346
52.84720754623413	53.11060810089111
48.71531867980957	50.34235954284668
64.07939910888672	61.188368797302246
57.048540115356445	57.79041290283203
60.83114051818848	57.38055372238159
63.26662874221802	68.10884857177734
56.651580810546875	54.8320198059082
58.96648406982422	62.374267578125
46.95308303833008	49.19632339477539
64.17432308197021	65.63745021820068
55.61898708343506	57.92431402206421
56.52356815338135	52.17402935028076
58.28398323059082	58.306710720062256
65.64933156967163	60.709749698638916
48.27989387512207	49.86068916320801
66.6595287322998	66.57595109939575
52.34608268737793	56.619672775268555
39.530609130859375	42.44636535644531
58.396389961242676	58.563443183898926
58.319764137268066	59.1987943649292
48.382286071777344	48.912071228027344
58.178847312927246	60.59270668029785
43.6972770690918	46.493587493896484
47.458813190460205	47.55158233642578
56.44964647293091	55.48219299316406
63.60858345031738	68.21595907211304
53.173301696777344	55.17618942260742
62.40808963775635	58.54206085205078
57.63265085220337	59.97721481323242
47.61809778213501	53.90505409240723
57.005889892578125	53.131324768066406
49.29703903198242	54.216583251953125
51.78178405761719	49.134490966796875
63.060133934020996	66.01023197174072
59.969791412353516	56.99201583862305
55.06003475189209	56.00292348861694
70.17196559906006	70.74616384506226
58.04049491882324	57.41918087005615
52.04359436035156	51.326316833496094
53.94699573516846	63.74113082885742
53.89573287963867	51.74977254867554
68.87617492675781	61.57499599456787
58.194098472595215	59.56320285797119
58.08881759643555	59.77434158325195
59.93286895751953	58.42875671386719
55.77584266662598	61.04588031768799
58.33075475692749	56.95379447937012
53.046571254730225	54.381041049957275
52.799906730651855	55.70499229431152
42.55188846588135	39.752525329589844
61.8392858505249	66.18217277526855
52.120094299316406	50.979270935058594
53.065003395080566	51.252302169799805
51.602731704711914	55.436646938323975
49.478797912597656	51.2628173828125
63.562796115875244	64.50175380706787
42.98876953125	46.84796142578125
38.89111375808716	41.12014675140381
64.09694623947144	62.72515296936035
60.39239501953125	62.5337290763855
72.53037929534912	72.35360527038574
49.95399284362793	58.97898244857788
61.463815212249756	65.3836898803711
53.331735134124756	54.045374393463135
52.27506160736084	55.72382211685181
43.12330341339111	44.86348056793213
68.17970275878906	65.88883399963379
52.160356521606445	53.224034786224365
70.71805000305176	70.31027317047119
41.44401264190674	45.52406930923462
61.087989807128906	64.54702854156494
48.99316120147705	54.12917947769165
54.803558349609375	54.579261779785156
40.74905347824097	42.472167015075684
48.04952144622803	50.66858911514282
52.18506622314453	52.29364776611328
50.99350929260254	53.99867057800293
53.854941844940186	56.7743353843689
60.58170747756958	64.86606645584106
46.05241775512695	47.937049865722656
46.7615852355957	52.3654899597168
52.49477291107178	52.47258281707764
50.90012741088867	53.28504180908203
60.88612747192383	61.890801429748535
62.83930778503418	64.01314544677734
45.417357444763184	50.30869674682617
52.03100538253784	50.526286125183105
67.21755981445312	68.29343318939209
52.59223175048828	50.650184631347656
55.713096618652344	58.62206315994263
49.586052894592285	51.18746757507324
50.99007797241211	54.18915939331055
65.91327047348022	66.06930494308472
54.17192840576172	47.46050262451172
51.21763515472412	51.94214487075806
63.427157402038574	67.04119205474854
56.70361328125	58.67612838745117
44.758037090301514	41.97617435455322
47.36978244781494	52.339569091796875
66.28056907653809	69.26181221008301
64.25042867660522	61.90059471130371
56.712854862213135	54.15191602706909
49.38710689544678	49.608567237854004
50.59006690979004	50.761446952819824
45.55564212799072	51.59108066558838
51.607070446014404	56.46565818786621
49.00871753692627	46.694464683532715
52.712913513183594	56.07494354248047
46.303292751312256	48.518410205841064
54.75155687332153	54.57553482055664
55.440640449523926	58.33430767059326
69.51103258132935	66.01906633377075
56.914371490478516	63.6352424621582
60.69143772125244	55.33286476135254
49.0203652381897	53.5918493270874
60.62878131866455	56.927995681762695
43.725929260253906	41.99722194671631
45.33245086669922	51.6896071434021
49.247718811035156	50.76417922973633
67.57318782806396	65.2816071510315
69.09204006195068	68.47921085357666
55.347877502441406	54.291961669921875
71.85954332351685	74.07274866104126
36.68290328979492	39.27549362182617
55.59693002700806	53.0615348815918
51.79506969451904	53.37852144241333
66.92289733886719	64.6953353881836
57.931639671325684	58.29549312591553
76.29328680038452	78.60108947753906
64.8147201538086	65.38680076599121
54.457876682281494	54.57116889953613
59.92197513580322	59.48819160461426
55.198368072509766	55.65705108642578
53.34266662597656	53.34233283996582
46.35364007949829	51.48648262023926
64.34152269363403	65.56520891189575
54.8639440536499	54.51592445373535
58.54739236831665	63.36325979232788
70.7416319847107	71.69235754013062
59.06902837753296	58.2521185874939
46.66725158691406	45.28276824951172
56.54126739501953	58.50946044921875
55.80305480957031	56.58424758911133
64.9102554321289	64.5272445678711
64.11906290054321	68.46539497375488
60.568952560424805	57.818846702575684
62.38130569458008	58.375450134277344
58.8068790435791	59.868947982788086
47.03940200805664	48.93156433105469
59.54679870605469	62.64880990982056
70.80187320709229	72.77454376220703
55.69004440307617	53.999427795410156
56.299095153808594	53.3945198059082
62.121760845184326	64.17812919616699
54.72264289855957	56.15160799026489
53.749157428741455	53.955413818359375
63.358588218688965	61.87478065490723
50.520896911621094	50.977540016174316
50.89112138748169	47.532132625579834
63.78927040100098	68.92104148864746
59.12071704864502	58.42226505279541
55.502899169921875	56.8765983581543
54.271963119506836	53.38156843185425
47.62697219848633	51.9407844543457
59.90613842010498	57.15503740310669
62.24034309387207	64.9032735824585
55.56825542449951	58.22087860107422
53.726773262023926	48.415703773498535
48.07060241699219	50.82994842529297
66.07398891448975	69.3892650604248
53.509586334228516	55.03190612792969
68.87300968170166	64.60423946380615
54.771949768066406	56.378318786621094
46.89268493652344	48.446922302246094
47.66905212402344	53.30087661743164
46.88408374786377	43.89551401138306
53.30876684188843	52.062981605529785
54.55972194671631	56.42369747161865
55.56140184402466	56.28297710418701
55.15977382659912	59.02822685241699
55.50373029708862	55.119051933288574
54.249515533447266	55.743988037109375
58.006595611572266	58.254751682281494
48.48764181137085	50.65771818161011
55.25915765762329	56.20974540710449
60.48146057128906	62.93556213378906
65.58048248291016	64.31251525878906
54.75788927078247	53.336477279663086
58.677669525146484	60.93505096435547
48.93188762664795	51.75021982192993
49.92889595031738	49.017099380493164
49.20480728149414	47.06233596801758
45.595773220062256	50.186766147613525
45.34076929092407	47.55715370178223
54.682899475097656	52.451080322265625
46.59048843383789	50.525917053222656
55.14365100860596	55.73476266860962
65.2462387084961	62.208266258239746
50.42377471923828	54.26707458496094
44.95673322677612	49.593775272369385
38.22397565841675	45.220457553863525
47.194908618927	48.93085956573486
61.420238971710205	62.17200422286987
50.770127296447754	57.08736801147461
56.95888900756836	58.248748779296875
50.532434940338135	53.7526421546936
55.490478515625	59.21904945373535
52.1412034034729	56.37963008880615
55.29270935058594	54.25642013549805
48.64823770523071	49.93695116043091
57.40293884277344	58.78385925292969
48.883718490600586	50.33672904968262
45.31498146057129	50.164780139923096
67.57082939147949	64.45609092712402
56.19743347167969	63.33085536956787
53.81559705734253	53.44840049743652
56.1334228515625	58.32513427734375
53.248921394348145	60.04545021057129
64.27576446533203	59.648048400878906
49.353271484375	53.79949188232422
53.030757904052734	55.24217987060547
66.61307716369629	67.70697212219238
47.07999515533447	45.36814785003662
49.28776931762695	53.289222717285156
55.76564884185791	57.59196710586548
42.9927864074707	49.46667957305908
65.49702644348145	64.16199493408203
57.47575759887695	55.08476638793945
43.68423271179199	51.72062873840332
55.31930732727051	51.422982692718506
45.419392585754395	52.160277366638184
52.07278776168823	53.73456430435181
62.147674560546875	65.47482299804688
49.42719268798828	50.98216438293457
46.92219543457031	49.39958190917969
46.9727897644043	46.564109802246094
47.6021032333374	51.72567558288574
61.168479919433594	62.26683044433594
55.35862350463867	51.76345777511597
52.442819118499756	59.643781661987305
52.67057275772095	49.97969055175781
52.79473686218262	58.42218589782715
71.17527961730957	65.32209873199463
54.82388877868652	63.61916971206665
53.09352493286133	54.276549339294434
53.048545837402344	56.19717025756836
47.6524658203125	48.83238983154297
62.52206802368164	58.5178279876709
47.732486724853516	52.025726318359375
64.26025629043579	67.19109439849854
54.28950119018555	56.23164367675781
58.11974859237671	56.92508840560913
46.113807678222656	49.31958818435669
62.070733070373535	65.8915548324585
51.088385581970215	53.006216526031494
48.64701795578003	47.49719190597534
44.4148850440979	47.69845485687256
47.447837829589844	50.08307647705078
59.571781158447266	57.052321434020996
63.04801940917969	61.92351531982422
58.916335105895996	60.391340255737305
52.38529109954834	53.4770884513855
56.026495933532715	60.25611877441406
49.95767593383789	53.50597381591797
61.00226020812988	65.81454515457153
62.77417516708374	60.1720290184021
60.04439163208008	59.355552673339844
50.223453998565674	56.27875328063965
57.85928726196289	63.26402187347412
58.60363960266113	62.27370262145996
49.461856842041016	48.39912033081055
42.18030118942261	44.070013999938965
55.34627437591553	53.346357345581055
65.8073902130127	61.82709503173828
67.76962327957153	64.0471248626709
61.4249210357666	61.290085315704346
55.147090911865234	56.50463104248047
53.850948333740234	55.393341064453125
56.312296867370605	61.922271728515625
50.32624912261963	49.71910858154297
47.34288263320923	54.40370512008667
47.389968395233154	46.40860605239868
61.41688299179077	64.19097805023193
58.42721462249756	60.14662265777588
48.12955617904663	48.63452768325806
36.45779514312744	42.51211452484131
59.00291633605957	58.61729192733765
51.493263244628906	53.92210578918457
46.56900644302368	45.13911056518555
62.334031105041504	60.16370344161987
60.96686553955078	69.1386489868164
53.39790725708008	53.79827117919922
56.36990165710449	60.942123889923096
52.66321563720703	58.229244232177734
49.409202575683594	46.94212245941162
46.19370412826538	50.64549493789673
53.79410934448242	54.56657409667969
45.83366250991821	47.393484592437744
48.4127311706543	53.76569747924805
63.13093900680542	60.68509483337402
52.78688049316406	55.00048065185547
61.505616664886475	58.69537544250488
51.67854928970337	57.19434642791748
63.386030197143555	61.48380374908447
46.73127746582031	53.896751403808594
60.77347469329834	55.98782157897949
54.28633117675781	59.135958194732666
55.941386222839355	57.898945808410645
53.66326904296875	59.37761878967285
57.99134159088135	61.933794021606445
49.2708740234375	53.84655284881592
45.19368553161621	47.924633502960205
63.888450622558594	60.91332292556763
46.495380878448486	51.33879375457764
58.24674701690674	59.59237194061279
47.93781280517578	49.833351135253906
77.42903709411621	77.15519905090332
48.65292263031006	45.9621000289917
53.26613426208496	52.920708656311035
42.43258333206177	44.44834041595459
53.55881881713867	55.74936294555664
67.87761163711548	64.10781717300415
38.77137279510498	43.10841751098633
55.45442247390747	57.2978081703186
56.83620738983154	59.59657096862793
54.26274299621582	55.14275550842285
47.23051357269287	46.62170457839966
59.673919677734375	57.79367446899414
35.970269203186035	37.94181966781616
54.64979839324951	51.06763315200806
58.05866718292236	62.043867111206055
63.121657371520996	61.553030014038086
38.06360721588135	42.01546382904053
49.06931447982788	50.3354115486145
55.88116407394409	57.443299770355225
55.042964935302734	56.41425704956055
63.30549240112305	64.43556785583496
48.41734313964844	52.20715284347534
57.435991287231445	60.23747491836548
46.89218521118164	44.66059494018555
58.7695426940918	57.09423351287842
54.30380821228027	54.353294372558594
57.14494800567627	62.2192497253418
58.02339744567871	60.33882427215576
61.32209777832031	60.155052185058594
71.44690704345703	70.17459154129028
65.95125579833984	65.20496368408203
57.97580337524414	61.95442199707031
53.69107246398926	53.07214164733887
42.2352933883667	47.3933629989624
48.55754089355469	47.703369140625
42.87077331542969	44.96160125732422
49.20505142211914	54.657402992248535
51.233535289764404	51.86519765853882
46.297401428222656	49.34210205078125
53.3347864151001	53.26150417327881
67.44935607910156	68.79806709289551
66.89457607269287	66.78425788879395
36.84323787689209	37.48117733001709
56.87089538574219	58.23533630371094
60.973711013793945	64.19126987457275
63.830162048339844	66.5273208618164
53.8721923828125	53.447425842285156
58.786949157714844	62.646235942840576
45.665611267089844	45.79933547973633
47.342588901519775	48.17854928970337
39.66397190093994	45.28615999221802
49.83956527709961	49.5344614982605
50.68692970275879	51.527509689331055
57.6662392616272	57.216368198394775
41.89956283569336	43.01994323730469
45.25495767593384	44.339309215545654
51.51983022689819	55.90476703643799
52.80255889892578	54.88458251953125
54.6551628112793	55.037354469299316
46.803410053253174	46.17629671096802
57.11485147476196	57.52746534347534
49.45501899719238	50.750301361083984
48.84560966491699	51.29776668548584
61.34203815460205	60.92264938354492
57.26369905471802	55.48008584976196
42.232840061187744	48.0524697303772
51.40326118469238	52.29505491256714
66.50213718414307	65.42325496673584
49.698007106781006	51.84323787689209
70.059814453125	68.6578369140625
56.638898849487305	58.84075164794922
59.94148254394531	58.93502712249756
48.62920379638672	49.81007385253906
61.81298828125	60.665306091308594
48.17738914489746	51.65764045715332
54.65877151489258	50.458736419677734
56.08876705169678	53.13400316238403
61.98267364501953	61.18101501464844
44.333184242248535	47.30658006668091
61.1114501953125	61.75324249267578
50.54722833633423	47.997260093688965
56.557544231414795	57.16372776031494
48.130807399749756	55.77866506576538
47.15108919143677	44.75301694869995
40.66330146789551	41.908631801605225
66.8367166519165	67.58060550689697
53.54572916030884	62.91750621795654
64.01797485351562	58.837852478027344
60.1597695350647	56.304588317871094
48.77841281890869	55.79563283920288
38.226402282714844	37.11009693145752
71.44435262680054	75.86307764053345
47.019718170166016	47.63339614868164
56.30927276611328	52.14419937133789
52.82850885391235	55.00252389907837
64.34361457824707	65.56521415710449
41.77677917480469	44.75994110107422
43.75569820404053	42.707797050476074
42.72866439819336	43.37690353393555
37.72199249267578	44.096797943115234
60.481475830078125	59.94476509094238
49.06085968017578	53.349151611328125
52.45015239715576	55.53186845779419
45.199710845947266	43.955718994140625
43.405677795410156	42.94065999984741
42.916786193847656	49.205291748046875
55.88644027709961	56.50404739379883
50.857261657714844	54.63434600830078
48.65734004974365	48.304747581481934
48.1468448638916	51.706037521362305
