32.63435363769531	37.77907133102417
28.678038597106934	33.747193336486816
30.531128883361816	35.11736297607422
23.38199234008789	27.51280403137207
37.13083744049072	42.91764736175537
24.654996871948242	30.22389793395996
22.058334350585938	30.12089729309082
26.399478912353516	32.57036209106445
23.730485916137695	30.12755584716797
37.26643705368042	41.81249237060547
30.84700107574463	37.83641338348389
23.248066902160645	30.402991771697998
26.484732627868652	33.137431144714355
19.680788040161133	25.915958404541016
22.606412887573242	29.433273315429688
29.7534441947937	35.5866813659668
32.38158702850342	38.20980787277222
33.61616611480713	37.40814208984375
23.51962661743164	29.299365997314453
28.799426555633545	32.82172441482544
24.654190063476562	28.334754943847656
26.436494827270508	32.954532623291016
18.45334815979004	26.773141860961914
25.977124214172363	29.701778411865234
27.305136680603027	31.63197612762451
35.988662242889404	41.81892395019531
21.502735137939453	26.411367416381836
22.18014907836914	28.051090240478516
34.143364906311035	38.995994567871094
34.70854139328003	38.04146480560303
26.717235565185547	33.2276496887207
31.420645713806152	36.35657548904419
28.010945320129395	32.26076126098633
25.652134895324707	30.546326637268066
25.182819366455078	30.145015716552734
20.846893310546875	28.17525291442871
30.571552276611328	33.685275077819824
23.59943389892578	31.774045944213867
40.25376796722412	42.42968559265137
24.903067588806152	30.744166374206543
22.799365997314453	29.146686553955078
23.844876289367676	29.01674747467041
41.05888032913208	45.45051622390747
23.37289810180664	28.762032985687256
24.50020408630371	31.02473258972168
25.534043312072754	31.32465648651123
20.372665405273438	27.98778533935547
28.399049758911133	33.86674118041992
21.276049613952637	29.2258882522583
22.792064666748047	29.24224853515625
28.12445640563965	34.26093339920044
25.66066074371338	30.868623733520508
27.88162136077881	31.62458896636963
15.586102485656738	21.531015396118164
33.3636999130249	39.518210887908936
24.652198791503906	32.01066589355469
33.165284156799316	41.57791042327881
30.08100986480713	33.349459648132324
27.601137161254883	32.463836669921875
25.417616844177246	30.228515625
36.20778560638428	39.860126972198486
20.74643325805664	27.5898380279541
27.284975051879883	31.22559642791748
30.163769721984863	34.52839374542236
25.741344451904297	31.503353118896484
40.02525186538696	42.953192710876465
33.70348501205444	39.43907690048218
37.040831565856934	39.29604434967041
27.027604579925537	30.963025093078613
26.98409080505371	33.04802656173706
22.623010635375977	30.473360061645508
26.197400093078613	32.42055416107178
19.40810775756836	28.217897415161133
27.339755058288574	34.58546447753906
22.252707481384277	28.740534782409668
29.299213886260986	34.97329235076904
24.166862964630127	29.926114082336426
30.312313079833984	38.06519317626953
32.902278900146484	40.156192779541016
24.315380096435547	29.91111946105957
26.581192016601562	31.807109832763672
26.901357173919678	33.25207471847534
21.244301795959473	28.078274726867676
23.5412654876709	30.76266098022461
30.565972328186035	34.62866544723511
31.55431365966797	35.578877449035645
26.627235412597656	31.30053997039795
24.079880714416504	29.335694313049316
32.60885715484619	38.4391713142395
26.41317367553711	31.27706527709961
27.15058135986328	32.474639892578125
38.33831787109375	40.903404235839844
27.213841438293457	31.924527168273926
29.378196716308594	31.835323333740234
31.09265899658203	34.756773948669434
26.07243299484253	29.925999641418457
23.922664642333984	30.826255798339844
22.210845947265625	29.496671676635742
25.265583992004395	29.698786735534668
28.156439781188965	33.41689968109131
19.690696716308594	27.758996963500977
23.033103942871094	30.299382209777832
36.56446933746338	42.229862213134766
32.897151470184326	39.58523511886597
27.95445728302002	34.522650718688965
20.041223526000977	27.65437889099121
29.088260650634766	34.772254943847656
31.189682006835938	36.121192932128906
21.10431671142578	29.379737854003906
36.447036266326904	41.22035503387451
18.20323944091797	23.58220863342285
25.513713359832764	30.959908962249756
27.404181957244873	35.36511182785034
18.770065307617188	25.864561080932617
20.218303680419922	28.238527297973633
25.058422088623047	29.630962371826172
20.15259552001953	26.18795394897461
33.327083587646484	40.44403839111328
31.76700210571289	36.148444175720215
30.845887184143066	33.549696922302246
31.943588256835938	36.53398895263672
25.06673812866211	31.161388397216797
24.043187141418457	28.606810569763184
26.259851455688477	31.571335792541504
24.846692085266113	29.858787059783936
29.99527359008789	35.23981189727783
25.161080360412598	30.335872650146484
21.487045288085938	29.97861099243164
39.41008758544922	41.268043994903564
31.400198936462402	34.610867500305176
22.680972576141357	28.48052215576172
28.883161544799805	34.940547943115234
27.726240158081055	34.089882373809814
36.15599870681763	40.38241386413574
26.311912536621094	32.54775524139404
29.391623497009277	33.218971252441406
23.949848175048828	28.664091110229492
30.77757167816162	34.932369232177734
33.1778039932251	37.37489318847656
32.34055757522583	36.73891544342041
22.09038543701172	28.852108001708984
22.69784164428711	30.47553253173828
20.90794563293457	28.485172271728516
28.637874126434326	33.84463548660278
20.333829879760742	28.871660232543945
34.229350090026855	40.17908573150635
32.464962005615234	37.90657043457031
38.052632331848145	41.14936923980713
31.414315700531006	36.94572925567627
24.8360013961792	29.2543625831604
29.717270851135254	34.961814880371094
39.70865249633789	43.232011795043945
23.937270641326904	33.028221130371094
30.723698616027832	33.74913311004639
28.770442008972168	34.327709674835205
24.143729209899902	29.401249885559082
26.1661434173584	31.10999584197998
21.424713134765625	29.03298854827881
30.090205669403076	33.699753284454346
25.881370544433594	32.40753173828125
27.58608913421631	31.724945068359375
28.738035202026367	36.21450424194336
23.69929075241089	30.23341655731201
24.32694673538208	30.075466632843018
21.747183799743652	28.20323944091797
22.984600067138672	29.68761444091797
26.27153491973877	27.471702575683594
19.930757522583008	26.194787979125977
28.039607048034668	33.90001201629639
30.70688247680664	35.472412109375
28.823833465576172	30.695371627807617
35.723411083221436	38.50156545639038
30.14213514328003	36.86971569061279
34.57658290863037	37.54984378814697
26.790874004364014	31.29133939743042
25.17443084716797	30.946409225463867
41.359981536865234	44.17259216308594
24.59272861480713	32.000579833984375
31.522796630859375	34.26677227020264
30.480732917785645	34.630630016326904
34.22548770904541	37.9699969291687
29.87258529663086	33.89106750488281
23.93021821975708	29.593594074249268
24.624701499938965	29.859950065612793
43.82679748535156	45.23412466049194
35.675644874572754	41.34603977203369
27.87168025970459	32.636351585388184
24.495418071746826	29.474740028381348
31.72811222076416	36.11908721923828
36.974663734436035	41.0719108581543
28.880863189697266	33.911240100860596
25.938611030578613	30.90343952178955
37.377259254455566	40.823424339294434
30.82283306121826	33.755295753479004
25.11035919189453	30.57306671142578
24.309337615966797	30.905277252197266
24.83462905883789	30.687792778015137
25.462641716003418	30.372562408447266
23.222482204437256	29.155004024505615
34.814372062683105	40.36404609680176
31.78788185119629	35.62110900878906
30.330825805664062	33.76585292816162
20.559785842895508	29.48204231262207
31.020076274871826	37.78345584869385
28.29035758972168	33.424975872039795
20.290681838989258	26.902624130249023
29.586539268493652	35.71731090545654
31.48960590362549	38.2928581237793
21.465774536132812	28.78445053100586
27.519900798797607	32.234015464782715
26.579740524291992	33.20508575439453
30.762863159179688	35.86770534515381
21.38901138305664	26.374238967895508
24.489673614501953	33.13414764404297
25.58145046234131	29.94102716445923
31.974709510803223	36.44139003753662
23.284942626953125	30.497634887695312
23.678661346435547	30.188613891601562
26.47008991241455	31.390231132507324
24.11297607421875	28.365717887878418
30.08218288421631	33.514113426208496
40.813544273376465	45.55832576751709
33.627307415008545	37.49040603637695
24.197781085968018	30.03781795501709
19.62851905822754	26.806772232055664
26.121212005615234	31.640581130981445
38.20087432861328	40.36350393295288
25.892026901245117	29.778703689575195
36.60671901702881	42.31686305999756
20.364280700683594	26.559181213378906
27.958301544189453	34.295284271240234
27.81159782409668	31.465530395507812
39.9283971786499	41.510329246520996
24.556617736816406	30.266023635864258
40.414581298828125	44.81654167175293
29.23144817352295	33.94667148590088
23.866985321044922	29.966912269592285
25.34352207183838	30.0188570022583
23.614685535430908	29.921860694885254
23.27810049057007	29.737086296081543
30.826157569885254	35.658705711364746
20.215579986572266	26.475862503051758
27.628417015075684	33.1812047958374
25.335671424865723	30.568588256835938
28.349753379821777	35.183226585388184
19.254249572753906	26.000322341918945
29.541232109069824	33.360114097595215
19.5714111328125	26.900007247924805
25.288570404052734	31.26411247253418
25.78050136566162	32.1050500869751
26.913981437683105	33.09469699859619
27.939642906188965	34.227295875549316
24.615007400512695	31.58987045288086
26.824565887451172	33.906246185302734
25.02334213256836	30.882776260375977
17.895111083984375	24.906295776367188
36.11265563964844	39.934271812438965
22.37938690185547	29.360763549804688
26.937689781188965	31.619799613952637
15.831157684326172	23.024795532226562
22.5109601020813	28.37914228439331
34.821391105651855	39.18884754180908
31.570767402648926	36.943047523498535
26.98754072189331	30.815346240997314
26.322154998779297	32.44918346405029
27.26200580596924	33.74495029449463
31.013789176940918	36.98739528656006
32.08524227142334	35.27355480194092
25.691680908203125	29.15553569793701
28.241357803344727	33.2926607131958
26.644875526428223	31.688023567199707
29.124889373779297	35.065200328826904
25.425579071044922	32.284423828125
26.975038051605225	30.978450775146484
25.58111572265625	32.17427444458008
23.445621490478516	29.744905471801758
22.50111961364746	28.69748306274414
20.79332733154297	29.57597541809082
22.34476327896118	28.384993076324463
24.528446197509766	30.119287967681885
20.651090145111084	25.99025249481201
34.807209968566895	40.759944915771484
20.91416835784912	27.69472599029541
26.975021362304688	32.627716064453125
26.058456897735596	30.449588298797607
30.795957565307617	36.686790466308594
31.520771026611328	35.261444091796875
33.55384826660156	37.6885871887207
24.59312915802002	30.39559841156006
26.642649173736572	31.67041301727295
23.213729858398438	30.756168365478516
28.835453987121582	36.318726539611816
28.22875738143921	32.07522630691528
29.012093544006348	35.4545259475708
33.584723472595215	38.9643669128418
31.015565872192383	34.77186584472656
36.122169494628906	40.618133544921875
25.19861125946045	28.176615715026855
23.25710678100586	29.55834674835205
27.052966117858887	33.39217472076416
28.342632293701172	32.73476314544678
31.1043119430542	36.83619022369385
25.29561996459961	30.335186004638672
27.792210578918457	32.01480150222778
26.53999900817871	30.85698699951172
18.911277770996094	26.402835845947266
21.33021593093872	28.783347606658936
26.09041929244995	33.043808937072754
18.718097686767578	24.93167495727539
22.950241565704346	29.14562702178955
20.32930564880371	27.885650634765625
27.696001529693604	34.20046329498291
30.46131134033203	36.22789764404297
25.473881721496582	29.591362953186035
23.515655994415283	28.940196990966797
27.755260467529297	35.56081008911133
22.55970001220703	28.39209794998169
24.863667488098145	31.361918449401855
27.505688667297363	32.325005531311035
27.29026508331299	30.88948631286621
20.54821252822876	28.432674407958984
22.690141677856445	30.037267684936523
27.265465259552002	32.42800235748291
27.244644165039062	32.45370149612427
29.01432991027832	33.235275745391846
28.63619327545166	35.41106462478638
32.08029270172119	38.19658279418945
24.94480609893799	30.301671028137207
43.26765584945679	41.832643032073975
26.84644317626953	30.788217544555664
19.61697769165039	26.646595001220703
26.50342559814453	33.03828430175781
26.286991119384766	32.84736633300781
44.657837867736816	44.18906879425049
27.38907241821289	33.454345703125
18.508209228515625	26.770050048828125
22.16904067993164	30.189388275146484
35.70321559906006	39.260196685791016
35.859938621520996	40.90074920654297
33.354289531707764	40.08986473083496
29.61092710494995	34.947547912597656
33.26484680175781	37.28372097015381
16.907432556152344	24.229415893554688
26.554161071777344	33.388397216796875
20.79865074157715	26.268657684326172
21.681825637817383	29.69378089904785
29.0891432762146	35.27212858200073
21.836816787719727	28.924089431762695
25.924098014831543	31.1925687789917
27.779754638671875	33.15031433105469
30.0996675491333	34.61613941192627
27.95928955078125	35.5518102645874
23.459590911865234	30.173391342163086
24.16826057434082	29.814401626586914
25.80893325805664	31.687448501586914
17.67254114151001	24.483656883239746
17.966094970703125	25.63434410095215
31.657283306121826	36.99129819869995
18.929244995117188	26.053871154785156
25.361209869384766	33.53678894042969
19.79895782470703	27.144634246826172
37.08360195159912	39.530882835388184
22.99874782562256	28.63966941833496
31.75858736038208	36.974194049835205
40.723602294921875	39.106736183166504
31.04222059249878	36.623473167419434
29.76863145828247	31.38587236404419
17.02972984313965	22.86257553100586
41.98244619369507	44.68494129180908
27.34999179840088	35.20904064178467
30.493072509765625	34.92438507080078
23.826414108276367	29.626136779785156
29.118380546569824	34.37287092208862
27.164420127868652	33.79936122894287
18.91010856628418	26.5118408203125
24.876911163330078	31.29034996032715
26.393320083618164	31.111988067626953
22.61444854736328	29.68453598022461
25.211463928222656	30.770763397216797
29.314968585968018	35.1560640335083
25.535473823547363	31.254096031188965
23.23324728012085	28.63996124267578
24.90029525756836	31.633578300476074
33.70530605316162	39.98805522918701
33.462975025177	39.18541669845581
23.296945571899414	30.194242477416992
23.124940872192383	30.786653518676758
19.944636821746826	27.346599102020264
28.73378849029541	34.368292808532715
27.693965435028076	33.58525037765503
20.16763687133789	27.65400505065918
21.694114685058594	29.857200622558594
24.933624267578125	30.97628116607666
37.91617298126221	40.40148639678955
26.286380290985107	32.90908098220825
38.142197132110596	43.1709623336792
23.950212001800537	30.25630474090576
28.510265350341797	32.6896276473999
32.043824195861816	36.96139097213745
33.833953857421875	38.290303230285645
32.751434326171875	34.64039897918701
25.36131477355957	32.134521484375
36.4868426322937	39.34840679168701
28.262450695037842	32.491726875305176
27.17031240463257	29.95609760284424
23.067779541015625	28.810055255889893
40.691518783569336	41.63463592529297
28.733680248260498	31.315040588378906
20.675495147705078	26.097614288330078
31.853184700012207	36.16183948516846
31.401206016540527	35.06840515136719
28.227092742919922	31.378463745117188
18.94548797607422	26.186176300048828
32.207459449768066	34.48513841629028
27.755942344665527	30.870044231414795
25.28484344482422	31.718730926513672
33.593430519104004	37.34319305419922
39.64897155761719	44.82050895690918
18.976621627807617	25.893985748291016
17.526641845703125	24.045856475830078
28.09089946746826	31.8951416015625
34.742183685302734	41.47412300109863
27.470831871032715	34.52788591384888
28.871243000030518	32.099101543426514
27.944055795669556	32.685120582580566
27.09493398666382	34.387755393981934
24.543190002441406	31.68463134765625
20.318286895751953	28.64394187927246
24.68110942840576	30.686482429504395
22.05685806274414	27.713823318481445
29.876303672790527	35.85329055786133
27.631179809570312	33.957393646240234
35.84102153778076	37.992722511291504
21.189870834350586	27.56429672241211
26.462223529815674	33.29322814941406
26.08911895751953	34.916236877441406
34.355292320251465	38.498488426208496
26.52909755706787	31.039862632751465
21.508302688598633	29.94671058654785
26.33495330810547	32.07587480545044
26.78866195678711	33.91057205200195
30.504467010498047	35.70677661895752
23.838695526123047	30.113018035888672
21.791248321533203	29.089908599853516
25.638251304626465	31.729273796081543
40.19429111480713	42.726685523986816
23.645626068115234	30.27890968322754
26.191155910491943	30.762081146240234
33.77601146697998	38.376243114471436
19.61919593811035	29.158252716064453
32.03676223754883	36.26274490356445
25.276811599731445	32.24727916717529
22.329103469848633	29.676586151123047
29.468978881835938	33.13489532470703
28.02664279937744	32.48163938522339
30.834351539611816	35.26643371582031
23.456168174743652	31.40526533126831
30.394618034362793	35.03701114654541
19.91525650024414	28.376676559448242
25.149543285369873	30.182301998138428
19.725751876831055	26.69366455078125
27.59916400909424	33.099884033203125
31.04487133026123	35.59638977050781
27.91992473602295	32.09429454803467
23.747577667236328	30.555490493774414
31.697377681732178	34.67873764038086
28.968552589416504	32.928096771240234
25.005526542663574	28.766801357269287
20.58505630493164	27.4945068359375
27.345391273498535	32.11941432952881
28.63661527633667	34.39826965332031
25.02124786376953	30.736501693725586
27.354156970977783	33.58332872390747
26.15079402923584	30.811076164245605
22.793781280517578	29.491289138793945
20.638599395751953	30.251659393310547
28.972058296203613	32.82764434814453
22.8969144821167	29.155468940734863
31.42799139022827	36.177992820739746
26.353275299072266	32.31784439086914
25.19657325744629	31.353158950805664
28.449654579162598	32.038493156433105
33.782310485839844	36.19966506958008
25.36940288543701	30.906280517578125
33.015889167785645	38.53855562210083
28.162673950195312	32.57076644897461
31.3656005859375	32.50114059448242
35.222554206848145	38.70859146118164
26.351845264434814	29.517719745635986
27.265180587768555	32.99527359008789
25.15964984893799	29.49924945831299
39.605979919433594	40.914302825927734
26.702990531921387	31.281402111053467
27.888476371765137	34.19486904144287
24.22685432434082	31.746204376220703
25.09408950805664	30.656315803527832
22.366689682006836	29.507793426513672
31.16818141937256	36.94046688079834
32.57319688796997	38.3708119392395
26.189002990722656	33.48855972290039
27.7809739112854	34.084250926971436
27.781479358673096	31.783466339111328
28.903261184692383	35.5039758682251
28.257782459259033	33.68829011917114
25.530261993408203	29.886069297790527
31.63978672027588	34.34447479248047
19.794071197509766	28.02048683166504
29.327739715576172	35.445350646972656
30.76652765274048	36.73522472381592
29.70780658721924	34.02364253997803
30.75391387939453	33.92025661468506
25.10524034500122	30.500259399414062
19.538768529891968	26.454472541809082
24.684617042541504	28.4793062210083
28.000614643096924	34.62477922439575
27.7813138961792	33.287415504455566
21.034595489501953	27.28685760498047
21.209745407104492	27.917621612548828
23.189094066619873	29.438743591308594
30.404868125915527	35.83935499191284
35.27506351470947	42.13895320892334
25.113059997558594	33.60369873046875
26.317474842071533	34.07982349395752
13.42137336730957	21.028167724609375
34.073349952697754	38.086873054504395
23.628612518310547	27.42803955078125
23.08212661743164	28.92727279663086
30.490262031555176	34.42294979095459
31.353784561157227	34.61549377441406
26.515748500823975	32.939274311065674
26.476959228515625	31.473017692565918
24.01321792602539	31.969675064086914
25.1859712600708	32.32938766479492
24.571849822998047	31.431791305541992
25.506437301635742	30.559955596923828
25.529746055603027	32.52226638793945
26.107852935791016	32.452423095703125
22.280637741088867	28.857221603393555
27.019572257995605	31.663286685943604
23.380146026611328	30.642044067382812
28.25486660003662	32.32429027557373
31.75666570663452	37.12534427642822
32.017390727996826	39.771568775177
16.131580352783203	22.734386444091797
21.456424713134766	28.327560424804688
31.450414657592773	35.122562408447266
26.198959350585938	31.45628070831299
19.35921859741211	25.916828155517578
29.69822883605957	35.0654673576355
25.87883758544922	31.775455474853516
32.85365009307861	35.84462356567383
24.148876190185547	28.178812980651855
24.46031093597412	29.90790843963623
28.512213706970215	32.39901638031006
21.320823669433594	27.446287155151367
37.24184036254883	41.55734300613403
35.7218599319458	39.500590324401855
26.418384552001953	31.508211135864258
34.149192810058594	39.964802742004395
32.66464710235596	38.71057987213135
41.512203216552734	45.33088684082031
23.638357162475586	28.429351806640625
22.17301845550537	27.32931613922119
20.548691749572754	27.86642551422119
22.798311233520508	29.80927848815918
31.216354370117188	37.697768211364746
26.102349758148193	32.008216381073
26.08015537261963	32.25310802459717
22.569984436035156	30.998477935791016
22.819988250732422	29.26300811767578
22.43840980529785	29.808082580566406
26.52458953857422	32.31578350067139
25.38144588470459	31.768486499786377
26.315128326416016	32.271145820617676
22.287755012512207	27.522287368774414
21.137277603149414	29.114673614501953
28.438359260559082	34.20039081573486
19.70601463317871	26.917598724365234
28.776721000671387	34.34470081329346
32.21686124801636	37.79141187667847
23.150257110595703	30.03965187072754
23.13260555267334	30.002968311309814
29.691181182861328	33.88378429412842
27.41989231109619	30.70506763458252
43.48210334777832	46.89129829406738
31.191627502441406	38.13341522216797
30.686755180358887	36.7766809463501
25.910533905029297	32.00883865356445
28.641862869262695	35.11102294921875
31.443965435028076	37.23625183105469
23.48139238357544	28.519947052001953
27.363767623901367	30.361125469207764
25.07964324951172	31.217077255249023
36.62614822387695	39.26295757293701
23.430973052978516	29.034868240356445
26.7982120513916	31.3123197555542
36.401264667510986	42.08167552947998
19.78983497619629	27.516895294189453
29.303154945373535	33.63205432891846
20.30118703842163	28.414034843444824
22.662742614746094	30.4257755279541
26.802367448806763	32.01511859893799
26.187450885772705	33.35362672805786
25.96034526824951	32.258522510528564
25.259533882141113	31.45345401763916
30.130680084228516	34.61052417755127
24.669260025024414	31.78618812561035
26.043553352355957	32.448716163635254
26.607260704040527	30.90951919555664
30.073811531066895	34.33396053314209
31.146265983581543	33.32890605926514
24.174644947052002	30.53164005279541
23.19390869140625	30.188556671142578
23.295198440551758	31.237930297851562
28.884902000427246	35.80991268157959
39.59359645843506	42.06408977508545
38.96211004257202	39.85840559005737
27.473468780517578	31.602509021759033
34.89761829376221	40.699777603149414
29.451759338378906	33.44268035888672
29.954821586608887	34.61715602874756
19.89496612548828	28.180686950683594
26.591336727142334	34.503211975097656
24.69942855834961	30.620624542236328
26.224096298217773	31.70706081390381
29.782564163208008	34.52326965332031
28.944764137268066	34.76645231246948
24.753461837768555	29.8689022064209
24.244739532470703	32.05710983276367
20.671714782714844	29.08632469177246
30.570974349975586	36.507476806640625
22.027198791503906	29.141624450683594
27.148261070251465	31.840192794799805
28.978649139404297	34.573143005371094
24.29903745651245	30.123624801635742
26.092004776000977	32.00014114379883
30.829384803771973	35.17555904388428
31.65058708190918	37.369935035705566
26.60689926147461	33.58454895019531
30.644874572753906	35.45118427276611
20.110286712646484	27.865234375
39.06233310699463	42.523959159851074
29.20546245574951	32.847633361816406
21.71240997314453	29.253318786621094
28.042690753936768	35.648956298828125
26.571447372436523	32.29496097564697
28.696520805358887	32.85026550292969
20.45155143737793	26.821720123291016
25.586400032043457	31.219325065612793
27.007503509521484	32.817625999450684
26.566383838653564	32.27254390716553
34.38288927078247	40.25369167327881
26.07896089553833	33.04845333099365
19.510133743286133	25.442581176757812
29.73383331298828	35.56504154205322
22.906185150146484	27.860595703125
38.772643089294434	41.89958953857422
31.644375324249268	37.96489715576172
26.99176788330078	34.17939758300781
23.942010402679443	28.830668926239014
22.771382331848145	28.793394565582275
34.81459379196167	38.82138729095459
24.64946985244751	30.83120107650757
30.530807495117188	35.96388626098633
27.54784107208252	34.2435884475708
21.800445556640625	29.04352378845215
24.92438793182373	31.116459846496582
28.088481903076172	32.11200428009033
27.080363273620605	32.377203941345215
31.221888065338135	36.39209032058716
19.012948989868164	27.307361602783203
26.000490188598633	31.755998134613037
25.36661148071289	32.95109558105469
33.45411777496338	40.19393444061279
29.26791286468506	33.10493087768555
24.12832260131836	29.87215518951416
28.036110877990723	31.952908515930176
25.555756092071533	30.234687328338623
25.186603546142578	29.676953315734863
23.599486351013184	28.24451208114624
15.984326601028442	23.56614589691162
30.449061393737793	35.83022594451904
34.41064095497131	39.15856075286865
26.204315185546875	31.194960594177246
25.412198066711426	29.80825710296631
27.341923713684082	33.78640079498291
22.833881378173828	28.55410385131836
19.927001953125	25.847763061523438
27.25301742553711	30.684462547302246
28.314013481140137	34.14390850067139
21.02784538269043	29.03244400024414
26.60377025604248	31.766648292541504
26.614177703857422	34.51568603515625
24.181041717529297	30.97248077392578
28.176255226135254	32.5438756942749
29.95751142501831	34.43920135498047
27.602052688598633	33.578529357910156
47.03684091567993	46.12506103515625
23.99358367919922	28.882585525512695
28.48700523376465	33.70716190338135
26.358701705932617	30.949378967285156
35.79141712188721	40.27217102050781
21.041452407836914	28.604677200317383
26.93130874633789	31.624448776245117
19.05231285095215	26.34288787841797
28.471393585205078	36.48070812225342
31.813344955444336	38.06970977783203
27.715770721435547	33.43212890625
24.046276092529297	31.110984802246094
28.6001615524292	31.880078315734863
27.452876567840576	34.20332431793213
24.87391948699951	31.40808391571045
33.594937801361084	38.14470815658569
20.623456954956055	26.450292587280273
30.19403839111328	36.64596939086914
21.376619338989258	28.03915786743164
20.489561080932617	26.535659790039062
22.495408058166504	27.9679274559021
23.693199634552002	29.768786430358887
25.04560947418213	29.249865531921387
26.02649974822998	30.655714988708496
28.75157117843628	34.62814807891846
25.94064712524414	28.697547912597656
28.08585834503174	34.66566467285156
30.68258571624756	33.66697025299072
27.303855895996094	33.40184783935547
30.671796798706055	36.45806121826172
29.790892601013184	33.67177486419678
25.61866283416748	29.996047019958496
30.630836486816406	37.70888805389404
24.890713691711426	31.575565338134766
26.199922561645508	31.966915130615234
19.304115295410156	24.618776321411133
26.246323585510254	32.075393199920654
23.39266061782837	29.03046226501465
23.39734649658203	29.65594482421875
28.282485008239746	34.0710973739624
23.27729034423828	29.086639404296875
26.71116828918457	34.954833984375
20.698406219482422	28.008243560791016
36.434409618377686	43.37066650390625
35.724921226501465	40.163984298706055
40.68721675872803	42.696290016174316
30.81888484954834	34.83679676055908
27.571208477020264	33.80211353302002
29.27120018005371	34.71438217163086
23.89889907836914	30.411434173583984
30.3969669342041	34.85434055328369
27.82191753387451	33.20272922515869
29.335803985595703	33.2921838760376
21.318588256835938	27.33916473388672
27.270286083221436	33.161423206329346
25.177980422973633	31.488248825073242
35.75145721435547	37.77186632156372
20.872440338134766	26.866132736206055
28.934386253356934	32.42805576324463
23.280494689941406	29.834041595458984
29.187149047851562	33.42809772491455
25.111533164978027	31.7744722366333
27.115093231201172	32.12750244140625
38.632073402404785	41.061601638793945
32.565836906433105	38.27472686767578
31.913533210754395	39.14830684661865
27.647697925567627	32.95504808425903
29.403281211853027	33.873443603515625
21.952860355377197	28.703913688659668
25.931087493896484	31.777006149291992
33.163275718688965	37.2186279296875
36.53927564620972	40.124826431274414
20.788806915283203	26.994548797607422
36.296610832214355	40.617499351501465
34.32918691635132	36.61482000350952
35.60443162918091	38.453497886657715
31.692919731140137	37.11381196975708
35.79478454589844	38.827457427978516
31.47115707397461	36.223251819610596
32.38066101074219	36.62087154388428
30.24895477294922	33.3040885925293
24.724529266357422	29.438108444213867
25.06326675415039	30.738569259643555
25.527374267578125	31.597476959228516
27.99910306930542	33.7512731552124
20.72066307067871	26.873266220092773
23.500537872314453	29.960269927978516
24.454870223999023	30.173192024230957
25.105738639831543	31.74572229385376
27.0459246635437	33.22043180465698
29.566543579101562	34.65864086151123
22.38608169555664	28.040260314941406
24.17382049560547	30.182170867919922
23.25871706008911	28.57814073562622
32.61392593383789	38.9030385017395
21.819756031036377	27.237019538879395
34.926506996154785	37.93270397186279
25.50718402862549	28.00411319732666
19.381519317626953	28.099952697753906
29.01739501953125	33.702354431152344
29.818459510803223	33.981276512145996
24.047677516937256	29.537272453308105
22.50887155532837	28.747644424438477
23.192577362060547	29.324002265930176
29.584040641784668	35.05688428878784
28.11522674560547	33.667107582092285
25.13968276977539	30.38089656829834
30.637770652770996	34.306546211242676
25.516064643859863	30.98646354675293
26.03773784637451	30.63386821746826
24.77143669128418	29.744722366333008
25.012913703918457	30.14128875732422
29.046387672424316	34.845314025878906
31.67149782180786	37.735228538513184
18.477966785430908	24.83914852142334
27.923216819763184	31.381001472473145
18.728206634521484	25.870723724365234
20.49481964111328	28.570758819580078
25.137743949890137	30.64723253250122
32.24444103240967	36.08103847503662
21.58578872680664	26.60519027709961
23.60543441772461	30.608970642089844
35.59082746505737	42.64272212982178
26.790874004364014	32.681732177734375
26.766188621520996	29.37030029296875
26.074109077453613	33.1962776184082
23.281173706054688	28.956253051757812
17.356403350830078	23.39716911315918
40.044960021972656	39.51334762573242
23.869298934936523	29.28466796875
32.09004354476929	38.091262340545654
32.112324237823486	37.99790143966675
22.380027770996094	28.03265953063965
15.267256498336792	22.901968955993652
29.481940269470215	35.76573944091797
25.79962921142578	32.21797561645508
30.847954750061035	35.287766456604004
30.566787719726562	35.505592346191406
28.879806995391846	33.417251110076904
29.91434383392334	33.762694358825684
20.225223541259766	26.39345359802246
25.04629611968994	30.726311206817627
22.509891986846924	30.11265277862549
26.642507553100586	34.34657669067383
22.22588062286377	28.584885597229004
27.18179225921631	34.18818950653076
37.823524475097656	42.98016548156738
36.88435649871826	38.75920486450195
21.946773529052734	28.842267990112305
19.29593324661255	27.26332187652588
21.344345092773438	28.495830535888672
30.591282844543457	35.95703601837158
28.26598882675171	32.580533027648926
28.068561553955078	33.552490234375
24.409489631652832	29.92304801940918
33.0100679397583	36.272430419921875
23.214993476867676	27.894392013549805
38.889084339141846	41.128681659698486
32.68541431427002	37.41909074783325
24.14057159423828	29.063920974731445
31.830982208251953	37.237494468688965
26.27805233001709	32.55033493041992
30.49662494659424	36.6725549697876
24.64423656463623	29.948341846466064
23.675761222839355	31.003801822662354
43.603729248046875	46.99105739593506
24.247507095336914	30.88668441772461
31.677390575408936	36.63102865219116
25.841426849365234	28.787002563476562
19.621662139892578	28.091062545776367
26.248626708984375	32.19063663482666
28.51108169555664	35.135562896728516
24.142200469970703	30.668434143066406
28.778220176696777	33.94968509674072
24.70273733139038	29.778475761413574
28.61473798751831	36.15370273590088
20.33160924911499	25.365966796875
39.82888698577881	44.112656593322754
24.901470184326172	30.79988670349121
22.666034698486328	29.45577621459961
36.7694616317749	41.575117111206055
23.973731994628906	29.859905242919922
26.715927124023438	30.350918769836426
36.950504779815674	43.881845474243164
20.057472229003906	29.30994415283203
41.55414581298828	46.2899112701416
31.623263835906982	35.691304206848145
35.885467529296875	37.153587341308594
26.79481029510498	29.601731300354004
25.247864723205566	32.50172138214111
26.42026424407959	31.717021465301514
23.770034790039062	29.68600845336914
24.926366806030273	32.85964250564575
33.13927412033081	36.90403461456299
30.049424171447754	33.92295742034912
24.5829176902771	32.945919036865234
20.934968948364258	30.194669723510742
23.85571002960205	31.293654441833496
20.468915939331055	27.49859619140625
29.131431579589844	32.363311767578125
35.95138692855835	40.14748430252075
25.604581832885742	32.25872755050659
30.794617652893066	35.74910831451416
24.61248207092285	31.72339630126953
25.57455539703369	32.1633825302124
35.982728004455566	40.679917335510254
18.758201599121094	26.960351943969727
34.25070285797119	39.534125328063965
36.81999683380127	37.851364612579346
25.42916965484619	27.000492095947266
17.905349731445312	24.803508758544922
25.552228927612305	30.838228225708008
20.801103591918945	27.130592346191406
24.40336036682129	28.92343521118164
28.568232536315918	32.253172874450684
29.740242958068848	36.241397857666016
21.44049644470215	27.833465576171875
23.07812213897705	29.16207790374756
22.633259296417236	28.68344783782959
29.82437038421631	35.969910621643066
27.579039573669434	31.966936111450195
29.515045166015625	32.855074882507324
33.42083692550659	38.677189350128174
27.88907527923584	33.88124942779541
32.966980934143066	38.848254680633545
20.26447296142578	28.695192337036133
23.479626178741455	29.522676467895508
43.705506324768066	47.11695623397827
20.69160270690918	27.167377471923828
34.672295570373535	39.1055645942688
40.902554512023926	40.53659534454346
35.93238544464111	41.170555114746094
24.097332000732422	29.988636016845703
22.36933135986328	28.307443618774414
22.38503074645996	30.203994750976562
28.960208892822266	34.953372955322266
32.66337585449219	36.113685607910156
23.904441833496094	30.738426208496094
15.05420970916748	23.434646606445312
26.968188285827637	32.36032009124756
27.92556667327881	33.0829381942749
22.389538288116455	28.54285717010498
23.971555709838867	31.528079986572266
25.307998657226562	29.85511064529419
19.081418991088867	26.375083923339844
23.196462631225586	30.36902618408203
23.537464141845703	32.67430114746094
25.916569232940674	32.37297058105469
23.787009716033936	30.775339603424072
19.97307777404785	29.42542266845703
25.731027126312256	31.94117784500122
25.97834348678589	32.258567810058594
30.345545768737793	34.4450569152832
22.170568466186523	30.758211135864258
25.877254486083984	31.774642944335938
19.35048484802246	27.445098876953125
22.754928588867188	30.288930892944336
22.650205612182617	30.241336822509766
30.31498432159424	32.57505798339844
26.82921600341797	32.96528244018555
27.196560859680176	32.56735324859619
21.506210327148438	28.17252540588379
33.489601612091064	37.26611375808716
20.555683135986328	27.572507858276367
28.62419366836548	32.891151905059814
40.86772441864014	42.2127251625061
23.119168281555176	30.532524585723877
26.537232398986816	31.735074520111084
21.45626449584961	29.550701141357422
22.636144161224365	31.37965202331543
26.498416900634766	33.223167419433594
22.169097900390625	30.718063354492188
29.693470001220703	33.80550765991211
28.0026912689209	33.43980312347412
22.938566207885742	29.704252243041992
32.15113162994385	35.194716453552246
21.165910720825195	27.116535186767578
37.3461389541626	39.800217151641846
26.43500804901123	32.27439880371094
35.37836313247681	42.368356227874756
24.175647735595703	30.239604949951172
37.53428363800049	39.34658145904541
28.801884651184082	33.50545406341553
26.086363792419434	30.134387969970703
19.603466033935547	27.28847885131836
24.531530380249023	31.63689422607422
28.920218467712402	34.53117656707764
29.41090679168701	36.78314208984375
32.71212673187256	38.4449987411499
25.95387840270996	31.845746994018555
27.482765197753906	32.74543762207031
19.86391830444336	26.198684692382812
29.33556318283081	35.93673229217529
15.668636322021484	24.544143676757812
31.974735260009766	36.75221633911133
27.425796270370483	30.777079582214355
23.910072326660156	29.16463279724121
23.704075813293457	29.320592880249023
23.300018310546875	28.26516342163086
30.306459426879883	35.35267639160156
32.047316551208496	37.07523822784424
36.925880908966064	40.337395668029785
23.283512592315674	27.767326831817627
