46.885433197021484	43.62867736816406
40.55391550064087	45.98812198638916
44.85637378692627	50.592406272888184
51.7712082862854	53.39936971664429
51.22919845581055	48.9542350769043
41.88078165054321	46.95801067352295
41.7405309677124	48.185691833496094
44.90390110015869	48.97445297241211
52.38690233230591	55.34556770324707
37.41079616546631	43.659687995910645
37.50460910797119	43.808258056640625
52.16014862060547	56.128944396972656
42.972641944885254	50.79781150817871
53.38168239593506	56.121591567993164
38.1456413269043	41.720858573913574
45.14234924316406	47.62036895751953
50.8443603515625	53.63740158081055
41.445404052734375	44.478675842285156
43.993289947509766	48.52365732192993
47.39225625991821	51.63329458236694
48.7306022644043	51.19696617126465
41.05832576751709	43.73507022857666
42.56580400466919	47.42072153091431
50.81694746017456	53.72749471664429
41.236572265625	41.08622360229492
44.875142097473145	47.385183334350586
41.087355613708496	40.26427602767944
48.48419380187988	52.98244285583496
43.57594060897827	45.18052005767822
41.77033996582031	43.322407722473145
41.357972145080566	45.01783561706543
45.23679304122925	49.629920959472656
37.455066204071045	36.863150119781494
44.85317277908325	47.961007595062256
39.3946099281311	49.16456985473633
42.838263511657715	46.87208414077759
42.55486249923706	46.55618238449097
52.89253616333008	58.72441864013672
43.79789352416992	49.21859359741211
53.23818397521973	57.94429349899292
41.47544860839844	46.36570358276367
48.104713439941406	52.55549240112305
47.59998035430908	49.05693054199219
38.15341329574585	41.48096942901611
52.998849391937256	55.1304931640625
45.79838466644287	52.49351453781128
52.63195037841797	59.93355751037598
52.96155548095703	56.788307189941406
40.96393156051636	45.162559032440186
55.17703056335449	62.90014028549194
43.858158111572266	47.868934631347656
44.59884262084961	47.236934661865234
37.93942975997925	39.62034606933594
45.30651092529297	44.00811004638672
45.71516036987305	51.58152389526367
51.42095327377319	55.834609031677246
44.535361766815186	50.38869333267212
33.972840309143066	39.648173809051514
44.69550704956055	47.935014724731445
46.52595376968384	50.122976303100586
50.946495056152344	58.328426361083984
47.13269519805908	51.014649868011475
43.91114330291748	48.020841121673584
40.78546142578125	43.54423141479492
47.1841139793396	47.41259050369263
37.57151746749878	40.9790153503418
38.88229751586914	41.72932147979736
50.9497275352478	55.384474754333496
52.15303945541382	55.92183065414429
43.07509469985962	44.54194736480713
43.581504821777344	48.134132385253906
38.543081760406494	43.25387716293335
45.49929904937744	53.53853178024292
53.903099060058594	54.64347839355469
39.672576904296875	42.177247047424316
49.802905559539795	53.860875606536865
49.911380767822266	48.27555465698242
54.90738296508789	58.52132034301758
56.123260498046875	56.8871431350708
58.23296356201172	61.4599871635437
44.446778297424316	50.551998138427734
42.83268070220947	46.71156406402588
48.42107152938843	53.76261901855469
37.478150367736816	43.492581367492676
45.0193247795105	44.57616376876831
40.10989332199097	43.227911949157715
50.05287790298462	49.37755870819092
49.48980903625488	53.77858543395996
48.6304931640625	54.67226791381836
40.27766752243042	45.244643688201904
34.4220929145813	33.80685520172119
51.953131675720215	51.91868495941162
29.721942901611328	30.99660015106201
45.22221326828003	49.94490146636963
39.241435527801514	44.67047166824341
50.85397481918335	52.77599000930786
41.99316740036011	44.3803915977478
52.00069999694824	55.68652153015137
57.1252326965332	62.73686599731445
39.21191883087158	40.635679721832275
42.66179656982422	42.851318359375
52.49408721923828	57.8411979675293
49.65457105636597	52.40472745895386
44.10269260406494	49.6954345703125
48.36447477340698	51.811699867248535
48.29776096343994	51.41545581817627
42.21693754196167	48.21582651138306
46.81103467941284	51.64533090591431
40.66353893280029	41.307838439941406
44.39961767196655	47.31249141693115
50.2355055809021	54.97352457046509
42.33881378173828	48.178077697753906
38.2857141494751	40.53476142883301
53.2156867980957	55.857025146484375
42.348411560058594	42.697181701660156
45.361124992370605	45.936832427978516
48.64451599121094	53.42005920410156
44.97299528121948	50.397308349609375
33.2872838973999	36.95131969451904
42.479790687561035	47.19375514984131
64.10849094390869	70.44784545898438
38.8613166809082	48.63615322113037
43.16702938079834	45.449371337890625
48.664204597473145	57.85569667816162
48.57705640792847	49.90725040435791
43.62643575668335	48.367735862731934
46.149484157562256	48.256454944610596
74.1543197631836	76.92342281341553
39.96189594268799	42.57469606399536
40.60814571380615	44.595526695251465
43.953105449676514	47.59231424331665
45.19226932525635	48.27914905548096
43.54612684249878	46.42605924606323
40.83599138259888	52.36969327926636
52.297752380371094	58.05731964111328
41.350449085235596	44.57387065887451
39.86215591430664	43.65158462524414
52.291563987731934	56.55091381072998
47.8197660446167	48.43344163894653
33.74372577667236	33.28281497955322
51.053428173065186	52.954659938812256
40.57157611846924	46.7610969543457
46.18826341629028	49.5714750289917
46.287193298339844	51.84967041015625
48.728848934173584	50.003153800964355
48.29353332519531	53.17289733886719
42.23480701446533	44.88569736480713
46.60443115234375	51.07246398925781
51.66903877258301	47.784247398376465
50.52308464050293	51.13018226623535
45.58244323730469	49.948734283447266
60.73904037475586	58.42131042480469
45.968151569366455	48.30596876144409
47.06874752044678	50.82309579849243
47.409499645233154	53.041053771972656
55.33054733276367	56.75484848022461
40.002525329589844	43.13255023956299
42.616539478302	48.75148630142212
47.48139715194702	50.33236026763916
38.84459733963013	42.8383469581604
61.40902519226074	63.140955448150635
45.86639213562012	48.907485008239746
57.05408477783203	59.44716262817383
43.4610915184021	45.64237308502197
43.46516036987305	47.68766784667969
37.47756099700928	40.45755386352539
43.16886520385742	44.72949504852295
48.83888483047485	50.86217212677002
50.67918395996094	55.13493347167969
41.76118183135986	45.301963806152344
53.27229022979736	57.618818283081055
62.546470642089844	64.440505027771
45.422598361968994	51.354182720184326
58.40225601196289	63.34678602218628
39.88920068740845	46.31152391433716
52.858062744140625	55.06641387939453
47.75449752807617	49.83037281036377
46.45960235595703	50.211673736572266
48.748809814453125	56.20991134643555
46.18931579589844	47.54438781738281
55.62037467956543	60.26702880859375
56.73785400390625	55.439064025878906
42.62740755081177	50.386173248291016
37.75599765777588	45.103562355041504
44.215821743011475	47.976158142089844
51.965829849243164	51.63195991516113
45.00414419174194	44.95954370498657
63.203460693359375	61.167442321777344
47.313446044921875	48.80559968948364
44.804779052734375	45.180328369140625
50.24620342254639	54.60631990432739
39.83779525756836	47.358848571777344
43.105223178863525	49.71550369262695
44.51979446411133	47.75428104400635
44.37498378753662	49.55482292175293
50.26151418685913	55.566855907440186
43.548707008361816	48.56658887863159
46.862030029296875	52.565704345703125
49.06751203536987	58.66222429275513
41.56519603729248	47.843902587890625
43.273597240448	48.952919483184814
52.96412658691406	57.007911682128906
42.31988525390625	45.437809467315674
41.782371520996094	47.692901611328125
50.22960662841797	53.256099700927734
53.99619245529175	56.61086845397949
51.30784225463867	57.282958984375
53.376190185546875	56.336116790771484
41.9155387878418	46.953643798828125
36.60679912567139	34.81379747390747
43.647764682769775	43.90186929702759
47.81596755981445	53.0555419921875
37.80047607421875	41.91193389892578
48.906982421875	51.075653076171875
46.59048557281494	51.47577524185181
42.14839458465576	43.77702331542969
44.95728063583374	47.45273494720459
44.59401798248291	49.972679138183594
46.89016342163086	50.81255340576172
34.60704517364502	35.54022216796875
38.83552837371826	45.07352828979492
43.616432189941406	47.815162658691406
41.7702751159668	38.8819146156311
39.351638317108154	37.04368829727173
55.706743240356445	56.248862743377686
37.3693265914917	41.75749444961548
50.73700714111328	57.033233642578125
49.43398189544678	54.82398176193237
51.09197998046875	60.064476013183594
43.78863525390625	42.42058181762695
40.21186828613281	45.64131498336792
42.45447635650635	48.112279415130615
54.22034454345703	58.65936470031738
45.68703746795654	45.07868671417236
40.43349552154541	48.264649391174316
61.26183319091797	64.43843078613281
48.01123809814453	55.93080139160156
46.0337438583374	47.3749361038208
42.6267466545105	48.219558238983154
46.84981393814087	53.86425018310547
42.954989433288574	43.67922306060791
54.40763568878174	58.670395374298096
49.66585636138916	49.64713764190674
48.29183006286621	51.44847249984741
48.551955699920654	47.45203733444214
51.560964584350586	56.18778705596924
46.77257585525513	47.684128761291504
53.30953121185303	56.697325706481934
46.87151336669922	52.469058990478516
42.393402099609375	47.408371925354004
44.58558654785156	52.18544387817383
35.01947021484375	42.687217712402344
57.51766777038574	60.36999320983887
40.02558517456055	44.971564292907715
43.729305267333984	45.77051019668579
46.924418449401855	49.60550785064697
51.396857261657715	53.645944118499756
42.820115089416504	46.343316078186035
39.45251941680908	42.922059059143066
41.263047218322754	43.99531936645508
46.9361572265625	51.844871520996094
48.576889514923096	49.753071308135986
43.28125	49.46721649169922
47.08955383300781	53.635963439941406
51.0894570350647	51.04265356063843
51.75152778625488	55.691293716430664
42.89085388183594	45.5699577331543
52.56744384765625	56.28845977783203
47.38397836685181	50.293006896972656
41.93796920776367	48.99616479873657
51.477646827697754	56.16358280181885
37.558419704437256	41.16163635253906
50.18142318725586	53.39534378051758
45.010719776153564	50.68224811553955
42.86511993408203	47.3263635635376
49.43878936767578	52.82245635986328
51.39021921157837	51.52071189880371
50.15581512451172	55.979339599609375
42.025543212890625	36.79010009765625
38.67743253707886	43.764033794403076
46.12744092941284	49.71845769882202
47.42092180252075	52.70551538467407
44.481204986572266	48.47215461730957
39.719000816345215	41.19353199005127
47.6779670715332	52.41415786743164
50.28123474121094	52.95392608642578
41.82918834686279	47.973544120788574
38.450860023498535	42.87232971191406
45.63010883331299	49.172950744628906
45.867334842681885	52.896103858947754
38.8740234375	42.422218322753906
36.95956754684448	38.49936580657959
36.627262115478516	40.81072235107422
55.91997241973877	55.62117862701416
49.18001937866211	53.313690185546875
47.25620174407959	53.150054931640625
38.10650300979614	41.07335662841797
37.305665016174316	44.50924301147461
45.71685743331909	50.74295377731323
35.155794620513916	33.793643951416016
40.6295747756958	49.19799852371216
44.75698900222778	49.04332876205444
45.873923778533936	50.91515398025513
50.02984666824341	52.78053379058838
47.72840118408203	46.66981506347656
41.70450496673584	45.91684055328369
37.85393047332764	40.92741537094116
43.521240234375	52.66381645202637
45.90979242324829	49.04400300979614
47.214847564697266	53.78559494018555
47.21692514419556	52.404664039611816
59.91862487792969	65.02427673339844
50.20066452026367	51.753631591796875
45.999741077423096	51.6863431930542
52.12704420089722	52.618313789367676
37.02277994155884	42.75813150405884
51.68450927734375	55.70170974731445
46.93080520629883	51.724884033203125
59.11099433898926	61.94897747039795
48.49887657165527	48.16208267211914
56.81871843338013	63.09477424621582
49.67913055419922	51.834442138671875
55.25560760498047	57.07795333862305
42.67600345611572	47.037682056427
33.727227210998535	38.01121377944946
39.754050731658936	42.59162902832031
41.92699432373047	50.553924560546875
41.8912353515625	48.94408416748047
60.689640045166016	63.920860290527344
33.08620548248291	34.2412805557251
52.12003803253174	57.32090473175049
38.03903675079346	44.3179292678833
42.150893211364746	47.12604904174805
40.84716796875	45.09477710723877
41.17741870880127	45.941542625427246
60.673683166503906	57.192832946777344
51.93950271606445	56.009124755859375
39.41716384887695	45.21646547317505
51.808353424072266	58.89804458618164
46.99630165100098	51.64732503890991
47.12840938568115	51.38500213623047
41.187397956848145	44.88709211349487
47.84294891357422	51.65730285644531
50.74578094482422	54.615386962890625
53.169411182403564	60.52376842498779
40.836989402770996	46.46727514266968
54.47038650512695	57.55140781402588
51.92677927017212	55.92092943191528
33.94610595703125	36.39152526855469
44.70263385772705	50.70808410644531
43.846577644348145	48.94555616378784
50.28653335571289	50.997459411621094
37.02043151855469	40.50743103027344
49.54706525802612	50.06031799316406
42.67199468612671	47.37890148162842
42.758408546447754	43.85871744155884
50.94309854507446	54.854623317718506
46.825050354003906	51.516342639923096
48.98521661758423	53.23410892486572
55.6013069152832	60.928131103515625
38.18184185028076	42.120211601257324
41.986424922943115	45.983919620513916
51.7884783744812	52.717087745666504
43.78567028045654	49.07793617248535
45.39991092681885	52.8244366645813
47.24426221847534	52.041579723358154
41.64188766479492	41.3410964012146
53.550734996795654	53.61366033554077
55.56852340698242	57.64988327026367
46.88269805908203	54.93085479736328
46.306427001953125	48.78463125228882
38.181790351867676	41.094048500061035
31.632366180419922	37.645981788635254
38.1647686958313	40.372923374176025
43.796112060546875	48.27568817138672
47.433414459228516	51.3402156829834
43.50816202163696	42.85506296157837
37.183504581451416	41.13740015029907
37.56312847137451	39.40568161010742
45.428489685058594	47.11941623687744
53.162219524383545	57.26823091506958
42.39678478240967	44.50486373901367
44.9995813369751	44.46110439300537
45.83819580078125	49.31726837158203
34.72331142425537	40.44832706451416
40.726269245147705	48.82410478591919
47.060386180877686	53.683905601501465
51.07721710205078	52.2745361328125
46.949769496917725	48.23872756958008
48.26983642578125	51.93488693237305
43.51234436035156	45.36193084716797
49.027467250823975	52.41246795654297
44.50868225097656	42.5315375328064
38.05305576324463	41.1364860534668
40.58894062042236	43.786354064941406
50.46927261352539	53.86969757080078
51.61724853515625	54.972450256347656
62.357622146606445	61.84974002838135
40.17794609069824	40.708396911621094
46.511220932006836	48.49591398239136
37.32419204711914	42.52927780151367
46.05222225189209	48.24581050872803
31.478113651275635	35.533533573150635
55.89621353149414	53.295597076416016
53.038733959198	56.67893409729004
41.85791873931885	47.692471504211426
49.53715515136719	54.32235336303711
44.289308071136475	49.04211711883545
54.33246946334839	61.34586238861084
44.43936824798584	48.377779483795166
49.56772994995117	51.43770980834961
44.625730991363525	48.52840709686279
30.70287036895752	26.981769561767578
47.603965759277344	52.51715850830078
52.11694049835205	54.80007600784302
49.43787384033203	51.482460021972656
42.489017486572266	45.704532623291016
41.44032430648804	48.626136302948
46.30666732788086	49.49008131027222
43.476179122924805	47.24808597564697
42.250242710113525	43.79799509048462
47.787261962890625	53.36927890777588
44.16047286987305	48.04683494567871
41.84626007080078	44.52732849121094
43.798195362091064	50.94618606567383
45.18572998046875	47.282920837402344
42.75179958343506	45.098899364471436
47.16283416748047	51.32389831542969
52.09476089477539	50.590572357177734
37.032517433166504	42.855591773986816
47.55229949951172	51.810401916503906
39.186163902282715	47.09832000732422
53.506147384643555	57.31910705566406
42.63801860809326	49.059317111968994
53.27558183670044	55.08462190628052
38.807920932769775	43.090599060058594
39.83104705810547	46.688652992248535
46.696842193603516	53.6351318359375
49.31218719482422	54.32392883300781
51.093666076660156	56.87867736816406
44.87877559661865	45.369887351989746
34.57466983795166	42.04258632659912
51.205023765563965	49.010818004608154
54.66008949279785	55.735161781311035
41.07499694824219	41.61700916290283
42.57701110839844	44.727928161621094
46.21442413330078	49.795841217041016
44.2184419631958	49.32657289505005
41.44822692871094	48.88027572631836
54.98839569091797	55.92979049682617
51.202627658843994	52.64741134643555
41.196627140045166	46.47262907028198
47.96477937698364	54.258708477020264
46.798556327819824	51.79014301300049
39.41279125213623	47.22977590560913
40.63149547576904	44.86270236968994
41.97210216522217	46.76000213623047
41.24475574493408	43.82993173599243
42.96736192703247	47.16280460357666
51.26288414001465	56.16050720214844
41.363463401794434	47.3878870010376
45.33317708969116	48.663700580596924
40.474205017089844	43.484344482421875
55.12343215942383	57.25140380859375
44.04078769683838	45.23890686035156
38.00624084472656	44.30899715423584
50.13666486740112	53.17780590057373
49.128023624420166	49.01082134246826
42.04500102996826	45.41712427139282
44.93896150588989	47.98157358169556
43.93013000488281	45.78418731689453
51.502464294433594	56.783862590789795
42.513633251190186	52.95756387710571
46.22853136062622	47.97295379638672
43.030510902404785	48.86782741546631
45.5413293838501	50.001251220703125
45.62377166748047	44.56534194946289
43.817237854003906	48.972679138183594
44.427308559417725	42.98415803909302
55.5565185546875	57.89572525024414
47.00528812408447	51.78330135345459
41.552547454833984	41.96002960205078
43.42993927001953	49.3652229309082
55.580726623535156	63.26776885986328
46.09435272216797	50.740463733673096
48.46648979187012	52.1220817565918
46.197569847106934	49.16055107116699
44.12916088104248	48.18372964859009
42.215712547302246	45.54333543777466
45.79204607009888	42.47630262374878
43.67287874221802	47.51796007156372
45.658992290496826	48.6730432510376
36.46810054779053	35.67864990234375
44.257484912872314	44.19488000869751
41.72247362136841	50.73119783401489
41.05330276489258	44.65681314468384
46.573081970214844	49.93905830383301
53.94779348373413	56.756049156188965
40.79877424240112	44.606040954589844
49.02619171142578	54.82387161254883
37.05125427246094	39.9180908203125
55.7031364440918	60.64897537231445
43.02685260772705	48.57245635986328
50.6922721862793	52.508235931396484
56.59485912322998	63.08932828903198
42.20609664916992	49.37313652038574
45.513854026794434	49.317359924316406
56.56403827667236	61.67137813568115
47.67070388793945	50.38361978530884
39.27149963378906	44.5421142578125
47.52655792236328	47.685386657714844
49.42494201660156	50.133697509765625
41.21338653564453	40.68869161605835
53.24491024017334	54.608354568481445
45.691043853759766	48.02792739868164
44.79765319824219	50.18151092529297
47.3211464881897	53.479942321777344
42.64573574066162	46.80820417404175
41.421048164367676	43.201849937438965
47.87569856643677	45.87065267562866
41.23594045639038	46.65360116958618
52.148681640625	56.15312194824219
42.04364252090454	48.42873525619507
32.991374015808105	36.36222839355469
37.86628818511963	35.91672420501709
53.303287506103516	51.68441390991211
42.18765735626221	44.85904598236084
44.51835536956787	42.768932819366455
42.206299781799316	46.494869232177734
39.926711082458496	46.41477727890015
44.074341773986816	49.771751403808594
34.28676509857178	34.16854763031006
45.180853843688965	45.61764621734619
40.68280792236328	45.650665283203125
57.609506607055664	61.242796897888184
58.074012756347656	59.5278844833374
36.96529769897461	40.42654895782471
47.19095325469971	51.137572288513184
44.78588151931763	50.653462409973145
40.61767101287842	41.206844329833984
47.49528932571411	50.23489809036255
41.61012554168701	45.197813987731934
45.26787519454956	48.01957035064697
41.191932678222656	46.14497375488281
42.45656490325928	44.59009552001953
39.98048114776611	39.35591745376587
37.57265567779541	42.32586193084717
57.43686294555664	57.01318359375
47.17634677886963	53.796051025390625
48.46016454696655	51.39735794067383
48.15726041793823	50.11641073226929
43.76292037963867	45.22624969482422
43.2658052444458	47.241700172424316
39.942893981933594	42.677547454833984
37.54177236557007	37.057305335998535
46.6878342628479	48.98899507522583
43.497474193573	45.05587100982666
50.328346252441406	57.25493621826172
43.99540948867798	50.362247467041016
43.44249963760376	51.12053918838501
50.856597900390625	52.77648162841797
59.16844940185547	60.119361877441406
47.572407245635986	53.194191455841064
39.0446252822876	43.8522253036499
42.474151611328125	47.25820827484131
37.08958387374878	43.158451080322266
49.68037033081055	54.299407958984375
48.66187286376953	53.319732666015625
41.34404468536377	46.220046043395996
43.12370300292969	52.01414489746094
37.615947246551514	41.25736999511719
47.03818941116333	45.775944232940674
49.93847465515137	52.7845401763916
51.29928159713745	53.12085771560669
49.372541427612305	47.53988170623779
47.398226737976074	50.96071243286133
51.619056701660156	56.45077896118164
51.02980422973633	52.28410339355469
51.07301044464111	54.52830505371094
53.65993118286133	56.91725158691406
49.273590087890625	52.534027099609375
47.13510513305664	53.852928161621094
49.65005826950073	52.442688941955566
44.526169300079346	47.482999324798584
44.73517608642578	42.02446985244751
47.83265686035156	56.199703216552734
38.84557628631592	44.02213954925537
57.861610412597656	56.4105339050293
53.0142388343811	52.1575026512146
45.72914743423462	46.01031541824341
49.525168895721436	53.09007024765015
38.66374206542969	45.95896911621094
49.33256149291992	47.97969055175781
37.46481275558472	42.8338508605957
37.34064435958862	40.06817007064819
39.05693864822388	43.33344507217407
46.36772918701172	49.727176666259766
44.8714075088501	41.09114742279053
41.95650100708008	43.705636501312256
52.98939514160156	52.39108085632324
41.25028896331787	43.8920316696167
60.116896629333496	57.89641189575195
47.104005336761475	48.66560983657837
49.16085147857666	52.85480785369873
52.21386909484863	48.676809310913086
55.67345380783081	60.91083383560181
49.63969421386719	50.777706146240234
58.36290693283081	64.52309560775757
44.76003313064575	46.39720678329468
45.6135139465332	52.25663995742798
39.64600419998169	37.70543575286865
48.84761333465576	50.941709995269775
45.59092664718628	49.3203444480896
55.478797912597656	60.4458122253418
44.35383605957031	48.60329055786133
46.34274959564209	51.5507755279541
45.28175067901611	45.77401828765869
47.22051000595093	49.050278186798096
40.915748596191406	46.8224983215332
46.059810638427734	49.5943603515625
46.67501163482666	50.34548807144165
50.35102891921997	51.89386796951294
48.50177621841431	51.756978034973145
43.70255899429321	47.94367074966431
56.33412551879883	61.77560043334961
57.111087799072266	58.182254791259766
46.42099952697754	50.1816463470459
48.550262451171875	50.66484832763672
43.68271207809448	46.456764221191406
42.110680103302	49.047354221343994
48.116817474365234	53.04873275756836
41.098904609680176	42.18299150466919
41.2225341796875	44.87374019622803
57.06609916687012	55.56874179840088
46.63378286361694	46.28543472290039
46.966064453125	54.063392639160156
48.90090894699097	51.78147554397583
39.32999038696289	41.10423517227173
51.03068542480469	55.566612243652344
47.39869022369385	50.71456718444824
60.8643479347229	70.41645812988281
46.38009023666382	50.942280769348145
35.88322448730469	41.11454772949219
49.50973892211914	56.46772766113281
52.59082746505737	57.31248092651367
48.769962787628174	54.923057556152344
46.851284980773926	48.4207649230957
51.40955448150635	50.51055860519409
47.42296600341797	49.840965270996094
50.04315948486328	53.18278884887695
49.272128105163574	52.47352695465088
46.770423889160156	51.32625961303711
43.862969398498535	47.37165355682373
43.566402435302734	48.55608367919922
42.38530731201172	47.16773986816406
58.83128499984741	62.28180742263794
42.60911464691162	44.44793701171875
50.83821630477905	56.72579097747803
42.6256685256958	47.14118576049805
47.37464141845703	47.583045959472656
51.19899368286133	56.705814361572266
49.623085021972656	53.827109813690186
49.34429931640625	47.48939514160156
36.439448833465576	39.53582143783569
44.43924808502197	47.32815599441528
50.83705139160156	57.29448890686035
48.96350860595703	50.454505920410156
42.195709228515625	49.76966094970703
40.94600057601929	48.08505916595459
49.89483642578125	52.55632400512695
41.931321144104004	46.64783191680908
49.38432312011719	55.932579040527344
42.685543060302734	49.16762399673462
45.81247329711914	51.38318634033203
35.790513038635254	35.43815517425537
57.838165283203125	59.981361389160156
57.41983890533447	61.3248348236084
41.341750144958496	42.422550201416016
53.77375793457031	53.861366271972656
40.850921630859375	41.749497413635254
42.19529628753662	45.324989318847656
30.496512413024902	34.75058841705322
40.59652662277222	44.390084743499756
36.67899799346924	41.80037212371826
35.852253913879395	41.66988658905029
52.38563537597656	56.665348052978516
58.11083936691284	61.505717754364014
42.95004177093506	43.87849426269531
49.2355260848999	49.26042318344116
41.38113784790039	45.11015319824219
44.91734313964844	53.612154960632324
56.32223081588745	60.67318153381348
60.690064430236816	65.51193809509277
43.16496276855469	48.99452209472656
44.903077125549316	49.182130336761475
43.885003089904785	53.08913564682007
32.22692584991455	34.84307384490967
44.992218017578125	40.52485942840576
45.23875427246094	51.218109130859375
44.81209707260132	48.65171766281128
52.12394714355469	53.37736701965332
43.82034206390381	42.842859745025635
36.87882137298584	39.169371128082275
45.81425619125366	50.91767740249634
51.43649673461914	51.07872009277344
36.31278371810913	41.359371185302734
42.535552978515625	42.530502796173096
44.598103523254395	48.548460960388184
43.01115798950195	45.595035552978516
40.033902168273926	45.3178825378418
47.26448059082031	50.79009246826172
40.05066967010498	44.35984706878662
59.818153381347656	62.58076095581055
47.34180450439453	53.51850128173828
44.63257598876953	50.62906837463379
27.146178245544434	33.889723777770996
42.80303192138672	48.596519470214844
50.27903366088867	56.64922332763672
41.212735176086426	41.48612308502197
37.649359703063965	42.175323486328125
40.03160381317139	44.93365526199341
44.04306745529175	48.47865962982178
38.61597394943237	42.36494827270508
47.82754993438721	49.61357545852661
57.18576431274414	62.029242515563965
36.713141441345215	41.60116195678711
46.45746612548828	51.42676544189453
43.89684581756592	47.2929949760437
54.121829986572266	56.31126403808594
44.339863300323486	51.84735155105591
49.060142517089844	51.40229797363281
50.81114959716797	52.32628011703491
52.193077087402344	51.27912902832031
43.489471435546875	46.49760437011719
60.77145576477051	66.12276554107666
38.44644069671631	40.33248996734619
45.41045522689819	50.59985971450806
41.0767707824707	46.54595184326172
44.20583724975586	49.472740173339844
38.93354034423828	43.8826904296875
48.70838451385498	49.35364627838135
56.412506103515625	58.325157165527344
51.74290466308594	55.91815948486328
41.29411268234253	41.311646461486816
42.25429916381836	47.25034046173096
51.806915283203125	58.052734375
50.5138897895813	53.950507164001465
48.78221797943115	54.54522705078125
45.80952978134155	47.14931344985962
58.21859550476074	61.738224506378174
41.77383327484131	48.06546926498413
38.50026798248291	38.89929485321045
51.80427312850952	57.26503562927246
41.72567367553711	41.0432767868042
51.941749572753906	53.856085777282715
46.94819927215576	50.756338119506836
47.0063591003418	48.141357421875
53.983001708984375	54.36193084716797
38.259724617004395	37.50423717498779
53.15527153015137	55.90353584289551
40.03551912307739	43.98667764663696
39.847655296325684	42.71793079376221
38.92823076248169	45.56375980377197
52.47456359863281	54.31922912597656
43.88360118865967	47.282437324523926
47.222354888916016	51.47301483154297
54.040541648864746	56.10823631286621
57.4142632484436	59.47707939147949
41.864219188690186	45.05516004562378
49.96015167236328	54.32122039794922
42.62055492401123	46.57024145126343
34.47872257232666	39.96646213531494
37.37175893783569	38.208157539367676
35.326300621032715	40.30692386627197
48.13975143432617	50.328250885009766
51.7700719833374	57.26505756378174
50.018959045410156	58.37163543701172
54.3110032081604	58.88869285583496
51.81037473678589	54.6559739112854
50.20197868347168	55.58510780334473
40.70955276489258	44.539276123046875
44.36713695526123	46.29321908950806
57.410688400268555	62.11457920074463
48.111541748046875	53.77427816390991
47.94615983963013	55.69014358520508
50.81861114501953	57.46348190307617
39.772979736328125	38.39607238769531
53.077802658081055	57.67519474029541
40.26025724411011	39.560575008392334
38.917349338531494	43.778114795684814
49.53007507324219	55.30023193359375
43.975101947784424	46.84508419036865
45.69081115722656	47.77464294433594
38.18643808364868	42.68687582015991
39.27027130126953	44.577932834625244
53.386146545410156	52.62448501586914
41.16288757324219	46.168678283691406
55.617034912109375	54.832786560058594
43.81425380706787	44.68185043334961
52.60142755508423	54.64578342437744
45.77832078933716	49.88747024536133
34.98626232147217	36.528076171875
48.57832336425781	51.39491271972656
47.01344919204712	46.62852716445923
49.32496643066406	54.57985305786133
38.97444534301758	42.97137451171875
43.974595069885254	44.96517276763916
42.95481824874878	45.38301134109497
44.728256702423096	47.23687219619751
49.94135856628418	48.86552667617798
52.89185333251953	54.93096160888672
43.035425662994385	47.3309383392334
37.972397804260254	36.136260986328125
56.797189712524414	61.14099979400635
60.28242492675781	62.583045959472656
42.15308427810669	45.47150135040283
45.579715728759766	49.81315994262695
48.8866662979126	54.395230293273926
38.78755187988281	37.49113464355469
45.07452964782715	51.48907661437988
47.80260610580444	52.985084533691406
48.235169410705566	51.78622531890869
46.77727031707764	52.19937515258789
44.89461421966553	46.963643074035645
53.9611701965332	58.89691925048828
48.34595489501953	50.569318771362305
42.754887104034424	49.7216420173645
48.441001892089844	53.277828216552734
39.896724224090576	46.1911940574646
46.358177185058594	50.12319326400757
41.65506649017334	43.95004606246948
49.55906820297241	49.05182695388794
50.653993129730225	54.94862413406372
38.82189655303955	40.39319086074829
46.22500991821289	47.638643741607666
42.918296813964844	47.390960693359375
38.930259704589844	37.02373123168945
47.03121566772461	50.41096496582031
65.9295654296875	64.99243259429932
41.363951683044434	46.59492015838623
41.098257064819336	45.176146030426025
52.019927978515625	54.29390335083008
50.79283332824707	56.313955307006836
51.31512451171875	56.05004119873047
60.78432559967041	61.98742866516113
57.118361949920654	55.7089147567749
44.162498474121094	47.98988342285156
50.2152099609375	48.03131103515625
40.08899688720703	44.792903900146484
53.46842956542969	63.1907958984375
57.06410217285156	61.689422607421875
44.17338466644287	50.45571327209473
51.47237777709961	57.104878425598145
46.50593090057373	51.703325271606445
45.236886501312256	51.93328142166138
40.31614637374878	47.49801969528198
47.96683311462402	50.56798458099365
51.51115417480469	56.84403991699219
41.07865905761719	43.971991539001465
39.824676513671875	42.105469703674316
45.77000141143799	47.08670139312744
39.617939472198486	42.27885150909424
44.15531301498413	49.74181604385376
45.88004207611084	52.462411880493164
52.08343172073364	53.2955322265625
49.696746826171875	53.55354309082031
46.06455373764038	55.72784900665283
46.27011775970459	47.216614723205566
47.58044147491455	51.96241092681885
39.8541784286499	40.78938961029053
38.12515163421631	42.03342533111572
55.91315460205078	57.89183807373047
42.96476745605469	50.92202377319336
54.827364921569824	59.2669358253479
43.07305192947388	47.62691783905029
39.24644899368286	40.979846477508545
48.235146045684814	50.02222299575806
36.918368339538574	35.146552085876465
52.51465320587158	55.62851905822754
51.26030731201172	56.157470703125
48.52026557922363	53.590702056884766
48.73534107208252	50.95444393157959
40.62498378753662	42.851752281188965
54.130828857421875	52.44867706298828
40.77253198623657	49.09175777435303
37.587947845458984	41.513404846191406
41.92531871795654	45.069472789764404
50.496145725250244	52.987648010253906
47.76884078979492	45.56752014160156
45.63279724121094	48.10679244995117
47.20102071762085	53.01824712753296
42.01095151901245	48.57899570465088
43.05353546142578	43.948505878448486
43.63199234008789	45.62833786010742
34.30129623413086	41.35680389404297
44.32559061050415	49.39097356796265
43.26388072967529	49.05542850494385
37.95377731323242	38.63873291015625
41.088119983673096	45.64100790023804
48.034400939941406	50.929006576538086
39.42213821411133	44.86153793334961
44.0841965675354	46.1062388420105
48.013657093048096	50.94242763519287
49.45608854293823	50.164963245391846
48.1970329284668	52.574363708496094
50.478238105773926	54.56446313858032
51.02992296218872	51.75586748123169
43.472877502441406	51.11366271972656
45.671485900878906	46.140525817871094
34.48172092437744	41.43815517425537
45.89015579223633	45.41127300262451
45.71492385864258	44.43450164794922
50.73585891723633	55.87375259399414
46.76593780517578	46.575965881347656
40.423545360565186	45.53679656982422
46.47219944000244	48.09568405151367
42.61137771606445	48.275848388671875
39.909613609313965	42.99381351470947
35.23970890045166	42.73609256744385
42.45433044433594	44.356513023376465
53.5335578918457	54.449920654296875
49.18640899658203	51.50851535797119
43.58979034423828	43.66677761077881
58.486045837402344	62.752227783203125
47.36223554611206	48.07333326339722
39.05159139633179	41.47669696807861
42.005069732666016	44.680174827575684
45.19221496582031	46.886009216308594
56.90891075134277	56.24256134033203
48.59759759902954	47.52897500991821
42.87567138671875	48.22676467895508
43.063968658447266	41.20784568786621
40.6292142868042	45.08607196807861
46.96299743652344	54.516639709472656
42.38328552246094	46.97793674468994
42.55970239639282	47.834582805633545
46.13011932373047	49.969539642333984
36.572203159332275	40.88092088699341
46.96376180648804	48.956557750701904
44.21209144592285	48.31511163711548
42.48915481567383	47.310462951660156
46.11798810958862	46.7362265586853
51.40345859527588	58.21403360366821
40.30924701690674	49.58034324645996
44.98905563354492	48.84148406982422
43.340394496917725	48.393317222595215
39.882598876953125	44.54757308959961
46.354355335235596	50.283944606781006
46.27610921859741	49.201862812042236
46.647889137268066	52.509132385253906
48.72606897354126	53.972405433654785
43.630881786346436	46.27858591079712
46.17776012420654	49.10574531555176
38.053858280181885	41.289896965026855
45.641114711761475	48.967315673828125
43.2093391418457	42.84278869628906
47.80404281616211	53.40174102783203
40.73609924316406	43.38894701004028
52.73939895629883	55.370521545410156
40.997947692871094	42.62143611907959
48.11900186538696	55.40739297866821
40.915337562561035	45.813045501708984
47.63539123535156	50.70423126220703
48.01022720336914	49.48908233642578
52.94256591796875	57.85082244873047
44.536630153656006	49.911479473114014
35.36277532577515	39.726783752441406
50.30098104476929	50.77888584136963
43.649149894714355	49.24602031707764
51.242560386657715	53.25291681289673
36.251792907714844	43.79061985015869
36.146389961242676	42.0637321472168
48.43926954269409	50.9906530380249
32.06363010406494	37.32664489746094
43.00499629974365	47.50388765335083
39.70207500457764	46.50593376159668
58.36062431335449	59.7904109954834
47.55469465255737	55.19924354553223
41.08377742767334	43.764286041259766
43.513004302978516	47.78855895996094
55.26894521713257	55.319907665252686
48.991363525390625	57.082401275634766
35.44144058227539	40.641685485839844
39.30528545379639	39.163650035858154
51.9751181602478	53.27961730957031
45.51438045501709	45.780638694763184
43.81809902191162	50.90671253204346
46.59387969970703	51.626502990722656
45.81207275390625	52.30682373046875
38.44192457199097	44.69805574417114
32.70984649658203	34.17017841339111
33.64744186401367	40.14360809326172
48.94384717941284	53.69836187362671
59.21672439575195	63.21760940551758
48.32470703125	50.52108383178711
33.79720211029053	34.814244747161865
49.01233673095703	53.81583786010742
51.38500213623047	56.3561224937439
44.911598682403564	46.4430890083313
49.08735513687134	51.35800123214722
