60.83201217651367	61.959877014160156
55.674187660217285	62.3185772895813
62.48769283294678	76.3630199432373
50.919368743896484	59.25480270385742
42.59229278564453	47.114810943603516
55.51084327697754	58.11253023147583
87.782790184021	96.15515804290771
47.8516001701355	55.83969497680664
50.045806884765625	53.064483642578125
59.27756309509277	66.46683692932129
64.84221649169922	66.74301147460938
64.22483777999878	62.09182119369507
46.33890628814697	51.44078731536865
98.20109272003174	105.91389274597168
49.47256851196289	53.84732437133789
65.72721242904663	67.43033695220947
66.63987112045288	70.12493896484375
53.73640966415405	61.238046169281006
56.851959228515625	61.5294189453125
71.36045932769775	76.69021606445312
54.30507802963257	51.06521701812744
54.424591064453125	60.55007886886597
61.210790157318115	63.20460510253906
46.9165563583374	50.073537826538086
62.778940200805664	64.50379943847656
53.041003704071045	49.20678520202637
50.09204864501953	54.65717315673828
53.997894287109375	58.584754943847656
55.17919158935547	65.52857208251953
53.27200889587402	61.787519454956055
61.49535369873047	72.5042724609375
58.89897108078003	60.912065505981445
42.471092224121094	46.655991077423096
58.33748817443848	68.98701667785645
51.455628871917725	49.42548179626465
34.52374744415283	41.26703929901123
53.07077121734619	59.498618602752686
84.26278734207153	77.88600254058838
58.13557052612305	64.0262680053711
34.43400573730469	37.0393590927124
81.79832220077515	89.9437165260315
53.1923246383667	55.04322910308838
47.1230354309082	58.08055877685547
52.361831188201904	61.18386125564575
54.7751350402832	59.03392028808594
82.57563972473145	82.20759773254395
61.294921875	67.00824737548828
49.77356433868408	55.6765079498291
68.63303518295288	75.70367956161499
70.90070867538452	63.89669466018677
51.80974245071411	60.055016040802
44.056602478027344	51.46552658081055
57.77232885360718	59.90359878540039
59.2069091796875	55.41621923446655
74.7773208618164	78.57115173339844
52.06348419189453	56.57794952392578
78.72441864013672	75.26319789886475
51.267791748046875	65.38697814941406
27.62317728996277	36.113126277923584
40.1714186668396	41.70439910888672
48.3380012512207	52.66250038146973
57.435428619384766	59.682861328125
64.84023857116699	68.9557056427002
25.509400606155396	32.901724338531494
60.53049087524414	65.65531158447266
47.39996337890625	50.21393632888794
61.380977630615234	55.15660858154297
36.685555934906006	43.114197731018066
61.33821487426758	65.85108280181885
71.2449779510498	68.15920972824097
39.309226989746094	47.44756317138672
45.92820644378662	55.229926109313965
64.72119283676147	68.62185001373291
49.17935371398926	54.94559669494629
48.08475351333618	41.65449571609497
74.49223184585571	78.34746599197388
64.8720645904541	62.691965103149414
35.52182388305664	43.86211395263672
56.973586082458496	64.53373908996582
59.93669033050537	56.85606002807617
46.40531921386719	48.34477996826172
56.28393793106079	62.08496570587158
55.91929006576538	58.157007694244385
56.64463520050049	65.79633378982544
56.13198709487915	64.36529588699341
63.02157688140869	61.42181396484375
60.42796230316162	71.11898803710938
42.64585494995117	48.20406723022461
57.2139892578125	62.87026596069336
56.81546640396118	56.1775598526001
56.00119400024414	60.68148422241211
44.10240936279297	57.17854309082031
29.011077880859375	29.286431312561035
40.49324035644531	49.1342658996582
52.80931758880615	60.3782639503479
58.705482482910156	74.1776180267334
55.26251220703125	53.49245309829712
66.74883985519409	72.92171859741211
55.06493377685547	59.923828125
56.87284851074219	54.21669006347656
42.958946228027344	41.40258026123047
55.66370248794556	59.237860679626465
58.886106967926025	66.71801805496216
25.85730743408203	36.50209045410156
107.62389850616455	113.81846237182617
50.24332523345947	47.884666442871094
65.44953107833862	66.94972372055054
95.79428672790527	107.9315972328186
48.79662275314331	53.5945725440979
43.268802642822266	45.69449234008789
56.53589344024658	64.01112413406372
70.14034223556519	62.574151039123535
65.28212547302246	60.60369110107422
61.05754852294922	72.44948387145996
49.73066854476929	48.60682010650635
52.65847396850586	58.52764129638672
53.15703582763672	58.65228271484375
48.22786045074463	54.04300117492676
62.09481906890869	76.9088044166565
73.98871517181396	78.03908634185791
46.28368806838989	38.93157196044922
33.080108642578125	40.10723876953125
51.61394119262695	58.34571838378906
41.66007041931152	42.7134108543396
35.042243242263794	46.8102593421936
46.69534921646118	53.93198347091675
47.24486446380615	53.909998416900635
52.555628299713135	61.44640016555786
61.94769334793091	73.72734642028809
59.665870666503906	58.60209655761719
63.81558895111084	68.0461196899414
38.22441816329956	50.30995845794678
65.91269874572754	70.03011417388916
32.148179054260254	33.72301483154297
41.468886852264404	43.385772705078125
61.47991180419922	66.41458988189697
51.70509338378906	60.345436096191406
56.873939514160156	58.586891174316406
52.68701171875	56.47510528564453
52.634825706481934	56.79150581359863
41.43121337890625	43.8656005859375
64.00387763977051	58.73432159423828
65.72044372558594	68.35614013671875
66.42608404159546	68.34730434417725
74.7055230140686	69.97747850418091
48.208608627319336	49.22017478942871
53.8854455947876	62.5992488861084
43.283751010894775	53.41290092468262
50.34368133544922	54.368629455566406
28.245870113372803	35.31558132171631
47.90058374404907	58.71564531326294
62.20451831817627	75.64064979553223
58.13796043395996	63.11229228973389
62.741798400878906	51.67126655578613
59.800872802734375	66.44862174987793
82.72374248504639	93.29490566253662
108.27880334854126	119.51510238647461
36.01545333862305	43.73244857788086
63.19553518295288	68.40760707855225
38.652591705322266	46.137818336486816
41.7420129776001	50.670026779174805
60.194454193115234	68.27648162841797
45.62152099609375	56.712520599365234
57.037291526794434	51.13511276245117
59.288818359375	65.14650535583496
47.18013381958008	60.065019607543945
33.928446769714355	36.98433780670166
57.06359100341797	54.20265054702759
55.542991638183594	65.31156921386719
94.55880403518677	106.0401463508606
37.843796730041504	40.10187530517578
39.64519500732422	32.857300758361816
40.86278438568115	47.9569787979126
75.66264152526855	68.39105224609375
76.44898986816406	88.20033264160156
40.596739768981934	47.31409406661987
37.29860734939575	39.81262683868408
57.22171497344971	66.52139282226562
47.641053199768066	58.00503158569336
58.31137180328369	67.64080047607422
67.11621761322021	75.20460605621338
56.01822853088379	55.83573341369629
42.13869571685791	48.35880661010742
38.30010986328125	50.32762145996094
50.262322425842285	52.49004936218262
79.85408067703247	82.81504821777344
31.252217292785645	40.82584095001221
35.65987491607666	42.688233375549316
49.01524543762207	46.44577980041504
46.227232933044434	56.79615354537964
80.57872200012207	84.62259435653687
60.75604438781738	61.91464424133301
61.985650062561035	61.75187110900879
61.591796875	57.58676528930664
59.12384033203125	63.336151123046875
66.95960426330566	76.48198127746582
53.558448791503906	66.99239873886108
57.81722116470337	65.2336106300354
67.94740200042725	73.10941362380981
50.845426082611084	54.438315868377686
74.1181869506836	68.49575996398926
33.7271203994751	41.3331823348999
53.29705810546875	58.45359420776367
51.07723617553711	58.28263854980469
62.88256645202637	67.31282711029053
71.11988067626953	71.65159606933594
68.95446968078613	74.5982894897461
65.51432609558105	69.36142921447754
42.73272514343262	54.45002555847168
53.439903259277344	63.53716850280762
30.65348196029663	33.4542236328125
61.43035888671875	59.417816162109375
53.68713998794556	55.85599708557129
60.664496421813965	72.96835899353027
57.77486801147461	61.54098129272461
62.212510108947754	69.20695304870605
61.907126903533936	59.946680545806885
38.43569898605347	44.21544551849365
48.103487491607666	52.3029727935791
35.09342670440674	37.919095516204834
47.25114345550537	60.65726280212402
85.87049674987793	99.12590026855469
58.76840543746948	63.280795097351074
54.28933334350586	61.85377502441406
33.573962688446045	41.90449380874634
23.3366539478302	33.64825677871704
78.17719459533691	79.57711219787598
38.290385723114014	40.28500413894653
72.52606201171875	78.24948692321777
57.71895790100098	67.10821723937988
46.25819396972656	48.182106018066406
63.04867744445801	68.84800910949707
82.12300300598145	83.5572338104248
52.731895446777344	57.50096130371094
39.935028076171875	38.95016384124756
65.846755027771	75.9118504524231
68.75935935974121	76.38075256347656
63.98666954040527	77.86502265930176
59.008506774902344	64.27642059326172
69.11875915527344	73.66520643234253
61.82148313522339	65.70385026931763
61.69340133666992	68.46488285064697
35.392173767089844	40.202266693115234
44.699710845947266	53.59480667114258
53.55431365966797	56.79256057739258
45.46830749511719	57.329437255859375
54.041385650634766	57.63593673706055
42.29681396484375	47.260955810546875
44.61402368545532	49.773194789886475
76.19346618652344	76.13620948791504
65.866934299469	72.63414525985718
43.45546054840088	46.91737222671509
32.969993591308594	43.006521701812744
72.57331657409668	78.34550476074219
69.11505699157715	63.25702667236328
56.88490867614746	59.757362365722656
69.11116218566895	71.43435859680176
46.312129974365234	50.48857879638672
45.167582511901855	47.67251634597778
50.76292419433594	56.33774471282959
52.38060665130615	61.4178786277771
57.47608184814453	65.34468078613281
46.11758232116699	50.91709613800049
49.75022506713867	60.323768615722656
69.94830322265625	73.66030311584473
65.41136741638184	74.98441219329834
52.52598571777344	63.037349700927734
43.5996150970459	45.375030517578125
36.758426666259766	43.86591339111328
45.45018196105957	54.36206817626953
56.38835525512695	61.9665412902832
42.967803955078125	47.11625671386719
39.5361385345459	36.5719952583313
59.044870376586914	71.25960731506348
47.098045349121094	57.6085205078125
58.56837463378906	63.828006744384766
60.85744380950928	65.19598484039307
48.96331787109375	60.100741386413574
68.45448970794678	57.84759521484375
47.833738803863525	47.43274641036987
60.014426708221436	62.09197998046875
36.95594263076782	43.3205943107605
61.92308807373047	62.10614013671875
50.803367614746094	51.93397521972656
69.46645879745483	68.66370964050293
44.98208713531494	52.854671001434326
54.701494216918945	55.8890175819397
44.95364189147949	42.332862854003906
55.79596519470215	61.37254238128662
56.86878204345703	59.500274658203125
51.56564426422119	62.15726280212402
49.46165466308594	61.376609802246094
57.53071403503418	66.75999355316162
56.66510581970215	63.76916313171387
55.2413272857666	58.922834396362305
56.36660099029541	58.48530578613281
57.170658111572266	64.22508239746094
39.376662254333496	45.69246768951416
37.774983406066895	41.196743965148926
55.001893043518066	57.10254764556885
66.06680393218994	69.57507133483887
61.537864208221436	62.5968074798584
44.73210906982422	48.616058349609375
42.634765625	50.9548454284668
56.425283432006836	60.31923770904541
52.25391387939453	55.605491638183594
60.76378679275513	72.06091213226318
71.24715995788574	65.3538293838501
60.805755615234375	67.67492866516113
42.97938823699951	48.27140188217163
68.08794975280762	76.44509363174438
34.60003423690796	41.55167531967163
70.20484256744385	81.23380136489868
56.41876029968262	62.723509311676025
75.15934467315674	67.79872751235962
34.39016628265381	39.92632436752319
60.446062088012695	69.04310703277588
51.52965545654297	53.251972675323486
40.76488494873047	50.8150520324707
56.242807388305664	62.49835395812988
60.14274597167969	62.44217300415039
71.85767269134521	78.8690013885498
56.33937978744507	58.49533939361572
44.48560333251953	54.833526611328125
55.29609680175781	61.212791442871094
55.40898895263672	60.549190521240234
54.42076110839844	61.28879356384277
63.280906677246094	67.83149719238281
31.47598648071289	41.445556640625
51.19092035293579	55.21196794509888
61.16598129272461	60.12295150756836
62.19277048110962	69.89571619033813
56.822715759277344	60.47499465942383
43.18976402282715	40.45301818847656
69.62461233139038	81.47016096115112
68.10822248458862	77.16208744049072
71.21382856369019	83.73421478271484
60.87731170654297	66.68941497802734
46.05266571044922	56.85903549194336
50.26314735412598	52.8701114654541
82.18795537948608	77.02850484848022
57.03156661987305	59.662933349609375
61.96853828430176	68.67083787918091
66.24287605285645	63.995361328125
36.620662689208984	42.79268264770508
46.39109230041504	55.6134238243103
58.716583251953125	69.03034973144531
49.511924743652344	60.624778747558594
98.91193389892578	106.91726684570312
50.38580894470215	55.45633792877197
58.38051080703735	52.41844940185547
59.60298538208008	62.66329288482666
50.855005741119385	58.69402313232422
53.66162300109863	54.609994888305664
47.79827880859375	51.57279586791992
52.413625717163086	52.309814453125
78.16152429580688	74.32561492919922
51.986040115356445	52.84445285797119
50.52078056335449	58.34425067901611
61.29341125488281	68.62582206726074
44.33392333984375	51.551334381103516
54.49755668640137	64.91697788238525
44.751296043395996	48.895729064941406
48.44749450683594	53.219303131103516
55.01821804046631	61.5018253326416
67.91149806976318	66.37522745132446
64.07614660263062	68.63276433944702
56.229183197021484	58.7457160949707
40.353126525878906	41.491607666015625
51.68045139312744	58.06248235702515
69.26028251647949	55.861820220947266
55.6618595123291	51.39371871948242
64.52361488342285	68.67823791503906
57.07120656967163	63.45035362243652
43.660888671875	48.176456451416016
50.78759002685547	62.63431930541992
53.94325304031372	61.27163600921631
49.88783645629883	54.95659637451172
55.390167236328125	63.44551706314087
53.35132122039795	67.93477535247803
58.51014518737793	60.536333084106445
59.149802684783936	71.05831289291382
58.145484924316406	65.4124526977539
60.1092529296875	59.88547325134277
58.996596336364746	62.39363670349121
25.173805475234985	30.05083465576172
71.43465757369995	82.91966199874878
37.009307861328125	43.66486358642578
50.429344177246094	61.27973937988281
67.05908918380737	70.40364122390747
67.07569599151611	58.47380208969116
57.53861045837402	66.6778736114502
34.617220878601074	44.245652198791504
65.24119663238525	66.61955308914185
80.97615194320679	81.78438091278076
66.69698524475098	72.4013843536377
33.37703323364258	34.51243591308594
67.18546867370605	71.3902440071106
59.77246141433716	57.74083185195923
57.48259925842285	63.42107391357422
65.06635808944702	72.71641635894775
42.47677659988403	46.1123571395874
74.74275064468384	66.74162149429321
44.499114990234375	49.62600326538086
77.22404479980469	88.50683784484863
71.18634700775146	77.43519496917725
49.16253089904785	56.45975303649902
60.34073781967163	62.8390417098999
46.5468864440918	55.461585998535156
43.523969650268555	48.86547517776489
59.08713340759277	60.959224700927734
60.7009334564209	55.26241493225098
38.0181999206543	48.329288482666016
43.076053619384766	44.752037048339844
81.66612148284912	83.21675062179565
63.5010986328125	66.99983024597168
38.27640151977539	46.120957374572754
51.829776763916016	59.95924472808838
49.648027420043945	58.89753818511963
65.75787305831909	66.8309497833252
55.74021816253662	46.03995895385742
46.43851375579834	54.674062728881836
47.150972843170166	45.56594944000244
42.75600814819336	38.9793701171875
51.71070575714111	56.330881118774414
65.8478832244873	69.84074592590332
28.498122692108154	29.7004337310791
46.433170795440674	50.72575664520264
32.82034397125244	33.72223663330078
45.18598937988281	56.804256439208984
62.506208419799805	65.93668365478516
52.7633171081543	57.27490997314453
58.741111755371094	68.58193159103394
71.490966796875	66.17318153381348
36.44540023803711	43.71527862548828
65.91377401351929	67.78787136077881
38.493080615997314	43.51688003540039
40.14759635925293	53.872249603271484
41.95108699798584	45.44200134277344
51.339805603027344	63.215232849121094
64.0747709274292	69.918776512146
42.10782241821289	51.42040252685547
58.19786834716797	59.46308135986328
37.19122838973999	45.56771516799927
63.567655086517334	70.65640258789062
51.68485450744629	55.59420204162598
50.528804779052734	56.31380844116211
51.48334980010986	59.19840431213379
55.16714286804199	63.66385316848755
56.51559257507324	69.25684976577759
29.645244598388672	33.44130611419678
61.843156814575195	52.16440677642822
74.22039604187012	67.41881704330444
79.76354026794434	70.91809272766113
71.65776252746582	74.07081604003906
37.514737367630005	40.93657350540161
62.26378536224365	62.12566423416138
57.39971685409546	66.74054098129272
56.690306663513184	55.36172103881836
44.61804389953613	56.734466552734375
35.02809476852417	42.089004039764404
43.11294937133789	47.57489013671875
38.73643398284912	42.46283435821533
42.42290019989014	44.00878095626831
51.74858093261719	55.89336395263672
63.90369415283203	71.09817504882812
39.64406132698059	43.08686828613281
48.61527490615845	61.70999097824097
61.39936447143555	66.3265929222107
51.73759460449219	57.290374755859375
55.69252109527588	59.4176459312439
36.51847457885742	43.62388610839844
71.07701683044434	75.14380073547363
43.33021545410156	44.020599365234375
52.21727514266968	63.54129123687744
74.53538227081299	80.93986988067627
64.52684211730957	60.4573917388916
49.9873046875	61.67582321166992
58.39892578125	62.99380302429199
74.19110298156738	84.97195243835449
47.786338806152344	60.48516082763672
60.80103302001953	52.18432903289795
66.9024224281311	57.175211906433105
76.12435913085938	88.69338512420654
62.674644470214844	57.899322509765625
57.936086654663086	63.8867712020874
54.860877990722656	66.00884437561035
55.06084442138672	51.207035064697266
71.72234916687012	68.4732723236084
47.17783737182617	58.547149658203125
43.44338893890381	47.54389762878418
44.90601348876953	53.388755798339844
70.74495697021484	76.10401821136475
66.85329580307007	72.12210273742676
51.07270431518555	65.3134994506836
73.14457607269287	77.1040940284729
58.187421798706055	64.21516513824463
38.681983947753906	44.58048629760742
45.56853103637695	47.37567901611328
64.01969909667969	59.44973373413086
59.411380767822266	62.83653259277344
54.45652961730957	63.29378604888916
64.3893871307373	71.69805335998535
45.49295997619629	55.83919715881348
51.27447509765625	53.5402717590332
56.826499938964844	64.69424629211426
39.70219039916992	43.43364715576172
62.12447166442871	64.62938690185547
61.746774673461914	67.3238582611084
52.05490493774414	54.181880950927734
45.61079788208008	51.66221618652344
61.525893211364746	56.75616455078125
39.461952209472656	42.830230712890625
45.63077926635742	41.798744201660156
48.83029317855835	60.269858837127686
51.338478088378906	56.890098571777344
54.357131481170654	60.92720603942871
61.024147033691406	68.847825050354
52.018028259277344	57.07355880737305
58.680657386779785	69.70922803878784
35.48136281967163	42.33739757537842
42.57258605957031	52.902313232421875
51.70666694641113	56.5804386138916
34.03741121292114	37.66686010360718
30.61113452911377	39.7668981552124
47.47542381286621	47.20136642456055
53.53872871398926	63.93856716156006
66.71101427078247	79.91046142578125
55.41671276092529	67.9949426651001
69.67237567901611	76.89346218109131
35.790321826934814	44.102004051208496
51.161705017089844	64.26658630371094
51.73211717605591	56.8646035194397
56.90482711791992	59.0298957824707
51.84409809112549	51.814395904541016
73.89345645904541	80.1169490814209
60.54610061645508	73.38202857971191
60.70521354675293	57.45298147201538
42.06179428100586	51.148555755615234
67.70083427429199	61.07355499267578
54.21776533126831	63.43921709060669
55.23670196533203	56.48212432861328
58.55937194824219	63.14840316772461
34.783382177352905	31.848546028137207
28.60473346710205	36.06142282485962
73.05584907531738	65.17981719970703
74.7375340461731	76.00485277175903
42.21769332885742	46.40964126586914
50.829345703125	55.123714447021484
65.89850664138794	71.6696834564209
62.985137939453125	70.91391086578369
42.77651309967041	45.70937395095825
56.32921743392944	61.394790172576904
26.947914838790894	37.522440910339355
57.943748474121094	66.66147708892822
42.146498680114746	40.69453287124634
37.96428680419922	44.47612380981445
30.460813999176025	37.36206674575806
43.48739242553711	54.288543701171875
37.446441650390625	40.08684158325195
70.3161449432373	79.10328483581543
33.10919237136841	39.50074052810669
46.95625829696655	43.638598918914795
59.647193908691406	63.19001007080078
41.04810619354248	52.006625175476074
69.92996406555176	81.21553802490234
57.9432373046875	58.47863006591797
47.95578145980835	53.2999906539917
46.66516923904419	50.784257888793945
59.39298152923584	56.65277099609375
46.05699062347412	47.147130489349365
48.40570068359375	57.874149322509766
61.02622985839844	68.5873031616211
54.80707931518555	65.44894409179688
36.62345838546753	44.164902687072754
63.537282943725586	67.41924476623535
56.96920394897461	63.56721878051758
40.155067443847656	45.835872650146484
46.172475814819336	44.54754638671875
64.18437767028809	68.12428951263428
63.77026557922363	75.50579071044922
71.42768859863281	69.51969909667969
57.153897762298584	65.70981407165527
107.23991775512695	99.857177734375
59.37859010696411	73.56251573562622
50.74058389663696	54.85053062438965
48.06513214111328	51.42003631591797
63.70755195617676	68.5065746307373
45.63955879211426	53.95499897003174
32.703622341156006	41.548704624176025
52.84102392196655	63.15249538421631
43.128182888031006	45.59963512420654
53.70450973510742	55.9136848449707
34.964778900146484	40.447537899017334
53.67135238647461	60.28591537475586
48.199527740478516	56.611411571502686
48.34302520751953	52.42314147949219
49.527448654174805	50.61936283111572
38.86385679244995	39.95684814453125
43.17298126220703	43.880924224853516
67.31331634521484	79.80425119400024
70.380615234375	74.96627426147461
58.13153266906738	61.363372802734375
83.6929235458374	91.81310939788818
38.3832483291626	43.602179527282715
60.32174777984619	66.22480058670044
56.685935974121094	59.090017318725586
54.790921211242676	65.20407676696777
70.07404613494873	76.10042667388916
45.56307935714722	50.06461143493652
58.23649787902832	63.35767412185669
51.99664115905762	53.155941009521484
46.224151611328125	55.581993103027344
52.074663162231445	60.70489168167114
70.67175102233887	75.27333164215088
60.7510199546814	55.90481901168823
56.51803970336914	64.2259669303894
55.04802703857422	57.318429946899414
40.271446228027344	37.562198638916016
58.78690242767334	61.31578826904297
58.74364709854126	55.278400897979736
42.878732681274414	45.208984375
58.06844186782837	69.54128170013428
64.9214539527893	61.46350288391113
72.96156406402588	82.56536483764648
41.85025691986084	46.496591567993164
46.95228958129883	59.91423797607422
66.4805817604065	68.88355207443237
55.74376678466797	60.33872604370117
48.95489501953125	52.173336029052734
44.35871124267578	56.39327526092529
47.980384826660156	60.075096130371094
54.841421604156494	65.43610334396362
58.38851308822632	54.02398729324341
56.36834669113159	61.74533224105835
51.668094635009766	56.140663146972656
46.946635723114014	50.271042823791504
49.987403869628906	62.571075439453125
48.433448791503906	61.00919723510742
66.29637908935547	70.00198173522949
51.50603485107422	58.155696868896484
65.75104665756226	57.68459129333496
36.09595060348511	35.873382568359375
34.63626003265381	38.597044944763184
56.88524580001831	62.3227915763855
40.671311378479004	42.85969591140747
30.024592399597168	41.33389329910278
57.43490219116211	71.85829162597656
74.3408145904541	73.50901794433594
44.54014778137207	52.872276306152344
50.4430046081543	46.63603067398071
64.539475440979	69.14224147796631
51.94267416000366	54.04791069030762
37.104674339294434	41.3275260925293
69.03211975097656	71.6630859375
58.53997039794922	61.7117805480957
58.62169647216797	71.81912040710449
52.88471174240112	60.97385501861572
43.965787410736084	54.39443492889404
61.16423177719116	59.28414821624756
40.054673194885254	45.090758323669434
61.647061347961426	61.05449199676514
65.67845344543457	66.42697334289551
56.444783210754395	67.14752197265625
69.4638729095459	66.66288900375366
43.904948234558105	53.44052314758301
52.32923412322998	61.6063928604126
58.644487380981445	64.8969054222107
32.10454559326172	38.315711975097656
36.497032165527344	43.33214569091797
55.85306739807129	57.783764362335205
77.77866888046265	78.49737596511841
66.97385311126709	63.974639892578125
51.36250972747803	49.08716583251953
35.6363263130188	39.226348876953125
53.17831516265869	59.13365364074707
45.889034271240234	56.35993194580078
70.57656764984131	74.7264575958252
48.748191833496094	57.98065137863159
57.12290382385254	70.42770624160767
45.13920450210571	51.145620346069336
63.305843353271484	58.43977451324463
52.54406690597534	62.65523099899292
57.837082386016846	64.7519588470459
68.04881525039673	67.16975355148315
50.88505554199219	52.141971588134766
50.94639587402344	55.7431755065918
32.84325170516968	42.7343225479126
55.90143966674805	58.686553955078125
59.157257080078125	68.65196228027344
42.698158264160156	55.85520935058594
45.811280250549316	54.21448230743408
83.28213500976562	82.26987648010254
61.36549615859985	68.9257287979126
44.67803621292114	58.40364217758179
57.914615631103516	59.887428283691406
82.34450387954712	88.15330266952515
32.000365257263184	35.78429698944092
48.15468978881836	61.30979633331299
50.12147855758667	57.69904088973999
75.48196220397949	83.0035400390625
54.69144344329834	59.53074502944946
46.06317901611328	53.25384521484375
49.7562689781189	52.91745615005493
70.33576011657715	77.99007225036621
46.066131591796875	57.2259521484375
74.16765403747559	83.26480293273926
62.112656593322754	67.83656358718872
41.07280731201172	49.352935791015625
58.27768325805664	68.1891918182373
59.614219665527344	59.80170822143555
57.19056177139282	52.92871713638306
57.637184143066406	65.01217603683472
58.56880187988281	61.650917530059814
51.47527885437012	54.39671516418457
61.48895263671875	63.731353759765625
56.19602823257446	56.06465721130371
44.98824119567871	55.75615882873535
55.70203399658203	56.489272117614746
50.294556617736816	53.31261157989502
73.04765510559082	76.37120246887207
45.434134006500244	53.309932708740234
42.32294940948486	44.510666370391846
63.870832443237305	57.55999565124512
40.497859954833984	43.07110595703125
58.14647674560547	59.50090789794922
47.5778603553772	55.95944166183472
55.57201051712036	66.16824245452881
45.68501663208008	57.281917572021484
44.725823402404785	41.49872970581055
55.010321617126465	59.726022720336914
55.316993713378906	58.65737533569336
49.4586124420166	53.8421745300293
56.017330169677734	61.44319534301758
45.58595323562622	54.61962890625
44.08159160614014	48.84295701980591
43.690879821777344	46.79414510726929
43.982547760009766	47.979827880859375
55.566993713378906	61.906463623046875
68.40638637542725	75.53565835952759
50.39578914642334	56.81044864654541
38.987178802490234	51.188899993896484
58.417877197265625	63.446861267089844
36.903361320495605	42.532936096191406
53.562838077545166	57.62331771850586
63.32980155944824	68.52800559997559
51.65425777435303	53.90842914581299
43.17026138305664	47.37000846862793
39.63217878341675	38.53312826156616
65.686598777771	76.12827253341675
51.95814895629883	57.30144500732422
53.82546901702881	48.797950744628906
60.33940505981445	59.24684143066406
70.86936378479004	68.7884521484375
54.493465423583984	57.25258255004883
56.07481527328491	63.920637130737305
59.29145669937134	70.06170082092285
57.79129600524902	68.40560817718506
64.67157220840454	69.40242004394531
40.22169518470764	44.419296741485596
71.9654369354248	67.87977600097656
62.72465515136719	64.68866729736328
48.403663635253906	51.132347106933594
59.21488809585571	64.534592628479
54.01144456863403	50.19223642349243
54.32817840576172	59.91206741333008
62.76356220245361	69.30274057388306
47.87561798095703	53.288137435913086
54.62124681472778	64.08922576904297
66.97828102111816	69.21891212463379
67.15031623840332	59.11789083480835
65.50836086273193	74.03826236724854
37.289101123809814	40.1556921005249
49.17858123779297	58.47642517089844
49.89009380340576	52.80874538421631
38.76634216308594	46.19508361816406
53.98855018615723	56.509865283966064
63.29368734359741	68.7027039527893
50.38812875747681	61.389957904815674
58.242387771606445	63.01921463012695
49.216739654541016	57.42035675048828
55.87834024429321	65.78251504898071
63.64991855621338	60.02941703796387
61.37374019622803	68.91849374771118
45.8522686958313	56.135780811309814
54.60301876068115	61.44681453704834
45.73579216003418	49.109766483306885
38.74456167221069	46.61869716644287
78.97392082214355	82.39096641540527
61.68838310241699	72.34175872802734
58.605441093444824	55.65510320663452
73.96269226074219	77.87297868728638
39.308128356933594	37.235557556152344
36.05622100830078	38.567283630371094
59.663818359375	65.3150405883789
56.138248443603516	58.31787109375
50.24483871459961	58.435120582580566
73.36775064468384	74.76872491836548
57.51528215408325	53.92231893539429
49.09696578979492	58.5430908203125
67.01715087890625	64.07731533050537
68.46519470214844	69.07519245147705
61.817816734313965	52.67824172973633
45.720608711242676	51.18796348571777
49.10455322265625	60.551116943359375
51.119680881500244	55.509169578552246
52.22245931625366	59.44229221343994
64.49894714355469	73.70369052886963
67.8865180015564	64.82807350158691
63.556509017944336	60.36403226852417
57.06112051010132	51.56000518798828
61.30481433868408	69.8130874633789
51.173927307128906	54.86545944213867
59.82685661315918	63.554770946502686
51.81318283081055	62.60533142089844
98.51675415039062	98.55311965942383
40.630584716796875	51.70634841918945
54.241299629211426	58.71403694152832
46.79364013671875	58.01593780517578
37.56065511703491	42.99630832672119
71.12581729888916	67.40141868591309
61.73411178588867	64.44281768798828
52.99348449707031	61.562103271484375
42.071733474731445	51.30375862121582
58.00276279449463	56.431671142578125
66.27659034729004	75.23336219787598
51.781015396118164	48.74656677246094
56.529624938964844	58.55061721801758
57.45417547225952	50.87347984313965
39.864349365234375	48.25516986846924
51.23420333862305	57.05620193481445
67.43507194519043	83.45990753173828
38.3295521736145	42.81208801269531
55.33582258224487	61.232425689697266
54.54774570465088	57.331260681152344
36.643271923065186	44.1819224357605
58.89028072357178	63.19706916809082
52.90902328491211	54.36940383911133
38.51209259033203	42.111587047576904
85.4625301361084	79.17569732666016
54.50579643249512	62.66703176498413
51.52507209777832	56.56107187271118
36.940887451171875	49.24763488769531
51.36350870132446	58.874290466308594
58.703250885009766	66.6854190826416
46.4511604309082	49.63983917236328
52.43243360519409	63.80565643310547
54.94988822937012	55.932936668395996
59.881385803222656	65.37503814697266
43.03926467895508	52.73149871826172
54.52057647705078	65.22434997558594
61.27356719970703	64.39217376708984
49.25124549865723	53.49639272689819
84.28690910339355	91.62936687469482
64.3325138092041	79.43205833435059
57.445478439331055	52.64681339263916
87.42698907852173	75.1002368927002
45.28824996948242	56.504364013671875
54.13551330566406	58.794647216796875
68.03770637512207	76.43421792984009
57.26031303405762	66.92695569992065
39.374656200408936	42.924553871154785
56.069056034088135	58.11753845214844
61.33987903594971	75.75395107269287
52.84422540664673	57.9905948638916
43.84113788604736	49.02266025543213
45.61530303955078	46.59005832672119
53.811927795410156	58.88675308227539
63.807087421417236	66.10810947418213
59.86869812011719	62.65861988067627
59.29098892211914	61.36844253540039
51.18072509765625	55.55754804611206
55.04384994506836	53.91957092285156
50.031959533691406	61.109859466552734
74.84135246276855	82.18579959869385
38.81271028518677	49.880826473236084
59.553494453430176	72.52982139587402
63.224828243255615	71.36181497573853
53.69220018386841	58.57130432128906
49.50837707519531	51.99658966064453
45.17736053466797	54.44684028625488
30.505741119384766	36.966609954833984
41.645416259765625	46.7216796875
40.91938018798828	51.63374710083008
36.06088209152222	37.59420156478882
32.13734436035156	38.906785011291504
69.16495370864868	79.93736410140991
61.75410747528076	68.22992134094238
57.10270690917969	64.87750244140625
74.07679557800293	70.32412719726562
69.78015661239624	81.93115711212158
40.952070236206055	48.29202747344971
54.146578311920166	58.007933139801025
53.68533182144165	55.334474086761475
45.64031982421875	51.920429706573486
82.65839862823486	79.52832841873169
43.850135803222656	38.89295959472656
69.68635368347168	78.62619209289551
60.87704658508301	64.16851806640625
51.042553424835205	63.73915243148804
72.67880058288574	79.09513092041016
61.029404640197754	64.36110734939575
59.34478282928467	63.0698823928833
63.321027755737305	63.083505630493164
57.9094033241272	59.987038135528564
53.85582160949707	57.20920515060425
53.46764373779297	48.07252883911133
59.91790246963501	55.87905693054199
44.883787631988525	44.907362937927246
50.406904220581055	55.15408515930176
64.07670593261719	61.187042236328125
40.07096862792969	48.28875732421875
46.53950500488281	50.70268249511719
87.72411346435547	90.824782371521
65.18836212158203	73.62424278259277
49.162466526031494	55.97778367996216
83.58025932312012	71.9186544418335
37.467125415802	36.72275638580322
32.94978618621826	40.49154758453369
41.49034023284912	55.06718873977661
50.34908437728882	55.59657526016235
57.15500831604004	59.92378234863281
55.1297550201416	63.55003309249878
52.21220302581787	63.36111831665039
69.04001045227051	72.64597845077515
54.238380432128906	58.04155349731445
50.306304931640625	59.40749740600586
64.4410457611084	73.82281494140625
61.335566997528076	62.535552978515625
48.489891052246094	60.261924743652344
53.544758319854736	54.68492031097412
59.961191177368164	55.62740135192871
44.59884786605835	45.66775417327881
49.03123474121094	49.0017204284668
51.44352722167969	61.659759521484375
37.95283126831055	46.38821792602539
50.34853935241699	60.11275768280029
47.466068267822266	56.58093452453613
36.63917636871338	42.71753978729248
70.48990726470947	61.9632568359375
60.947279930114746	57.933677673339844
64.80650520324707	76.77741432189941
63.86327505111694	74.95321464538574
75.57269096374512	86.47749423980713
82.86241006851196	88.08725023269653
53.622915744781494	65.64503574371338
53.85061168670654	62.30593013763428
75.30818939208984	80.48126220703125
47.710655212402344	52.86272621154785
56.42230939865112	60.414955615997314
47.08251476287842	51.2926082611084
41.569759368896484	47.64068651199341
52.7056360244751	55.43241024017334
67.11765956878662	60.64677572250366
49.94192600250244	55.68519592285156
58.73353576660156	66.69548797607422
55.133583068847656	63.66413116455078
45.032386779785156	54.4265022277832
51.83559036254883	54.72809600830078
43.10226631164551	53.92424154281616
34.477952003479004	37.53124284744263
43.08669638633728	51.96663808822632
59.196577072143555	59.06248474121094
47.56883478164673	44.51730966567993
85.06854057312012	79.83225965499878
60.677785873413086	71.98869228363037
62.96381616592407	59.99529504776001
42.28601121902466	41.73435306549072
46.79382276535034	48.99501943588257
36.96453094482422	39.84648132324219
57.26964855194092	59.37836837768555
59.35243034362793	71.02795600891113
39.737167835235596	47.58627271652222
57.94822692871094	62.71826171875
35.9004545211792	36.083065032958984
58.67669105529785	73.15365791320801
31.78669548034668	40.05236053466797
34.40143823623657	41.34964466094971
87.17305755615234	79.4919490814209
49.314889907836914	47.3694372177124
67.91840553283691	75.12467384338379
51.74252700805664	54.32441329956055
63.23284149169922	68.73906135559082
24.88009214401245	32.45208787918091
47.1442985534668	53.23826599121094
52.524885177612305	53.699960708618164
57.97768592834473	69.17787075042725
70.89991092681885	62.82719802856445
48.097267150878906	59.957828521728516
60.49099922180176	57.35150909423828
71.60952281951904	68.81737518310547
50.837032318115234	63.41043472290039
50.91928958892822	62.15680122375488
59.34720039367676	65.71255445480347
63.462514877319336	60.71234178543091
45.44853591918945	53.36540222167969
34.319687366485596	40.13789463043213
41.26142168045044	47.58210372924805
49.958210945129395	44.42478847503662
90.81621074676514	92.82979488372803
