56.54051971435547	51.032002449035645
45.97185230255127	44.826430320739746
55.70706272125244	49.44965648651123
66.47611141204834	67.19534397125244
52.107821464538574	51.1457200050354
45.92828035354614	43.42442750930786
45.54750108718872	42.00637149810791
47.313236236572266	48.460609436035156
63.468177795410156	53.16355514526367
97.70307064056396	89.13745403289795
58.603111267089844	55.03117370605469
67.41658973693848	65.97824764251709
65.12689781188965	44.535325050354004
62.46842050552368	53.56580400466919
41.894675731658936	41.2663779258728
70.42799377441406	58.982872009277344
38.92332458496094	44.04132556915283
49.13437843322754	46.73435068130493
46.78910160064697	42.680673122406006
60.691986083984375	57.05465316772461
93.66931343078613	66.48217678070068
63.57960891723633	51.500389099121094
45.28774547576904	45.36347150802612
57.0994873046875	50.54738235473633
42.36280059814453	32.150633811950684
53.96656894683838	50.0201940536499
41.85753679275513	41.04072904586792
55.26873207092285	41.63224124908447
63.98307800292969	62.37654209136963
54.072638511657715	48.51631164550781
48.40745973587036	47.12386226654053
41.97935199737549	43.54599666595459
52.6699538230896	47.31720447540283
79.24266815185547	60.50178527832031
41.347100257873535	39.884161949157715
51.11418056488037	48.095022678375244
44.443517208099365	42.76963710784912
75.00030517578125	64.63189601898193
54.055312633514404	47.55770397186279
41.070436000823975	38.137054443359375
45.23166608810425	41.16557836532593
91.89292430877686	92.40767240524292
40.84390640258789	40.09683322906494
44.46742916107178	38.70471668243408
49.16847515106201	39.63569688796997
56.92128610610962	54.02432870864868
41.296162128448486	39.98317813873291
50.46128511428833	42.75711011886597
50.37422037124634	49.235068798065186
50.470520973205566	44.59989261627197
54.52409505844116	44.023377418518066
58.759273052215576	48.73858308792114
35.231268882751465	35.36884689331055
54.63975143432617	51.9208869934082
46.16825866699219	41.279099464416504
44.9860782623291	43.19614362716675
40.308837890625	41.39253902435303
41.72954988479614	33.05107021331787
62.67150068283081	60.444154262542725
45.38163471221924	40.13737392425537
67.55998992919922	51.61443328857422
49.2139949798584	47.61215686798096
48.622384548187256	48.907761573791504
65.6355299949646	67.66900062561035
54.465919494628906	47.58115243911743
74.89027500152588	70.32153129577637
47.24764347076416	46.658684730529785
74.36083316802979	75.89820861816406
70.7591028213501	53.303125858306885
55.818071365356445	39.09012508392334
39.47198820114136	39.588072299957275
55.223609924316406	46.482261657714844
60.206642150878906	57.316688537597656
49.061845779418945	45.40586471557617
42.460716247558594	39.04163360595703
38.92503261566162	39.560837745666504
57.1048469543457	56.627197265625
55.523597717285156	52.8900260925293
50.280776023864746	46.766112327575684
45.9958758354187	46.54678297042847
38.20389461517334	37.548912048339844
67.26359367370605	60.102834701538086
43.20121479034424	40.454243659973145
62.690093994140625	56.097557067871094
47.40975999832153	44.293540477752686
41.81870746612549	41.4335618019104
39.236632347106934	36.98249816894531
52.12073516845703	49.326446533203125
83.14803886413574	81.60258293151855
68.95823001861572	63.29853534698486
40.25600051879883	40.972168922424316
35.56200313568115	39.62024402618408
55.24927520751953	47.89684295654297
67.08811950683594	57.30662155151367
65.59805011749268	43.9608793258667
37.03341293334961	35.795531272888184
71.80652046203613	55.423386096954346
69.94053649902344	59.22051239013672
52.16039276123047	46.31935119628906
49.70842742919922	45.05424880981445
69.92683601379395	58.65969228744507
40.83805704116821	32.7030565738678
41.43601846694946	42.43485641479492
57.802024841308594	47.443660736083984
47.10270595550537	42.090834617614746
47.671600341796875	48.87575340270996
39.98251247406006	39.51339340209961
45.558966636657715	45.61043643951416
47.68619441986084	46.20497131347656
80.82963562011719	63.76976013183594
76.10135650634766	75.59045219421387
64.13995265960693	56.571030616760254
41.746012687683105	41.84146785736084
48.174477100372314	39.20017623901367
43.67982482910156	38.017048358917236
71.0035228729248	60.834150314331055
50.76608180999756	50.039613246917725
43.09154033660889	43.962618827819824
65.28610897064209	56.9134840965271
68.57438659667969	64.34464263916016
92.35310363769531	72.43225193023682
53.4665207862854	45.771605014801025
55.090797424316406	53.786373138427734
60.09120845794678	50.712035179138184
52.65695571899414	51.42488193511963
44.40009164810181	40.486727714538574
62.14592170715332	53.84269094467163
54.856749534606934	48.68625783920288
51.39726161956787	53.29326581954956
55.67458248138428	55.63959360122681
110.18880844116211	93.55119895935059
67.7172441482544	53.104599952697754
47.4092493057251	42.939223766326904
49.78360605239868	45.21995687484741
49.09038591384888	48.465248107910156
66.64889430999756	58.3824462890625
59.705992698669434	56.01445960998535
60.31436204910278	53.231308937072754
37.065571308135986	37.30039310455322
57.43987274169922	46.906227111816406
49.545379638671875	49.340508460998535
67.89669990539551	61.86532020568848
66.09402275085449	47.337398529052734
54.99016571044922	52.778099060058594
47.167691707611084	43.15931558609009
69.69597816467285	58.81898546218872
42.49635648727417	35.554301738739014
47.105196952819824	42.64058542251587
65.57063341140747	64.84757852554321
41.608428955078125	39.88772678375244
47.21733903884888	46.14908695220947
34.43868541717529	35.344940185546875
39.575843811035156	34.44011688232422
41.8123197555542	39.36785888671875
59.34874105453491	60.24313545227051
59.22831630706787	58.03108549118042
45.740559577941895	42.86654186248779
54.330328941345215	47.04164743423462
33.97115707397461	29.16279888153076
42.741230964660645	36.324039459228516
56.15151357650757	56.4864764213562
42.366740703582764	41.399779319763184
45.47974252700806	42.143548011779785
110.39523839950562	100.03482341766357
72.12155055999756	49.67436456680298
40.69197177886963	38.396836280822754
39.38756561279297	36.946014404296875
79.34556674957275	70.17820596694946
54.39757537841797	49.559635162353516
45.7672233581543	44.85764694213867
46.561912536621094	35.362664222717285
47.4361891746521	49.27725601196289
35.80635738372803	37.596619606018066
56.748085021972656	57.49870681762695
61.5762996673584	56.1331844329834
51.63279056549072	48.233036518096924
53.682701110839844	49.26978302001953
48.296756744384766	43.56405258178711
57.79336738586426	59.107203006744385
57.179805755615234	46.94033432006836
51.545525550842285	52.38663959503174
41.87826490402222	38.10727405548096
72.1436448097229	71.97691535949707
63.25368118286133	45.7102632522583
56.9611701965332	52.183929443359375
58.673601150512695	56.62120056152344
86.11374855041504	62.667155265808105
42.848143577575684	41.29989719390869
51.209449768066406	44.0329704284668
48.169647216796875	40.44677019119263
55.867876052856445	40.35237121582031
56.75256061553955	54.20111036300659
71.80142116546631	70.93191766738892
43.433189392089844	38.9562463760376
37.43598175048828	39.464003562927246
33.85227584838867	36.79333019256592
43.864474296569824	43.98717212677002
39.87402820587158	42.01769256591797
56.85363006591797	43.43418216705322
64.93963623046875	59.718782901763916
71.4061107635498	69.18776512145996
55.57004499435425	56.06848096847534
53.97046422958374	49.76332187652588
57.18013000488281	58.23902893066406
49.24901819229126	48.10605812072754
48.74611568450928	42.66020202636719
58.14337921142578	52.478981018066406
41.86471080780029	45.63113021850586
46.22732162475586	41.07784366607666
42.42578887939453	43.47924041748047
82.67844200134277	78.6457347869873
53.83717346191406	55.58960723876953
48.433204650878906	40.23760986328125
41.05069828033447	40.0233793258667
45.72191762924194	46.13820552825928
59.13929748535156	54.484596252441406
57.4467887878418	56.851959228515625
77.18539237976074	71.18249416351318
57.89593505859375	54.14964294433594
42.067437171936035	40.751243591308594
43.262672424316406	40.65883779525757
77.23985290527344	60.67035913467407
56.31586837768555	50.58007049560547
40.22282409667969	36.78197193145752
71.78159236907959	60.462355613708496
46.221336364746094	46.84825134277344
79.41636562347412	69.86958980560303
49.466060638427734	43.36759567260742
39.641075134277344	39.65913105010986
48.809494972229004	43.70184803009033
62.44569396972656	59.64649200439453
62.59065818786621	50.92288112640381
49.47872257232666	45.337522983551025
50.372788429260254	50.54309940338135
86.00451850891113	80.52148246765137
38.87538814544678	39.61186122894287
47.28046464920044	40.34553623199463
52.92945098876953	46.3830451965332
54.420719146728516	50.23417663574219
38.982550621032715	37.65615463256836
52.147621154785156	50.21311950683594
58.08676719665527	55.80064296722412
54.793067932128906	51.82740783691406
58.839677810668945	49.092795848846436
65.48937797546387	58.941588401794434
45.46597719192505	46.81692600250244
50.56525278091431	37.31561040878296
63.92674255371094	56.12207794189453
52.91678524017334	49.19682025909424
44.83164882659912	39.82200336456299
44.43527269363403	37.04076099395752
49.55693435668945	35.38559818267822
71.24465942382812	60.633506774902344
64.90384674072266	62.935752868652344
66.20950126647949	54.66827344894409
46.06547689437866	39.84109878540039
49.925575256347656	45.789148807525635
45.47492694854736	45.503265380859375
57.92444324493408	50.936659812927246
49.21162700653076	45.66666269302368
43.029433250427246	35.61990451812744
61.27154350280762	54.59238529205322
53.459510803222656	52.829368591308594
82.48417520523071	64.96312189102173
55.89229726791382	45.56398344039917
116.07759666442871	100.01948547363281
58.666717529296875	55.57718276977539
49.114778995513916	42.26795673370361
56.57754325866699	50.31952619552612
42.47504711151123	38.174620628356934
86.96314811706543	73.48074293136597
47.24919128417969	49.01616287231445
75.23668766021729	64.31920051574707
49.20148324966431	45.02932834625244
61.185184478759766	55.64682388305664
46.26813840866089	41.58003377914429
39.44052028656006	40.43814182281494
46.44367980957031	35.74076461791992
62.96215534210205	63.5449857711792
60.903944969177246	55.81803798675537
68.04160451889038	63.562002182006836
61.966705322265625	60.457448959350586
38.3402681350708	35.92671203613281
45.36155319213867	42.429551124572754
40.56596517562866	36.98232173919678
50.51779842376709	47.213420391082764
59.82748317718506	56.80410146713257
43.12641906738281	39.603535652160645
70.62834167480469	53.92707443237305
56.64125061035156	58.987632751464844
57.807618141174316	52.704243659973145
40.74060916900635	39.33808994293213
42.87966442108154	43.2061071395874
61.9693021774292	48.490909576416016
46.71717166900635	42.01677703857422
42.1424674987793	40.90476894378662
59.924713134765625	52.258331298828125
37.29543399810791	35.592421531677246
59.58100891113281	53.48253631591797
94.7155590057373	89.78372383117676
48.60091543197632	50.219637393951416
47.474364280700684	40.16897678375244
56.2408447265625	53.60759735107422
46.006699562072754	42.477447509765625
49.42326068878174	40.97052717208862
57.19556665420532	56.73148441314697
56.1735954284668	55.85765838623047
53.96863555908203	51.118560791015625
64.43684434890747	62.8841757774353
47.097418785095215	41.988890647888184
36.60048580169678	36.357665061950684
50.049415588378906	47.03105926513672
53.282108306884766	54.12461853027344
60.177703857421875	51.90634536743164
59.69689750671387	54.49664497375488
37.12532901763916	36.19284152984619
43.20338535308838	36.49198007583618
51.66576385498047	50.84349060058594
43.25695466995239	42.19117593765259
51.28811311721802	48.88936996459961
48.642014503479004	40.164687633514404
75.12702655792236	58.8576865196228
55.81690168380737	53.312355041503906
42.195167541503906	35.77416229248047
55.02777099609375	38.51347732543945
85.74666023254395	81.05955505371094
61.910587310791016	45.565528869628906
52.26007795333862	49.854602336883545
59.829697608947754	52.647093772888184
49.09329557418823	42.761552810668945
44.60619783401489	47.07479238510132
56.54688835144043	45.66407632827759
48.74308204650879	44.98322582244873
56.73623180389404	40.04930114746094
55.589317321777344	56.07989501953125
37.218438148498535	34.70394802093506
41.085665702819824	39.07408046722412
53.114012718200684	49.839168548583984
107.0807991027832	90.40145874023438
51.09003496170044	36.16309118270874
61.98412322998047	53.52867889404297
62.33469009399414	54.50143766403198
51.40093946456909	51.30428171157837
61.848212242126465	54.95963430404663
48.672982692718506	40.08238220214844
50.152442932128906	51.05909585952759
49.78569173812866	47.79246711730957
58.9841365814209	54.473854064941406
34.04770517349243	35.659027099609375
49.61900281906128	48.794087409973145
42.84520626068115	41.03881072998047
63.85867166519165	61.013341426849365
46.643393993377686	48.40052366256714
68.9586181640625	57.642234802246094
57.93935012817383	52.379024505615234
46.74419975280762	44.609384536743164
68.17462062835693	64.52773475646973
88.41186618804932	72.08362483978271
56.7633056640625	54.69383239746094
67.35110521316528	64.98788595199585
55.65326690673828	52.595733642578125
75.9082555770874	72.43802547454834
56.6889009475708	37.58622074127197
41.28098773956299	42.59615421295166
76.13212585449219	70.43504238128662
46.679129123687744	39.103331565856934
65.06494998931885	58.347768783569336
72.94321918487549	67.11695909500122
70.68238258361816	65.60702323913574
62.211578369140625	65.88633728027344
50.111854553222656	52.07771062850952
93.89741897583008	91.40153884887695
50.76449632644653	48.079071044921875
64.19188022613525	59.011969566345215
49.15098476409912	37.269654750823975
58.60308599472046	59.92887544631958
72.35553741455078	56.176597595214844
52.23503398895264	43.14706563949585
68.96725416183472	62.12146711349487
45.38729953765869	46.20831298828125
59.74977493286133	51.58045291900635
49.96936225891113	46.08104610443115
48.17910575866699	48.60439682006836
53.857784271240234	50.511417388916016
46.72780513763428	46.32250213623047
67.7469482421875	64.0980453491211
40.72312831878662	34.159987449645996
49.361045837402344	43.588168144226074
54.7013053894043	49.651426792144775
47.00507116317749	43.81557559967041
70.58348035812378	49.061662673950195
46.974117279052734	43.83146286010742
63.537909507751465	60.7521071434021
43.67207336425781	42.649563789367676
44.8162727355957	44.56753873825073
77.03932189941406	53.269161224365234
76.9894552230835	68.95451545715332
58.01711559295654	46.49025630950928
39.61431884765625	38.91309356689453
88.31881427764893	88.95061016082764
48.22435474395752	46.139957904815674
64.54965162277222	64.49024391174316
47.411996364593506	44.54272508621216
50.44326066970825	49.74831819534302
58.82211399078369	56.41573905944824
39.82844924926758	37.72361755371094
49.76580047607422	45.900970458984375
41.84803056716919	41.63779544830322
78.9118480682373	74.71841239929199
73.01988315582275	64.95529079437256
49.209060192108154	35.2893590927124
65.06345272064209	61.34402275085449
45.27759552001953	43.94558334350586
72.50121307373047	52.70465850830078
39.223265647888184	36.385013580322266
63.05422782897949	62.02849531173706
84.06646728515625	87.68865203857422
43.461989402770996	44.018614292144775
66.69302320480347	55.743896484375
41.829468727111816	37.60345458984375
64.28336906433105	56.33353137969971
64.80812072753906	61.12660837173462
73.20587921142578	54.755836486816406
37.841930866241455	38.31746578216553
48.31839179992676	41.79716491699219
40.374186515808105	37.066795349121094
38.39940690994263	37.717148303985596
47.54082441329956	41.27790069580078
65.82144165039062	57.723209381103516
56.22244834899902	44.377384185791016
66.68389320373535	63.496713638305664
36.060872077941895	33.82951259613037
40.998398780822754	36.35862636566162
40.903029441833496	39.911373138427734
63.897093772888184	60.785117626190186
38.43889617919922	39.47335910797119
60.03272533416748	56.02841854095459
60.094276428222656	60.10974884033203
60.20153045654297	50.81214141845703
55.53604078292847	41.095513343811035
48.186683654785156	44.404183864593506
57.78427982330322	52.362937450408936
58.16876983642578	55.33739471435547
57.35754203796387	57.05983829498291
60.23458242416382	60.256606578826904
47.81421518325806	43.63118886947632
39.63438892364502	40.695502281188965
82.83899307250977	79.59640502929688
53.78478240966797	48.189534187316895
52.24103546142578	46.990578174591064
46.22172260284424	38.65799331665039
54.52245330810547	51.559932708740234
40.34687519073486	39.86891269683838
60.83961486816406	61.737361907958984
58.036489486694336	51.20123863220215
49.98544979095459	38.498311042785645
55.1055965423584	42.986815452575684
46.53165578842163	42.33243417739868
39.548158168792725	38.56439733505249
44.06483173370361	35.45915937423706
43.004496574401855	44.713783264160156
57.987088680267334	44.00444555282593
66.49604797363281	66.19259643554688
58.924452781677246	44.39044189453125
50.059226989746094	47.575042724609375
72.98278903961182	71.31212711334229
47.231201171875	45.06078767776489
62.38364553451538	54.80063724517822
59.758155822753906	48.80476379394531
41.84297561645508	40.936248779296875
52.8441801071167	47.09224605560303
45.149803161621094	44.05954456329346
68.61200094223022	53.414424419403076
57.96684980392456	47.55451011657715
67.27639818191528	52.23632526397705
81.66963958740234	59.20284652709961
41.572792053222656	37.745381355285645
45.44107675552368	42.08032560348511
56.32350540161133	49.725860595703125
50.04084062576294	46.3521466255188
52.04351091384888	55.07182788848877
80.86271095275879	74.75229835510254
44.303250312805176	41.04876661300659
45.678260803222656	44.14387512207031
34.36322641372681	39.899417877197266
54.126155376434326	49.690125942230225
78.01458072662354	72.202401638031
62.884403228759766	40.344908714294434
60.98599147796631	63.52194929122925
39.852301597595215	39.942352294921875
33.11873531341553	30.77237606048584
58.976317405700684	58.2496018409729
55.9757924079895	55.55212354660034
66.8766918182373	40.28415012359619
57.90147304534912	50.876173973083496
44.789443016052246	43.87481927871704
52.560622215270996	51.55047559738159
66.31195068359375	50.148834228515625
40.05123424530029	35.762274742126465
42.15537405014038	38.99635982513428
70.85928916931152	68.25375556945801
54.3782172203064	45.25561237335205
43.667030811309814	40.3702597618103
39.629685401916504	42.050774574279785
54.86460018157959	45.39555501937866
78.53398132324219	62.514827728271484
53.84662055969238	54.66028690338135
45.717169761657715	32.91482162475586
63.49953651428223	62.65334129333496
42.12213897705078	39.395554542541504
56.16995811462402	47.9903507232666
70.56767272949219	62.09544372558594
40.48221302032471	35.687928199768066
60.372840881347656	52.874671936035156
42.04657316207886	43.82453441619873
40.15436553955078	40.91465663909912
64.27958106994629	43.19100093841553
33.835050106048584	35.099605083465576
55.24641466140747	51.84207773208618
40.378504276275635	35.79940414428711
53.878583908081055	52.29369878768921
57.738304138183594	49.652435302734375
42.1131067276001	39.342589378356934
42.5458402633667	39.992743492126465
44.75331735610962	42.468151569366455
42.69836711883545	36.767991065979004
51.3780517578125	50.362998962402344
45.85654306411743	38.85103368759155
54.90601348876953	52.60716247558594
42.18460178375244	43.63321781158447
43.10242176055908	39.351080894470215
80.34962701797485	79.75612115859985
90.77354049682617	67.64065408706665
33.099616050720215	38.78584432601929
67.57148742675781	62.49674987792969
60.04907989501953	53.56150817871094
40.84268045425415	34.36569309234619
49.4857234954834	44.10989856719971
62.56794738769531	61.5261344909668
38.977654457092285	38.63902187347412
42.88549089431763	44.893731117248535
46.7418212890625	48.88031005859375
37.89905834197998	37.94767093658447
81.2713851928711	75.18482208251953
52.4995493888855	49.56899166107178
50.30869150161743	45.58808946609497
61.4228515625	48.519378662109375
55.042104721069336	44.95334243774414
61.392578125	56.372154235839844
36.05323505401611	37.38933563232422
45.15590572357178	39.17399311065674
44.32696533203125	47.731239318847656
72.18000984191895	63.6693754196167
53.82106018066406	43.72974443435669
42.58584451675415	44.534637451171875
48.4456844329834	44.79007816314697
54.37593078613281	46.864306926727295
41.05133056640625	38.14431667327881
40.547873973846436	42.66783905029297
41.994964599609375	42.2127685546875
58.42151737213135	43.59687900543213
60.93925094604492	37.84207248687744
63.19285583496094	64.58728790283203
59.79256296157837	55.10794544219971
50.8739013671875	34.5345253944397
68.150390625	61.39339542388916
39.365784645080566	41.6991662979126
60.344970703125	56.179893493652344
72.04052925109863	71.08659887313843
67.39954376220703	56.10382604598999
46.05602741241455	37.10421371459961
55.45984745025635	51.74638271331787
55.53696870803833	51.47401523590088
51.78676986694336	52.110843658447266
48.41783809661865	46.443586349487305
42.67189025878906	41.864044189453125
37.559120178222656	38.833168029785156
63.61705017089844	49.522034645080566
70.8160629272461	69.54444694519043
55.45439672470093	48.01084518432617
52.86829996109009	50.77476930618286
52.598430156707764	45.31623411178589
53.40516662597656	52.93939208984375
48.37323188781738	45.339683532714844
55.195363998413086	51.72341823577881
62.580214977264404	54.78954362869263
43.96495056152344	41.48502445220947
43.13890790939331	36.35629940032959
51.43306350708008	50.485557556152344
45.92228698730469	47.8875846862793
67.75683546066284	65.06369161605835
43.494900703430176	40.351277351379395
76.48571968078613	66.51813507080078
73.02409362792969	53.26695251464844
43.73832607269287	43.64523410797119
41.25211715698242	43.051955223083496
50.978373527526855	47.435372829437256
41.734886169433594	39.673152923583984
55.567970275878906	52.7586669921875
44.234864234924316	40.56348180770874
48.30038785934448	41.644925117492676
73.59863090515137	55.72728681564331
66.75888633728027	62.20496320724487
37.549476623535156	36.42048645019531
79.81773138046265	71.71905565261841
58.793684005737305	42.655975341796875
52.90547323226929	52.57767200469971
34.05060911178589	31.268012046813965
39.74074459075928	36.77806377410889
65.46109771728516	62.60462951660156
66.3200511932373	59.09739446640015
41.741583824157715	40.57328224182129
50.62993383407593	42.84481906890869
69.95774745941162	61.84348106384277
57.10066604614258	48.70792007446289
42.85887813568115	42.2218542098999
60.94025421142578	56.93732833862305
47.53864145278931	42.978063106536865
39.33219861984253	35.84592390060425
66.64166450500488	60.64847946166992
37.08881378173828	38.2598876953125
42.64877986907959	40.356797218322754
70.67872667312622	65.81722927093506
58.349985122680664	51.492568016052246
53.19620752334595	52.10762119293213
54.08153486251831	46.39953804016113
47.01423740386963	47.837162017822266
53.27886629104614	52.333250522613525
55.703163146972656	52.33772277832031
46.43027400970459	46.86323833465576
48.297157287597656	50.796268463134766
59.38304901123047	54.89300537109375
53.96483612060547	46.888221740722656
52.8823618888855	51.17097759246826
49.55961894989014	46.18420124053955
67.82617950439453	59.566070556640625
46.704620361328125	39.57414722442627
59.946465492248535	60.02542018890381
67.55269622802734	56.91566848754883
62.89964246749878	62.69574737548828
52.064918518066406	50.84807586669922
39.878597259521484	41.16697025299072
60.036231994628906	39.62741947174072
92.5712776184082	73.85214805603027
38.54175567626953	38.38330936431885
45.47299337387085	44.72559309005737
42.60304355621338	39.48914337158203
37.40511703491211	37.78403377532959
63.080002784729004	59.15789222717285
53.54042053222656	56.083133697509766
66.50302124023438	57.54731750488281
45.34226942062378	39.47330331802368
57.993621826171875	51.4624137878418
51.87261915206909	50.07352590560913
57.15366840362549	56.03738880157471
45.78304052352905	45.417912006378174
40.151676177978516	39.3609094619751
56.72045707702637	48.139249324798584
53.74148941040039	46.23345184326172
45.91957902908325	36.82450771331787
49.06482696533203	52.91910934448242
44.05791091918945	45.49951171875
69.82790470123291	62.438039779663086
53.32183027267456	53.386563777923584
56.83767318725586	56.882713317871094
44.055115699768066	35.1090624332428
47.092872619628906	48.699445724487305
51.07845211029053	50.98062229156494
40.08060836791992	40.493760108947754
49.58393096923828	52.88938522338867
42.698973655700684	35.03020477294922
54.308372497558594	43.324830055236816
60.35670614242554	56.134323596954346
41.40521001815796	37.87784957885742
52.647216796875	47.64608383178711
57.440184116363525	57.832889556884766
56.90064811706543	52.007813930511475
66.71884202957153	60.035240650177
60.53719711303711	55.024688720703125
46.620572090148926	46.667052268981934
67.9659948348999	47.295645236968994
94.3395824432373	80.54267692565918
34.9884877204895	33.112877368927
60.75706481933594	55.35189151763916
35.57841396331787	37.97684383392334
55.333723068237305	41.81587028503418
36.51997089385986	37.34373378753662
46.442808628082275	41.83136796951294
86.17402839660645	84.6749038696289
52.17373466491699	41.80176258087158
61.709489822387695	54.79590368270874
71.40253257751465	65.75205373764038
49.43555402755737	47.39298391342163
45.426183223724365	48.43181610107422
56.74435901641846	60.2874755859375
52.52350616455078	48.42764663696289
40.89361619949341	37.41615009307861
48.36315298080444	41.463075160980225
48.11107110977173	42.330237865448
60.651434898376465	44.33907222747803
96.10412883758545	78.93141269683838
51.82626914978027	52.7074499130249
49.18795156478882	45.01863718032837
54.53483963012695	51.43341827392578
60.80223560333252	58.10168266296387
47.726861000061035	46.75326633453369
71.29055786132812	69.92285013198853
85.14012861251831	82.0554370880127
38.66600179672241	36.94502782821655
71.66815280914307	49.461445808410645
47.015875816345215	37.558940410614014
53.399710178375244	44.839394092559814
55.52738952636719	51.35322189331055
70.97047424316406	54.42598342895508
50.49266815185547	49.46907424926758
56.85574722290039	50.40823745727539
49.00053405761719	42.01611328125
44.46242904663086	43.61796569824219
45.576096534729004	44.181471824645996
44.50055694580078	41.846434593200684
41.854485511779785	39.69796371459961
35.189573764801025	35.085973262786865
59.938880920410156	56.123775482177734
47.69614839553833	42.90316820144653
94.36239051818848	85.11469459533691
75.68897247314453	71.1111068725586
45.097140312194824	38.716060638427734
61.31197214126587	56.10281324386597
49.34609270095825	47.886810302734375
68.16300773620605	73.02645778656006
48.011192321777344	47.37516641616821
39.19844055175781	37.47282886505127
65.14770698547363	57.916171073913574
57.12085723876953	53.382568359375
44.24932050704956	34.81439828872681
43.95781850814819	40.64929485321045
49.150757789611816	45.426907539367676
38.56853485107422	42.083038330078125
74.51849174499512	72.87219381332397
44.70556592941284	39.891884326934814
69.92976379394531	55.81263732910156
52.39107131958008	53.19256591796875
55.348824977874756	48.73798227310181
54.15411949157715	54.94990348815918
47.477928161621094	42.85694122314453
43.06095886230469	41.431580543518066
48.41190719604492	48.150094985961914
51.26315975189209	41.88914394378662
39.791770935058594	39.571781158447266
50.012099266052246	47.35696840286255
41.82139444351196	43.66182041168213
48.34542226791382	48.8799204826355
39.62457275390625	34.157100677490234
61.394500732421875	53.99029541015625
44.4034538269043	38.138214111328125
42.10275363922119	41.10768127441406
75.71685934066772	56.65132284164429
63.26754570007324	63.145151138305664
103.29298782348633	96.99449157714844
43.65449047088623	41.27888202667236
47.28976535797119	42.930335998535156
60.250465393066406	53.74883270263672
39.738369941711426	38.83187770843506
47.192368507385254	48.0155348777771
50.23926544189453	51.820037841796875
61.86491918563843	54.29267406463623
45.813294887542725	46.45131015777588
59.4888916015625	44.03770685195923
63.06391906738281	62.77325439453125
47.92487192153931	46.96106481552124
101.81706237792969	93.45452117919922
56.29907989501953	57.48112869262695
59.65174674987793	49.059762954711914
46.18963623046875	43.96985721588135
46.11207675933838	40.600605487823486
41.41062068939209	42.90860891342163
71.42281341552734	69.43927764892578
62.47638988494873	52.01616096496582
46.074081897735596	41.736225605010986
61.3737211227417	42.21301555633545
37.17655563354492	34.14198589324951
53.095876693725586	49.843674659729004
44.66282272338867	43.35105228424072
58.66056442260742	53.275978088378906
49.94070625305176	45.51182985305786
47.23970031738281	45.00689220428467
60.63469696044922	56.848236083984375
46.89905405044556	44.71080303192139
47.01477766036987	36.9688401222229
61.21286344528198	46.34585523605347
47.471413135528564	47.041624546051025
47.243980407714844	47.573909759521484
63.47698402404785	46.99518585205078
43.48056125640869	39.33818006515503
97.21882152557373	77.17717790603638
72.50048732757568	61.68653583526611
44.01735591888428	42.18699932098389
42.77698516845703	40.35065460205078
48.602949142456055	38.761284828186035
57.830177307128906	38.68707275390625
60.638365745544434	60.06278991699219
60.08179521560669	59.4256067276001
61.37003707885742	57.438201904296875
45.59326171875	45.78522491455078
71.71145439147949	62.599425315856934
41.90610980987549	41.84554195404053
79.4782943725586	52.543521881103516
45.227797508239746	44.42472839355469
45.31278991699219	44.18704319000244
120.83231735229492	101.28647232055664
60.61712169647217	50.56732225418091
52.42718458175659	52.033440589904785
45.570762634277344	43.030394077301025
54.97664165496826	48.43110752105713
62.58629608154297	54.40337419509888
45.99551582336426	42.56345987319946
47.865721702575684	47.85250377655029
52.0502233505249	52.77666521072388
63.9223747253418	58.79404067993164
60.61663818359375	55.9739990234375
36.292694091796875	39.37357807159424
45.530882835388184	42.24060916900635
64.87132263183594	49.252384185791016
62.843448638916016	56.97611999511719
56.60702705383301	51.82143211364746
44.51979064941406	40.3788046836853
61.617241859436035	56.046061992645264
53.52558088302612	53.61989212036133
43.009368896484375	36.028587341308594
51.14816331863403	40.10633182525635
45.84294843673706	45.21641540527344
79.0651068687439	72.5701117515564
44.8396577835083	38.80086803436279
68.84597969055176	63.03036689758301
44.16883563995361	46.959205627441406
54.62227821350098	41.07776641845703
64.28410339355469	64.23510789871216
39.67361497879028	36.05881595611572
62.12841796875	52.424861907958984
55.12214660644531	56.023006439208984
61.707462310791016	56.810611724853516
43.89860153198242	39.54959011077881
43.8129358291626	33.129661560058594
45.92665195465088	41.535032749176025
54.078612327575684	52.79355525970459
109.273024559021	104.57011318206787
66.45638465881348	56.21958255767822
51.126837730407715	40.469584465026855
40.83377552032471	40.065911293029785
62.62028503417969	54.611412048339844
38.457149505615234	35.59910202026367
53.728742599487305	52.9611873626709
46.38954448699951	44.292500495910645
43.452162742614746	44.226723194122314
75.90897560119629	70.26908683776855
48.90785503387451	46.52001333236694
50.10700607299805	46.417579650878906
38.69664001464844	38.006378173828125
42.926753520965576	32.90803623199463
69.23291301727295	49.40015268325806
61.51953887939453	54.595916748046875
42.216959953308105	39.66708469390869
55.002479553222656	55.573246002197266
58.51113224029541	55.693631649017334
56.52750015258789	50.547780990600586
55.44221305847168	46.9978723526001
52.73904037475586	48.15331268310547
60.56974411010742	60.34952163696289
64.61796426773071	55.384294509887695
58.362266540527344	55.30561447143555
43.9884467124939	47.75689077377319
44.760704040527344	42.04771327972412
56.56698226928711	57.242271423339844
56.24935817718506	53.84382915496826
37.05355739593506	36.850067138671875
39.48354387283325	39.4671516418457
44.57987880706787	45.51537322998047
60.105674743652344	52.07351303100586
59.01683807373047	55.049659729003906
50.72256851196289	56.442962646484375
52.27676582336426	49.39874267578125
79.2010498046875	58.35442352294922
60.27818298339844	58.351097106933594
58.565162658691406	50.060543060302734
44.5218768119812	34.25554704666138
59.41294860839844	58.32263946533203
49.5552396774292	48.263083934783936
52.747337341308594	51.45759963989258
57.44852828979492	52.91785430908203
42.926536560058594	41.11025619506836
65.0169997215271	61.44562339782715
46.181944847106934	42.29334115982056
44.215331077575684	42.18129587173462
74.53485679626465	50.77457332611084
36.16859722137451	36.56776714324951
61.65411949157715	63.599181175231934
57.28394651412964	56.91330909729004
36.65491771697998	34.84511995315552
42.11265563964844	38.42889404296875
79.73593235015869	75.39378595352173
66.8939208984375	64.88192749023438
43.381836891174316	42.52521228790283
44.00915479660034	41.09674835205078
59.64369821548462	51.32192373275757
48.813201904296875	43.19584655761719
59.26172637939453	50.11906814575195
64.53083038330078	62.49127388000488
66.24789333343506	58.91041660308838
61.89578056335449	56.19039058685303
78.37456798553467	66.68747520446777
46.851593017578125	43.80509805679321
50.987038135528564	38.34702920913696
49.89008903503418	38.53046894073486
41.063767433166504	34.756038665771484
54.27149248123169	49.43272686004639
47.22111415863037	45.25985097885132
74.7989501953125	65.8385238647461
52.683255195617676	47.92354345321655
40.81903839111328	39.62077045440674
44.86547613143921	44.56862020492554
45.983802795410156	44.09938144683838
45.95555782318115	39.419517040252686
61.461647033691406	58.554115295410156
47.75507640838623	41.73970699310303
67.05641174316406	58.614715576171875
52.08351516723633	51.42958164215088
66.43107748031616	51.859957695007324
47.17734146118164	42.316208839416504
62.039628982543945	60.60667419433594
79.48906898498535	70.47838687896729
57.02619171142578	55.07072830200195
44.483574867248535	38.80579137802124
45.143736839294434	36.576945304870605
50.98982858657837	41.115867614746094
56.75643968582153	56.44752216339111
63.62497806549072	58.879804611206055
62.643287658691406	56.91686248779297
45.57668209075928	44.087382316589355
58.99290466308594	55.71529006958008
47.86573839187622	46.07313394546509
38.93422794342041	27.910300254821777
53.1989312171936	51.36862564086914
46.80390930175781	44.39780330657959
78.55825805664062	58.184654235839844
47.72606563568115	40.9806809425354
44.55836486816406	38.10777282714844
50.788297176361084	51.35544490814209
69.23433780670166	58.194047927856445
47.191771030426025	49.325851917266846
61.60890579223633	62.9841947555542
50.9861102104187	42.826934814453125
76.06542778015137	73.00336647033691
59.74653196334839	57.70428943634033
45.308077812194824	43.895750999450684
46.31031894683838	41.38906812667847
45.05859088897705	44.96782207489014
49.89331817626953	46.868062019348145
80.86861944198608	73.2979736328125
60.639548778533936	51.41347074508667
64.64320373535156	58.42262268066406
65.04984283447266	52.67137956619263
75.98176574707031	64.94644165039062
61.53060865402222	60.09677696228027
48.17917013168335	45.99008798599243
62.150888442993164	57.1982479095459
61.15516805648804	59.649723529815674
45.96787643432617	39.82681655883789
42.648512840270996	39.88317251205444
59.0238037109375	53.666778564453125
49.73253679275513	51.77883529663086
48.47712755203247	43.51195049285889
77.41154432296753	67.68895721435547
51.72905778884888	40.2559814453125
73.20851135253906	54.68694305419922
62.130149841308594	59.454566955566406
62.1401309967041	53.90578365325928
51.41386365890503	45.65937948226929
84.58763694763184	59.57176351547241
58.766845703125	50.76042556762695
44.401129722595215	44.980462074279785
38.653358459472656	39.232157707214355
46.21486759185791	41.74263095855713
46.0002965927124	46.199798583984375
82.81741380691528	80.83288383483887
72.71789360046387	76.50718688964844
54.95845031738281	51.96735382080078
44.425960063934326	38.67582178115845
49.3592414855957	44.46845245361328
82.61680126190186	62.17177677154541
79.81739044189453	77.45453453063965
44.3410120010376	45.40693759918213
64.63892936706543	53.7406063079834
45.58833312988281	41.07477521896362
48.85293197631836	51.24004364013672
46.85064697265625	44.5883674621582
51.9466028213501	51.343077659606934
65.02428436279297	48.77606201171875
80.9074592590332	63.0686092376709
38.20443248748779	33.19530916213989
46.95727014541626	39.979926109313965
