67.74667263031006	64.47421073913574
65.22313117980957	65.50417423248291
51.3889102935791	55.475850105285645
36.94705867767334	40.83723449707031
50.19824981689453	54.096256256103516
41.55347442626953	45.069315910339355
99.51727771759033	100.77551078796387
45.386016845703125	49.446231842041016
55.472309589385986	58.40013599395752
44.58451843261719	45.479610443115234
28.3020658493042	30.907530784606934
60.782774448394775	63.97965860366821
51.10831260681152	55.165517807006836
40.63427114486694	45.65799427032471
70.06013250350952	72.07907629013062
61.445136070251465	63.68374824523926
49.25707530975342	51.57330322265625
48.64894485473633	51.25482177734375
51.47343063354492	53.527061462402344
38.1425256729126	42.533331871032715
45.9254937171936	48.13715648651123
31.058661460876465	36.162105560302734
66.02735376358032	68.33166313171387
36.77156066894531	40.93076705932617
41.28579807281494	45.237677574157715
57.36345291137695	59.95270538330078
44.52454376220703	46.83585500717163
79.28252220153809	81.67966842651367
44.784796714782715	47.61288547515869
39.828200340270996	42.93830966949463
46.51939916610718	47.71071147918701
51.937270164489746	55.12272357940674
37.21785116195679	42.12623453140259
36.2335319519043	41.21904754638672
47.19396114349365	51.24377250671387
62.85548686981201	62.891645431518555
39.44003677368164	44.22305774688721
39.31452465057373	43.52334928512573
55.35925340652466	60.06838417053223
68.4759955406189	70.34905958175659
43.99137735366821	48.201043128967285
65.41903495788574	67.27602958679199
50.070064544677734	51.69789218902588
43.99244546890259	46.245591163635254
52.363311767578125	57.57340621948242
61.96931505203247	63.155349254608154
50.913917541503906	53.082244873046875
55.55136823654175	59.3333044052124
58.0281982421875	62.23805618286133
57.42035675048828	59.50845718383789
80.42080450057983	82.20581722259521
38.3426399230957	42.94416332244873
58.183992862701416	59.43256330490112
47.76731491088867	49.306663513183594
46.13017797470093	48.81925821304321
53.31805419921875	57.30070877075195
49.47567367553711	53.860694885253906
54.284568786621094	57.74016571044922
78.58700752258301	80.94195365905762
49.12504005432129	47.91068172454834
39.850833892822266	42.98875427246094
43.24369668960571	46.45885372161865
54.103538513183594	57.10362243652344
80.2470874786377	82.5132942199707
66.04019927978516	67.59780883789062
50.09254455566406	53.41960906982422
40.32029867172241	44.03433895111084
54.27031087875366	57.39019203186035
45.089009284973145	50.81821632385254
38.59707498550415	43.191726207733154
33.524779319763184	34.174296855926514
59.41221618652344	60.43099594116211
52.75588607788086	54.600341796875
47.23049020767212	52.067440032958984
59.84479093551636	63.73321294784546
35.759483337402344	40.42716979980469
42.99388885498047	45.24986267089844
38.714805603027344	43.78577423095703
60.08551597595215	62.15167951583862
40.783172607421875	45.88764572143555
44.350399017333984	49.03742980957031
43.92073440551758	47.65583801269531
41.830410957336426	43.77575874328613
51.76317071914673	56.34657669067383
50.031829833984375	54.41703414916992
46.216187953948975	50.588584423065186
43.3655948638916	50.07644748687744
56.07865905761719	59.76497268676758
59.16163635253906	61.20070266723633
51.883957862854004	54.912278175354004
62.26544189453125	64.45343780517578
51.37572479248047	57.513404846191406
35.31786060333252	39.09638500213623
50.80254077911377	57.084115505218506
39.044898986816406	42.31918954849243
55.936065673828125	59.27247190475464
38.10258102416992	41.052428245544434
46.432228088378906	47.56169509887695
73.63813018798828	75.94091033935547
52.89909744262695	56.34592819213867
42.853397369384766	46.4768648147583
58.624900817871094	61.28806114196777
52.469818115234375	53.80973815917969
58.21391773223877	61.883334159851074
45.65818119049072	47.062472343444824
53.24260854721069	58.203128814697266
63.031371116638184	64.23350715637207
45.91567325592041	51.1212158203125
61.44782066345215	66.2553563117981
52.897348403930664	55.592923164367676
49.738037109375	51.974220275878906
34.01246404647827	37.613587856292725
47.9146614074707	53.681596755981445
69.75482845306396	72.78655958175659
49.82330322265625	54.27305221557617
77.12239265441895	79.00491142272949
47.20216751098633	50.161224365234375
43.31802415847778	44.5408091545105
63.93343925476074	66.04330539703369
56.86774826049805	58.87152099609375
31.67229700088501	34.97964906692505
66.10361576080322	68.61105442047119
53.00978183746338	56.73069953918457
52.073615074157715	54.513991355895996
45.423160552978516	48.62081527709961
53.80566215515137	54.37314462661743
50.322078704833984	52.13483428955078
42.606788635253906	45.820773124694824
41.28276062011719	44.258456230163574
51.40037536621094	54.65159606933594
42.17156982421875	47.171607971191406
42.95273494720459	44.91387462615967
40.20956039428711	42.44334125518799
58.330188274383545	63.001115798950195
52.30127716064453	54.77910232543945
45.11793518066406	49.735496520996094
65.19268226623535	64.25292778015137
49.972801208496094	52.24594688415527
53.86218595504761	57.254210472106934
60.84111213684082	64.29508209228516
64.16822910308838	68.59544277191162
40.62645721435547	41.93581771850586
59.66039419174194	63.30461311340332
43.311989307403564	46.09577035903931
43.996707916259766	49.343040466308594
44.869354248046875	49.007568359375
55.01931667327881	54.87631416320801
41.87098836898804	43.81473445892334
52.885419845581055	55.65586709976196
46.922611236572266	49.72756576538086
54.544734954833984	53.054786682128906
40.539764404296875	45.589202880859375
49.048439025878906	52.2431526184082
42.58452224731445	46.6926155090332
73.64109134674072	76.24540901184082
38.46088409423828	43.108863830566406
59.18071746826172	62.538700103759766
53.920616149902344	57.88587951660156
43.209557056427	46.891079902648926
44.890960693359375	47.34901714324951
47.26735782623291	49.832387924194336
41.67942810058594	45.25716304779053
51.104148864746094	52.72544860839844
66.00947570800781	66.69268798828125
48.43605852127075	51.35303449630737
39.713008403778076	44.488017559051514
44.192840576171875	45.382652282714844
69.2154598236084	71.13906860351562
60.86452865600586	62.71874237060547
47.85407257080078	49.96096658706665
54.531070709228516	57.44601058959961
36.313570976257324	38.669952392578125
45.21629858016968	46.682780742645264
50.91389465332031	54.98256301879883
41.116718769073486	44.92599821090698
65.15448760986328	66.02201271057129
64.1731948852539	64.33483123779297
62.06387710571289	63.22346496582031
52.874183654785156	54.639034271240234
43.96985149383545	47.58291482925415
40.03968811035156	42.10906982421875
84.58648681640625	86.19835758209229
38.459248065948486	41.45358896255493
53.018882751464844	55.561988830566406
62.382652282714844	66.06454229354858
45.1170973777771	48.739116191864014
40.65250110626221	44.9042329788208
56.419517517089844	59.66407012939453
55.461849212646484	57.13824462890625
45.347622871398926	46.51070308685303
55.25761270523071	57.40922498703003
61.664483070373535	63.98073148727417
60.43855905532837	65.52838325500488
47.15087127685547	51.54278755187988
65.30617618560791	67.10931587219238
36.68228530883789	40.95631790161133
69.58155155181885	72.60250091552734
59.37595844268799	61.68435573577881
62.976083755493164	65.41213035583496
38.51726818084717	41.75167751312256
36.36139678955078	40.2242431640625
43.842161655426025	47.93613386154175
53.71898174285889	57.092509746551514
67.78958129882812	69.08799076080322
41.556565284729004	43.762383460998535
38.49476623535156	42.04655313491821
71.7191390991211	72.64667701721191
33.084869384765625	36.58205032348633
42.832268714904785	46.15333271026611
46.18747568130493	47.64322328567505
47.333683490753174	50.840285778045654
47.24346160888672	49.77210998535156
50.67251491546631	54.180739402770996
50.78767490386963	53.878493785858154
49.66297149658203	52.92622756958008
58.578453063964844	60.35822296142578
32.99284791946411	36.578604221343994
54.306947231292725	55.84038019180298
65.73675346374512	65.97286128997803
50.2025671005249	56.084951877593994
40.178643226623535	44.43589687347412
48.06611251831055	51.34575653076172
50.094390869140625	52.1187629699707
45.731483459472656	47.496341705322266
60.36187171936035	64.21803951263428
56.653730392456055	60.14206123352051
39.32714080810547	42.82239246368408
52.19794845581055	55.65558624267578
53.39746856689453	55.82756280899048
37.560401916503906	40.019185066223145
36.92605209350586	41.868629455566406
51.22596216201782	54.933303356170654
55.95992660522461	57.956886291503906
85.85615730285645	88.11846828460693
54.28717660903931	57.76050424575806
53.96727752685547	56.73892593383789
44.66393280029297	46.283616065979004
65.90612125396729	68.52065849304199
36.347771644592285	39.25364685058594
74.78688907623291	78.17088270187378
36.122408866882324	39.098308086395264
34.78450012207031	37.43830490112305
42.42240619659424	45.34817409515381
45.94502353668213	48.49840974807739
63.51679229736328	68.27697134017944
100.6024169921875	101.61502838134766
42.07112789154053	46.68709659576416
46.44959783554077	49.27247619628906
79.76953840255737	82.20581722259521
52.79629898071289	53.20555114746094
39.90370035171509	41.98420190811157
62.48937177658081	66.54986715316772
39.63497829437256	42.80428218841553
64.35316371917725	64.66633415222168
42.306809425354004	49.876094818115234
39.279396057128906	43.71759510040283
39.01358652114868	40.24829435348511
40.300140380859375	44.821006774902344
58.42550754547119	60.18632411956787
39.01422071456909	41.17199373245239
42.86610460281372	46.7049241065979
42.625651836395264	44.66865587234497
39.838836669921875	40.27204513549805
51.56832218170166	54.420724868774414
49.74660873413086	51.27434158325195
41.66851043701172	45.58854675292969
46.520957946777344	48.34543228149414
51.237022399902344	57.15443801879883
60.01239013671875	62.3165168762207
57.118653774261475	59.51288366317749
48.9643669128418	52.877410888671875
38.26124620437622	40.3001914024353
42.62908172607422	49.28935241699219
36.499823570251465	42.90275287628174
35.23212146759033	38.38355207443237
43.276763916015625	47.20009231567383
59.64009761810303	61.80061340332031
53.56724166870117	58.398494720458984
44.22846221923828	44.911625385284424
72.72405862808228	77.1742615699768
44.69732666015625	44.393099784851074
51.991615295410156	53.18902015686035
43.32453966140747	47.79267930984497
38.46796751022339	43.086557388305664
47.160255432128906	49.430755615234375
43.91319799423218	46.69191646575928
40.311524391174316	46.79012203216553
50.26816987991333	55.41290044784546
50.085665702819824	51.91089105606079
36.89715623855591	41.00611877441406
57.169551372528076	61.36161231994629
56.958351135253906	58.31978988647461
54.30720520019531	56.0098671913147
36.67735004425049	37.726375579833984
57.06570816040039	64.3019027709961
53.775930404663086	55.41143846511841
42.57172870635986	44.97230100631714
46.63153123855591	51.541473388671875
58.50599670410156	62.14165496826172
37.176597595214844	43.620635986328125
57.38582754135132	61.21169185638428
52.05313730239868	54.03518533706665
44.74089050292969	47.20603036880493
52.99488830566406	57.2219295501709
38.150235652923584	39.43618631362915
65.39102840423584	68.63909769058228
38.11646318435669	41.570727825164795
38.197181701660156	42.422637939453125
54.257469177246094	57.76523971557617
66.21554374694824	64.82714653015137
36.79957294464111	38.76661777496338
61.23661422729492	63.06155776977539
43.37419509887695	45.86260986328125
47.43178939819336	51.04928207397461
35.34053707122803	39.09639644622803
59.93049144744873	60.68049907684326
39.049782276153564	39.88718795776367
46.11772155761719	48.637962341308594
43.81775188446045	46.66759014129639
58.599589347839355	60.604177951812744
58.144134521484375	61.28969383239746
64.14639329910278	65.65672159194946
41.361351013183594	45.305213928222656
42.10798978805542	44.818265438079834
58.17250728607178	62.90060043334961
44.07020425796509	46.452014446258545
53.17658996582031	52.7495002746582
42.13735294342041	42.82189464569092
42.55815124511719	46.6073112487793
60.63047647476196	62.99049425125122
43.06208038330078	47.162352561950684
43.654903411865234	48.440528869628906
40.928794860839844	44.58758544921875
62.28873825073242	65.42759704589844
54.119733810424805	58.45287895202637
57.1185302734375	61.75808906555176
57.990230083465576	59.96763610839844
65.24622440338135	65.79694271087646
39.74508762359619	43.452332496643066
41.38920593261719	43.76205825805664
54.66638946533203	56.82099914550781
35.15398406982422	39.07229518890381
46.90627098083496	49.92403984069824
45.110262393951416	48.99669313430786
55.63160705566406	59.81868553161621
46.139050006866455	47.268535137176514
40.44115447998047	45.42579174041748
41.482672691345215	44.47324275970459
52.82004404067993	55.44397592544556
45.31549310684204	49.1624436378479
48.46142292022705	49.19908666610718
65.45682668685913	66.98025798797607
63.30998420715332	66.66162014007568
43.05590200424194	46.48578691482544
47.35820245742798	48.70235824584961
54.152015686035156	57.2203254699707
35.73205280303955	39.689666748046875
41.11322021484375	44.58778381347656
54.99036741256714	56.93416690826416
54.05442810058594	56.417022705078125
40.054595947265625	43.62759304046631
53.552120208740234	56.15972900390625
56.191566467285156	58.69850492477417
37.251678466796875	40.357330322265625
36.99913501739502	42.831756591796875
51.324535846710205	53.67655897140503
60.0325026512146	60.334463596343994
43.52106857299805	43.91010761260986
49.91214179992676	51.58462572097778
52.087738037109375	55.08314514160156
67.69029235839844	70.50840759277344
39.33673095703125	41.85053253173828
50.080074310302734	52.38099670410156
45.48243713378906	46.331637382507324
39.1272611618042	43.50183391571045
54.774702072143555	58.461639404296875
55.896087646484375	57.59441375732422
49.46388244628906	53.10989046096802
47.11956310272217	50.170791149139404
43.977598667144775	48.607521057128906
55.141183376312256	57.12409973144531
49.56766128540039	53.92744445800781
41.616676807403564	44.545982837677
47.41268348693848	50.315168380737305
52.35328674316406	53.88096570968628
75.32707214355469	78.24994897842407
62.56557083129883	64.21025085449219
33.0106086730957	37.14981937408447
52.83496856689453	54.395286560058594
40.695547580718994	43.411667823791504
44.62905216217041	46.562347412109375
38.30928039550781	43.33827495574951
57.94881820678711	62.06378173828125
36.170674324035645	37.679110050201416
44.53565979003906	47.54383850097656
38.54189682006836	41.02285814285278
53.95234298706055	56.567543029785156
52.749704360961914	54.337902545928955
66.41310119628906	67.61024475097656
39.835641384124756	42.546881675720215
35.76672983169556	38.00855350494385
37.37648010253906	42.47693634033203
49.31752061843872	51.78242015838623
49.132930755615234	50.87712860107422
60.414353370666504	62.093183517456055
42.3870849609375	44.56785583496094
42.10296964645386	45.58388376235962
39.654362201690674	41.770615577697754
67.66440439224243	69.77369165420532
52.93818426132202	57.37478446960449
55.59309387207031	58.288299560546875
61.02647686004639	60.36771011352539
56.98128890991211	58.35444641113281
49.00966215133667	50.61454153060913
39.1755895614624	44.02739953994751
71.93595886230469	74.14260864257812
91.57359504699707	92.92961931228638
60.91630554199219	63.7123818397522
75.27550506591797	76.85922431945801
62.71923065185547	64.23120975494385
34.775230407714844	38.15578079223633
42.01649856567383	45.57239532470703
44.75109100341797	47.65652847290039
40.26700973510742	42.59791088104248
36.51863765716553	41.23032474517822
54.0679931640625	55.15693664550781
83.15488815307617	84.69686508178711
46.93466901779175	49.13647508621216
60.02390241622925	63.79034614562988
83.63662052154541	86.05261039733887
59.88600254058838	62.05858755111694
40.43830490112305	43.684993743896484
55.82512283325195	57.392784118652344
56.03068828582764	58.61833572387695
43.30329895019531	45.25672149658203
45.742587089538574	48.093252182006836
62.56447792053223	63.37573051452637
45.18786334991455	50.820839405059814
57.999610900878906	61.331191062927246
38.94266366958618	42.60839509963989
52.82657432556152	55.70000982284546
42.767295837402344	46.931297302246094
42.469505310058594	45.50925922393799
41.97489261627197	45.90954875946045
54.025794982910156	57.787864685058594
55.43391418457031	57.66895294189453
47.6140251159668	50.41279983520508
62.549543380737305	66.00604820251465
39.40122890472412	42.064574241638184
40.150054931640625	45.40506362915039
84.33309173583984	87.47628593444824
35.29016876220703	38.922715187072754
52.46708106994629	53.21459770202637
47.17474126815796	49.76265096664429
42.42927932739258	47.347530364990234
62.168643951416016	64.90808057785034
56.92415237426758	59.802236557006836
61.59440994262695	63.31264114379883
64.89070892333984	66.55730438232422
44.75901174545288	45.90376424789429
49.206623554229736	52.084139347076416
51.4244384765625	52.908164978027344
46.61082458496094	50.10314178466797
43.91405725479126	50.109243392944336
59.39704513549805	59.73146057128906
36.387542724609375	42.81644058227539
40.96713590621948	44.73525285720825
53.24208927154541	57.457337379455566
83.38159465789795	85.20305824279785
53.835222244262695	57.66169595718384
57.77078819274902	58.16176509857178
39.355416774749756	42.53242874145508
41.89680004119873	45.633121490478516
47.12339973449707	50.64556932449341
48.189777851104736	48.5010666847229
49.94429016113281	51.85410690307617
49.704018115997314	50.550365924835205
39.99580526351929	42.2324652671814
58.937326431274414	62.15299081802368
40.719635009765625	42.481727600097656
57.832231521606445	61.62732124328613
51.843849182128906	54.85786437988281
53.342978954315186	54.05850648880005
54.12599563598633	56.183067321777344
40.748626708984375	44.58140563964844
40.06600856781006	43.95330047607422
34.30702209472656	40.43623352050781
36.9226713180542	40.38471221923828
34.122973918914795	36.31863498687744
42.995827198028564	49.88327121734619
35.54070329666138	38.12565565109253
45.00393724441528	48.093039989471436
49.047080993652344	51.654518127441406
39.8080472946167	41.703007221221924
45.92910861968994	51.47610569000244
59.61534881591797	61.06110763549805
41.47222089767456	44.938591957092285
46.647215843200684	49.24003553390503
61.57109832763672	60.81055450439453
35.63892459869385	39.58149719238281
39.29243469238281	41.279563903808594
48.10751724243164	51.57501983642578
40.02328586578369	44.11000156402588
57.828460693359375	59.591912269592285
47.2714958190918	49.33616590499878
58.13431406021118	61.00499868392944
39.855430603027344	44.59973907470703
33.498960971832275	38.09972381591797
38.17166805267334	39.67040729522705
46.80552577972412	49.92111396789551
66.16386413574219	66.59803771972656
47.618682861328125	50.644901275634766
64.11953926086426	68.37103366851807
35.54069995880127	37.44806957244873
42.05577230453491	45.523712158203125
44.08084774017334	47.193074226379395
46.55431079864502	49.97189140319824
96.61867904663086	98.8978271484375
39.59478807449341	44.471638679504395
61.42270088195801	65.40356636047363
36.90240478515625	39.39507293701172
43.346659660339355	46.64589738845825
76.00578308105469	79.0863037109375
40.24232625961304	42.48004770278931
47.71525573730469	49.857540130615234
60.71739721298218	63.23972511291504
61.49406433105469	63.11539173126221
44.5387659072876	47.06451416015625
59.98347759246826	61.983933448791504
35.171905517578125	39.71588897705078
65.06471157073975	69.6939468383789
91.52482843399048	91.9290452003479
42.026018142700195	43.108205795288086
59.37662124633789	62.05399990081787
50.95201063156128	52.61010503768921
54.15266275405884	54.649343490600586
44.903526306152344	45.95555114746094
43.53086185455322	47.99288463592529
56.93591594696045	58.41112995147705
35.835693359375	40.88089895248413
48.79789733886719	52.001922607421875
39.18492889404297	41.15062713623047
52.10492753982544	56.140156745910645
46.16118335723877	47.164103507995605
44.62203311920166	44.88510990142822
45.21761512756348	48.55341196060181
54.69204902648926	56.74535274505615
37.843369483947754	40.07461214065552
50.64162302017212	52.95882558822632
65.78812503814697	64.44632720947266
37.58332014083862	40.220580101013184
68.49621534347534	68.22956943511963
78.41200590133667	79.82439279556274
60.328819274902344	63.462379455566406
58.59346103668213	60.65499401092529
46.021976470947266	49.90666961669922
44.49755096435547	48.63411331176758
60.42206954956055	64.51847839355469
41.238739013671875	42.64791011810303
45.027732849121094	50.459596157073975
37.471099853515625	41.74702072143555
71.47340297698975	74.54762935638428
62.50504446029663	65.08427381515503
43.99018859863281	49.51888656616211
37.67963790893555	42.62511920928955
47.71849060058594	53.967193603515625
42.18616962432861	45.52358150482178
54.82432556152344	56.80720520019531
54.05962657928467	58.00656795501709
43.35328960418701	45.76197052001953
49.6851692199707	53.32654571533203
49.778663635253906	54.25650405883789
46.731460094451904	49.337958335876465
39.083197593688965	43.0972113609314
57.96532440185547	59.58496856689453
60.72201919555664	62.179192543029785
40.433006286621094	42.582953453063965
35.80231475830078	39.289398193359375
53.699974060058594	55.98322677612305
40.70608139038086	42.291221618652344
47.077232360839844	49.798399448394775
43.564701080322266	48.52438735961914
60.5785026550293	64.34449005126953
45.97890615463257	48.809428215026855
41.94651412963867	45.591217041015625
37.823585987091064	41.42837142944336
57.37700414657593	58.899919509887695
59.81508255004883	62.894508361816406
63.87162208557129	65.82889556884766
43.189873695373535	45.76209211349487
46.10049772262573	49.36807918548584
31.071001052856445	35.28585720062256
48.87448501586914	51.52449417114258
60.575828552246094	63.32651138305664
41.45449686050415	42.431111335754395
38.82417583465576	41.74446201324463
56.91058349609375	58.5484619140625
42.66093301773071	43.605140209198
41.936546325683594	44.793121337890625
59.54725456237793	63.314809799194336
37.99738311767578	42.18918514251709
46.643760681152344	47.4192008972168
41.77064895629883	46.000892639160156
41.510135650634766	47.36920166015625
44.96375274658203	46.833091259002686
45.13856792449951	48.78342819213867
37.79219055175781	40.8782958984375
59.78361511230469	62.35165214538574
81.82933902740479	83.3498125076294
62.886070251464844	65.24263763427734
35.621028900146484	37.15960693359375
49.62759017944336	52.32682800292969
35.297293186187744	37.041648864746094
63.09786796569824	64.76805782318115
73.41557884216309	78.00324201583862
72.01315402984619	75.3900671005249
44.91927242279053	45.10819864273071
29.812438011169434	33.987159729003906
49.145774841308594	50.91382598876953
51.24292755126953	53.86306381225586
48.26609468460083	48.714022159576416
39.01688098907471	40.903603076934814
40.756226539611816	45.29559946060181
60.18681049346924	62.63781547546387
45.72476577758789	49.3355655670166
42.361780643463135	45.60891103744507
64.51692867279053	65.43993473052979
96.26906299591064	96.40528345108032
40.97636318206787	43.32125759124756
46.16869354248047	49.48818397521973
39.540740966796875	43.246795654296875
33.20742893218994	37.87351369857788
54.65288305282593	58.58232879638672
55.185455322265625	57.373600006103516
44.097047328948975	44.902289390563965
57.828969955444336	61.1077880859375
50.981292724609375	54.719905853271484
62.98308706283569	65.21722984313965
55.69121789932251	57.27496910095215
43.21269464492798	45.18876791000366
62.98988342285156	65.63864707946777
42.406558990478516	46.12667465209961
55.32853126525879	59.93265628814697
56.21173667907715	58.144643783569336
37.838279247283936	41.993714809417725
42.609763622283936	47.12692975997925
39.16778230667114	39.66465616226196
45.537617683410645	48.25016641616821
38.82798671722412	41.10813045501709
42.361146450042725	43.32927942276001
62.71632528305054	64.97465515136719
53.38684844970703	55.03765106201172
47.821083068847656	51.03709030151367
51.18168544769287	51.97131967544556
43.923789978027344	49.322601318359375
69.69531059265137	70.86470603942871
40.14089298248291	41.44401168823242
39.912654876708984	42.62893581390381
38.954647064208984	41.94523620605469
50.175262451171875	53.379600524902344
37.38200378417969	42.530075550079346
53.854522705078125	56.6557502746582
83.70651865005493	87.24185228347778
38.381619453430176	39.78533315658569
59.262197971343994	62.02903604507446
45.262847900390625	49.705238342285156
50.779834270477295	52.650123596191406
46.02670764923096	47.57021427154541
54.3258261680603	58.65449523925781
63.42371463775635	66.41071319580078
45.65909957885742	50.026275634765625
49.56306076049805	52.226173400878906
42.27532386779785	45.7682991027832
55.725406646728516	57.7435302734375
52.50935983657837	55.75927543640137
59.682345390319824	60.65424919128418
52.99379825592041	56.804152965545654
56.69486045837402	60.012632846832275
59.64101314544678	61.91714286804199
61.85408306121826	63.34982872009277
41.402565002441406	43.97381591796875
60.60549259185791	63.88178825378418
53.146817207336426	58.04812431335449
54.86681365966797	57.29203796386719
43.508888244628906	46.849342346191406
56.40607452392578	56.5119423866272
33.290645122528076	37.89899826049805
39.607118129730225	43.00775671005249
61.96277332305908	64.50599670410156
42.47849225997925	45.43479824066162
56.977102756500244	58.30708312988281
49.743743896484375	51.30234146118164
43.082504749298096	46.151597023010254
38.90844440460205	42.40473461151123
70.73799133300781	74.96075248718262
46.149043560028076	48.14505052566528
41.0120735168457	44.188194274902344
50.65390586853027	56.11838340759277
60.46554088592529	63.70026111602783
56.5298752784729	61.708800315856934
52.562127113342285	55.66103458404541
36.141727447509766	39.01522445678711
44.76500654220581	47.911306858062744
43.32146072387695	46.839938163757324
57.34409952163696	60.57190656661987
38.94705295562744	40.64276933670044
50.99791717529297	53.561448097229004
73.23880195617676	77.79515266418457
69.51319694519043	73.83895874023438
39.05738067626953	43.03094959259033
62.06979751586914	65.39990901947021
63.460031032562256	66.48205661773682
38.97568416595459	41.91931629180908
39.48064661026001	43.32900905609131
38.127174377441406	40.29989767074585
51.888062953948975	54.517056941986084
37.20259380340576	40.87206172943115
58.01718235015869	62.65974521636963
52.5801157951355	57.18218994140625
56.98387908935547	58.84304428100586
40.25901794433594	41.387542724609375
38.98070526123047	43.30909252166748
68.17385196685791	70.72264194488525
46.895118713378906	50.95619201660156
42.75837707519531	46.79206466674805
54.4656982421875	57.37998580932617
45.963966369628906	51.24434280395508
50.603858947753906	53.280513763427734
56.20796203613281	60.01983165740967
42.23085641860962	49.118106842041016
48.83989715576172	52.648033142089844
54.24067783355713	57.92792987823486
55.8970832824707	57.00921630859375
45.71494674682617	50.19025421142578
54.2753963470459	58.61539936065674
43.08171033859253	43.766826152801514
45.605618476867676	48.010929107666016
44.636192321777344	48.45940017700195
43.64774799346924	46.08746337890625
57.63618469238281	58.723182678222656
73.10017585754395	74.76061344146729
43.20722055435181	47.86982727050781
52.78179168701172	55.81218338012695
61.966177463531494	61.6435341835022
57.375383377075195	60.21742343902588
41.82184839248657	44.946664810180664
43.72487258911133	44.75161838531494
35.06357288360596	37.42139387130737
100.99003601074219	102.51313591003418
57.31790065765381	57.8752965927124
50.58603763580322	52.878493309020996
76.35964965820312	76.45175170898438
64.068284034729	66.94986009597778
49.322694301605225	53.803741455078125
54.05242967605591	56.81073188781738
45.833187103271484	49.464630126953125
42.82838821411133	43.81101989746094
50.49967002868652	53.48546648025513
44.02175855636597	48.56239986419678
41.20850992202759	43.52824258804321
39.54768419265747	42.62858581542969
43.89557409286499	45.68749761581421
42.17985534667969	46.79902648925781
36.871020793914795	40.11906576156616
48.79692792892456	50.97434759140015
44.08092498779297	44.6393928527832
42.96859645843506	48.34530830383301
77.15782642364502	78.34659576416016
53.69667959213257	56.804250717163086
83.79275226593018	85.93491077423096
55.01993751525879	57.926015853881836
35.11708211898804	40.783249855041504
44.73109817504883	47.7738561630249
38.688332080841064	41.91520833969116
46.91467237472534	50.14958381652832
43.24434423446655	45.90575361251831
44.462547302246094	47.95198440551758
77.62126922607422	80.16019248962402
53.2899227142334	57.152137756347656
40.71163606643677	44.86358022689819
33.86260986328125	39.150784492492676
50.21067237854004	51.19622039794922
45.939576148986816	48.34251832962036
41.829251766204834	43.95739459991455
60.49015426635742	61.41162109375
53.49987983703613	56.068878173828125
44.31953048706055	46.63130187988281
35.10784959793091	37.79692983627319
48.30402851104736	51.13056659698486
54.07534646987915	58.834125995635986
46.399566650390625	49.25119066238403
36.073288917541504	38.57134008407593
102.72277164459229	106.83068943023682
34.88733720779419	38.45765924453735
57.00187683105469	62.031065940856934
50.40513610839844	53.653969287872314
43.969383239746094	45.92973709106445
56.152198791503906	58.276126861572266
37.36054468154907	38.902305603027344
49.13176727294922	53.14545822143555
53.22979736328125	57.22661209106445
31.318126678466797	35.334754943847656
41.99201202392578	44.78220462799072
72.6581335067749	75.44605255126953
52.05419063568115	57.38226890563965
51.42013883590698	53.22420883178711
49.507835388183594	53.44100284576416
40.1574125289917	43.38745880126953
43.729026794433594	46.625877380371094
45.867271423339844	49.50819396972656
54.051292419433594	57.92234420776367
45.83602809906006	47.00218105316162
37.98274850845337	40.206387519836426
46.64804458618164	49.68359375
44.858253479003906	50.08420944213867
51.74927520751953	53.73600769042969
58.184876918792725	61.49932336807251
47.73161315917969	51.38250732421875
33.28061771392822	36.8010950088501
41.59255886077881	43.28030490875244
55.46029853820801	58.76939058303833
74.93758916854858	75.35235404968262
59.09183692932129	60.73947715759277
39.377803802490234	41.40359115600586
60.00871467590332	65.38037252426147
53.17391586303711	54.50498580932617
53.53443717956543	56.175803661346436
47.14481735229492	49.52499532699585
41.813740730285645	44.83383321762085
51.273837089538574	54.72247123718262
51.57893943786621	53.609418869018555
58.4797739982605	62.8347373008728
53.85166311264038	56.3966178894043
38.289154052734375	42.03959369659424
52.06787395477295	56.770936489105225
35.08008098602295	37.91646194458008
69.39806938171387	69.80589389801025
34.469566345214844	36.786376953125
41.901803493499756	44.109694480895996
63.718995094299316	69.00536298751831
51.389403343200684	54.121389389038086
38.32156848907471	41.11906814575195
41.6098108291626	44.55821228027344
40.40867853164673	43.71152448654175
70.55450391769409	71.20096015930176
42.542816162109375	45.44630718231201
52.56817674636841	54.509199142456055
73.86279106140137	73.97407531738281
74.52482795715332	75.75881052017212
44.38336944580078	48.90834617614746
49.30350112915039	51.898109436035156
40.66252946853638	43.77546453475952
54.65111541748047	58.020503997802734
45.96244955062866	49.25591468811035
42.19197082519531	47.0831413269043
56.21790885925293	57.658209800720215
52.765389919281006	53.596046447753906
47.07452392578125	49.34497833251953
39.42446994781494	42.90116500854492
71.86434268951416	76.02900171279907
50.26636075973511	53.94204568862915
43.00516128540039	46.47700881958008
46.033092975616455	48.95294952392578
43.077293395996094	46.49612045288086
71.34197759628296	73.95649909973145
41.95869541168213	44.21219730377197
54.468017578125	56.710693359375
50.662017822265625	52.956512451171875
47.340577125549316	50.329668045043945
38.38459396362305	43.48409652709961
38.07948589324951	41.62177276611328
47.903321743011475	50.35887336730957
38.16790008544922	40.55467128753662
45.22665882110596	48.09738349914551
57.41698455810547	60.61094284057617
43.52124786376953	46.37802505493164
43.493168354034424	44.18963956832886
42.352081298828125	45.15178680419922
53.49025630950928	55.78711462020874
54.85765838623047	57.38028335571289
39.15301561355591	39.950210094451904
59.88293647766113	62.36443519592285
49.15464401245117	50.8536262512207
45.68899965286255	49.987632751464844
44.0480318069458	46.13016128540039
55.25711488723755	59.15443754196167
41.170955657958984	45.30103349685669
46.81915903091431	47.86971378326416
40.33385372161865	44.234994411468506
49.30748748779297	53.09768295288086
39.383070945739746	42.20024824142456
43.808753967285156	44.8135986328125
49.89680099487305	53.56982421875
37.923744201660156	42.00276565551758
53.90031623840332	56.10715198516846
52.46043395996094	55.308258056640625
43.537689208984375	46.27825927734375
39.19877099990845	41.81842041015625
60.02078056335449	63.541154861450195
54.95573329925537	58.14192295074463
35.79603624343872	38.006150245666504
56.15220642089844	58.572303771972656
41.62135982513428	44.57073974609375
48.46582555770874	51.87322998046875
43.68460130691528	47.71965026855469
62.533703327178955	66.69823408126831
58.62760877609253	60.48029851913452
84.55551099777222	88.32428932189941
42.86051940917969	46.45757293701172
44.00069046020508	48.39020347595215
51.041534423828125	53.31608581542969
58.244147300720215	62.94793128967285
40.88887643814087	43.932570934295654
30.069296836853027	31.970738410949707
46.477240562438965	50.36161422729492
33.18184757232666	37.064162731170654
47.48707151412964	50.952224254608154
47.95827054977417	50.327940940856934
42.352126121520996	49.17096519470215
53.8465461730957	56.357872009277344
69.71358680725098	72.92358636856079
47.27491044998169	49.2330060005188
33.001373291015625	39.29688262939453
48.60750961303711	50.93710708618164
40.65460968017578	45.808133125305176
45.61758041381836	50.916656494140625
56.125173568725586	59.56921577453613
37.69822597503662	40.89655351638794
34.536795139312744	38.071712493896484
58.50193548202515	59.777525424957275
51.483558177948	57.67511177062988
56.98857307434082	58.52071762084961
46.99433898925781	50.767032623291016
47.287110328674316	50.14958906173706
50.65114974975586	54.67387771606445
48.452880859375	52.963829040527344
41.4627046585083	43.55029249191284
48.947144985198975	51.72659778594971
38.47317409515381	42.1309289932251
58.585126876831055	61.423165798187256
41.208680152893066	42.55039978027344
39.516441822052	44.34424924850464
59.60553169250488	62.709336280822754
48.597055435180664	52.90630531311035
52.20531463623047	53.875282287597656
60.55672645568848	61.51679849624634
36.89300060272217	39.067466259002686
40.099085330963135	44.20514726638794
61.371192932128906	62.31318664550781
47.495245933532715	50.243266105651855
40.605711936950684	46.96106243133545
55.29068374633789	57.156898498535156
64.63432312011719	67.91360378265381
44.88075637817383	47.16746520996094
48.37099027633667	49.387946128845215
53.05907440185547	57.58356475830078
63.353885650634766	66.43063354492188
59.46413612365723	63.76345109939575
37.76232290267944	40.81169509887695
37.4028754234314	42.239768505096436
43.31669569015503	47.40467309951782
72.63368892669678	75.43773555755615
45.55417013168335	49.113770961761475
54.355857849121094	57.507164001464844
42.85024166107178	44.8154182434082
66.19585275650024	70.03907918930054
55.261810302734375	58.751731872558594
51.93084716796875	53.55448913574219
51.678035259246826	52.37199783325195
47.76422882080078	50.310543060302734
53.608543395996094	55.77735185623169
40.370924949645996	43.4734468460083
49.49004364013672	51.449462890625
42.81244516372681	46.417213916778564
57.68026113510132	58.2798228263855
42.332054138183594	44.54826354980469
54.936973571777344	54.82988739013672
55.69107913970947	58.853013038635254
51.750500202178955	55.17948055267334
35.98435831069946	40.555811405181885
48.998756408691406	50.60595703125
50.102630615234375	53.11003112792969
61.304128646850586	62.81736946105957
52.97440719604492	56.751155853271484
56.46157932281494	58.5778226852417
37.595787048339844	39.19454574584961
52.127745151519775	52.26676082611084
46.86313533782959	50.30852794647217
56.62079620361328	58.79197692871094
39.69570827484131	42.48795175552368
40.71697998046875	42.87027359008789
45.360984802246094	48.372772216796875
68.93422794342041	69.40132141113281
50.506516456604004	54.70065784454346
38.89367055892944	42.25544309616089
45.06598138809204	47.07880449295044
40.21888780593872	43.808242321014404
51.43155288696289	53.369693756103516
49.58205795288086	50.654380798339844
44.910497188568115	46.81768035888672
