70.71881008148193	69.46605491638184
67.03721046447754	67.46496677398682
59.46469306945801	59.52723026275635
75.19950199127197	71.05360507965088
67.22971296310425	63.491384506225586
74.26014947891235	74.56309700012207
61.32923698425293	60.37119483947754
88.4503116607666	88.33271408081055
74.79589939117432	78.34417819976807
64.42030906677246	64.93228912353516
65.54409980773926	64.28873538970947
60.925912857055664	62.38497257232666
63.792104721069336	62.77416229248047
70.99242639541626	72.91442823410034
72.59132385253906	72.3419713973999
70.50326347351074	68.38845729827881
80.26169633865356	77.43031167984009
70.78057765960693	72.45950078964233
63.26952934265137	63.26011657714844
68.75212955474854	67.94579935073853
75.80145835876465	73.31897735595703
55.225181579589844	56.274476051330566
74.29646730422974	74.5688009262085
71.3576831817627	73.3824291229248
64.52090358734131	65.04033136367798
69.52548217773438	71.29049015045166
64.20834159851074	62.849523067474365
69.44579124450684	68.66305351257324
74.93782043457031	70.58969020843506
88.90750694274902	89.95193481445312
67.39196920394897	68.7053074836731
77.36821174621582	78.89425849914551
63.503482818603516	63.97325134277344
67.45542097091675	69.46616506576538
72.37788963317871	74.12644386291504
67.30583143234253	66.97491645812988
73.90199089050293	73.86630773544312
72.92831897735596	76.2089467048645
54.58491325378418	55.70448398590088
68.9356541633606	67.24930381774902
59.252614974975586	59.2242431640625
61.913636207580566	62.552340030670166
69.14259338378906	69.00949287414551
46.17013454437256	48.923845291137695
56.52523994445801	56.075987815856934
81.51839923858643	83.47326040267944
66.73280239105225	67.20022773742676
77.93602848052979	77.786057472229
69.80533599853516	73.6378264427185
69.25884246826172	69.47064971923828
73.60246849060059	74.68405151367188
75.75011444091797	74.97793006896973
65.9213638305664	67.32085371017456
77.2731876373291	72.48607635498047
67.10980224609375	66.78750514984131
59.71527099609375	60.84139823913574
76.37171840667725	75.30102443695068
59.84535074234009	59.60454320907593
69.65092658996582	68.48687648773193
67.08670806884766	66.49287557601929
70.31667041778564	74.82743644714355
70.20474815368652	68.6341381072998
67.65606880187988	68.44598293304443
71.79879188537598	69.43118095397949
82.61119842529297	85.07473659515381
66.87101936340332	66.98051309585571
81.17337560653687	81.49347972869873
59.278913497924805	56.57776165008545
73.58138799667358	71.66665601730347
60.94071388244629	61.26512050628662
67.16930913925171	68.45516157150269
60.741448402404785	60.98557472229004
87.63906145095825	85.56916570663452
63.64671087265015	66.41305494308472
64.71776485443115	65.05452632904053
63.18403720855713	66.49399280548096
68.9509449005127	70.30822563171387
78.2439193725586	78.03236389160156
65.87329864501953	65.91792106628418
55.31790018081665	55.41927480697632
75.21586418151855	72.61528015136719
65.28581762313843	68.22826433181763
67.63092041015625	71.12915134429932
71.87019538879395	72.94597434997559
56.32257843017578	56.86099863052368
78.50995302200317	81.03914022445679
72.51035833358765	71.55045890808105
68.06188106536865	67.32686471939087
61.45226001739502	60.03226280212402
76.33878898620605	78.85544013977051
75.56410789489746	72.74409294128418
73.00684928894043	72.01125144958496
71.99249267578125	71.78703308105469
76.39660835266113	71.82190895080566
69.50396203994751	71.80197191238403
72.27662658691406	73.32815551757812
73.6228199005127	70.16078805923462
68.86220026016235	67.92355966567993
76.00871849060059	77.31751871109009
66.05362176895142	64.98890733718872
74.43386030197144	75.07677602767944
68.92785453796387	70.73132514953613
57.709197998046875	62.344298362731934
58.879027366638184	60.79823970794678
63.034297943115234	62.175729274749756
75.2834529876709	74.3781909942627
82.15316581726074	84.08408975601196
74.68457794189453	74.47357749938965
67.72879600524902	69.17098045349121
69.30848693847656	72.7360897064209
72.54038143157959	70.94139003753662
74.64183807373047	73.15117073059082
72.02486181259155	76.14459037780762
73.13033294677734	73.8581485748291
66.80182456970215	69.47468328475952
57.9299259185791	58.00525188446045
77.52026176452637	78.4413833618164
63.52770805358887	62.92001247406006
57.831125259399414	58.92066478729248
76.14138793945312	79.57383155822754
72.3370041847229	74.33603715896606
81.47634887695312	82.14546203613281
59.476577281951904	59.381635665893555
64.74481344223022	65.60195732116699
69.15689706802368	67.73459577560425
59.46774482727051	62.66726112365723
71.19766092300415	69.62476968765259
63.701133728027344	65.76333045959473
62.65339422225952	61.8934211730957
77.58811378479004	77.8599100112915
57.10566806793213	55.57028007507324
71.88731241226196	73.71081304550171
80.83528137207031	83.79129028320312
75.4857268333435	75.16217613220215
74.69984483718872	75.68423414230347
54.7301230430603	53.041078090667725
67.28859567642212	67.03774356842041
75.08059453964233	76.00438070297241
70.6094741821289	67.44079399108887
89.2316837310791	90.84725761413574
57.734660625457764	57.64922904968262
70.11991024017334	69.62194919586182
82.36878204345703	85.9859561920166
65.09424018859863	66.33835029602051
87.16431140899658	87.88014888763428
63.69041442871094	62.788238525390625
57.98560953140259	60.979674339294434
72.14668464660645	73.34152221679688
74.29816675186157	76.25769281387329
70.82237529754639	74.2278060913086
81.39138841629028	80.76859855651855
66.8365478515625	67.56335258483887
73.39825677871704	74.05077123641968
70.36589813232422	72.98543357849121
79.47455406188965	81.197021484375
78.49379539489746	78.2695484161377
67.0063304901123	66.5253734588623
71.30338859558105	71.26698160171509
74.6224045753479	74.7328634262085
87.96358680725098	86.6875991821289
76.04198980331421	77.33407878875732
81.090651512146	82.14635229110718
67.4215145111084	71.31024408340454
63.71011161804199	65.75096988677979
75.89739465713501	79.0767273902893
66.81944274902344	68.5696792602539
67.67687749862671	67.75398206710815
67.50745296478271	63.51921558380127
72.66659736633301	73.27632904052734
64.78060913085938	66.49746751785278
67.88655996322632	68.05153751373291
69.65564823150635	66.56688642501831
74.84832572937012	73.72150611877441
76.77529811859131	78.32724094390869
77.98340845108032	77.40837621688843
70.18661499023438	72.24580192565918
77.25403070449829	77.8111662864685
57.470351696014404	61.33479070663452
78.72723150253296	77.09360599517822
64.98425960540771	63.451833724975586
68.3967113494873	65.30039310455322
64.79804992675781	65.84925699234009
74.52542781829834	74.01869773864746
62.00512886047363	62.690887451171875
70.25773000717163	68.04264688491821
78.10302734375	75.79379081726074
64.9526309967041	62.98605918884277
71.04177856445312	71.05312919616699
69.96235656738281	70.4932713508606
68.9080958366394	68.99428510665894
65.21771049499512	63.88622331619263
81.08653450012207	81.89817237854004
72.4239068031311	71.2936954498291
82.52851867675781	79.52723121643066
73.90190124511719	71.39273643493652
80.14237833023071	78.17837285995483
75.81501770019531	76.76743268966675
64.41537523269653	64.44746541976929
60.567694664001465	61.073495388031006
70.8495101928711	71.93930721282959
68.90389442443848	71.75398349761963
80.23560905456543	80.45337867736816
64.520583152771	64.46849822998047
57.71855354309082	59.75710391998291
84.63036060333252	89.35969591140747
77.23000240325928	74.32633352279663
72.85622215270996	71.9248514175415
57.63380289077759	57.177412033081055
70.22591590881348	69.23083305358887
69.29190158843994	73.79053592681885
79.71276950836182	78.05493211746216
67.42698097229004	67.80476188659668
70.03293514251709	73.17508697509766
67.78126525878906	72.15816020965576
77.45263528823853	79.87737989425659
65.30145835876465	67.3579158782959
66.82745933532715	66.86160087585449
73.55446434020996	75.6604208946228
63.258567810058594	66.44618797302246
65.73906135559082	67.60993814468384
70.9999361038208	73.67689990997314
65.79789733886719	67.40156364440918
65.7624077796936	66.28149461746216
59.607290267944336	62.25229454040527
61.733652114868164	63.51391792297363
80.41008853912354	78.2842264175415
60.337791442871094	58.813180923461914
73.5975432395935	72.9434027671814
55.382657051086426	54.1336727142334
72.53311729431152	72.07412481307983
78.2971830368042	74.22306632995605
67.33647060394287	65.87796640396118
82.46431732177734	81.19247245788574
75.49531745910645	73.91635751724243
83.41113519668579	86.23994588851929
74.88215780258179	77.44754219055176
63.92357397079468	62.12494468688965
77.12624883651733	77.17394924163818
65.26820468902588	64.38677930831909
74.17127466201782	70.54570245742798
66.25783348083496	68.1009840965271
69.58367347717285	69.29131078720093
66.98117923736572	68.89095973968506
69.46750545501709	71.26842641830444
72.82974243164062	73.00447940826416
71.12241315841675	71.08001613616943
69.87594509124756	71.7756814956665
74.04606819152832	71.74026489257812
70.64563751220703	69.37365055084229
70.11670112609863	72.83973693847656
61.40627861022949	61.180419921875
82.60659837722778	78.84191799163818
65.77350616455078	64.30309295654297
67.4500904083252	68.35285377502441
76.62059211730957	80.42144966125488
71.99727058410645	75.27283668518066
58.41727638244629	58.09686613082886
67.59593868255615	71.84074449539185
63.73422431945801	63.918622970581055
71.22056007385254	70.1305103302002
63.30553436279297	63.8510856628418
59.33239555358887	61.60535430908203
68.80668497085571	68.83621025085449
75.2297158241272	72.14785671234131
69.43021965026855	71.00052499771118
58.34536790847778	59.160940170288086
65.84237575531006	65.23076057434082
71.61097526550293	67.27270317077637
74.51494789123535	75.82489013671875
96.42602920532227	93.27333354949951
81.89871025085449	82.40785789489746
76.84286594390869	75.9704065322876
67.99225044250488	69.34374046325684
68.13362121582031	68.22373867034912
79.50114631652832	79.90512132644653
77.38568115234375	76.62138175964355
70.83197021484375	69.71040296554565
61.097373962402344	59.61346626281738
74.96983337402344	73.90106391906738
74.46211814880371	75.55497169494629
72.04322814941406	67.17633247375488
73.42065382003784	72.03696250915527
79.23964023590088	82.12386894226074
79.65517616271973	79.54524421691895
59.59784507751465	64.62560319900513
59.45065498352051	58.57871055603027
67.19952583312988	64.93511199951172
78.58685398101807	80.27799844741821
84.00050354003906	82.14472961425781
60.936875343322754	62.50781059265137
61.47789144515991	58.997071266174316
59.25749397277832	59.45378017425537
63.738036155700684	66.4206075668335
70.20636129379272	73.30906963348389
68.13686418533325	71.21884346008301
62.47632122039795	61.94429969787598
69.1461968421936	68.34289312362671
64.48258209228516	64.29658699035645
73.13448572158813	72.02348232269287
83.03144073486328	85.9727611541748
61.832032203674316	61.69072151184082
64.2246150970459	65.00025272369385
85.42097282409668	82.89104461669922
76.45149278640747	78.33543539047241
64.91471767425537	65.55590629577637
70.95800971984863	69.6694107055664
55.82321071624756	58.70104217529297
76.76406002044678	77.51275587081909
60.853238582611084	61.78453063964844
66.83729648590088	67.02275276184082
73.42172384262085	69.46175909042358
60.65230751037598	64.62318420410156
82.00063514709473	78.01680994033813
65.57192802429199	70.27159833908081
71.76206111907959	73.31833028793335
59.54373121261597	58.2761664390564
82.26988363265991	84.7540054321289
71.5598316192627	69.31241798400879
69.29510593414307	68.9013147354126
69.40483283996582	65.44429111480713
83.44456672668457	83.18742370605469
64.84235572814941	65.18542528152466
69.26386785507202	66.17385768890381
58.874521255493164	58.97435188293457
74.14626502990723	75.55986213684082
69.0311107635498	68.51577758789062
57.01080322265625	56.03602409362793
63.78494453430176	65.21641540527344
69.15301322937012	67.63981819152832
69.62924003601074	66.67274475097656
66.73724174499512	66.72203063964844
70.46989440917969	72.81941413879395
62.06079578399658	66.42196655273438
59.17598867416382	60.36153173446655
69.44505214691162	69.64076042175293
71.31699991226196	68.671311378479
83.32588195800781	84.73001480102539
67.88132524490356	68.87312078475952
82.43556022644043	79.16402339935303
62.62621879577637	63.01322937011719
76.59352779388428	74.34054803848267
62.52311372756958	64.3228759765625
59.591468811035156	61.25049018859863
67.59201049804688	68.22288513183594
70.91847944259644	72.07061576843262
67.07999229431152	68.08652400970459
68.9073657989502	68.36311340332031
76.85838270187378	77.25999593734741
80.08458662033081	80.09361362457275
63.581324100494385	64.34055233001709
81.50039672851562	80.33570289611816
70.36477422714233	70.1800537109375
77.25972652435303	74.50508117675781
74.27633714675903	74.19325971603394
59.64259624481201	56.71181678771973
61.85270690917969	61.67625045776367
79.22745323181152	81.0997142791748
75.60108947753906	77.48779106140137
63.22209024429321	62.54084777832031
72.22110557556152	73.63721466064453
62.910237312316895	63.063740730285645
77.48058319091797	73.2131814956665
59.57464027404785	66.30445289611816
69.48583030700684	70.97591972351074
69.40659523010254	66.05340003967285
59.36152744293213	58.34621238708496
77.88899898529053	80.9579210281372
63.353776931762695	65.23091125488281
77.44683265686035	80.32583713531494
63.50061893463135	61.605682373046875
89.53670406341553	91.79594898223877
73.92019844055176	74.91013526916504
63.72911310195923	63.570833683013916
53.278160095214844	52.32207775115967
73.00682783126831	74.39177799224854
70.72005319595337	71.4603042602539
71.9631781578064	70.09116315841675
71.03302574157715	71.407470703125
79.65109348297119	76.325364112854
58.69107246398926	59.63751792907715
54.341230392456055	56.061058044433594
68.6401948928833	71.52238416671753
58.99258613586426	61.12598419189453
85.56791734695435	84.93545007705688
83.93146324157715	86.75104999542236
69.33467292785645	67.67418146133423
60.994789123535156	61.9691104888916
75.64990234375	75.0060224533081
81.4687728881836	78.2618236541748
64.54370975494385	60.08197784423828
70.58619022369385	67.16256618499756
58.50512409210205	58.93586540222168
72.13890075683594	71.88066005706787
75.34662437438965	76.19101524353027
66.5638256072998	66.17433071136475
75.77893114089966	76.03116798400879
66.52233695983887	68.57476043701172
62.10684156417847	62.90265512466431
66.11134958267212	66.15793418884277
70.26412868499756	72.97744178771973
62.412911891937256	64.32511043548584
67.70489740371704	68.88253593444824
65.46681261062622	61.254220962524414
72.06308841705322	74.21371459960938
69.4229507446289	68.3838939666748
73.19819641113281	74.97006225585938
77.951406955719	81.74622058868408
76.86202478408813	77.90882682800293
72.6014232635498	68.50654602050781
66.88903522491455	70.48803853988647
63.706910133361816	62.84253120422363
75.19596290588379	75.69912528991699
67.47177314758301	68.23245048522949
63.72952651977539	63.180973052978516
72.46999168395996	69.20503234863281
67.57323217391968	71.8400206565857
58.45803737640381	57.32228708267212
83.1666030883789	82.40647792816162
66.38905906677246	64.73815155029297
68.41331481933594	65.81480503082275
77.0099868774414	76.83769226074219
65.82579135894775	66.119704246521
64.43898582458496	68.49652290344238
84.01919364929199	78.54852199554443
69.31434631347656	70.85652923583984
72.31803750991821	70.45157718658447
63.95918083190918	64.95799255371094
73.52806663513184	77.39774322509766
61.20715618133545	60.207695960998535
67.42994499206543	68.13009595870972
78.7690601348877	80.09612274169922
68.51880550384521	68.63933563232422
69.58430290222168	71.72407627105713
70.18774223327637	69.24234008789062
77.02071905136108	79.58460187911987
83.07071542739868	78.16414785385132
62.40464210510254	62.82462120056152
73.73016357421875	71.26372337341309
82.8446102142334	83.4317798614502
85.83677768707275	87.55865287780762
69.22617435455322	66.77353858947754
78.16292762756348	76.07375144958496
75.28823137283325	73.50826978683472
73.33341884613037	76.95428562164307
75.21674537658691	78.01636505126953
66.17728233337402	66.3399600982666
57.413583755493164	56.21055793762207
66.73996782302856	66.9359130859375
71.8785309791565	73.21542978286743
59.02543830871582	55.67682695388794
74.11344051361084	73.11148166656494
76.01218557357788	76.63529014587402
67.61756896972656	68.83038520812988
71.06208801269531	73.2385425567627
68.28783988952637	67.09351539611816
84.28516387939453	84.50552558898926
70.87094306945801	70.4513931274414
65.94159460067749	67.58856391906738
72.66168117523193	71.65912628173828
58.75399589538574	59.276413440704346
68.0643138885498	70.58197975158691
72.99669408798218	73.35341024398804
71.0894627571106	70.78302717208862
72.65718269348145	71.73435497283936
71.66497087478638	73.31903743743896
64.4142894744873	65.03128051757812
66.77599430084229	66.96813106536865
69.78935241699219	68.57162475585938
59.23394250869751	58.974055767059326
52.084585189819336	54.18063497543335
53.21205139160156	51.35268688201904
73.67436790466309	74.60169982910156
78.19184303283691	80.58790397644043
85.85299968719482	88.79727935791016
73.58032846450806	76.3624815940857
68.02391624450684	69.85457801818848
63.09786415100098	63.82883262634277
69.04514265060425	66.76569557189941
76.82340717315674	75.76190090179443
58.676347732543945	58.5373592376709
66.90301418304443	67.36930847167969
82.78260660171509	80.75099039077759
75.3310112953186	78.43975734710693
78.14579010009766	76.96678161621094
84.38539505004883	86.3309097290039
64.12628746032715	63.14513969421387
64.05084371566772	64.19505548477173
82.15097236633301	84.40677165985107
73.13041687011719	73.36657524108887
75.54223823547363	76.56488227844238
70.45407915115356	68.29730176925659
55.97383499145508	55.63897132873535
66.62154150009155	67.53230381011963
75.05318307876587	72.23647975921631
65.80309867858887	64.59008693695068
63.00389289855957	65.718674659729
87.0381760597229	90.10485029220581
68.90467071533203	70.13500213623047
75.30479049682617	72.71826553344727
74.88778591156006	71.69009160995483
62.02712154388428	61.9090781211853
82.02532434463501	79.33085012435913
66.69416999816895	68.14261436462402
77.34196662902832	78.31269216537476
72.123122215271	72.99304962158203
72.53319597244263	74.46764469146729
73.36180686950684	73.09501647949219
80.70334815979004	82.85816383361816
68.73297929763794	64.94483709335327
65.93757677078247	63.28182792663574
72.23197937011719	73.53622674942017
72.26229858398438	73.51923179626465
65.50835609436035	69.2012505531311
61.89440727233887	64.96392965316772
65.31237125396729	64.41657066345215
71.93692016601562	71.39584350585938
71.20304250717163	71.87515020370483
65.76492547988892	64.794189453125
76.53840589523315	74.2463231086731
69.70597743988037	69.98400211334229
64.82510566711426	65.41542053222656
72.98232078552246	73.86524391174316
73.34773349761963	74.56670665740967
82.09604835510254	82.98724937438965
71.48985242843628	72.51021337509155
59.87445831298828	64.30491828918457
77.97391891479492	73.4509162902832
89.6982593536377	88.59219360351562
71.1118860244751	72.97205209732056
67.89012145996094	70.06279706954956
75.18812656402588	75.50819396972656
65.70465087890625	66.30861759185791
71.6048412322998	71.36541938781738
63.55720663070679	64.62458038330078
63.44902944564819	65.56643629074097
74.2042407989502	74.82321214675903
60.771775245666504	60.57253837585449
81.35770797729492	76.44818305969238
62.63842964172363	64.47927761077881
77.92060661315918	78.57405281066895
68.40778160095215	69.02720403671265
80.45347213745117	81.57914161682129
76.46108436584473	79.38803100585938
81.02334022521973	80.02341270446777
69.55830574035645	71.26600742340088
59.88012647628784	59.20407676696777
81.52416229248047	79.57640171051025
67.71727180480957	68.24530220031738
67.59040832519531	71.37173652648926
72.92636108398438	73.23874473571777
83.18241691589355	78.81275367736816
57.337164878845215	57.20827579498291
74.57666635513306	75.34227800369263
71.98628902435303	70.39537906646729
71.30597114562988	73.64357948303223
70.54029941558838	69.54547882080078
68.97599220275879	65.90715885162354
69.39360618591309	71.00841522216797
74.38698768615723	75.27421474456787
76.0628228187561	76.46272802352905
65.619863986969	65.14923763275146
67.36854362487793	64.35683488845825
76.25782012939453	76.21723175048828
78.23394584655762	77.08826637268066
65.43412971496582	64.32471656799316
78.55878639221191	77.84095001220703
69.38191413879395	66.54091835021973
72.94350242614746	71.57279300689697
75.57053899765015	75.70577096939087
70.08834648132324	71.22970390319824
76.6259593963623	79.88654136657715
77.56412744522095	77.00264883041382
74.24004936218262	73.53163146972656
80.85797023773193	79.77264499664307
68.17063903808594	72.72495555877686
75.55495262145996	77.5704345703125
77.11214447021484	78.10441589355469
73.48019599914551	75.46951055526733
77.86394691467285	81.02018737792969
60.63237762451172	61.652857303619385
83.77814769744873	87.72562265396118
65.40879678726196	64.38591814041138
57.36699104309082	58.23389530181885
70.5712833404541	74.4020323753357
63.86900281906128	62.796682834625244
62.83165454864502	59.98372554779053
67.63207817077637	69.91886854171753
64.10109519958496	64.08711910247803
66.32253170013428	63.48063945770264
65.09159803390503	68.6304407119751
69.08061790466309	66.8342514038086
78.607253074646	79.83204078674316
58.15777587890625	59.20578575134277
69.84097957611084	71.52506351470947
78.54425239562988	82.14607954025269
66.69443607330322	67.12510585784912
75.04232025146484	74.86792230606079
74.76850986480713	75.68918037414551
86.55822134017944	87.53310108184814
72.49287986755371	74.52915000915527
74.35689353942871	76.93220329284668
73.24346923828125	73.30221748352051
78.92253875732422	79.36671257019043
74.05341911315918	76.19696187973022
67.34387397766113	66.45421743392944
64.13857507705688	63.7289662361145
73.2464656829834	73.23333168029785
78.01515769958496	79.6153712272644
62.00281524658203	64.02676916122437
69.65156364440918	69.81749153137207
66.49940299987793	68.40381002426147
79.46745109558105	81.71244764328003
71.38740348815918	72.94472694396973
72.93038749694824	75.78179740905762
65.68479061126709	68.23525905609131
54.73006248474121	53.760108947753906
69.18618106842041	71.55830574035645
62.50870704650879	59.695143699645996
65.32241821289062	64.85826969146729
71.08355045318604	74.39047813415527
89.40363883972168	87.13328695297241
70.04428672790527	71.68526601791382
85.35703897476196	83.16164255142212
72.35577440261841	71.88627099990845
58.71492862701416	57.65056800842285
74.61852836608887	76.0188045501709
72.91522026062012	73.04442405700684
79.58866262435913	76.8544454574585
73.90849494934082	76.87266731262207
66.71470642089844	62.85562992095947
79.03807067871094	82.97854042053223
64.29889678955078	63.599915504455566
62.083723068237305	64.64076232910156
66.04601383209229	66.069016456604
68.79389762878418	72.27108764648438
73.38965702056885	76.54719257354736
76.08963203430176	77.69412803649902
73.68892002105713	74.40282440185547
74.3064751625061	72.17661094665527
63.403730392456055	63.401336669921875
68.79591464996338	68.54802131652832
68.31451654434204	65.42269659042358
64.22118186950684	61.82575225830078
78.75606441497803	76.85383701324463
65.99264621734619	62.78488111495972
79.34461784362793	79.03399085998535
60.64300537109375	60.336384773254395
83.66977739334106	84.39198446273804
64.37634229660034	63.363595962524414
77.6549391746521	80.07690477371216
88.14474678039551	86.73245334625244
71.59466743469238	71.8352108001709
75.68910026550293	77.43176078796387
69.29721164703369	69.88198947906494
73.45965385437012	70.39546966552734
62.21217155456543	60.95364570617676
67.4405288696289	67.3688793182373
67.7450008392334	69.40145301818848
65.75214576721191	69.3056116104126
77.68272876739502	77.66132402420044
70.80746984481812	74.27420139312744
70.96588039398193	70.42601203918457
75.01301765441895	77.18341255187988
61.61788988113403	62.14028549194336
61.02382183074951	63.07680130004883
68.49050998687744	69.74440574645996
70.8810601234436	71.83579301834106
57.617130279541016	59.344186782836914
63.614022731781006	65.27626085281372
64.92754364013672	68.2868218421936
67.43965244293213	68.85733079910278
67.58303022384644	68.90815877914429
63.59672403335571	66.14611577987671
80.79255104064941	77.11100101470947
66.92959785461426	67.40574836730957
65.92591762542725	66.97185516357422
63.31875944137573	66.51565647125244
76.53223991394043	77.73651123046875
63.40336799621582	63.00417900085449
74.37754249572754	74.55711221694946
69.46285009384155	71.41211128234863
79.5789098739624	79.29329872131348
79.89696216583252	79.42574977874756
78.44502067565918	80.81988716125488
82.54927825927734	79.22472953796387
70.32848358154297	66.10259056091309
78.17959499359131	78.816237449646
94.19928789138794	100.38411140441895
87.646071434021	87.71853637695312
57.07015943527222	54.3457088470459
63.0373330116272	63.344995975494385
71.28270149230957	71.43937683105469
72.59448099136353	72.23815679550171
61.43995761871338	62.646169662475586
67.57830047607422	65.39973449707031
76.17047786712646	73.22573661804199
67.58843803405762	68.48578834533691
63.78977298736572	65.08978366851807
66.54520988464355	62.47011661529541
55.0732741355896	54.65278100967407
65.961998462677	66.64637756347656
55.40346336364746	55.91136360168457
84.31855773925781	87.98159980773926
63.834519386291504	62.572808265686035
58.48297071456909	60.67610263824463
52.756540298461914	57.033960819244385
79.237380027771	78.73616695404053
77.47021722793579	77.08751630783081
60.665879249572754	61.4498233795166
73.37435722351074	73.356032371521
75.60102939605713	76.50825643539429
82.23028182983398	78.77203464508057
75.42098808288574	75.24465751647949
59.57696056365967	58.358169078826904
74.93058013916016	76.50315856933594
74.09133911132812	71.58686637878418
79.24568367004395	82.62914085388184
76.1115927696228	79.50693702697754
63.67004156112671	67.49067783355713
67.19803810119629	64.84007835388184
59.29646587371826	60.82473087310791
64.45007944107056	65.71150302886963
64.60368156433105	63.38886260986328
65.99778652191162	63.51060390472412
81.68598890304565	81.55234336853027
63.87103080749512	66.26364231109619
76.79361820220947	76.87727928161621
65.10066032409668	66.85091972351074
69.93127346038818	69.41244554519653
62.19454765319824	62.268808364868164
70.36335945129395	71.83546257019043
66.89397239685059	67.47753858566284
84.03773260116577	81.59738874435425
78.14131021499634	77.7151894569397
69.04120683670044	71.41622829437256
73.62312698364258	75.81112289428711
61.87786388397217	63.41496706008911
64.54078674316406	63.21103096008301
58.804617404937744	61.82805013656616
76.7889232635498	78.22598648071289
79.63996076583862	78.44645547866821
76.49858951568604	74.60459232330322
72.5447564125061	72.43311214447021
74.73785161972046	75.71951341629028
71.5461630821228	68.2496018409729
75.77924251556396	73.2750415802002
72.79257154464722	74.35964059829712
73.3364315032959	74.13789415359497
67.88825941085815	67.14304113388062
76.24862957000732	78.95981025695801
68.15904998779297	68.16642665863037
60.45633792877197	65.82314491271973
65.41154527664185	65.21465063095093
83.0891900062561	83.77993774414062
75.7114405632019	78.2379937171936
80.47859001159668	76.04724311828613
75.70545864105225	77.17020511627197
67.61609077453613	67.46683597564697
56.04256629943848	58.43242645263672
62.93771266937256	63.55458641052246
58.6224889755249	59.321675300598145
81.89799404144287	81.34158229827881
68.98146629333496	67.96529293060303
62.075486183166504	66.87633514404297
69.08757638931274	67.57532501220703
64.27448272705078	67.62324714660645
60.997947692871094	61.3844518661499
67.06518650054932	68.30793905258179
71.82099676132202	73.70270490646362
73.44014167785645	68.79770755767822
73.75285148620605	73.15995025634766
68.49174499511719	71.66186714172363
67.53995656967163	68.70711517333984
65.93705654144287	64.53296661376953
80.58840751647949	77.32295036315918
79.85943794250488	77.31653690338135
69.68792200088501	72.6766209602356
66.12987518310547	64.83096122741699
68.42741203308105	70.56163215637207
79.48628425598145	81.49176979064941
81.02590227127075	79.88270378112793
78.59758853912354	77.40727424621582
67.95977210998535	69.74402618408203
73.55322122573853	78.22232246398926
74.08024406433105	73.47941064834595
79.01989841461182	78.27939033508301
80.41694402694702	78.49964189529419
78.99471473693848	82.67523765563965
64.14042806625366	65.39494228363037
58.44380474090576	59.01787185668945
72.96353912353516	73.88759803771973
61.746530532836914	60.66690921783447
75.77914619445801	75.77792406082153
76.97471237182617	74.64773941040039
63.82662773132324	63.03402900695801
72.84161567687988	74.49114418029785
78.85694599151611	81.91270399093628
64.41900730133057	66.57124519348145
72.28472900390625	75.5156421661377
65.90445852279663	69.80432367324829
73.91670799255371	74.48712158203125
55.12468242645264	53.59952688217163
78.85866594314575	79.53986120223999
69.88155364990234	69.35537815093994
68.22896003723145	69.89764595031738
73.63214063644409	73.47321081161499
55.24216175079346	57.07047939300537
64.73929834365845	65.63777112960815
65.34022331237793	63.13695430755615
76.89736843109131	77.06667900085449
69.04034328460693	68.76417779922485
82.05954551696777	82.39283180236816
86.33134460449219	84.62911033630371
67.78768730163574	71.90604400634766
60.310235023498535	63.40983772277832
72.12900733947754	77.4298095703125
64.76080369949341	64.29799795150757
71.55963706970215	72.39392280578613
67.4004578590393	67.06692409515381
69.34392023086548	69.72046852111816
76.63902997970581	77.64988660812378
87.5654468536377	87.6302547454834
62.17144775390625	62.01827430725098
70.69174289703369	70.57772636413574
65.49841117858887	66.92220211029053
76.27789878845215	75.53309440612793
78.79803657531738	80.91118812561035
64.35896301269531	65.61176490783691
69.66776990890503	69.4732985496521
75.75564575195312	78.86624431610107
71.52147674560547	74.46119499206543
77.46661376953125	75.75461769104004
68.30651235580444	66.23148250579834
76.39189147949219	76.34942626953125
65.10455131530762	64.64280605316162
68.1984806060791	66.27619743347168
67.24646091461182	65.82684516906738
69.01499319076538	68.07089233398438
71.15475654602051	68.91485691070557
68.84187507629395	68.78130340576172
53.79759359359741	56.45407676696777
80.09517860412598	79.22090721130371
80.12343788146973	80.27861738204956
70.79390048980713	70.3573989868164
71.04158639907837	76.02524042129517
73.03683471679688	72.05718040466309
74.42576742172241	75.88090562820435
72.89784288406372	72.33594465255737
81.16949272155762	82.87509155273438
67.56389665603638	66.86645364761353
57.181153297424316	57.79879570007324
70.27929496765137	71.71063041687012
72.18200588226318	75.17549228668213
67.3534107208252	67.92569971084595
64.93620347976685	65.63359594345093
68.42939186096191	69.79786157608032
82.44654607772827	84.69914817810059
70.83096504211426	70.29720306396484
68.96566867828369	65.48638820648193
66.96327066421509	68.49090671539307
75.78619480133057	71.75325870513916
71.46962642669678	73.18745040893555
70.361732006073	71.81283473968506
62.67967128753662	62.060303688049316
80.75757598876953	83.67021942138672
87.70006370544434	86.10037994384766
64.77728414535522	65.34525108337402
63.50034856796265	62.65980386734009
62.91835308074951	59.89213466644287
57.748512268066406	56.883338928222656
66.2984619140625	67.1260814666748
64.1439962387085	65.04071235656738
73.10464572906494	76.49768733978271
75.53076982498169	77.34102773666382
63.34493827819824	64.5790467262268
71.32949829101562	71.88926696777344
74.54938411712646	72.55623817443848
81.16702079772949	80.49488639831543
81.74534797668457	83.98291110992432
56.80293846130371	57.035114765167236
65.23424673080444	65.55873107910156
75.43888664245605	77.70749473571777
74.3525390625	75.16524696350098
77.84356594085693	78.52446746826172
72.68833875656128	71.87729835510254
60.82870674133301	61.5253701210022
66.51090145111084	65.11435508728027
69.96384239196777	70.44151592254639
81.67001152038574	78.16009712219238
72.12669372558594	71.04496955871582
62.77348041534424	64.34430599212646
74.72180128097534	72.876877784729
59.12324285507202	60.70229721069336
80.5891809463501	79.17388725280762
74.3703408241272	76.65622901916504
78.66005611419678	80.02844190597534
71.37557029724121	69.32966423034668
60.5545973777771	63.447062492370605
78.89229822158813	79.33617401123047
81.37350225448608	80.48217868804932
76.18063449859619	73.81455898284912
59.87321329116821	60.30189371109009
56.49220418930054	58.376755237579346
55.443620681762695	55.85337209701538
63.696131229400635	65.65425682067871
75.64434051513672	70.29617309570312
71.31599426269531	70.2798318862915
66.6311559677124	66.5311508178711
69.33143663406372	68.44909811019897
69.20309257507324	70.4062557220459
64.81787204742432	64.99445915222168
66.40196418762207	70.01816320419312
65.76218605041504	66.35781288146973
64.84719753265381	65.83098411560059
64.60265159606934	64.41144466400146
77.1802830696106	75.91686964035034
62.21422576904297	63.37726593017578
69.33968353271484	72.8814926147461
63.62699508666992	65.97127437591553
73.17811012268066	73.86186122894287
72.39717292785645	71.53438568115234
69.75569009780884	73.40754508972168
71.5865249633789	69.82428693771362
67.00138998031616	70.76735401153564
69.83378791809082	71.85507202148438
74.9836106300354	75.53630876541138
81.84304618835449	82.99624443054199
60.970998764038086	59.31367540359497
57.943153381347656	58.62624645233154
62.111183166503906	62.079734802246094
65.39326667785645	66.8344259262085
62.59792613983154	62.6448655128479
65.04004096984863	65.58241367340088
81.02038717269897	82.92641973495483
78.32430076599121	81.35774278640747
70.38560390472412	69.87411499023438
70.08498573303223	71.65481758117676
80.07683372497559	79.56039619445801
68.95159721374512	69.1183090209961
56.329965591430664	55.473127365112305
65.99390506744385	68.48318672180176
74.06889343261719	72.56401681900024
68.64816951751709	69.19245958328247
76.49239540100098	78.1219310760498
66.88112688064575	68.52513790130615
80.2847752571106	79.9971227645874
63.72498321533203	65.66114616394043
63.30318641662598	62.765835762023926
53.32085609436035	53.567336082458496
76.15814399719238	72.39739751815796
76.50473117828369	76.66769981384277
76.41534519195557	77.30122089385986
64.39896392822266	65.5585708618164
76.55872821807861	81.69640922546387
82.028244972229	83.20052814483643
67.27977561950684	69.05870628356934
74.23049926757812	73.82144737243652
75.18000984191895	78.0347900390625
77.5403356552124	72.92147636413574
69.26571416854858	71.01874685287476
63.58717441558838	62.42335319519043
62.67732238769531	61.67791557312012
71.4466495513916	72.83183097839355
70.47407627105713	71.50418758392334
71.92716121673584	69.06411170959473
81.73179817199707	85.11244010925293
74.05444526672363	74.8954725265503
65.55639362335205	68.47277545928955
65.34800148010254	66.16465044021606
55.628559589385986	59.38621664047241
58.28366756439209	62.357001304626465
58.36648607254028	59.39399528503418
69.04935550689697	66.43841600418091
58.01742172241211	58.005677700042725
74.52353096008301	75.13017082214355
71.47221612930298	73.11786890029907
70.60599327087402	69.02972221374512
69.18678283691406	70.10682582855225
63.69204521179199	63.98889780044556
86.64024353027344	82.18275260925293
71.4928846359253	74.07746315002441
79.05495643615723	77.64379692077637
72.83390235900879	70.92643547058105
67.02611494064331	65.82198286056519
80.21256065368652	78.81332588195801
71.11726570129395	67.3623104095459
70.09906244277954	72.03109836578369
65.14811515808105	64.91316318511963
75.63117361068726	77.67163848876953
57.89978504180908	59.62984561920166
64.76654052734375	65.08547306060791
75.59880065917969	78.78320503234863
81.26995658874512	79.80463409423828
74.13174247741699	76.92752265930176
64.82945442199707	66.56790256500244
68.70863437652588	71.02932929992676
71.887939453125	72.27580261230469
65.9121036529541	69.21982383728027
66.23998832702637	66.8682689666748
73.56605529785156	73.83677101135254
