54.625160217285156	56.79009246826172
55.90971755981445	58.8360710144043
61.80718946456909	65.07308149337769
53.99470901489258	57.969993591308594
40.65585708618164	41.189157009124756
64.02957773208618	63.89336442947388
62.50167465209961	63.85293960571289
58.447372913360596	64.63902282714844
63.46318244934082	67.60093688964844
60.90945625305176	66.24454593658447
70.54718017578125	71.04516506195068
60.43332576751709	63.35937976837158
54.857970237731934	59.192930698394775
56.71346426010132	59.522226333618164
68.28745365142822	72.06406593322754
61.79885673522949	61.58170509338379
53.015602588653564	55.193406105041504
66.01984977722168	69.88158988952637
52.822407245635986	57.61092281341553
53.36140441894531	56.13172149658203
64.13370752334595	68.5632758140564
61.26403999328613	66.32201385498047
64.41974639892578	69.79467868804932
53.13056945800781	57.60974884033203
60.92665195465088	65.00853538513184
66.54297065734863	71.1507797241211
65.07861328125	69.79645586013794
54.661550521850586	58.24612617492676
52.71524620056152	56.794715881347656
47.252076148986816	48.43673610687256
59.99219560623169	61.669225215911865
55.64065361022949	60.89979600906372
60.8610520362854	66.29810428619385
48.134822845458984	51.49221420288086
55.849385261535645	59.17699384689331
68.68532657623291	71.95378303527832
60.49832820892334	65.42646884918213
62.29525709152222	60.93575477600098
63.79513740539551	65.2725076675415
42.37262201309204	46.40700674057007
49.76899719238281	53.93177795410156
56.09645080566406	56.518619537353516
74.95848178863525	74.57977294921875
68.88006734848022	72.3967866897583
60.48366641998291	64.1147985458374
58.93041133880615	61.90598011016846
56.801260471343994	61.184144496917725
57.46649122238159	60.51871633529663
57.32540273666382	63.81490230560303
69.35307312011719	72.30184030532837
58.78991889953613	64.57649087905884
57.564125061035156	59.6458740234375
59.28252029418945	62.07066345214844
78.18561553955078	76.52261257171631
60.41718292236328	63.38469314575195
49.03319835662842	51.506619453430176
49.71251678466797	52.506797790527344
43.994823932647705	48.42157602310181
66.08348894119263	69.69580221176147
51.48910474777222	54.54342842102051
60.07051944732666	61.189303398132324
71.056471824646	77.30685138702393
62.535303592681885	65.6104907989502
61.950664043426514	66.31509447097778
49.78170967102051	55.982789516448975
51.6580696105957	50.867759704589844
64.1800765991211	64.6805419921875
58.3361291885376	62.177815437316895
55.1911039352417	57.51838731765747
70.18792676925659	69.7296895980835
61.9211311340332	64.42831420898438
48.66783618927002	54.96235942840576
60.83179473876953	61.34087371826172
62.112125396728516	65.86201429367065
60.1679048538208	62.80652904510498
61.80134439468384	63.648746967315674
51.54641819000244	56.84300422668457
53.87796401977539	56.37675476074219
53.687334060668945	57.44431972503662
61.104312896728516	63.16853713989258
61.44571352005005	65.78178977966309
53.663273334503174	54.86258554458618
50.45927810668945	53.65872001647949
60.046401023864746	62.006378173828125
52.226919651031494	54.789631843566895
49.46147584915161	54.71086502075195
59.665889739990234	62.013994216918945
57.716378688812256	62.243831634521484
50.379494190216064	53.65358304977417
57.05082321166992	59.27264404296875
52.59688949584961	57.751556396484375
67.68728733062744	71.68914794921875
62.04576015472412	65.39406681060791
60.172505378723145	63.90167713165283
63.79745101928711	65.51921844482422
56.04196548461914	60.80274963378906
53.287845611572266	57.25410318374634
65.35769605636597	69.40316677093506
58.96484184265137	62.6705002784729
56.64175796508789	59.74288558959961
62.117746353149414	64.95036506652832
54.35294437408447	56.719480991363525
53.1535758972168	57.44136428833008
53.12910556793213	58.90174865722656
51.58070755004883	56.32565975189209
54.86500406265259	61.267977237701416
52.422895431518555	52.46526575088501
45.790818214416504	49.63657808303833
53.09020233154297	55.52095413208008
55.856629371643066	61.764716148376465
54.62336349487305	57.762939453125
58.826791763305664	60.07370567321777
57.4403772354126	59.37579917907715
63.13730716705322	67.55662441253662
58.33829402923584	59.66529846191406
50.05315399169922	52.61466979980469
53.4235725402832	58.14582061767578
47.988502502441406	50.193382263183594
51.791290283203125	56.27365493774414
55.81920623779297	58.69748592376709
55.79322052001953	55.626686096191406
63.10520267486572	64.71949768066406
63.276991844177246	65.04911184310913
59.11295413970947	60.84620475769043
67.56365966796875	67.88865804672241
60.1931734085083	63.97873592376709
69.09954071044922	71.94055032730103
58.082300662994385	62.79454708099365
55.40470886230469	53.37651824951172
54.89936828613281	60.05022048950195
50.414337158203125	55.37078094482422
73.5987548828125	77.0066351890564
60.74065399169922	63.8056526184082
54.932960510253906	58.64674377441406
47.94570064544678	53.87363576889038
61.48575782775879	64.08339023590088
53.565125942230225	57.133442401885986
59.63185787200928	63.13546657562256
64.06781959533691	64.98052167892456
59.101318359375	60.92281723022461
67.08483695983887	71.29870748519897
56.373629570007324	61.92944526672363
57.390724182128906	59.86849308013916
69.60591316223145	72.19554090499878
52.351078033447266	54.316630363464355
44.89156484603882	50.31467962265015
57.29532337188721	60.573729515075684
49.07554626464844	51.043846130371094
47.390440464019775	52.03157186508179
61.03741264343262	62.04074764251709
44.470720291137695	49.81976509094238
65.11398410797119	68.009117603302
53.514198303222656	58.30613851547241
58.684162616729736	62.77850532531738
57.68580627441406	58.23573303222656
63.93414497375488	64.23669338226318
61.826316833496094	65.6730637550354
55.230957984924316	58.352139472961426
65.92700004577637	70.59473514556885
56.59294891357422	59.93787384033203
52.73119497299194	56.34423351287842
57.69101142883301	61.00973606109619
49.69020080566406	53.95546340942383
64.79804992675781	69.73053932189941
55.513675689697266	59.440040588378906
65.15104579925537	65.32273721694946
54.06853485107422	59.44426727294922
52.16603469848633	56.718605041503906
56.62066173553467	59.412200927734375
56.6140079498291	61.93124771118164
52.895755767822266	57.411394119262695
50.14869546890259	52.350128173828125
61.94575881958008	65.70630598068237
52.939342975616455	57.479825019836426
66.04527950286865	69.39902305603027
57.805378913879395	61.94012975692749
56.89028835296631	58.82641839981079
56.933441162109375	61.60499954223633
59.7053804397583	62.56918144226074
52.46511936187744	53.873202323913574
55.72850036621094	59.772064208984375
49.6215934753418	56.683658599853516
49.244503021240234	53.18517303466797
51.33756446838379	54.97769212722778
46.415271282196045	53.73418378829956
65.98113059997559	68.3205795288086
54.99684143066406	58.290931701660156
66.0387659072876	68.38467597961426
57.602561950683594	59.281463623046875
60.96325874328613	65.18115997314453
57.71732711791992	60.92885398864746
61.86889314651489	62.068432331085205
62.92467498779297	65.65034437179565
60.60835361480713	62.87606906890869
57.330806732177734	61.60249710083008
57.668938636779785	60.674285888671875
55.10770797729492	58.144203186035156
67.36700534820557	67.58781337738037
50.2498254776001	56.77096223831177
63.51874923706055	63.54702377319336
59.304261207580566	61.322927474975586
56.48793125152588	60.96153402328491
60.16796064376831	61.858121395111084
68.99949550628662	73.19357872009277
54.62494659423828	56.804901123046875
63.15393829345703	65.994140625
61.69784116744995	66.35858058929443
52.143882751464844	55.19226837158203
52.60209274291992	56.37251043319702
63.01192283630371	64.57665920257568
60.764631271362305	63.897751808166504
63.10449028015137	64.63800144195557
56.39079284667969	57.78400421142578
65.70798397064209	68.46035957336426
52.110570430755615	58.37831783294678
53.08241415023804	55.542519092559814
61.665143966674805	64.28004455566406
49.52490234375	56.38701629638672
53.50678253173828	55.77843475341797
45.764845848083496	49.67993211746216
57.13322353363037	60.32765293121338
61.377864360809326	65.1752758026123
72.49013423919678	75.2968692779541
52.66176223754883	58.00576686859131
54.531620025634766	56.00376892089844
51.4766845703125	59.99169158935547
69.44110345840454	70.98369836807251
46.470683097839355	49.24830675125122
63.707740783691406	63.55425262451172
46.650991439819336	49.04610633850098
46.38286209106445	48.140586853027344
59.28440713882446	61.519925594329834
48.52226638793945	53.59717559814453
65.15806674957275	68.2602310180664
63.95166063308716	66.98835039138794
44.86874055862427	49.06077241897583
66.73455762863159	68.34208488464355
58.90463352203369	63.86152267456055
49.800377368927	52.03957986831665
58.83259582519531	61.53319549560547
51.890719413757324	55.38642740249634
57.517457485198975	62.484681129455566
58.534546852111816	58.300421714782715
57.66695737838745	58.503660678863525
66.96952819824219	68.0616226196289
54.442161083221436	57.12723684310913
53.502723693847656	58.64705276489258
65.70269012451172	67.9627914428711
57.788025856018066	59.72403573989868
49.94475555419922	53.779579162597656
51.758819580078125	54.87718963623047
53.55192947387695	55.696388244628906
50.008819580078125	54.505218505859375
67.42103576660156	64.99130201339722
52.63181161880493	56.991323947906494
62.486953258514404	64.41242218017578
62.639777183532715	66.70199775695801
61.34175109863281	65.48065280914307
59.86809730529785	64.79883670806885
57.78316354751587	62.53374195098877
58.99093008041382	59.32398748397827
60.85735321044922	63.46438407897949
58.020925521850586	61.99690341949463
55.85520935058594	58.396324157714844
60.6192684173584	65.04705905914307
61.28066062927246	64.32686805725098
60.30831956863403	61.374074935913086
65.57208061218262	66.64598941802979
63.037559509277344	66.9239330291748
62.46423625946045	66.35948181152344
62.506874084472656	65.40597534179688
60.18024730682373	63.24139881134033
45.93926668167114	47.47526693344116
53.66300964355469	58.52527618408203
57.759586334228516	61.06627655029297
58.86198663711548	61.067522048950195
74.47330284118652	76.98056030273438
67.02694892883301	68.91515588760376
59.37985038757324	63.46975135803223
49.73070001602173	52.450730323791504
61.0539608001709	65.41299247741699
57.0222487449646	60.45918416976929
66.07765245437622	68.00649118423462
64.18506622314453	65.6507797241211
43.63116455078125	47.39253234863281
56.62516164779663	59.769474506378174
53.984703063964844	58.469703674316406
54.3944206237793	58.558685302734375
59.84783172607422	62.405385971069336
69.04151916503906	71.83503770828247
59.85940361022949	62.919984340667725
63.39535331726074	64.9262466430664
61.152541637420654	61.16501712799072
66.25210046768188	69.86578178405762
63.12863826751709	67.65644073486328
57.697081565856934	61.59777641296387
63.618807792663574	66.23892307281494
55.3968300819397	58.85027503967285
67.2914571762085	72.64752388000488
65.33894205093384	68.29573202133179
61.61680841445923	61.145052909851074
50.18250846862793	54.58504343032837
45.277321338653564	50.23734140396118
49.927886962890625	55.080657958984375
64.74954128265381	66.62621974945068
57.03650951385498	62.34797430038452
65.89411211013794	69.14691925048828
51.102378845214844	53.28996658325195
61.885650634765625	59.48435974121094
57.200961112976074	61.069912910461426
39.1016731262207	43.69251251220703
65.87999153137207	68.48522186279297
63.758005142211914	66.02443742752075
57.854251861572266	61.335243225097656
48.32642841339111	53.34000062942505
55.326698303222656	58.52565002441406
45.64432144165039	51.79423141479492
62.38502502441406	64.83392333984375
49.41967964172363	53.0078444480896
51.981075286865234	51.32814025878906
52.354408264160156	58.470462799072266
55.364832401275635	57.73841571807861
58.534841537475586	62.32804775238037
64.01990461349487	67.80384922027588
50.44270324707031	55.13023042678833
72.51818943023682	75.5951075553894
56.77870178222656	60.28523635864258
54.55384397506714	58.348337173461914
56.53057813644409	61.00339317321777
64.63775634765625	67.12352752685547
52.98119401931763	58.24619436264038
55.988083362579346	57.97461748123169
58.863311767578125	61.36351776123047
62.43705368041992	67.48519849777222
65.93103885650635	65.64640998840332
48.33420944213867	52.541717529296875
63.90333366394043	64.49741506576538
63.69558906555176	68.27996063232422
56.97183609008789	60.32207107543945
66.84428405761719	69.05085754394531
65.79841613769531	67.89933204650879
59.67964172363281	62.298545837402344
56.11171817779541	55.836304664611816
47.61418151855469	51.69286346435547
51.96682548522949	55.48778057098389
60.75689649581909	64.69071865081787
59.260887145996094	61.08869171142578
64.40631008148193	68.6567702293396
48.39826965332031	51.98223876953125
53.28018093109131	57.77340888977051
54.45584678649902	56.3978476524353
45.66842794418335	49.87134647369385
52.15658664703369	55.28223991394043
54.267924308776855	56.85041332244873
66.35067129135132	69.91865730285645
57.16440200805664	58.23977470397949
52.472557067871094	57.1417236328125
62.756614685058594	66.02423191070557
57.572288513183594	59.98008728027344
65.37859916687012	69.92784976959229
46.52607727050781	52.092044830322266
57.96874237060547	61.47081899642944
63.12376356124878	64.67738485336304
64.34490203857422	70.04857540130615
56.09524726867676	58.73812437057495
63.040489196777344	65.07719421386719
59.30466270446777	62.27676486968994
64.18470764160156	65.4461898803711
60.386314392089844	65.86500549316406
52.55636215209961	54.33110046386719
56.46068572998047	61.540781021118164
52.77948760986328	57.372161865234375
67.18431854248047	69.22186279296875
50.60543489456177	53.66237211227417
65.38521766662598	67.50801658630371
58.105224609375	62.124534606933594
60.3551139831543	60.813533782958984
51.06600570678711	59.17621994018555
57.76374816894531	59.15644645690918
49.81467247009277	53.681087493896484
69.38234806060791	74.42048072814941
55.994293212890625	60.058719635009766
55.3352165222168	58.49370002746582
62.14322566986084	64.9982738494873
76.04947566986084	77.78857231140137
55.830506801605225	57.79971170425415
62.65559196472168	63.769450187683105
56.159175395965576	60.026132106781006
53.20758819580078	58.90593719482422
66.09981536865234	67.60697841644287
57.46213960647583	61.25406217575073
51.16273355484009	51.38432693481445
48.52528524398804	54.987722396850586
44.32107162475586	50.28074645996094
62.54185676574707	68.29820156097412
62.25325155258179	65.77276468276978
55.32155656814575	57.448041915893555
58.942182540893555	62.86125898361206
53.82652282714844	57.53730773925781
66.01541233062744	68.26765251159668
69.88763236999512	72.34123420715332
59.44470977783203	62.32090377807617
51.21159267425537	52.311585903167725
51.82245635986328	58.68771743774414
57.54174327850342	57.77381229400635
71.75843238830566	73.89590263366699
55.219093322753906	58.083431243896484
59.07630157470703	64.0569748878479
59.556403160095215	65.15748023986816
60.97694969177246	60.0614013671875
57.276118755340576	61.49952507019043
61.73777389526367	66.9964828491211
57.714820861816406	61.65631103515625
71.14526271820068	75.09692192077637
64.54643249511719	65.30197143554688
60.23855209350586	63.32951259613037
67.86888885498047	68.05949592590332
60.39335632324219	60.2299861907959
55.36294174194336	58.08840560913086
58.092111110687256	61.63417625427246
63.65975856781006	67.3397970199585
61.257529735565186	65.83107805252075
54.213890075683594	58.42081260681152
78.3001708984375	81.26355171203613
62.45795774459839	66.64377450942993
51.65814399719238	52.803528785705566
61.360183238983154	63.64186763763428
66.90994262695312	66.93887233734131
67.89359378814697	69.73935127258301
72.22249031066895	73.57157230377197
51.0640811920166	55.194478034973145
64.39637756347656	67.72494506835938
59.922170639038086	63.3247184753418
59.93478775024414	60.237388610839844
53.31284523010254	56.45998954772949
64.23786163330078	66.2174072265625
53.13174819946289	55.208255767822266
56.50051498413086	58.37309646606445
56.990002155303955	59.834036350250244
60.37077331542969	65.06822967529297
59.00824546813965	61.119418144226074
52.20684242248535	56.30235242843628
46.95082759857178	51.520084381103516
59.30256271362305	63.588706970214844
69.05993843078613	71.99454545974731
56.07905387878418	58.97310733795166
65.91264247894287	68.03079128265381
64.90606451034546	66.08327293395996
52.758358001708984	55.96627426147461
53.30325365066528	55.98043966293335
57.59033966064453	59.12148666381836
52.79761505126953	56.93629455566406
54.49361228942871	57.74275875091553
75.36246299743652	78.37037563323975
56.4851975440979	60.7272891998291
48.30084800720215	49.123992919921875
53.69545936584473	57.857046127319336
60.55118942260742	64.86035919189453
55.60640287399292	56.89082908630371
73.26241111755371	75.89820194244385
59.93136405944824	61.6888952255249
56.265113830566406	59.09278106689453
59.818578243255615	61.777474880218506
58.184919357299805	60.96189022064209
69.83427286148071	74.0471134185791
50.5878267288208	54.190529346466064
65.56260824203491	68.95108795166016
67.47336673736572	66.73648881912231
54.719207763671875	58.787689208984375
51.7052116394043	55.801692962646484
49.134071350097656	49.148643493652344
59.44744920730591	64.67001962661743
54.27054691314697	58.57278871536255
51.66830635070801	57.27175855636597
51.60349130630493	55.01579761505127
58.699445724487305	62.08061695098877
59.88816738128662	64.60635185241699
60.67993640899658	64.08256530761719
41.09912157058716	48.331366539001465
56.2027473449707	61.281166076660156
61.764655113220215	67.49269008636475
57.67524862289429	61.929678440093994
64.7954273223877	67.90544033050537
51.311317443847656	56.142364501953125
48.24915933609009	49.10427761077881
61.90468978881836	62.547691345214844
52.29574155807495	56.342491149902344
58.18498229980469	63.71486282348633
47.570091247558594	51.28465270996094
44.91347122192383	48.1081657409668
57.26881790161133	60.34134292602539
54.88812875747681	57.610764503479004
46.49349594116211	48.63491439819336
75.03069400787354	76.79600715637207
56.20404624938965	59.22940635681152
58.2335000038147	61.684953689575195
70.63517570495605	73.63114356994629
60.16677188873291	66.0440583229065
64.16110849380493	65.06112861633301
62.02745819091797	62.92858123779297
54.61459732055664	56.19252395629883
51.87937545776367	56.7535400390625
67.146888256073	70.76463460922241
61.01090383529663	63.103344440460205
50.84733581542969	52.63239097595215
62.41385364532471	64.34425449371338
69.0770435333252	71.28499031066895
65.81422328948975	71.58050489425659
62.38903999328613	66.59274387359619
57.76861524581909	58.99704551696777
58.262237548828125	62.62712860107422
51.218538761138916	54.185762882232666
48.95919418334961	55.00362777709961
62.524476051330566	65.62235832214355
60.91423988342285	62.55410957336426
73.65228176116943	74.53187465667725
57.07224655151367	61.14931106567383
46.786190032958984	51.25128936767578
61.684539794921875	60.82901382446289
59.530075550079346	60.24195957183838
60.583518505096436	62.364737033843994
62.572760581970215	65.44711112976074
52.86792755126953	55.50496578216553
46.743873596191406	51.63586235046387
57.306785583496094	63.056007385253906
63.8306565284729	64.06053256988525
54.89874267578125	57.47096252441406
56.815696716308594	61.91127014160156
61.276687145233154	60.21658802032471
57.10056495666504	64.12852334976196
61.997986793518066	62.82750177383423
50.538222789764404	51.57924795150757
51.51197004318237	54.33538579940796
71.63692474365234	72.46467590332031
63.76131534576416	65.88107109069824
61.533379554748535	61.726789474487305
57.273597717285156	58.35582733154297
55.54290962219238	58.71545219421387
68.19828844070435	70.38843441009521
54.97480058670044	56.55471181869507
42.53459167480469	46.63957214355469
62.384864807128906	62.90803909301758
54.7093620300293	60.11040115356445
47.47997188568115	48.81732225418091
54.9534797668457	59.106316566467285
59.881861209869385	60.27577257156372
50.08978271484375	55.12910079956055
63.66413640975952	66.67179822921753
62.911362648010254	66.3983678817749
53.80339813232422	58.035037994384766
55.328993797302246	60.88366413116455
51.62414216995239	56.23230600357056
46.52457284927368	49.68590688705444
60.180381774902344	61.74296951293945
45.586721420288086	50.948731899261475
51.87763214111328	57.96442413330078
61.5224552154541	62.5582218170166
68.44007778167725	71.55799770355225
68.52828979492188	69.29722595214844
55.32950735092163	56.49359607696533
61.783225536346436	63.03914737701416
59.64304161071777	62.41454887390137
62.1216344833374	62.73664140701294
50.38054656982422	56.90058898925781
47.0406494140625	51.238616943359375
54.01780700683594	56.56995391845703
53.00072479248047	56.35519790649414
56.70633602142334	58.68958282470703
61.263755798339844	63.88951110839844
55.361738204956055	58.940547466278076
54.1885871887207	59.281132221221924
63.66558265686035	64.96103811264038
63.150461196899414	66.79909372329712
51.35210609436035	54.33016061782837
56.50602340698242	59.73470687866211
60.95704936981201	65.13568210601807
57.01034069061279	58.78378868103027
58.13383102416992	62.82547473907471
66.02856636047363	68.48843574523926
58.912034034729004	61.59494400024414
68.7521505355835	71.64525032043457
64.16123867034912	69.11391258239746
52.39485263824463	55.19514083862305
51.84220504760742	54.35113525390625
62.935190200805664	67.64531135559082
78.28538417816162	79.1030502319336
66.39634895324707	67.2747483253479
49.54476070404053	53.08611345291138
57.06834411621094	62.788573265075684
66.99926948547363	72.0121078491211
53.053531646728516	54.978057861328125
60.015705585479736	63.980984687805176
57.11332321166992	60.38545227050781
50.0133171081543	52.76957321166992
58.768014907836914	63.92125082015991
60.8580207824707	65.65361022949219
50.67069625854492	54.6772084236145
49.58295822143555	53.34974670410156
48.734962463378906	51.327964782714844
55.32469177246094	56.30119705200195
56.024051666259766	60.45640563964844
55.52127170562744	58.36053800582886
51.76136827468872	54.005194664001465
64.54293727874756	65.25715827941895
58.94249725341797	62.48344421386719
62.61185169219971	67.26997375488281
65.19330501556396	67.54534244537354
60.81009864807129	65.61965990066528
66.84010982513428	70.80353736877441
54.176472187042236	56.824984073638916
53.59995174407959	54.9779634475708
73.43461418151855	77.15238761901855
49.08047676086426	50.19700527191162
56.83427429199219	59.148338317871094
68.8635778427124	70.6113052368164
55.708120822906494	59.23650884628296
56.06290340423584	59.12163257598877
51.31200408935547	53.22494125366211
59.436434268951416	65.46598863601685
71.87125968933105	74.55408668518066
66.7941198348999	68.2464051246643
62.513322830200195	66.48645877838135
61.77558755874634	61.80444145202637
56.91355276107788	59.15109443664551
57.18761873245239	60.81174659729004
62.31056070327759	68.10045003890991
57.11104202270508	62.424095153808594
66.9766788482666	71.73293447494507
49.3431282043457	52.37497329711914
57.66773843765259	57.14072513580322
67.2370457649231	68.58761358261108
68.48956298828125	71.55094909667969
57.06511688232422	60.05744934082031
51.082848072052	54.86482381820679
57.26156234741211	60.628658294677734
54.564796447753906	57.9774055480957
72.38430976867676	75.77393531799316
42.23489856719971	46.97994375228882
64.24108743667603	67.92528009414673
65.34625816345215	67.99212503433228
58.25742721557617	62.06076622009277
57.654786586761475	65.26326084136963
55.08198595046997	59.70527744293213
52.764793395996094	56.98426008224487
62.124314308166504	64.70349788665771
48.12786865234375	49.940460205078125
67.01624393463135	68.11224937438965
60.53662729263306	64.3778772354126
67.83441352844238	71.51904344558716
47.49508285522461	50.53504943847656
53.35426139831543	58.194674491882324
60.04181528091431	63.760876178741455
60.61122512817383	63.00404739379883
61.888885498046875	65.35611629486084
57.880282402038574	63.20352077484131
48.23543930053711	53.27032470703125
56.76583385467529	58.7927942276001
56.60015058517456	59.958070278167725
51.01438903808594	56.11548614501953
60.66731929779053	64.14903163909912
48.51940155029297	52.21426486968994
58.800039291381836	61.777262687683105
59.823118686676025	62.52865648269653
67.54322052001953	70.17220973968506
55.31823492050171	58.89397573471069
57.101505279541016	56.1196174621582
54.430999755859375	58.919548988342285
90.48486518859863	93.20033073425293
58.486820697784424	61.29105520248413
65.67379951477051	68.51690769195557
62.68281555175781	63.913753509521484
51.467162132263184	54.19507598876953
64.04497575759888	65.00934791564941
58.10201168060303	62.73101806640625
57.03141689300537	61.13636016845703
60.620622634887695	66.03497982025146
62.52420616149902	64.39981269836426
50.451904296875	56.13603591918945
59.438833236694336	64.31476020812988
55.844950675964355	59.526634216308594
48.47612142562866	54.13671112060547
68.02487850189209	68.61086368560791
54.298882484436035	57.76472091674805
58.9446907043457	60.17094421386719
63.832064151763916	67.17763710021973
65.04928779602051	68.43578338623047
58.88937950134277	61.35504627227783
67.05102443695068	69.10778045654297
63.14582347869873	66.58742427825928
54.39923715591431	60.19888114929199
61.067981243133545	64.66011142730713
60.092966079711914	64.71499586105347
54.250150203704834	56.048532485961914
56.00760459899902	57.10474967956543
60.72671413421631	63.759811878204346
56.05426025390625	58.06916809082031
42.34949493408203	41.73526382446289
78.26651096343994	78.425612449646
58.40420722961426	62.389564514160156
50.608069896698	53.50088596343994
62.43578910827637	62.34627723693848
60.794973373413086	66.27793788909912
61.60746145248413	64.43050575256348
53.30314493179321	55.8613543510437
58.61367845535278	62.52633047103882
51.18660306930542	55.114322662353516
66.29234313964844	69.29227352142334
57.25279998779297	61.03023910522461
62.69659423828125	66.99972534179688
53.39986038208008	56.575435638427734
57.341392993927	60.28197383880615
54.670257568359375	57.61178493499756
59.998565673828125	59.089393615722656
59.402679443359375	62.06226348876953
49.63235425949097	52.83046817779541
51.560133934020996	51.496164321899414
68.55089664459229	70.566086769104
56.67769002914429	60.59908390045166
49.158843994140625	53.42766189575195
54.80929517745972	58.040133476257324
58.55669116973877	62.514421463012695
44.796199798583984	47.92157745361328
55.83043813705444	58.48839569091797
57.52240562438965	59.53953409194946
59.6026611328125	61.41519546508789
62.20865249633789	63.285369873046875
46.59337615966797	50.825966358184814
46.45630645751953	50.360294342041016
52.262911319732666	58.28402853012085
53.69587707519531	58.76034927368164
58.872968673706055	61.633854389190674
64.1436538696289	65.17994689941406
49.77828025817871	50.804527759552
51.03986358642578	54.66036605834961
54.70988845825195	59.60071420669556
39.18833112716675	43.28527879714966
54.22481918334961	57.42735290527344
73.42709541320801	75.37233829498291
47.14556121826172	50.213531494140625
74.1807632446289	75.71745872497559
54.364532470703125	57.98838424682617
65.30694484710693	66.05551242828369
56.12577438354492	63.52324676513672
55.68828105926514	57.86652088165283
59.29457759857178	62.54698991775513
54.458571910858154	57.267741680145264
56.743178367614746	61.396307945251465
64.27860260009766	64.3420958518982
57.56908464431763	61.56768751144409
61.35614013671875	65.35116577148438
52.74110412597656	56.437294006347656
49.9868950843811	55.277159690856934
56.87513494491577	59.62907695770264
64.01554870605469	64.18002319335938
50.656930446624756	52.07530069351196
65.09391641616821	69.06132411956787
57.20593452453613	58.591275215148926
55.701786041259766	58.82073974609375
74.58052158355713	77.78977870941162
54.30841541290283	57.88358545303345
46.56229782104492	50.391109466552734
59.544962882995605	64.68507957458496
54.884292125701904	57.87545728683472
56.30580711364746	62.32443952560425
50.98365783691406	54.80597686767578
56.90451622009277	60.5118465423584
58.91677236557007	59.71110963821411
69.26011753082275	71.50148963928223
54.23118495941162	57.08582353591919
55.699806213378906	58.136701583862305
49.31925582885742	54.69641876220703
48.560791015625	48.138768672943115
61.44868087768555	63.776756286621094
60.30071258544922	63.89311122894287
57.39817810058594	60.05249786376953
48.349178314208984	51.27056884765625
59.07830047607422	61.641265869140625
55.44654846191406	59.38282775878906
64.19854831695557	66.17028951644897
50.303935050964355	58.03188228607178
55.492916107177734	56.6949577331543
46.841949462890625	51.356624603271484
67.29542684555054	69.60490322113037
47.38062047958374	48.9832239151001
49.424338817596436	52.67025423049927
44.58310317993164	48.45102882385254
61.83144950866699	64.07925224304199
39.388737201690674	43.1859769821167
54.81937551498413	53.87605953216553
54.62228536605835	56.84248495101929
50.977264404296875	52.25038528442383
57.061378955841064	59.088974475860596
47.69137191772461	51.79525375366211
69.326575756073	72.24111557006836
59.87607479095459	62.20208168029785
64.32734489440918	69.54521179199219
60.47732448577881	61.213807582855225
55.371986389160156	58.0670485496521
46.64141082763672	48.72549057006836
51.60536241531372	56.500561237335205
58.61224174499512	61.76943778991699
60.57089424133301	64.04116106033325
50.69624328613281	53.99560022354126
54.54988098144531	60.32664108276367
60.649277687072754	64.94933938980103
54.620957374572754	57.971625328063965
67.67477512359619	71.64552211761475
57.88857650756836	61.88962936401367
54.40071392059326	57.07776880264282
47.62415313720703	50.85527038574219
54.72550964355469	57.4276008605957
51.35839080810547	54.704872131347656
61.713080406188965	64.84000205993652
60.98543167114258	66.3670825958252
41.242112159729004	42.93351602554321
56.74728584289551	59.53781318664551
56.04777526855469	59.1177864074707
58.02151536941528	58.78690195083618
67.116943359375	70.0501708984375
63.65609645843506	63.597116470336914
70.02089500427246	73.69063377380371
42.29928970336914	47.020477294921875
67.36125898361206	69.37475681304932
53.45335626602173	56.9154748916626
50.747098445892334	55.607664585113525
59.59817361831665	63.308115005493164
44.436737060546875	47.95799255371094
55.18993949890137	60.0327730178833
60.28347587585449	64.09365034103394
52.370177268981934	57.83914756774902
67.5439453125	66.90754508972168
64.16117095947266	67.15365600585938
53.490509033203125	57.14854431152344
44.61640119552612	51.54348707199097
59.552621841430664	62.19222068786621
49.49070453643799	53.797576904296875
53.79346561431885	58.86128282546997
55.6181640625	58.779296875
49.768325328826904	53.73532199859619
70.79569244384766	72.48407649993896
65.86820983886719	69.88912963867188
54.46594047546387	59.63820934295654
55.414161682128906	59.34265899658203
55.25916624069214	62.83896446228027
61.61090898513794	64.31867980957031
69.99653816223145	73.27701568603516
63.49889516830444	68.54982089996338
72.094313621521	75.57159328460693
62.49378776550293	64.70809936523438
48.07057285308838	52.78225612640381
52.454673767089844	54.97753143310547
58.08293151855469	63.12537384033203
59.93527793884277	62.8106746673584
57.157135009765625	56.05004119873047
66.01275444030762	69.03341770172119
65.14750671386719	67.0129861831665
59.14422035217285	64.44831848144531
73.08252239227295	73.02678394317627
53.33815002441406	57.456146240234375
56.17762327194214	58.44951009750366
47.171722412109375	51.89946746826172
59.11978769302368	64.94759273529053
50.86636447906494	54.48950815200806
68.82498264312744	70.92198371887207
47.74699068069458	51.93449640274048
63.84925842285156	68.10935974121094
52.293424129486084	54.94001770019531
58.62631273269653	60.949251651763916
56.29691505432129	58.618690967559814
59.8516960144043	62.484344482421875
55.64587211608887	59.331759452819824
54.86968278884888	60.31487035751343
70.70015859603882	74.84593105316162
49.81157827377319	53.75501346588135
50.523277759552	53.05500841140747
64.23675727844238	70.14122772216797
54.394432067871094	59.88977813720703
66.12869262695312	70.3327407836914
58.97966384887695	62.032936096191406
55.19608926773071	59.84550333023071
55.28019714355469	60.659637451171875
65.23462772369385	68.01681518554688
61.42273426055908	64.49087619781494
69.1929030418396	69.97844696044922
47.85759973526001	50.946075439453125
53.935585021972656	53.71329879760742
60.82048416137695	64.0774154663086
58.24715042114258	61.46002960205078
62.22735404968262	65.25436401367188
52.26496887207031	54.747352600097656
57.74232864379883	63.14048767089844
55.90055513381958	59.03835391998291
71.70968532562256	74.71031188964844
52.09072828292847	54.061447620391846
56.0335111618042	60.19904136657715
46.21898651123047	49.00057601928711
49.64603805541992	53.89421844482422
65.12026309967041	69.71266746520996
63.21610450744629	66.44887447357178
60.37548637390137	63.83573770523071
52.22438192367554	55.29430961608887
52.11617088317871	55.72966003417969
65.25033473968506	67.70986890792847
68.20719718933105	71.4922046661377
52.77387237548828	54.80596923828125
66.39728546142578	69.49972629547119
49.45207595825195	54.250892639160156
67.81797885894775	70.60555934906006
54.96602773666382	59.35316753387451
62.60821294784546	65.23452043533325
49.28581237792969	50.45523452758789
45.62598466873169	51.42045307159424
56.56672811508179	58.05167627334595
51.40093517303467	56.19514560699463
66.67535591125488	68.465247631073
60.06413459777832	63.54409217834473
62.251121520996094	63.818058013916016
47.2880916595459	49.8342547416687
52.72660303115845	56.1343731880188
57.72942066192627	62.19333744049072
57.87558174133301	61.10370397567749
59.71290588378906	63.5606050491333
62.94974327087402	66.23098850250244
55.80010223388672	59.78804016113281
48.90806198120117	50.105857849121094
64.31933784484863	66.53637027740479
56.71231412887573	62.483784198760986
52.22832107543945	52.849151611328125
64.16204881668091	66.30676460266113
56.73509979248047	58.215919494628906
68.66247320175171	72.05267190933228
64.66710662841797	69.10683631896973
56.84882164001465	60.75704574584961
51.066314697265625	54.38681411743164
54.67196846008301	56.83370876312256
52.629905700683594	55.808292388916016
48.34645462036133	51.772789001464844
55.20752716064453	59.11928176879883
52.8731575012207	55.633670806884766
56.214988708496094	59.757904052734375
57.82551193237305	60.851905822753906
69.6820592880249	74.59880828857422
64.42421007156372	70.47813606262207
47.80552291870117	52.695777893066406
56.11346435546875	58.18932342529297
51.677528381347656	56.645442962646484
68.89925479888916	70.93890523910522
59.103331565856934	63.9650297164917
50.82525634765625	56.4000244140625
58.36132049560547	59.238529205322266
56.16655111312866	57.88186025619507
49.59414577484131	53.54954671859741
56.26506328582764	58.58983039855957
59.38035011291504	59.66932773590088
60.78499794006348	64.1292953491211
60.9525990486145	63.529377937316895
47.26955795288086	52.854759216308594
60.05938911437988	65.43479776382446
57.955644607543945	60.012688636779785
60.5479416847229	66.05815172195435
47.87360906600952	52.58459138870239
57.84032678604126	62.10034418106079
56.91050577163696	60.39504289627075
64.94191074371338	66.70608329772949
57.77152109146118	60.16147422790527
49.10050106048584	51.860116481781006
70.45370292663574	73.70348167419434
54.93809509277344	58.785897731781006
61.14393711090088	63.069701194763184
52.608787536621094	54.456180572509766
56.54499816894531	58.2818603515625
44.02306365966797	48.43938446044922
63.74869680404663	64.94144296646118
53.57536315917969	54.49955940246582
70.2030029296875	74.14217948913574
62.58725309371948	64.45958089828491
64.03564596176147	64.98750400543213
64.96778964996338	68.91909122467041
66.99603271484375	68.5473403930664
49.836692810058594	51.27079772949219
62.40906000137329	66.3667516708374
54.652793884277344	58.61468505859375
62.28342533111572	63.452653884887695
52.28762435913086	56.2359619140625
56.62553405761719	60.34054183959961
60.223989963531494	63.18881034851074
63.453696727752686	67.36930131912231
49.32709503173828	53.0722770690918
49.03648376464844	52.60953140258789
53.32857656478882	57.56087923049927
51.96787691116333	59.09300422668457
52.68451690673828	53.17738723754883
61.10529899597168	65.56598663330078
59.714534282684326	64.50995063781738
50.76593780517578	53.70388412475586
60.31502723693848	64.62767171859741
62.58915853500366	65.35002708435059
72.72189235687256	78.12553262710571
59.093871116638184	61.53030824661255
64.08361673355103	67.24139213562012
