110.33660888671875	106.75426483154297
86.11414575576782	85.90692329406738
105.13808727264404	105.90951204299927
82.06915760040283	80.9535322189331
99.03883361816406	96.65840148925781
75.64167022705078	72.64134979248047
87.49187564849854	86.85553932189941
85.84606075286865	86.03589248657227
92.6512598991394	89.22600030899048
77.4197359085083	77.3441801071167
93.84671926498413	90.79630470275879
70.36079406738281	72.75464153289795
85.69506549835205	92.02595806121826
106.26058673858643	97.8840446472168
96.55628442764282	94.81186389923096
88.50356769561768	92.68212127685547
92.61163902282715	88.42256450653076
104.50534439086914	101.4871997833252
69.0560655593872	66.33463191986084
109.44384765625	109.9186019897461
100.65067720413208	98.00393581390381
95.95086669921875	90.72471618652344
82.30304145812988	80.46199798583984
87.57835149765015	89.93732213973999
88.63454961776733	86.81222677230835
75.57031059265137	74.5713357925415
108.10190153121948	106.71251058578491
69.95820808410645	65.61250305175781
94.5718502998352	92.70019054412842
99.52130889892578	95.9520492553711
62.914398193359375	65.68485260009766
72.92131233215332	75.04241180419922
82.70130157470703	82.6159930229187
73.64331340789795	77.02609968185425
111.07779598236084	112.21236848831177
76.19428825378418	74.57771301269531
90.92410373687744	89.76858329772949
76.42405223846436	75.29311847686768
90.35157775878906	91.14321899414062
96.26500034332275	94.18345737457275
76.27579307556152	74.77889442443848
79.24342918395996	78.50293827056885
89.4433364868164	88.20276641845703
98.18203926086426	93.45792531967163
74.41059875488281	69.56437397003174
71.67015933990479	70.816969871521
115.3998155593872	115.93642902374268
66.03278160095215	67.76870727539062
90.44813632965088	90.08583068847656
79.57190036773682	79.24458503723145
96.16008996963501	97.22210168838501
82.68133878707886	85.52947998046875
101.55666208267212	105.46068811416626
71.31703996658325	69.46851444244385
79.8232889175415	80.79481983184814
101.97067975997925	102.56040811538696
88.4344482421875	86.2903618812561
67.38085460662842	66.6530065536499
83.15284013748169	83.92819023132324
137.64016437530518	135.83471298217773
147.7620735168457	144.07847213745117
75.99944829940796	74.22170162200928
85.02342128753662	80.0406723022461
88.8200454711914	91.50953674316406
93.71407747268677	90.22759532928467
93.86567687988281	96.6473388671875
88.29597282409668	86.6125545501709
141.13169384002686	139.11230850219727
83.53710889816284	83.1812744140625
109.64207410812378	108.13728332519531
97.65534210205078	95.65541076660156
122.45157051086426	118.03052616119385
88.5997314453125	93.78081798553467
126.49881076812744	123.53052282333374
95.59976482391357	92.37233448028564
69.11718654632568	69.43981981277466
88.21656513214111	90.88739109039307
122.99633169174194	121.41194438934326
80.48156547546387	85.80080223083496
89.36259937286377	92.20770454406738
89.7239351272583	85.96082258224487
79.57794427871704	77.60657548904419
88.86223554611206	88.8716197013855
84.86459255218506	83.80956172943115
85.95867776870728	77.6753830909729
80.6023907661438	78.36954832077026
81.94947481155396	81.40808343887329
149.9835968017578	148.7066822052002
79.33443355560303	78.59906005859375
81.14442682266235	80.60312795639038
102.59311437606812	100.049729347229
115.1433334350586	113.0463638305664
82.46873617172241	76.97381258010864
82.17103290557861	77.73600482940674
89.50684404373169	88.76806735992432
73.71558618545532	73.33892345428467
88.55743551254272	85.01220750808716
94.43073034286499	94.9239993095398
132.965726852417	129.68126249313354
80.66649198532104	80.51245450973511
87.44109344482422	83.97646808624268
111.05087280273438	112.98417663574219
74.95571708679199	76.14194297790527
86.89243125915527	86.35675048828125
86.06428813934326	84.36332702636719
96.04158020019531	97.68513488769531
101.3205680847168	98.32456970214844
80.45790672302246	75.23878192901611
75.4445972442627	75.11938953399658
83.9652795791626	79.8745985031128
95.98467588424683	95.07327651977539
77.97933769226074	72.84285163879395
103.9925684928894	103.94165325164795
88.0800199508667	89.74703407287598
71.55368709564209	69.66071319580078
104.27420330047607	103.84359216690063
73.37775421142578	63.85408973693848
91.59251403808594	86.25282287597656
99.18561458587646	98.21991920471191
94.00904846191406	87.0417709350586
69.65067481994629	73.42692279815674
84.28720951080322	80.55034160614014
85.39507532119751	78.91833972930908
78.74200344085693	79.1787600517273
108.41361808776855	107.96492099761963
85.7154107093811	82.19800472259521
92.39490175247192	83.5110878944397
84.20456886291504	83.85993719100952
100.3624439239502	95.6047911643982
87.92967796325684	85.50911664962769
105.62397480010986	106.68176078796387
85.79665613174438	83.6775574684143
102.47731447219849	107.48218059539795
76.6343994140625	74.3082447052002
98.57716369628906	95.93684005737305
86.5436429977417	84.50316905975342
71.63468313217163	69.38832569122314
88.79582405090332	78.81922960281372
92.71319675445557	90.99237632751465
95.88862037658691	93.25015068054199
103.9596734046936	101.88545083999634
96.93607807159424	95.42476415634155
73.01794528961182	74.13437032699585
88.94905853271484	89.42221355438232
77.41639852523804	75.66153287887573
70.43430519104004	69.63591957092285
76.29942321777344	76.15136241912842
120.84827041625977	119.63278770446777
77.75269556045532	82.40435600280762
103.65775680541992	101.1799087524414
104.96768188476562	104.38671875
114.89945411682129	111.92136764526367
87.8332986831665	84.07763862609863
83.55812072753906	78.28703212738037
78.18545579910278	78.06756019592285
88.19596767425537	85.5616307258606
130.40224075317383	130.01057624816895
86.96948719024658	79.44354057312012
78.95499992370605	81.98603677749634
69.30174350738525	70.00815153121948
100.12474060058594	97.16551971435547
84.87738847732544	78.77037048339844
75.42230701446533	72.98679065704346
107.01858520507812	106.64090156555176
74.63796758651733	69.13099145889282
89.78424119949341	91.42413187026978
83.64770221710205	83.88043117523193
102.9749608039856	106.59534931182861
88.71641635894775	87.33326053619385
67.95510864257812	66.60305786132812
103.21454858779907	97.69970893859863
82.88944721221924	78.76473999023438
90.20307159423828	89.2177963256836
89.56951999664307	85.05978393554688
93.5297155380249	91.9788908958435
92.6296877861023	94.27107095718384
86.97793579101562	85.57654571533203
73.17949676513672	72.33830451965332
71.77187919616699	73.57926750183105
97.14612007141113	93.29544067382812
118.96998357772827	119.39530992507935
81.1743369102478	77.32387685775757
108.92476558685303	113.32950210571289
91.40234470367432	90.1486587524414
78.89830112457275	77.71820735931396
99.00191497802734	95.51268768310547
71.04354858398438	67.5732650756836
91.11107730865479	85.84376049041748
76.12880516052246	74.60696125030518
122.07633590698242	120.74190902709961
102.46640014648438	102.38245391845703
80.73639392852783	80.31445503234863
89.58927154541016	88.56214141845703
78.63009738922119	82.97343444824219
87.32947111129761	84.77590799331665
71.85284614562988	71.16775035858154
108.1849365234375	103.56926727294922
91.36392402648926	89.92386150360107
119.16159439086914	116.99077320098877
89.54958200454712	86.51698350906372
105.48757648468018	104.55727291107178
87.18065118789673	87.62207984924316
66.36968755722046	66.77981042861938
103.25182104110718	101.20832920074463
98.87618780136108	97.53317356109619
111.05827617645264	109.63760662078857
78.92059135437012	74.63268280029297
103.0875015258789	105.10141372680664
82.59058904647827	83.89211893081665
69.73574209213257	67.66396379470825
103.6395583152771	107.52618026733398
80.104248046875	81.2416820526123
90.90754508972168	85.33227682113647
103.67939472198486	100.44352769851685
99.76512145996094	97.98517608642578
92.54228973388672	90.64337158203125
90.13281726837158	86.82283210754395
84.46494007110596	83.37528419494629
92.52252197265625	85.10140991210938
88.89600658416748	89.77849674224854
100.19674682617188	92.93843841552734
63.24373197555542	64.15620946884155
82.28017616271973	80.9465389251709
101.01252317428589	96.64355611801147
97.28660345077515	92.41577625274658
66.01898097991943	63.9259557723999
77.5872631072998	75.57283782958984
91.79531669616699	95.99067735671997
91.94627523422241	91.77534341812134
112.65754842758179	108.35306930541992
106.83919525146484	104.83975982666016
82.14584350585938	80.62991333007812
99.69237518310547	97.4914903640747
101.16574716567993	101.87645292282104
74.40397453308105	71.15194129943848
85.01893520355225	78.91399574279785
117.87934875488281	113.7276840209961
81.13310146331787	77.8535327911377
97.64137268066406	94.14553833007812
79.0589189529419	79.98803615570068
85.49702215194702	82.74476146697998
79.53552532196045	77.52455186843872
113.83121538162231	109.35362482070923
105.94354391098022	104.81232738494873
83.83290004730225	91.4866533279419
73.45521354675293	72.14045906066895
90.16136169433594	89.11572217941284
98.37187385559082	96.82240676879883
108.26786804199219	103.42856121063232
78.74306917190552	82.86131858825684
105.96692228317261	103.10119915008545
63.65597915649414	60.94242811203003
67.77625751495361	67.45924091339111
83.13387870788574	80.6251163482666
100.06824016571045	103.72937679290771
68.36194610595703	65.21901512145996
76.84765338897705	76.85085105895996
99.03534030914307	98.52615547180176
83.32250118255615	83.16020965576172
75.24561882019043	75.11642646789551
72.99405670166016	68.39783477783203
75.63313293457031	74.7242431640625
116.02066707611084	111.82687282562256
78.34140014648438	73.5128002166748
126.09655094146729	126.38458156585693
106.97070121765137	100.87316036224365
73.96371603012085	75.66522359848022
79.51826763153076	79.05784559249878
68.64216613769531	67.85986089706421
92.98074960708618	91.70440435409546
115.78061199188232	115.50076103210449
86.87893772125244	86.76557064056396
137.47256755828857	134.23379611968994
87.26377964019775	90.88912963867188
111.26248931884766	102.38032531738281
95.45990180969238	96.71180629730225
64.4227237701416	63.9506778717041
85.19705057144165	79.53960657119751
91.60715579986572	93.27931547164917
91.7714262008667	90.4898681640625
75.93592643737793	71.80497550964355
82.29867696762085	80.85933923721313
79.77393436431885	77.71227884292603
67.38157367706299	65.21022272109985
66.62374782562256	63.12416219711304
98.19377613067627	94.70907020568848
104.73042297363281	100.61568450927734
90.67660427093506	88.08597326278687
95.27883625030518	97.76430416107178
85.31601142883301	84.12583065032959
87.31359148025513	87.13359260559082
87.10330772399902	84.82612943649292
89.22660827636719	85.93280792236328
71.47185707092285	67.35150289535522
124.20873212814331	123.24835157394409
97.72793483734131	96.54799175262451
111.15704250335693	111.35023832321167
75.29564666748047	76.91249084472656
82.48561954498291	82.90394020080566
73.60019874572754	72.18832397460938
81.78402757644653	80.44058084487915
115.97048664093018	113.52860355377197
98.2939281463623	101.34941005706787
118.95729160308838	119.39603233337402
90.05211448669434	89.12804126739502
89.49496555328369	87.14654731750488
69.68650245666504	71.41763877868652
82.23217582702637	82.15846252441406
90.05304908752441	89.3565902709961
72.20806360244751	70.39386749267578
74.06792449951172	76.5476245880127
94.79623508453369	93.2314567565918
122.19841003417969	119.91921424865723
98.39334678649902	93.13347339630127
107.46982097625732	100.36247491836548
103.63681411743164	102.13481140136719
89.37933301925659	87.24179077148438
89.68829870223999	89.46459531784058
81.70649194717407	81.86501598358154
99.85163116455078	100.88411140441895
93.93920612335205	92.65446376800537
91.7268705368042	85.25530099868774
78.42521953582764	74.23986339569092
92.09317445755005	97.03786611557007
83.60747909545898	83.7349739074707
86.59098243713379	84.61237955093384
89.37455749511719	88.73954010009766
73.86083793640137	72.863525390625
75.41004180908203	72.7614426612854
81.57787132263184	80.06199645996094
81.4789080619812	82.50329732894897
66.35224294662476	70.9254937171936
103.23795318603516	100.42503356933594
116.80331039428711	114.73813819885254
121.15388298034668	117.46197128295898
69.26934242248535	68.20680809020996
97.04973125457764	99.25706481933594
88.81993007659912	87.52377891540527
91.83669471740723	92.83897399902344
97.04976081848145	95.68352937698364
89.99347925186157	91.19479846954346
137.01269149780273	136.87457084655762
97.59062480926514	98.08254528045654
78.75430583953857	77.99528312683105
88.04720211029053	90.06485843658447
82.35297346115112	77.03792095184326
89.23476219177246	86.61909341812134
90.17797231674194	90.75959491729736
92.20275974273682	90.37469911575317
76.62401008605957	75.48478507995605
79.3844895362854	77.11055946350098
88.268141746521	85.66007804870605
107.77853536605835	104.0512809753418
111.53481721878052	108.58547019958496
97.24066925048828	98.30075073242188
70.58178520202637	71.73694038391113
91.1138505935669	85.67506885528564
105.2129373550415	102.49852514266968
87.61972188949585	91.53907299041748
101.63264656066895	98.15764713287354
102.55180358886719	99.573974609375
93.25301170349121	90.91591358184814
82.66846561431885	82.39399147033691
91.42748594284058	89.12729501724243
73.25808906555176	70.09002113342285
117.62442445755005	117.33672714233398
83.23127746582031	80.29150390625
85.12603759765625	85.85657596588135
99.50680732727051	100.66135168075562
76.17767143249512	76.39302062988281
100.8051495552063	101.75598621368408
87.65420246124268	84.91584205627441
69.47977638244629	71.18578147888184
92.75181579589844	90.1935863494873
82.39807415008545	81.83259391784668
74.79542350769043	80.8790807723999
91.19386959075928	93.78200626373291
74.37100028991699	72.30625772476196
102.63882637023926	101.92253351211548
84.23530578613281	81.39668273925781
82.10876941680908	83.48846197128296
76.03798484802246	74.2957820892334
123.05213642120361	119.51733684539795
90.10901212692261	85.19424676895142
81.39166927337646	82.25498008728027
97.73135375976562	86.94990539550781
79.48194217681885	78.5988245010376
88.19141101837158	87.52789115905762
115.83754825592041	110.81689691543579
99.28016662597656	97.36582946777344
98.3270435333252	94.8592004776001
107.90082550048828	107.7124252319336
79.7287130355835	83.55412244796753
94.09130573272705	90.56140422821045
102.72940063476562	105.30477142333984
69.78373146057129	68.00125122070312
78.99744987487793	80.53316831588745
95.26473999023438	94.67491149902344
74.53811597824097	72.39452981948853
133.6719512939453	130.8884620666504
87.05792713165283	88.48462867736816
106.48452758789062	104.94217681884766
84.46502685546875	84.99845123291016
81.18598556518555	79.86732864379883
82.52258491516113	69.95979881286621
98.46826934814453	94.95550537109375
91.39057636260986	90.3029146194458
113.59138917922974	111.47729635238647
89.5718822479248	93.00616836547852
77.77328205108643	78.26038932800293
82.37349128723145	83.52476692199707
108.97924661636353	104.83243894577026
83.43593502044678	83.03007793426514
156.67354202270508	156.22259902954102
86.77735090255737	85.57032823562622
88.32037925720215	87.49248313903809
97.26138353347778	96.08558893203735
130.4213523864746	129.11831140518188
94.32376861572266	96.00067901611328
83.46740865707397	83.44587993621826
85.74793720245361	85.14451885223389
91.4478530883789	92.55038452148438
98.63543558120728	94.95993232727051
72.58283948898315	71.1897521018982
86.97820568084717	87.55480766296387
83.11093425750732	82.82414531707764
109.23776435852051	106.04584121704102
79.2685546875	66.51942443847656
98.03663635253906	100.52306365966797
102.81394243240356	103.60254764556885
68.37570190429688	69.4775619506836
84.65448236465454	80.98445224761963
87.73492431640625	83.88772392272949
83.07136344909668	84.90242958068848
85.39304256439209	85.40877056121826
112.72660160064697	111.50228691101074
119.44800567626953	121.42822265625
78.14084482192993	75.93422842025757
98.30570793151855	98.63189029693604
70.6580057144165	73.86463832855225
101.37967872619629	98.53324842453003
90.73959350585938	92.77307796478271
83.6304988861084	77.58810997009277
106.10747337341309	105.97193956375122
76.23509740829468	80.0044584274292
81.11201477050781	79.68736267089844
114.75420999526978	110.25034952163696
133.07201719284058	122.60702848434448
75.28160285949707	79.46162509918213
116.07520008087158	113.41864585876465
92.96225309371948	94.17742252349854
110.93450546264648	111.92312240600586
88.78813362121582	86.71890068054199
92.275399684906	92.68564796447754
102.04684162139893	93.30725574493408
91.51295900344849	92.65894174575806
83.36982536315918	86.856520652771
85.96734380722046	82.09414529800415
73.97267866134644	74.26943778991699
98.1933217048645	97.78868293762207
102.40502738952637	93.2531156539917
82.22280979156494	73.59902095794678
78.45698547363281	75.36538124084473
74.48936462402344	72.64169311523438
89.63940143585205	88.01583957672119
103.57908582687378	108.20838451385498
57.056357860565186	62.105605602264404
88.35546684265137	86.32823753356934
101.13519239425659	100.79719829559326
138.33227157592773	138.81423473358154
75.3460693359375	71.6650128364563
100.2964096069336	103.71492004394531
95.0661563873291	94.86934661865234
87.02394676208496	77.38290596008301
108.56032848358154	109.11010408401489
78.72418785095215	77.93859100341797
74.93841361999512	75.79087257385254
101.76717567443848	104.64972496032715
75.32103633880615	77.4984359741211
79.84715557098389	79.56780910491943
100.18205261230469	101.9295425415039
85.50157928466797	84.2284927368164
103.59780406951904	94.78152465820312
112.11368322372437	113.17987155914307
79.19320106506348	76.98568725585938
85.97817945480347	82.54678153991699
88.28018188476562	85.86349725723267
77.56411170959473	76.29306221008301
80.10853385925293	74.25196838378906
93.58810424804688	93.34919738769531
130.08702278137207	128.6407356262207
73.86916923522949	75.19500160217285
98.9337158203125	98.32064819335938
85.4858021736145	89.27030086517334
67.22620582580566	70.63165283203125
61.04136085510254	60.3024845123291
94.59208679199219	92.1970443725586
83.53159809112549	87.19673109054565
124.6944670677185	120.88744926452637
68.59795570373535	69.61388444900513
113.94369268417358	122.02249240875244
110.40395736694336	105.85678291320801
82.45978832244873	87.03030109405518
113.27686309814453	109.7587776184082
122.18731880187988	119.62167739868164
106.44989156723022	105.99610471725464
99.50299072265625	97.40396118164062
74.32919120788574	78.02916240692139
90.22438955307007	89.32043743133545
87.01125431060791	86.84562015533447
89.50104522705078	88.92547607421875
100.70123291015625	98.216477394104
85.77529907226562	88.68594360351562
95.4612135887146	92.60229158401489
78.93938493728638	79.26254510879517
87.06852722167969	84.59600830078125
102.85545873641968	101.14942932128906
78.48648834228516	79.62466621398926
77.86340141296387	80.20700693130493
77.88554096221924	72.49709987640381
72.51102542877197	68.92393398284912
103.2970199584961	101.15901184082031
119.55373764038086	118.97241592407227
80.06605052947998	78.16969442367554
69.62775135040283	68.53239631652832
68.30547332763672	68.22233581542969
83.14832496643066	84.32001399993896
82.1261191368103	83.47210741043091
81.15761375427246	81.0291543006897
101.46261596679688	103.63618469238281
91.86479330062866	90.45652627944946
114.0596923828125	112.50114440917969
92.33821392059326	92.10308790206909
103.09361457824707	97.39581394195557
78.48973035812378	79.0545973777771
89.04614210128784	87.84746646881104
85.70480871200562	84.76906871795654
81.83699989318848	83.76371955871582
98.25691509246826	104.92835187911987
77.24334573745728	79.17843866348267
75.04182481765747	69.49730825424194
96.40018272399902	92.99064493179321
94.20368576049805	89.55523204803467
96.25522041320801	91.28154182434082
91.36595726013184	91.43683528900146
105.66224670410156	105.81895637512207
83.20272541046143	78.63740062713623
89.38602447509766	90.44984722137451
109.19825267791748	112.18514776229858
91.72252941131592	89.42997789382935
101.70964288711548	101.98681926727295
114.69214963912964	116.20292520523071
159.51427698135376	158.11996603012085
74.1232852935791	73.1084976196289
112.52421379089355	113.05913782119751
67.24630880355835	60.952178955078125
89.03716468811035	87.71027851104736
72.14478921890259	72.84259128570557
87.27223348617554	90.36093473434448
96.13641405105591	93.56967306137085
86.64022922515869	86.00993156433105
90.17211055755615	88.81967639923096
89.4766206741333	92.20279121398926
88.21071338653564	85.14015865325928
109.5020866394043	107.29464530944824
107.53205728530884	110.31042766571045
81.58087348937988	81.72076606750488
92.13320827484131	89.65184211730957
91.0880970954895	88.7518572807312
71.48000478744507	70.53292751312256
84.2695484161377	84.88244819641113
81.95714378356934	79.17041110992432
84.63479423522949	80.67663288116455
94.88617134094238	91.38401937484741
96.20931625366211	95.87723445892334
126.87524700164795	124.9004487991333
94.38102531433105	90.88214015960693
134.8467984199524	132.28280878067017
73.9512243270874	71.20744371414185
113.3885407447815	112.12094306945801
101.41505432128906	106.91599988937378
90.0431957244873	80.05711269378662
102.07381439208984	100.02303314208984
112.30026245117188	103.43934631347656
88.50700378417969	90.21069145202637
73.77060747146606	74.35661888122559
122.18149375915527	117.724853515625
74.08032989501953	70.03828239440918
99.355788230896	97.51811027526855
79.75860118865967	79.4541482925415
81.78463554382324	80.05484294891357
87.51672267913818	86.54834270477295
76.03345584869385	76.45260429382324
77.99055290222168	80.49767875671387
106.19845390319824	103.92011404037476
89.08915090560913	85.60925912857056
86.77685260772705	89.3121976852417
90.89160633087158	90.6061601638794
70.30567359924316	74.60240364074707
111.72949075698853	111.12857580184937
81.9067153930664	82.46676063537598
99.9993782043457	101.49095249176025
99.92129468917847	99.06979179382324
70.12385559082031	65.24913024902344
89.40525770187378	86.77261590957642
103.74100685119629	99.0390944480896
68.18195343017578	63.523332595825195
103.47854089736938	108.41984987258911
105.48585510253906	107.41207885742188
73.63987684249878	76.22632026672363
81.61820983886719	83.3976058959961
84.38326835632324	82.90825080871582
90.63859272003174	94.70146465301514
119.43388366699219	123.2424488067627
97.8778624534607	92.75407075881958
76.90991163253784	73.44013452529907
97.82514190673828	90.44403839111328
78.49420309066772	77.43385076522827
97.62926483154297	92.65225219726562
105.15414428710938	101.67959594726562
94.90643262863159	94.9747109413147
95.42813110351562	97.83568572998047
84.42868041992188	82.28502655029297
70.8575177192688	72.4910831451416
82.34393405914307	79.37149000167847
97.93921661376953	95.49956512451172
90.96967220306396	92.22111940383911
89.62875556945801	89.65185832977295
88.48467302322388	89.72519969940186
95.41293334960938	97.93456268310547
94.75190830230713	92.26022911071777
90.58755397796631	86.31977939605713
79.66108989715576	79.24490308761597
93.113037109375	90.02989196777344
88.06561231613159	86.77661418914795
118.0196475982666	109.07586097717285
67.82008266448975	62.08602285385132
177.3407506942749	180.48133850097656
70.92929363250732	74.89181423187256
137.3445701599121	133.66437911987305
111.19075012207031	104.15399169921875
84.64112997055054	81.45006275177002
93.98688220977783	101.30524635314941
66.8887996673584	66.39192819595337
81.31361961364746	83.89630794525146
96.13009643554688	94.24942588806152
101.12901449203491	99.72963094711304
105.96734189987183	99.38155031204224
64.66685342788696	69.71833562850952
101.49613189697266	100.803466796875
77.16972351074219	77.0617036819458
80.64773797988892	83.45585346221924
97.09014415740967	95.32101631164551
97.23393249511719	92.76158905029297
62.99445056915283	68.30267810821533
82.7281494140625	81.50567436218262
89.28158187866211	86.44244718551636
92.30004787445068	89.27786350250244
97.25788021087646	97.57804107666016
101.08113861083984	97.93716144561768
70.53860282897949	70.10008764266968
78.16701030731201	77.5982255935669
77.26040649414062	75.38273334503174
89.44911003112793	90.62464427947998
103.78977489471436	102.78364562988281
83.95545291900635	88.53506374359131
69.08550453186035	67.84252738952637
94.92006540298462	97.55460977554321
98.61277770996094	98.16841888427734
91.20681524276733	90.72693586349487
104.94878387451172	94.25977325439453
129.4086570739746	124.79715347290039
90.25208282470703	90.93281555175781
98.83150577545166	97.83809280395508
103.3528003692627	106.84991788864136
104.26579284667969	103.97093200683594
115.04492282867432	115.1806640625
114.25308990478516	106.0319595336914
93.46224927902222	89.88919258117676
83.70546054840088	78.38044738769531
66.05410194396973	67.44861030578613
92.8087387084961	92.41207885742188
97.22964191436768	97.70306301116943
81.72212409973145	80.87368679046631
101.97216510772705	101.2544846534729
97.55895137786865	97.56533002853394
93.7159423828125	93.673583984375
80.5247368812561	77.67912101745605
121.32633018493652	117.23741626739502
112.77859497070312	111.40829467773438
94.38194942474365	87.04022789001465
95.59098243713379	95.63888311386108
75.64958381652832	76.6962718963623
70.09162616729736	73.74620246887207
88.6062741279602	87.31077432632446
77.41951560974121	72.22910499572754
71.99622344970703	70.04246520996094
77.34244537353516	78.59129333496094
74.29675006866455	77.92333221435547
69.08188390731812	73.49542045593262
80.71640014648438	82.09153842926025
99.33157730102539	96.5151515007019
83.98805284500122	83.39604091644287
102.99675846099854	106.65284729003906
100.17667007446289	87.66610050201416
80.4459400177002	83.81116676330566
71.81405353546143	67.59103965759277
132.82827377319336	132.1215057373047
83.3058214187622	83.23446035385132
74.05940437316895	72.22091102600098
83.82377433776855	85.01908206939697
80.04529047012329	80.36142110824585
100.47372150421143	100.321702003479
83.76603984832764	84.99912786483765
107.21264934539795	105.51998233795166
91.24295043945312	90.90420532226562
119.57515811920166	117.95187664031982
90.47562408447266	87.61308526992798
85.1273422241211	82.03307247161865
83.13353681564331	77.69016742706299
101.8119249343872	99.74116516113281
73.56497192382812	75.71887302398682
77.980055809021	77.11513996124268
122.6968879699707	120.0615587234497
85.90665245056152	85.75203609466553
101.37016296386719	100.16245651245117
104.7092080116272	102.20839500427246
77.25112056732178	80.43458461761475
67.74822235107422	68.30462837219238
86.46719360351562	89.18145751953125
118.26737880706787	122.31696653366089
95.57621955871582	87.91380643844604
72.67479419708252	70.17543125152588
100.29365730285645	98.92652988433838
91.76238059997559	89.22096729278564
86.81326103210449	78.2838191986084
102.86120653152466	91.53064727783203
77.60980701446533	77.76945686340332
110.27249050140381	108.63298892974854
77.96110725402832	78.41482543945312
96.81110143661499	92.25907802581787
78.75823974609375	74.72541046142578
82.14262676239014	84.94679069519043
75.26585245132446	75.34208011627197
93.69085311889648	92.80858707427979
86.36624336242676	88.7830810546875
70.06477546691895	75.58355712890625
100.21533679962158	98.87467861175537
90.58085823059082	88.92019939422607
87.38005447387695	83.77128982543945
91.718909740448	91.07136011123657
101.7749195098877	97.88318824768066
85.80730676651001	75.07575273513794
95.24817657470703	96.59133911132812
91.08671617507935	90.43660831451416
73.774094581604	73.69990825653076
79.17485570907593	68.02445363998413
79.72261905670166	75.28996086120605
82.483633518219	74.97345733642578
82.48748922348022	78.90311527252197
105.86589813232422	106.15336608886719
90.10639476776123	94.31108379364014
125.38912630081177	124.80925607681274
105.71334600448608	102.92368412017822
85.48487854003906	89.32020807266235
113.67051887512207	113.58119773864746
86.66999816894531	85.341796875
105.93447589874268	99.55841445922852
64.22014045715332	63.10644721984863
108.46780824661255	107.3868989944458
83.65392398834229	85.025390625
115.09782028198242	113.53811359405518
82.20691108703613	77.64047241210938
116.27874755859375	108.22167491912842
70.92075538635254	70.34906005859375
94.88558292388916	99.51396703720093
80.56274223327637	75.74515008926392
66.2471694946289	65.48995971679688
69.74247550964355	70.09261322021484
81.33216619491577	83.83501768112183
86.89444541931152	88.00487995147705
91.39205932617188	90.24781799316406
60.27878379821777	66.20686340332031
87.11731195449829	89.84092712402344
102.46143913269043	103.46597957611084
83.88377666473389	82.63287305831909
89.76182842254639	92.06827926635742
91.45229530334473	90.00511026382446
111.43128824234009	111.30358552932739
104.74094009399414	95.58464241027832
89.16973114013672	81.5417127609253
74.31621551513672	71.66607141494751
67.8863115310669	66.67030143737793
92.48539972305298	93.70426893234253
78.90944480895996	75.4771499633789
93.26016521453857	91.45686626434326
67.21408653259277	63.48664855957031
108.48187208175659	109.87044095993042
76.43695831298828	74.17667198181152
91.66686058044434	88.5810399055481
76.04652118682861	75.06649017333984
99.71582794189453	99.17882537841797
83.78573369979858	76.19018030166626
74.23606300354004	72.6868257522583
97.05425024032593	100.7149109840393
81.19996881484985	81.16755485534668
70.08421182632446	66.25164985656738
93.27508544921875	96.25946044921875
114.56966829299927	113.6170163154602
86.35478210449219	87.1016616821289
100.72885751724243	98.36695432662964
93.75800371170044	95.08389472961426
73.53876686096191	67.65070152282715
79.99401330947876	76.1963791847229
80.25298500061035	80.34575080871582
82.33810615539551	79.7221450805664
73.14070796966553	72.37698078155518
113.10223817825317	109.16051006317139
67.89275550842285	67.59555912017822
84.48582172393799	84.19763803482056
131.01682662963867	128.7621307373047
93.19681549072266	92.27964782714844
71.41367435455322	70.60183763504028
80.15647888183594	78.77126884460449
86.22622585296631	84.25080013275146
90.58437538146973	89.90673065185547
70.30941009521484	73.99364948272705
97.2705888748169	95.19998359680176
78.82903289794922	77.68619728088379
104.5481071472168	101.92376804351807
83.32044410705566	82.82917213439941
98.69829940795898	90.95470809936523
97.39502811431885	94.00542306900024
97.01416015625	93.11547088623047
85.49256134033203	83.15121459960938
117.0948166847229	116.26923751831055
80.7392430305481	78.38176441192627
109.78645706176758	108.25034236907959
98.56887817382812	97.86532402038574
89.29181671142578	92.42506408691406
85.80812931060791	87.87940979003906
102.31552696228027	106.11485290527344
65.89753007888794	64.14319658279419
70.33149147033691	70.73378562927246
86.03891611099243	92.97310447692871
76.61121273040771	80.99658679962158
104.17486953735352	92.21415710449219
94.22466278076172	92.38763809204102
74.30271339416504	73.17183876037598
98.2698974609375	97.642822265625
94.3945484161377	92.39960289001465
65.7443904876709	64.00611305236816
99.83489847183228	97.61811971664429
79.21434259414673	83.0819993019104
91.29248142242432	88.82620096206665
80.88198852539062	79.55764961242676
91.6203761100769	98.66079568862915
93.7959451675415	90.65297603607178
104.88192749023438	104.77245330810547
79.73390007019043	74.34038543701172
133.3421802520752	133.44125747680664
84.38525676727295	84.30092811584473
80.72338104248047	81.861328125
110.80760478973389	116.9179630279541
77.64413452148438	80.9326400756836
91.70022583007812	88.94715929031372
76.05163383483887	78.63215351104736
74.11778402328491	71.8331127166748
109.82279968261719	104.6438980102539
73.77002477645874	71.95034885406494
103.50445032119751	94.56188678741455
95.0764045715332	93.36651992797852
87.67315864562988	87.43172454833984
93.2815146446228	92.1850848197937
70.06255149841309	69.32555866241455
96.14512825012207	87.11995792388916
73.3011474609375	76.29923105239868
113.77579307556152	111.79882907867432
85.77160930633545	83.9673490524292
80.61424255371094	78.73942136764526
74.47738552093506	70.25692176818848
114.10350799560547	112.36421966552734
80.39059925079346	81.54354190826416
92.12789630889893	92.75186920166016
82.64263916015625	80.82855033874512
76.27487182617188	80.65848541259766
83.98962593078613	84.88087463378906
92.86964511871338	90.10369110107422
103.36496114730835	102.50781297683716
83.66395044326782	83.3205943107605
70.93531036376953	67.83814430236816
96.80413484573364	93.01290035247803
109.84558391571045	116.73187637329102
86.12951517105103	86.20945930480957
69.54196357727051	68.22241067886353
75.26670789718628	74.72181987762451
110.73790740966797	112.10645294189453
76.71362113952637	73.25292205810547
105.6257472038269	105.07684183120728
100.93777370452881	104.11952590942383
81.40331363677979	80.6271824836731
107.0019178390503	105.08722400665283
84.90722465515137	83.73256874084473
86.58596706390381	83.64933109283447
93.72986555099487	94.35444831848145
104.8551893234253	104.62670803070068
125.14765548706055	124.02827453613281
95.35447883605957	92.9025468826294
99.57197427749634	97.85541772842407
100.60855722427368	96.14708185195923
74.49968719482422	72.75575065612793
70.48408365249634	68.51401042938232
70.058753490448	71.6471118927002
124.28969049453735	123.98979377746582
119.35827302932739	118.7263536453247
88.5857105255127	82.44853019714355
85.46160221099854	86.10595607757568
114.26355266571045	104.47767639160156
92.192391872406	89.25509071350098
99.77836847305298	99.43294286727905
91.17158031463623	93.72981548309326
100.13936138153076	93.05830478668213
103.87472009658813	103.71807527542114
81.47121715545654	81.7351016998291
95.71997261047363	93.5166826248169
166.74244117736816	167.59815979003906
104.43318176269531	101.8533935546875
74.25052642822266	79.55087900161743
76.46385478973389	75.05844402313232
94.96283769607544	94.99636173248291
89.91127014160156	89.91057586669922
80.25723028182983	86.7139573097229
90.36398410797119	92.80530834197998
101.30436515808105	103.58211421966553
103.44478368759155	99.39593553543091
86.38291835784912	84.7833423614502
82.82495641708374	79.90296411514282
80.67285919189453	78.22549438476562
65.07616424560547	65.00514793395996
84.47571849822998	85.8158826828003
111.1450252532959	106.64523124694824
82.63223934173584	79.2414379119873
86.40408611297607	83.28170871734619
83.47207021713257	85.1791558265686
66.0630111694336	59.34686851501465
85.66255187988281	83.31767463684082
107.26832103729248	105.5753264427185
81.51333427429199	85.41473197937012
88.64880323410034	84.64016675949097
80.81795310974121	84.0051097869873
75.95884418487549	72.91094017028809
70.33000373840332	67.67423915863037
109.9731273651123	110.73164749145508
75.6163558959961	76.23700046539307
102.29743385314941	104.24117851257324
75.52509498596191	74.65898895263672
90.37520170211792	93.84149122238159
84.92048978805542	83.58459234237671
77.14498901367188	79.46158790588379
97.95845031738281	89.28643798828125
82.6117582321167	82.94032382965088
74.67029476165771	80.94426488876343
97.94178009033203	102.96599578857422
81.75821542739868	76.8655424118042
87.81840515136719	85.41894435882568
91.2561936378479	90.12153768539429
70.21313667297363	63.613786697387695
95.10014533996582	95.11358499526978
77.44125127792358	80.00992584228516
99.96575117111206	94.61356401443481
75.63655805587769	74.50712776184082
93.70272874832153	91.17522954940796
90.95536470413208	89.99034214019775
90.01446342468262	91.51893711090088
89.3155288696289	88.7881851196289
89.02317810058594	86.80224609375
95.60441827774048	97.7844352722168
78.33404541015625	72.42377614974976
70.63466691970825	71.8693790435791
103.3835220336914	99.73320007324219
72.69195556640625	71.34858512878418
81.78128814697266	78.14188385009766
102.45346260070801	103.26061630249023
91.35028123855591	90.04345178604126
78.14423561096191	74.1779236793518
88.39476680755615	85.24521541595459
68.97500610351562	62.54417610168457
113.79409551620483	104.26299285888672
72.07639074325562	71.3151307106018
80.65210819244385	80.00699043273926
103.45175170898438	100.82611846923828
80.74302959442139	82.94460868835449
85.92060089111328	86.09199523925781
86.98530578613281	86.69020175933838
81.0741195678711	81.6733627319336
70.9129090309143	70.10871887207031
93.2481689453125	91.23787689208984
122.21114587783813	124.94196510314941
97.23039245605469	96.50846862792969
88.31240844726562	88.59501838684082
