46.93173551559448	47.83074331283569
29.91034984588623	33.27849197387695
38.671242237091064	41.849966526031494
36.57154369354248	40.784912109375
37.41945934295654	42.142510414123535
35.49353313446045	40.192362785339355
38.184593200683594	44.820587158203125
39.3627233505249	43.82432270050049
27.373785972595215	30.270822048187256
38.26325225830078	41.000328540802
39.13829565048218	43.74203586578369
35.38952350616455	38.132503032684326
41.08957290649414	43.307926177978516
35.63856601715088	39.14445400238037
39.47585391998291	41.33397674560547
40.68753671646118	44.06898593902588
37.595420837402344	40.19227695465088
34.297614097595215	37.23469161987305
39.4969220161438	42.3716139793396
33.53340148925781	37.16895341873169
44.02157735824585	47.72621440887451
28.36117458343506	32.88584518432617
32.244155406951904	34.44398880004883
37.084227561950684	40.03670024871826
31.166329383850098	33.655242919921875
38.11991214752197	40.10285568237305
34.270955085754395	39.59801387786865
34.499053955078125	37.330482006073
37.01772212982178	38.676390647888184
31.68870449066162	34.85011577606201
45.69938278198242	47.211607933044434
41.2798376083374	46.49102783203125
45.13609313964844	49.010948181152344
37.84458780288696	41.227919578552246
40.84752035140991	43.13441514968872
41.919960021972656	44.396385192871094
35.79091262817383	38.06526708602905
39.34160900115967	46.2773323059082
29.661721229553223	33.31065273284912
40.113593101501465	42.20258331298828
33.55690097808838	32.918243408203125
28.62858533859253	31.68600082397461
30.836371421813965	32.184654235839844
38.948678970336914	43.28072547912598
50.47364044189453	52.80460166931152
35.10008239746094	38.663909912109375
36.43601703643799	39.24276638031006
40.609721183776855	44.269564628601074
34.573044300079346	37.54074239730835
39.62859392166138	44.9356746673584
37.27223491668701	41.01647615432739
45.44675302505493	47.57177495956421
38.512298583984375	39.603089332580566
36.593533515930176	40.17582035064697
26.792967796325684	33.49631595611572
38.926979064941406	40.14998245239258
34.98833084106445	39.54233694076538
38.44519901275635	41.73894262313843
43.644206523895264	45.984220027923584
34.222800731658936	36.892971992492676
43.26958513259888	45.08428955078125
33.24759006500244	33.79712390899658
38.40238952636719	44.0040807723999
30.527169704437256	32.48979568481445
38.46668481826782	43.314616203308105
35.62458038330078	36.19119882583618
36.057984352111816	38.65140438079834
39.36036014556885	42.60478353500366
33.49954843521118	37.223665714263916
37.76985549926758	42.12444305419922
35.60335063934326	38.943328857421875
33.506134033203125	35.220038414001465
36.89026737213135	39.68910884857178
37.056427001953125	41.133599281311035
29.846525192260742	32.63137102127075
32.05956697463989	35.940680503845215
38.051246643066406	37.61522674560547
40.002811431884766	41.929741859436035
38.84468746185303	39.182125091552734
31.773133277893066	36.643524169921875
38.35731887817383	41.881446838378906
34.647743225097656	35.920509338378906
42.624573707580566	43.92936325073242
39.03688144683838	40.902099609375
43.67303466796875	46.49173450469971
42.28166198730469	43.19661998748779
28.656649589538574	32.95712184906006
31.784111976623535	36.52697420120239
30.336430072784424	33.025145530700684
27.09037685394287	30.22309398651123
35.647644996643066	37.72845697402954
40.29797554016113	45.34012794494629
41.07334041595459	46.333502769470215
40.648258209228516	43.49418640136719
42.104888916015625	44.03599452972412
32.99401044845581	36.92124128341675
31.413028240203857	33.845226764678955
36.413580894470215	39.00711536407471
44.04041385650635	44.08926010131836
33.40267896652222	36.06433868408203
36.14110851287842	41.08034133911133
31.50287628173828	33.841423988342285
34.02960205078125	38.187140464782715
41.19460201263428	44.485313415527344
32.023911476135254	30.515737533569336
30.7593412399292	33.15044689178467
39.445435523986816	42.29675912857056
24.28873062133789	25.582852363586426
42.72383499145508	46.5969877243042
31.371207237243652	34.91355895996094
41.49840307235718	45.19250965118408
35.11240243911743	37.270122051239014
37.77583408355713	41.20535945892334
37.14326477050781	38.9822301864624
40.2224235534668	42.98416757583618
33.43285322189331	39.01614427566528
39.65822982788086	43.227078437805176
29.524083137512207	31.98460865020752
35.76554203033447	38.162715911865234
31.72875690460205	30.12218475341797
29.75918197631836	33.304633140563965
38.6057767868042	42.12173366546631
38.82066822052002	43.18096160888672
33.38302230834961	36.83664608001709
38.57859659194946	42.71563720703125
43.131741523742676	44.5305552482605
45.22623538970947	46.276145935058594
32.83200740814209	36.912925243377686
42.87456941604614	42.750367641448975
41.714192390441895	44.53268480300903
31.47516918182373	34.31447696685791
31.635196208953857	34.558067321777344
35.888465881347656	38.18976974487305
27.378642082214355	32.164504051208496
35.152119636535645	39.07817077636719
42.66635036468506	41.69186544418335
33.477742195129395	36.334229469299316
34.96004390716553	35.01171112060547
32.738616943359375	36.38038158416748
34.703006744384766	35.83756637573242
31.80781602859497	34.95077610015869
37.00699710845947	40.09353733062744
40.84005260467529	42.842926025390625
45.48231506347656	46.72437286376953
38.7065167427063	42.42975616455078
36.25308275222778	39.44349765777588
41.32030963897705	46.34396839141846
48.335670471191406	47.72928237915039
36.17361497879028	37.38750457763672
37.168227195739746	41.66727542877197
40.70050048828125	45.00780487060547
31.044631004333496	33.00874710083008
28.306326866149902	31.383321285247803
34.588491916656494	38.278746604919434
44.737443923950195	47.20189619064331
42.94312906265259	45.80780076980591
32.647318840026855	36.03096008300781
29.596701622009277	31.361598014831543
35.12582063674927	36.10724496841431
31.230700492858887	34.830307960510254
34.35620069503784	36.35265350341797
31.709067821502686	36.77229642868042
40.328370094299316	45.24399662017822
33.84188175201416	37.51126956939697
46.08271360397339	43.656700134277344
42.05483150482178	44.09535884857178
37.19835376739502	41.861294746398926
41.00195789337158	43.45941925048828
37.48910665512085	39.642860412597656
36.07888698577881	38.36461544036865
36.97946262359619	39.34721374511719
35.064544677734375	37.174198627471924
37.876384258270264	41.11913537979126
32.60087251663208	34.22344207763672
32.192524909973145	39.579360008239746
31.489285469055176	34.16469669342041
37.08845233917236	41.16667985916138
38.10812187194824	43.25085639953613
31.742355823516846	36.14078998565674
30.479109287261963	33.2401704788208
40.50918483734131	42.907981395721436
40.25104522705078	43.29555416107178
37.642181396484375	41.25627422332764
39.268195152282715	41.47408390045166
35.54508876800537	36.96628475189209
41.210686683654785	43.50875186920166
38.657957553863525	40.650710105895996
36.06767749786377	37.94387340545654
32.81990051269531	35.702736377716064
35.567885398864746	40.44865036010742
36.070770263671875	39.07841777801514
39.13795185089111	40.5924711227417
45.19686555862427	49.43315410614014
32.77708339691162	29.913554191589355
32.176105976104736	35.64823865890503
36.107726097106934	40.366241455078125
26.422150135040283	25.512089729309082
37.3597936630249	41.88607883453369
36.181809425354004	43.493775844573975
36.32406568527222	39.00686740875244
29.138267040252686	31.246105670928955
33.3831262588501	36.92932844161987
37.55251169204712	41.63049554824829
39.08991003036499	41.682486057281494
42.512481689453125	47.26033067703247
36.95839977264404	39.73493957519531
36.7215576171875	41.353607177734375
42.219295501708984	47.118568420410156
41.95964813232422	43.306007385253906
34.07750368118286	37.69828796386719
22.193419933319092	28.09657335281372
31.415390968322754	33.38335418701172
43.52920055389404	47.291800022125244
30.148751735687256	34.72883224487305
36.49592685699463	39.4042854309082
36.99866008758545	42.13984680175781
29.712809562683105	33.34130382537842
39.88425350189209	44.03224468231201
41.83238124847412	43.551100730895996
37.55918025970459	40.05428409576416
37.15697479248047	40.70199680328369
43.02473068237305	46.227898597717285
34.190101623535156	39.202377796173096
33.075965881347656	34.573622703552246
45.12550163269043	47.90805959701538
30.938348293304443	33.74765491485596
33.079421520233154	36.154866218566895
34.618011474609375	38.30130672454834
35.94011688232422	40.0494384765625
44.04357147216797	46.13082218170166
33.3372802734375	36.68804168701172
38.959296226501465	40.06010913848877
33.991618156433105	35.60446262359619
32.69129276275635	35.242332458496094
33.397467613220215	35.323662757873535
36.701988220214844	39.82677936553955
40.02216053009033	43.77392578125
43.07632303237915	47.26121520996094
44.70371675491333	49.002296447753906
43.22915029525757	47.95651149749756
39.11802577972412	40.73137378692627
43.35854244232178	48.19440412521362
39.06040668487549	40.581990242004395
35.101043701171875	36.09683084487915
30.55856704711914	34.46199893951416
37.12897491455078	37.59791564941406
42.56257247924805	46.11268615722656
34.21079921722412	36.86407470703125
34.61608600616455	36.13850498199463
43.79517459869385	48.67307662963867
43.44645023345947	47.61061763763428
40.79301309585571	44.1895227432251
38.2281379699707	41.873321533203125
36.95901012420654	40.83176565170288
38.78830099105835	43.62735366821289
44.89186191558838	46.98370170593262
44.093292236328125	44.95607233047485
39.02347183227539	41.630656242370605
34.791767597198486	36.62646532058716
41.75379180908203	45.83910655975342
36.9339394569397	39.19683504104614
34.65483474731445	37.42372512817383
35.39058303833008	36.4238977432251
31.87056255340576	34.99080276489258
33.593316078186035	37.89759922027588
40.962646484375	43.747596740722656
36.318732261657715	39.005112648010254
31.531174182891846	33.39463472366333
34.11948251724243	37.95187330245972
32.97274875640869	37.98819065093994
43.269752502441406	46.836273193359375
34.52460193634033	38.903326988220215
33.759751319885254	37.172534465789795
32.069000244140625	37.86716938018799
35.2023811340332	37.912376403808594
31.501147270202637	27.734639167785645
38.40790510177612	39.296653747558594
43.92844247817993	49.31854963302612
44.947086811065674	47.49204158782959
34.47197437286377	39.573140144348145
37.68533420562744	41.94100856781006
45.41399335861206	47.16510820388794
40.527771949768066	42.811431884765625
50.038992404937744	54.30581569671631
39.48741912841797	41.11265993118286
38.849961280822754	42.548604011535645
39.27168273925781	42.16204833984375
30.749802589416504	33.66229248046875
33.314085960388184	38.13683223724365
36.634846687316895	39.48298358917236
32.544270515441895	36.15330791473389
34.93751525878906	38.033804416656494
26.836247444152832	31.105875968933105
37.97629117965698	42.85348892211914
40.4241943359375	43.868927001953125
37.195223808288574	39.19856929779053
31.80976390838623	34.72207546234131
44.78674507141113	48.7873477935791
32.53627395629883	29.322604179382324
33.39890670776367	36.307594299316406
40.01710510253906	44.952406883239746
34.43954944610596	37.41495609283447
32.98874378204346	34.247939586639404
38.18415832519531	42.44255018234253
43.26840353012085	45.99300527572632
38.05591106414795	43.0234112739563
45.03749084472656	47.70650768280029
41.465088844299316	44.51300525665283
34.90861892700195	36.99118375778198
40.019843101501465	43.612664222717285
33.9495849609375	34.970375061035156
34.70500659942627	38.16411209106445
31.588773727416992	34.12731885910034
42.70787334442139	45.72033214569092
39.988815784454346	42.9419641494751
34.77255153656006	38.29254198074341
28.658275604248047	32.55676984786987
38.28499889373779	39.142544746398926
36.786826610565186	39.273385524749756
31.294121742248535	33.33283185958862
33.4740571975708	36.700950145721436
36.87857437133789	41.07909679412842
29.28559112548828	35.87468719482422
37.490761280059814	41.05384683609009
43.528616428375244	43.59141492843628
40.48055362701416	42.93535137176514
40.32654047012329	42.49890995025635
32.10792112350464	37.721487522125244
34.801337242126465	37.213501930236816
33.03026103973389	37.542792320251465
30.489208698272705	34.812564849853516
36.52591943740845	39.02242183685303
33.69817113876343	36.507691383361816
34.34609317779541	35.377989292144775
38.41946744918823	43.18946313858032
36.29085445404053	42.33255100250244
35.50822734832764	38.948471546173096
26.686832427978516	31.246366024017334
39.23254346847534	41.3577356338501
29.581820964813232	32.981014251708984
37.08963060379028	40.74856615066528
32.172133922576904	35.445289611816406
37.13060760498047	39.77485656738281
39.78515625	41.63935422897339
35.67475891113281	40.88679599761963
26.993873119354248	25.69802761077881
38.31008577346802	41.13730001449585
35.954569816589355	39.15604305267334
40.42803955078125	42.40915298461914
32.843565464019775	36.51207733154297
36.02843761444092	39.96110439300537
34.143181800842285	35.514344215393066
41.15426731109619	44.1313362121582
38.01514148712158	42.792386054992676
33.546173095703125	36.7157096862793
35.62304162979126	36.19115209579468
31.967482566833496	35.38717746734619
35.392075538635254	35.7533597946167
36.58171463012695	41.3743371963501
33.258559703826904	35.50178527832031
40.57480716705322	42.07738494873047
38.53813934326172	42.508888244628906
27.78117084503174	31.022892951965332
41.34695100784302	44.36740064620972
29.975831508636475	32.79170274734497
42.75938415527344	44.85936641693115
33.262444496154785	36.3081750869751
33.61193895339966	36.56190872192383
37.1896390914917	39.18313694000244
30.72932481765747	35.361199378967285
31.839603424072266	35.297478675842285
36.42707061767578	39.303382873535156
40.52068042755127	40.489925384521484
39.61408710479736	43.07437992095947
39.590057373046875	40.42279529571533
41.91973114013672	45.244826316833496
36.46696758270264	40.523680686950684
34.99077129364014	41.03639602661133
39.8968391418457	42.28129196166992
33.63302135467529	37.947821617126465
33.40621089935303	34.99877071380615
33.79189395904541	37.695496559143066
39.72270584106445	44.91456985473633
31.922588348388672	35.612244606018066
32.596930503845215	31.344855308532715
41.88339614868164	46.317824363708496
38.33733367919922	39.31745910644531
35.679259300231934	40.78145503997803
35.7859468460083	40.65527057647705
29.404020309448242	34.31252717971802
39.38648223876953	42.12566375732422
41.606499671936035	43.945595264434814
41.800801277160645	44.05445194244385
42.59945631027222	45.437668800354004
44.28369140625	47.58900833129883
36.39542484283447	38.09259796142578
34.47399663925171	37.80166292190552
33.02043914794922	35.76969861984253
39.79389953613281	42.1475944519043
32.526092529296875	35.69068908691406
35.19260787963867	36.95001459121704
38.548386096954346	44.91136074066162
27.7071533203125	28.704689025878906
44.102173805236816	48.08271789550781
44.97928714752197	51.428253173828125
44.47683572769165	49.54441165924072
36.52917146682739	41.72858715057373
21.32866382598877	28.03471088409424
28.600869178771973	32.433063983917236
31.266872882843018	33.7310266494751
40.70365619659424	44.24645233154297
35.38644790649414	39.68338108062744
34.08097743988037	36.32625675201416
32.835960388183594	36.51618194580078
39.76011896133423	42.392879486083984
35.35568952560425	39.22398328781128
36.5603141784668	39.260948181152344
39.42605495452881	41.72267246246338
35.14885425567627	40.0713415145874
37.44279098510742	43.453139305114746
43.11063623428345	44.87750244140625
39.511077880859375	43.014626026153564
43.74186563491821	50.361356258392334
38.217079639434814	41.4846510887146
40.60798645019531	44.53596496582031
38.54369258880615	41.761868476867676
37.68727970123291	40.08824443817139
40.997108459472656	45.99912929534912
37.82969284057617	41.169270515441895
35.911991596221924	39.16888475418091
36.84024906158447	38.61215543746948
28.642277717590332	30.842301845550537
34.09580898284912	36.30849552154541
41.97602081298828	45.30020570755005
36.581307888031006	37.4690318107605
37.26173686981201	40.6129846572876
35.67587184906006	38.07417583465576
43.924012184143066	46.063353538513184
39.407594203948975	42.28473615646362
33.253220558166504	36.04306125640869
30.142318725585938	33.808104515075684
35.66861414909363	38.35043907165527
39.08056974411011	43.36514472961426
32.35218048095703	36.46854877471924
35.78317213058472	40.58377933502197
30.334702491760254	33.78377437591553
35.24783420562744	37.96753406524658
39.788217067718506	39.712571144104004
38.38978099822998	41.620994567871094
31.591215133666992	35.289610862731934
41.91683053970337	44.160940647125244
50.51468372344971	54.18973445892334
40.48557186126709	42.592599391937256
40.84761714935303	43.21506214141846
41.0037317276001	43.51341247558594
37.671217918395996	41.65426540374756
34.97963333129883	39.45797824859619
30.519269943237305	31.564876556396484
38.0681676864624	40.86684322357178
39.08870029449463	41.42165279388428
38.961424827575684	42.699828147888184
36.68978834152222	38.82473039627075
48.36504936218262	48.846588134765625
34.34201717376709	36.24099826812744
36.86824893951416	39.578925132751465
29.158027172088623	30.512136936187744
38.242618560791016	40.775084495544434
39.3164587020874	43.53863716125488
33.02218723297119	36.83133602142334
30.369622707366943	34.55342769622803
40.09254455566406	43.74581050872803
35.30836772918701	38.724117279052734
44.668121337890625	49.47096252441406
29.675331115722656	29.632549285888672
39.76673984527588	43.15835666656494
35.14754390716553	38.478755950927734
32.17357635498047	34.68134641647339
39.754234313964844	40.258578300476074
37.23842525482178	40.0497522354126
40.70826721191406	42.17862319946289
37.573036193847656	41.27163505554199
40.0993537902832	43.038662910461426
44.29696083068848	47.3505334854126
33.78123950958252	37.694878578186035
36.93896484375	41.195125579833984
36.951324462890625	40.38646697998047
42.62437438964844	44.14154815673828
30.355055332183838	33.55361223220825
31.14943265914917	34.31000471115112
40.11412239074707	44.00007247924805
39.64992952346802	43.3630051612854
45.17683696746826	49.19455862045288
28.225942611694336	34.24523162841797
36.84023571014404	38.76103734970093
35.31327152252197	39.09403324127197
34.68051624298096	38.20249557495117
41.43441295623779	45.0400972366333
35.23015880584717	37.48194599151611
38.12322521209717	42.997321128845215
35.71241617202759	38.188607692718506
44.547569274902344	46.22793674468994
30.45790958404541	33.03831195831299
27.094626426696777	30.607407093048096
39.81724548339844	43.4128303527832
36.748711585998535	39.618226528167725
34.86836528778076	36.77934265136719
38.84957408905029	40.92768907546997
38.16426944732666	36.848384857177734
36.83171081542969	40.65659475326538
35.493165493011475	39.063414096832275
41.16134548187256	43.974446296691895
34.99944591522217	39.55673313140869
43.291945457458496	45.66574811935425
48.319570541381836	48.67829132080078
38.55723428726196	42.4037709236145
36.24917507171631	38.90554904937744
33.703468322753906	32.082215309143066
40.86448001861572	41.325889110565186
46.76877021789551	48.47893238067627
33.5359525680542	37.519022941589355
41.475762367248535	45.80327129364014
43.8251519203186	47.389068603515625
29.945220947265625	33.88600826263428
31.07485294342041	35.42916536331177
35.419562339782715	40.738128662109375
36.04303789138794	40.38952922821045
34.53725337982178	38.695549964904785
40.347747802734375	43.80222702026367
43.64769124984741	46.41361904144287
33.04554462432861	34.64051055908203
29.205482482910156	29.864770889282227
41.25602102279663	46.4610333442688
34.59994125366211	40.0081787109375
37.38468647003174	41.473402976989746
40.818554401397705	45.07564115524292
39.50390911102295	41.785637855529785
29.595787525177002	33.297160625457764
42.266292572021484	44.48061752319336
41.13504409790039	45.39205455780029
36.899879932403564	39.28299856185913
34.024834632873535	37.216758728027344
37.3364782333374	43.46158981323242
37.83441925048828	40.3324499130249
34.07778596878052	38.31892442703247
24.983768463134766	22.761330604553223
41.42447280883789	47.25047063827515
34.21207904815674	38.18779706954956
32.88530445098877	35.24841785430908
34.86632823944092	40.152907371520996
33.275333404541016	34.190932273864746
36.72087383270264	39.01052904129028
36.672297954559326	40.12700319290161
45.44126033782959	51.117411613464355
37.04822778701782	38.74966526031494
32.056739807128906	33.96440887451172
35.22585391998291	39.441421031951904
33.3242712020874	38.059547424316406
39.499492168426514	42.878554821014404
37.46274995803833	39.760292530059814
38.52697277069092	41.787906646728516
34.23933792114258	38.18941783905029
35.25408458709717	38.89535617828369
29.89494037628174	35.05096435546875
28.736489295959473	30.43674945831299
30.247631072998047	33.34930419921875
31.901875019073486	35.149245738983154
45.87382936477661	49.35655117034912
37.22163391113281	39.76741027832031
33.422072410583496	37.25068759918213
38.074856758117676	41.33557605743408
27.666512489318848	32.039231300354004
39.19706869125366	40.82877826690674
35.50802707672119	38.99146270751953
31.385672092437744	34.673190116882324
28.694465160369873	31.849257946014404
37.877869606018066	41.45844554901123
38.21129512786865	42.5245246887207
37.610286712646484	40.4144983291626
43.03638553619385	46.945794105529785
34.41592454910278	35.55515956878662
40.200523376464844	42.65068435668945
52.26008129119873	54.76594638824463
38.898980140686035	39.84090328216553
34.56845760345459	34.02609348297119
33.47129678726196	36.93009090423584
33.87476348876953	35.25039768218994
31.598896980285645	35.63272762298584
39.851070404052734	40.48668670654297
33.912940979003906	37.659424781799316
34.321913719177246	38.30661058425903
37.161741733551025	40.71178960800171
38.5118293762207	42.055747985839844
33.130481243133545	35.88905334472656
36.560569763183594	36.941709995269775
26.833560466766357	31.45618438720703
43.886741638183594	46.90871810913086
33.11044406890869	34.297576904296875
41.44899606704712	43.38405704498291
40.963608741760254	43.82128429412842
42.39809322357178	45.34251642227173
36.20771884918213	37.72616624832153
35.78826189041138	36.31174564361572
41.343398094177246	44.46968078613281
33.48860836029053	37.06478404998779
29.342845916748047	33.77937984466553
42.23949337005615	46.700958251953125
34.342148303985596	36.731956005096436
43.47250270843506	43.14584827423096
30.63829469680786	33.07021951675415
31.237990379333496	35.68612575531006
36.37165832519531	38.102195739746094
42.72464609146118	46.821685791015625
42.50784206390381	43.794066429138184
40.4806694984436	42.65123987197876
36.163458824157715	38.093905448913574
33.306663513183594	34.51192808151245
46.398284912109375	49.28595972061157
39.283108711242676	43.7244553565979
35.648319721221924	36.03678226470947
31.188889503479004	34.65432071685791
35.94686985015869	39.251766204833984
33.20647478103638	37.06130266189575
30.113987922668457	32.69481182098389
33.519721031188965	36.105873584747314
35.27867031097412	38.00228977203369
28.505847454071045	32.38644361495972
36.775797843933105	39.798142433166504
39.26599884033203	42.18203353881836
42.27292346954346	46.81882858276367
35.80869674682617	39.18287754058838
39.18871307373047	43.72188091278076
45.296669483184814	49.45069456100464
29.901206493377686	32.888596057891846
43.09280490875244	44.77543544769287
30.091567039489746	34.15617370605469
36.99906921386719	40.39924335479736
39.7726936340332	42.495277404785156
29.74604845046997	32.3701548576355
38.09084701538086	41.92305850982666
32.019057273864746	31.179795742034912
31.13361358642578	37.36855745315552
40.30998373031616	43.01688623428345
28.04798698425293	28.057491302490234
37.1206169128418	39.37544631958008
45.95435953140259	49.43259000778198
32.94357204437256	36.12594509124756
40.3594970703125	42.87821578979492
44.778905391693115	47.491370677948
35.98239231109619	40.879974365234375
46.085655212402344	48.902076721191406
35.319857597351074	38.45761585235596
39.43492126464844	44.16945219039917
35.97054624557495	39.63324689865112
39.61948490142822	42.94804239273071
36.54075908660889	40.911460876464844
29.638014793395996	32.40722036361694
36.74695301055908	39.657325744628906
42.43113613128662	43.94458866119385
35.86954593658447	38.61250305175781
43.575077056884766	46.11216354370117
30.764122009277344	33.411744117736816
26.674437522888184	27.634787559509277
31.937711238861084	33.60387086868286
40.06124210357666	43.054993629455566
33.60072040557861	38.44049835205078
32.757622718811035	37.07897186279297
31.023259162902832	33.35709095001221
36.46433925628662	42.22654724121094
35.42270278930664	42.1463041305542
34.08984375	38.29387664794922
37.42438459396362	40.70200300216675
41.27186584472656	43.903090953826904
39.829344749450684	41.5537633895874
41.83397817611694	45.99292850494385
32.35117435455322	36.70592784881592
39.80598449707031	41.788416385650635
45.31751251220703	49.91020441055298
39.02315616607666	43.50924015045166
42.509153842926025	42.69553995132446
41.75072193145752	45.48948383331299
42.51612329483032	44.56241512298584
33.567203521728516	36.70471525192261
26.840941905975342	26.561665534973145
40.2306604385376	44.097092628479004
42.310630798339844	45.73126983642578
33.864317893981934	38.470916748046875
41.029995918273926	45.31687545776367
30.935202598571777	36.086703300476074
34.80392408370972	37.678425788879395
28.785955905914307	33.024773597717285
40.86173629760742	43.79707717895508
30.801773071289062	35.72706127166748
44.12480926513672	46.846519470214844
47.771507263183594	50.86339473724365
41.080413818359375	43.79424285888672
28.57801914215088	27.72329330444336
35.73661422729492	37.877525329589844
38.18379592895508	43.51268005371094
31.147387504577637	33.018874168395996
39.04105854034424	44.237088203430176
34.417710304260254	39.11888122558594
33.256659507751465	37.172579765319824
34.25949811935425	36.56974792480469
35.02200222015381	39.243659019470215
38.84981918334961	42.63648986816406
32.697951793670654	35.054545402526855
41.26754093170166	44.87713623046875
35.771610736846924	38.31005573272705
39.247398376464844	42.920851707458496
29.670555591583252	32.613372802734375
34.83308792114258	36.02162837982178
32.09713649749756	36.08321237564087
41.04389953613281	41.02885055541992
35.76799154281616	37.25556564331055
36.944382190704346	37.40352153778076
32.47694492340088	38.309157371520996
45.343581199645996	47.108070850372314
40.10068893432617	41.85545349121094
29.22048568725586	33.57940196990967
39.172499656677246	43.506577491760254
40.18315267562866	43.825228691101074
37.410630226135254	39.51188564300537
39.83100128173828	41.104857444763184
43.71708536148071	47.730294704437256
37.99173831939697	41.87831497192383
36.82161045074463	40.35592699050903
36.929532051086426	40.892271995544434
43.50932264328003	48.772215843200684
48.902244091033936	53.05481243133545
45.618324279785156	47.94169235229492
38.3492956161499	42.65556573867798
29.37430763244629	33.89032745361328
43.13909912109375	45.73835754394531
51.54013156890869	54.39505100250244
41.65590000152588	45.763046741485596
49.47285461425781	54.45826244354248
30.709145069122314	34.665210247039795
40.6629900932312	44.02441883087158
33.82176208496094	36.11210489273071
38.57452583312988	37.65682411193848
40.2500638961792	45.38130569458008
33.077691078186035	36.939311027526855
41.36815643310547	43.25775909423828
35.58900451660156	36.621742248535156
30.18079662322998	33.00969314575195
36.284523010253906	37.10394287109375
37.39962339401245	42.0943546295166
39.62564277648926	43.42794227600098
30.91277027130127	33.77653408050537
31.108763217926025	35.70574998855591
33.978145122528076	37.52671480178833
28.950794219970703	33.47826862335205
40.12229681015015	43.398433208465576
31.38939619064331	32.26502180099487
31.512213230133057	34.14767074584961
40.12948989868164	42.295517921447754
41.885868072509766	46.01377201080322
39.242966651916504	40.150025367736816
33.222782135009766	37.58286666870117
29.16506338119507	31.24424648284912
39.99389362335205	44.98255920410156
40.899474143981934	43.5537371635437
36.70429229736328	40.37798023223877
38.35114288330078	40.87679386138916
41.671985149383545	42.24761915206909
39.674180030822754	41.89368009567261
28.49644184112549	31.256368160247803
34.9491491317749	36.02552318572998
29.93997573852539	33.669114112854004
41.6347131729126	44.64163684844971
35.87785243988037	38.611533641815186
41.457215309143066	47.318572998046875
42.04248762130737	46.4776291847229
29.398999214172363	32.48717546463013
37.244032859802246	40.817702293395996
44.17174530029297	47.491454124450684
34.12891864776611	38.61006259918213
40.7144079208374	43.560370445251465
34.93675088882446	40.46665048599243
27.8294677734375	27.439610481262207
37.35581636428833	41.32237911224365
23.403472900390625	31.032109260559082
37.664353370666504	39.97626543045044
49.76293087005615	53.2698917388916
29.595916271209717	33.55375289916992
36.701170921325684	39.72443675994873
44.417725563049316	47.945616722106934
37.98664855957031	42.25584411621094
39.17290925979614	41.99189233779907
30.524897575378418	35.921173095703125
44.45614767074585	47.57882595062256
34.01060485839844	39.800156593322754
42.89271068572998	45.49263000488281
35.30511474609375	38.037617683410645
37.059608459472656	39.76930618286133
38.987441062927246	41.972275733947754
38.37202548980713	41.567115783691406
35.34259796142578	39.901100158691406
36.12595081329346	41.56953048706055
41.24875783920288	41.879873752593994
38.580010414123535	42.0479850769043
45.1176381111145	49.42963933944702
32.88497257232666	35.162896156311035
45.22594499588013	47.20625400543213
37.5692138671875	41.27923107147217
38.331542015075684	41.597843170166016
36.49306869506836	41.78199291229248
35.39135456085205	38.88278675079346
38.853856563568115	39.770689964294434
34.014206409454346	36.91623544692993
40.26617193222046	43.67355966567993
41.45462703704834	44.142452239990234
34.215728759765625	38.05290699005127
43.01006317138672	44.393776416778564
32.732887268066406	36.09788417816162
28.32880973815918	32.39773511886597
27.68078327178955	30.817992210388184
38.19223928451538	40.96427869796753
31.39804172515869	35.544273376464844
33.250935077667236	37.84006595611572
31.229578971862793	33.72678852081299
38.33008575439453	43.35010528564453
41.00164031982422	44.56948757171631
39.44021511077881	41.83361768722534
40.45721101760864	44.52317523956299
37.036614418029785	40.958106994628906
36.931212425231934	40.79481554031372
38.419426918029785	40.49087047576904
35.6575813293457	38.08374881744385
45.137701988220215	48.005067348480225
34.36025905609131	39.080260276794434
38.81721019744873	42.55410814285278
30.44813060760498	34.34648609161377
33.79155111312866	36.52641677856445
30.5954909324646	33.487935066223145
39.44571256637573	42.26180076599121
41.6207799911499	44.595322608947754
36.42605209350586	37.47107219696045
40.84966325759888	43.873390674591064
41.58855056762695	44.924500465393066
36.67883777618408	42.64659404754639
32.130661964416504	36.15103101730347
34.8803448677063	38.34491729736328
44.456581592559814	48.838133811950684
32.455275535583496	34.25987148284912
37.46628952026367	40.45366287231445
35.137701988220215	41.03242206573486
39.800042152404785	41.28669261932373
37.51679992675781	41.17661190032959
43.79940700531006	47.72922658920288
36.78761672973633	42.310638427734375
33.678765296936035	37.733588218688965
34.83138370513916	37.802550315856934
35.593666076660156	37.00090026855469
43.08362627029419	43.68990182876587
38.22789764404297	39.666568756103516
46.56636047363281	50.58198165893555
35.55116271972656	40.33552837371826
35.38261413574219	37.480934143066406
36.44443988800049	38.79994869232178
31.119205951690674	34.16664123535156
34.32819890975952	37.1324987411499
31.766419410705566	36.054909229278564
34.275710105895996	38.33093547821045
22.983276844024658	27.890329360961914
38.37889766693115	41.87068462371826
33.00252914428711	35.845866203308105
38.83770132064819	43.191115379333496
44.69706106185913	44.637366771698
34.51030731201172	37.05844163894653
35.11178493499756	38.4173059463501
37.63439607620239	41.98229265213013
32.5321626663208	35.64778232574463
30.36797332763672	28.397409439086914
34.29353189468384	37.57324981689453
47.362239837646484	50.003990173339844
38.80110836029053	43.68871355056763
31.573637008666992	35.41901779174805
36.505096435546875	40.8528528213501
38.49117136001587	43.1797399520874
33.08593273162842	33.849194049835205
31.437252044677734	33.852009773254395
37.03587102890015	40.99137878417969
29.368502616882324	31.7598557472229
41.84036684036255	45.58020877838135
41.29518127441406	42.64427185058594
32.599571228027344	34.89794158935547
37.07535457611084	40.35016918182373
33.24412536621094	36.0936598777771
40.19827365875244	46.36479949951172
45.367623805999756	48.05369329452515
36.635375022888184	41.13377094268799
45.38889932632446	49.70611095428467
26.962108612060547	28.688335418701172
33.721128940582275	35.36031198501587
35.499449729919434	36.19643497467041
33.833367347717285	37.86079502105713
39.16439437866211	43.595704078674316
41.87238693237305	45.45055294036865
31.999866485595703	34.16036510467529
43.254014015197754	44.419127464294434
32.3163104057312	35.63178539276123
37.09713077545166	40.18221187591553
28.831440925598145	32.151432037353516
42.49117183685303	46.220672607421875
34.62220287322998	36.154160499572754
42.650816917419434	47.120924949645996
35.59651231765747	38.53043460845947
44.891441345214844	48.94369029998779
39.256476402282715	44.31984329223633
36.2521333694458	39.91080951690674
33.41933727264404	37.852500915527344
34.684195041656494	37.544841289520264
31.334646224975586	34.139442443847656
40.57112121582031	44.93871307373047
38.74448490142822	41.78002452850342
30.394360542297363	33.67061710357666
32.347044944763184	36.21068477630615
32.37560749053955	34.45463275909424
34.92231845855713	35.94372081756592
33.14665603637695	35.86498260498047
38.22707748413086	42.31414031982422
39.14071226119995	41.41065073013306
40.533212184906006	42.46652269363403
36.980841636657715	40.1446008682251
42.72939920425415	45.47946882247925
33.088111877441406	37.946038246154785
36.550941467285156	37.58769607543945
35.541157722473145	39.705451011657715
45.73762893676758	46.49604797363281
49.58522987365723	51.75742864608765
38.12738800048828	40.40831136703491
33.12718105316162	35.95521640777588
33.42677021026611	36.949974060058594
35.17940664291382	38.84906005859375
29.89220952987671	32.29253149032593
41.383872985839844	44.410675048828125
45.291189193725586	49.10261249542236
38.154876708984375	41.251667976379395
37.262640953063965	39.09189319610596
37.99706268310547	39.97806644439697
41.83540964126587	47.08559989929199
43.478416442871094	48.79207420349121
31.489150524139404	36.4870023727417
37.015727043151855	40.72135591506958
39.53305721282959	41.502010345458984
41.13952159881592	43.55510330200195
35.24535417556763	38.1732702255249
38.14216661453247	43.35086631774902
40.798617362976074	43.47830152511597
37.88502502441406	41.31228733062744
37.56203556060791	39.40331268310547
38.44604015350342	40.099746227264404
32.93101406097412	32.99648952484131
37.57848358154297	43.04487991333008
34.696051597595215	37.85486125946045
39.454925537109375	44.983649253845215
32.923842430114746	35.2641019821167
37.46293306350708	39.70150709152222
40.50754261016846	45.2238655090332
33.955185413360596	36.873207092285156
35.48429203033447	37.78750991821289
34.60459899902344	37.61724853515625
35.53611707687378	39.81116819381714
35.452171325683594	38.91468143463135
35.668272972106934	39.67880630493164
36.568671226501465	38.83677577972412
35.96457767486572	38.987059593200684
40.17857360839844	41.8325309753418
31.435806274414062	35.832165241241455
43.592018127441406	46.377864837646484
41.590453147888184	42.723023414611816
50.57801628112793	51.28221845626831
29.24581527709961	34.07694339752197
37.51639652252197	40.174530029296875
39.200340270996094	45.172614097595215
38.60294961929321	40.720768451690674
36.4890661239624	40.48320293426514
40.34757900238037	44.25336456298828
38.013787269592285	42.97775936126709
32.61266326904297	36.425262451171875
45.27023696899414	47.0386962890625
34.0422043800354	33.86924648284912
36.77187633514404	41.31708383560181
27.17604160308838	30.19640064239502
35.21430587768555	41.725722312927246
38.70679950714111	42.026939392089844
39.74860334396362	42.56325387954712
31.878653526306152	35.514893531799316
40.154648780822754	42.072707176208496
39.934364318847656	42.530738830566406
33.7604284286499	36.686038970947266
35.30620193481445	37.11605978012085
38.4095458984375	40.06879425048828
38.65425968170166	44.26446533203125
31.791111946105957	35.812010765075684
38.96141815185547	40.32071304321289
41.97000217437744	44.05179691314697
36.470561027526855	40.83789825439453
40.50231885910034	44.594271659851074
