55.300140380859375	58.80908012390137
47.027273178100586	47.735276222229004
49.88065242767334	54.17609691619873
43.88203811645508	54.692559242248535
56.167036056518555	59.081284046173096
45.46231269836426	49.90939140319824
51.57365322113037	57.137999534606934
64.35106754302979	60.07857322692871
36.72609758377075	40.745492935180664
58.89132785797119	61.26975202560425
48.79292964935303	55.6649112701416
47.666683197021484	50.00998497009277
67.88494968414307	66.76795101165771
57.78146743774414	58.66243362426758
54.94108200073242	52.11808204650879
54.99284219741821	60.90003204345703
57.76585626602173	59.77609300613403
53.38048458099365	56.316537857055664
60.68017816543579	64.14799547195435
42.503042221069336	45.90667724609375
53.77060890197754	57.267531394958496
57.78583526611328	58.88834476470947
48.66883897781372	53.33122110366821
46.51970863342285	49.577436447143555
44.10539627075195	51.551337242126465
52.877206802368164	57.94386386871338
63.26014518737793	57.40621566772461
58.228821754455566	55.92845916748047
60.146965980529785	61.925270080566406
62.357186794281006	62.56871557235718
54.82619285583496	60.2280330657959
60.79897880554199	62.96909809112549
45.31368112564087	48.47582960128784
64.82932233810425	67.94609212875366
38.96692657470703	39.78144693374634
58.45723628997803	62.3006534576416
57.1240234375	56.510658264160156
56.77525520324707	58.90696048736572
51.044827938079834	54.59736442565918
59.69853401184082	59.324541091918945
52.25824546813965	55.92914152145386
58.49091911315918	56.31076240539551
67.524178981781	64.4984803199768
72.52932643890381	71.13603258132935
48.88823747634888	49.07485914230347
44.7546911239624	49.46301460266113
59.60197448730469	62.289719581604004
51.64387893676758	57.33556938171387
64.95933485031128	61.287840843200684
56.63227081298828	51.508779525756836
56.916478633880615	58.27182483673096
56.5249080657959	54.99481248855591
43.16530704498291	42.64395713806152
57.19092845916748	57.1621036529541
46.62489938735962	47.61239433288574
42.700989961624146	46.61907434463501
59.865169525146484	55.922698974609375
48.23657035827637	51.410722732543945
59.606247901916504	57.349082469940186
42.84557342529297	42.358407974243164
52.86599159240723	56.625633239746094
55.44355869293213	59.43021774291992
47.48545169830322	48.614173412323
69.97738838195801	66.04182243347168
58.449082374572754	56.82141304016113
54.23220157623291	54.35132026672363
62.938172340393066	70.31938219070435
59.37296390533447	63.717308044433594
54.73787784576416	53.96899223327637
50.87483882904053	49.27816867828369
58.917662143707275	55.354371547698975
63.78758239746094	68.41831111907959
57.183249950408936	62.70578956604004
50.71846008300781	53.11741828918457
51.20192861557007	54.546709060668945
52.60764980316162	59.3649001121521
47.74945306777954	49.2526273727417
48.19443607330322	53.38302803039551
62.91536808013916	63.65450382232666
47.623372077941895	52.832844257354736
64.3212366104126	64.90682125091553
67.45299482345581	68.03460502624512
46.899709701538086	51.68765068054199
68.99803733825684	71.28851509094238
59.84266662597656	65.12764835357666
53.508381843566895	62.79181480407715
67.55006313323975	60.94787120819092
60.762925148010254	60.567283630371094
45.514963150024414	42.75502347946167
54.06694793701172	59.04104661941528
51.92931318283081	55.611979484558105
58.73550224304199	60.525402545928955
57.98117923736572	57.46768856048584
49.86690044403076	50.97098350524902
53.71671152114868	55.65400457382202
54.40526008605957	59.40513610839844
62.85161018371582	60.537099838256836
47.462714195251465	54.53451490402222
47.68024826049805	46.1112961769104
54.04608726501465	59.74806308746338
66.40249633789062	60.44591665267944
60.00724411010742	57.76046419143677
59.744873046875	62.33960151672363
43.22076416015625	48.84828329086304
61.2694730758667	63.266714572906494
51.61392688751221	61.204285621643066
61.9038724899292	61.14138126373291
48.89134883880615	52.5006103515625
43.42917442321777	47.91878700256348
59.671316146850586	62.24160194396973
58.01684379577637	62.33969688415527
39.69082260131836	43.34204721450806
47.97873020172119	51.907453536987305
51.010308265686035	54.23819541931152
52.089842319488525	49.645058155059814
48.134068965911865	51.21073007583618
56.160078048706055	56.346192359924316
48.67481327056885	56.13963174819946
59.23503875732422	58.86474609375
48.76051425933838	44.78135108947754
55.14233350753784	55.327839374542236
61.12164115905762	60.19139814376831
55.858139991760254	63.08020877838135
51.855106353759766	56.69054985046387
61.42428398132324	64.24435615539551
56.83590888977051	65.80522060394287
49.046311378479004	51.399831771850586
63.3211612701416	66.18185520172119
59.44586515426636	61.66774606704712
66.10365056991577	67.98482370376587
58.718449115753174	54.77057456970215
59.07437801361084	59.082417488098145
45.633301734924316	49.26611566543579
53.88500213623047	60.25212287902832
63.77028465270996	61.784563064575195
68.65174770355225	67.56876468658447
52.6070237159729	55.29994010925293
59.81771993637085	58.26177263259888
61.65579795837402	65.49117088317871
48.26120376586914	44.58233833312988
55.895962715148926	61.49562358856201
56.76628112792969	56.848931312561035
59.69103670120239	58.913864612579346
52.376708984375	53.816118240356445
63.24650764465332	69.71155643463135
65.10443210601807	68.28405857086182
60.40241718292236	66.80895805358887
53.78462314605713	49.292287826538086
46.465535163879395	49.74201679229736
61.85270118713379	63.736483097076416
53.002309799194336	55.95038461685181
60.19140863418579	63.668174266815186
49.954185962677	58.02801704406738
59.34208393096924	58.25126647949219
62.14531898498535	58.95281791687012
57.37180995941162	54.972352504730225
53.62775230407715	56.84832572937012
53.08173179626465	49.41177845001221
67.30700492858887	69.54470157623291
55.322165966033936	54.27132511138916
52.400733947753906	52.22730016708374
63.047120571136475	67.89042043685913
46.51516914367676	51.07391166687012
41.40954780578613	43.53207206726074
53.300108909606934	57.938804626464844
67.52279758453369	70.62554836273193
61.24011039733887	64.74661827087402
61.11460018157959	65.63447427749634
55.10818004608154	52.667837142944336
51.01708745956421	56.54513740539551
44.684597969055176	47.994632720947266
56.313222885131836	54.510679721832275
51.2678861618042	56.409592628479004
53.09060096740723	51.59096717834473
44.682087898254395	44.73724365234375
56.3913631439209	60.320844650268555
58.253408908843994	59.65867900848389
57.7388858795166	61.25291347503662
52.59733772277832	53.28064012527466
45.19091606140137	52.19645977020264
58.65384578704834	62.484140396118164
67.76811790466309	67.77011108398438
68.4226622581482	65.40306901931763
48.10823917388916	49.44745063781738
47.543625831604004	49.83196258544922
56.149548053741455	56.98122596740723
59.036036014556885	62.463050842285156
68.1336498260498	66.37052059173584
55.902870655059814	60.56563138961792
45.763702392578125	46.00618839263916
68.87687873840332	74.89617919921875
47.932066440582275	52.77926015853882
47.86941051483154	51.589369773864746
49.18239641189575	56.888962268829346
58.881757736206055	59.45133876800537
57.16513633728027	58.01772117614746
63.8840217590332	64.40568351745605
56.92214345932007	54.04792642593384
49.975199699401855	51.415133476257324
64.27256870269775	63.73788642883301
57.90688514709473	57.19501495361328
49.892873764038086	49.237732887268066
53.747029304504395	56.82790279388428
50.1638126373291	53.6177396774292
55.91829872131348	59.108200550079346
60.22085380554199	59.070598125457764
60.359538555145264	59.69945526123047
50.56307315826416	60.026612281799316
56.27245903015137	56.07186317443848
67.77386665344238	64.98481750488281
51.675429344177246	53.17246437072754
65.86739587783813	68.27491521835327
52.769789695739746	57.7222204208374
45.88167667388916	49.954023361206055
56.93652153015137	59.79480266571045
63.88111591339111	64.32579040527344
52.98629665374756	53.98552894592285
60.51715850830078	61.08437538146973
48.96587371826172	55.60218334197998
59.11856937408447	62.56725740432739
54.76198768615723	59.61279487609863
49.51055288314819	54.575554847717285
58.07814598083496	58.614463806152344
60.95841979980469	68.90536308288574
55.16608238220215	58.83394718170166
59.26612901687622	60.034493923187256
58.48422050476074	59.922990798950195
57.98539161682129	69.58807468414307
53.667497634887695	53.6257266998291
51.76327705383301	54.35264587402344
56.46059989929199	57.30182647705078
72.14767456054688	73.11373233795166
52.44175672531128	59.89992427825928
73.45994472503662	69.24090385437012
62.7713680267334	64.87935543060303
55.87979316711426	58.90486717224121
65.48551082611084	60.017876625061035
45.75467109680176	47.91229724884033
66.25616550445557	68.04059028625488
72.0217227935791	71.87762260437012
51.52363443374634	53.973830223083496
54.09754753112793	55.420799255371094
57.90059566497803	61.45245552062988
43.01314401626587	47.14839792251587
48.18996620178223	52.97364950180054
59.12498474121094	60.82993984222412
57.81189966201782	60.14873456954956
57.40914535522461	59.026636600494385
52.218069076538086	59.507798194885254
44.056819438934326	47.04826354980469
49.94276523590088	59.43061828613281
50.18420219421387	49.83992576599121
54.16140556335449	51.345319747924805
58.58736038208008	60.62333106994629
56.94940805435181	63.218124866485596
48.96719455718994	52.675108909606934
46.92502498626709	50.30479907989502
50.76003074645996	55.5932092666626
58.85653638839722	60.40739822387695
50.62218189239502	54.28159236907959
48.17293739318848	50.3174729347229
53.70463943481445	55.02129936218262
56.113295555114746	51.22296333312988
47.56523036956787	53.946656227111816
45.40012979507446	47.2226824760437
50.10725212097168	54.06134748458862
52.33361005783081	59.094162940979004
44.823686599731445	47.30492305755615
55.14791011810303	62.961487770080566
60.68240165710449	57.17522144317627
62.603139877319336	67.25429725646973
55.428465366363525	56.230546951293945
65.34439086914062	63.388848304748535
62.108999252319336	57.66524267196655
59.37412118911743	57.58750343322754
54.04377222061157	60.828428745269775
46.060678482055664	48.36009979248047
43.59114074707031	47.80598974227905
45.05808353424072	47.37018585205078
58.12323760986328	60.41610145568848
60.652092933654785	57.098676681518555
66.0104432106018	61.59728193283081
54.094650745391846	60.04509878158569
58.773765563964844	57.10761547088623
65.82708692550659	64.47023677825928
49.21376705169678	54.08120155334473
50.43006992340088	54.800843238830566
51.834723472595215	53.14431953430176
58.25644493103027	59.204139709472656
51.20705604553223	54.64037895202637
55.23336887359619	57.568511962890625
61.63346767425537	63.917436599731445
63.42164754867554	64.54376363754272
65.98329067230225	69.67291355133057
66.64630889892578	62.058095932006836
63.5322904586792	66.14978790283203
70.04401922225952	67.14676523208618
60.4623236656189	66.10102272033691
58.02176284790039	62.786590576171875
47.561516761779785	49.132728576660156
63.698601722717285	67.58750867843628
57.457170486450195	60.38439750671387
58.21332120895386	57.149213790893555
55.89056968688965	59.79418754577637
56.937217712402344	63.42977046966553
67.39594459533691	68.36895942687988
57.73758888244629	58.66116523742676
51.20395851135254	52.19334125518799
49.87918281555176	54.9836368560791
48.09555244445801	54.67519569396973
53.823570728302	57.796329975128174
62.90107583999634	59.93539381027222
61.87203884124756	61.73775672912598
59.74625587463379	65.11228084564209
62.12128257751465	64.76149892807007
49.951162338256836	54.64587211608887
56.48097038269043	55.23422813415527
58.969592571258545	57.74108934402466
60.392255783081055	60.19492149353027
69.42584037780762	64.26278114318848
49.4097375869751	50.15817642211914
50.87634086608887	55.55502414703369
52.878546714782715	60.3247594833374
43.11627388000488	45.79151153564453
53.81084442138672	58.08800220489502
57.188706398010254	61.415114402770996
69.70114231109619	70.1046371459961
61.56851768493652	64.51566219329834
58.08380603790283	60.766706466674805
56.17617607116699	55.74592590332031
48.03901672363281	50.31047821044922
52.804099559783936	56.502097606658936
39.82202768325806	41.71338415145874
53.39434194564819	59.242366790771484
43.88802528381348	44.248032569885254
50.75922632217407	56.674750328063965
67.48209476470947	69.45576667785645
65.46895027160645	69.3264389038086
46.44797229766846	52.046021461486816
43.578566551208496	47.08783578872681
47.22311973571777	43.64119052886963
50.56869983673096	56.17286205291748
61.05358123779297	60.1145601272583
52.2379412651062	56.76649188995361
47.18301296234131	51.95503044128418
61.86600685119629	60.19554615020752
63.89007091522217	66.46700859069824
51.828017711639404	52.88529968261719
68.26961755752563	67.67158508300781
52.104735374450684	56.07738494873047
53.651108741760254	54.613518714904785
65.91667985916138	66.0455231666565
60.18737983703613	61.42487812042236
47.25851535797119	53.07845115661621
60.21537780761719	59.49739122390747
51.27318477630615	53.14306640625
52.8936243057251	54.856252670288086
54.66196060180664	56.06925010681152
70.90352010726929	71.01767683029175
63.00549507141113	68.54527473449707
57.1274299621582	62.75948095321655
52.613258361816406	57.05400466918945
54.61343193054199	59.110801219940186
52.998456954956055	55.17184257507324
50.6678581237793	56.30434989929199
53.7624454498291	53.819828033447266
51.81276321411133	54.394145011901855
48.24173927307129	45.76607322692871
53.00247144699097	56.08601188659668
47.87161827087402	48.08554172515869
51.18983268737793	54.14210319519043
65.620436668396	67.2256851196289
53.99365425109863	53.402509689331055
55.85221767425537	52.805094718933105
48.83290767669678	58.31352233886719
60.27512550354004	63.16783428192139
61.275811195373535	62.9472541809082
60.97715520858765	58.38577651977539
61.12010955810547	63.130409240722656
64.39565324783325	65.69826412200928
62.9387903213501	60.539865493774414
48.437257289886475	52.13074493408203
63.40906476974487	58.63168144226074
64.40536737442017	67.90400552749634
55.40433740615845	55.48155736923218
62.23487854003906	62.66880989074707
55.647568702697754	56.39517307281494
66.33326053619385	64.97812700271606
61.10353946685791	65.7284164428711
56.3410964012146	65.43598222732544
54.48567867279053	57.71754264831543
61.27704095840454	60.08637857437134
58.887600898742676	59.01188850402832
44.96448993682861	51.22073173522949
67.01472234725952	66.31930732727051
57.65608310699463	54.36197757720947
52.329463958740234	55.9977388381958
53.82447004318237	53.274168968200684
53.33494186401367	55.07634162902832
60.70300102233887	59.60038661956787
54.52445983886719	57.58295488357544
50.74917793273926	51.58477783203125
53.93735885620117	55.3195858001709
59.11180019378662	59.13012504577637
53.1732702255249	58.01135301589966
50.54031944274902	57.09875822067261
65.11482238769531	67.83596992492676
58.03316688537598	56.297056674957275
57.639217376708984	62.575387954711914
61.99681997299194	65.05477142333984
55.52252769470215	59.25173759460449
58.829036235809326	57.64028978347778
67.58448600769043	65.8707046508789
59.45920944213867	60.31627178192139
55.732998847961426	59.17078971862793
49.24006462097168	56.3215446472168
64.60806369781494	59.372429847717285
59.92135047912598	56.24704360961914
46.10678243637085	51.61956310272217
51.634016036987305	55.86841106414795
50.418596267700195	54.777793884277344
63.783836364746094	60.53031921386719
61.86802864074707	67.8537368774414
61.706175804138184	59.059762954711914
62.424750328063965	69.02706146240234
65.52791595458984	69.70561981201172
57.645620346069336	57.52865743637085
66.51951694488525	66.89739751815796
56.52199172973633	64.6007251739502
56.94895792007446	63.362935066223145
56.56766700744629	61.13652181625366
62.635979652404785	59.44852828979492
54.064698219299316	56.030306816101074
56.86367654800415	57.54969120025635
58.53802442550659	64.1025824546814
49.402103424072266	58.13778877258301
55.92475891113281	55.22799015045166
45.11740779876709	47.859025955200195
61.8351731300354	63.05552864074707
55.336721420288086	57.41703939437866
53.859121799468994	52.9023756980896
58.89326095581055	57.90797233581543
49.63566780090332	52.568159103393555
76.56987190246582	77.52357482910156
43.23198223114014	43.80124568939209
63.10573101043701	72.38272190093994
54.41117286682129	57.89374494552612
48.11091423034668	53.00737380981445
61.83158874511719	66.43716335296631
56.39395713806152	63.41893196105957
55.81053686141968	58.22733497619629
56.51547193527222	53.83597803115845
61.07231140136719	64.29737091064453
49.96425819396973	57.03060436248779
46.887330055236816	51.70345449447632
52.20022487640381	55.11613368988037
52.23144054412842	59.820189476013184
58.45486640930176	55.017805099487305
49.62562084197998	52.89345741271973
54.15945529937744	56.42489433288574
63.808462619781494	64.91604614257812
66.58673286437988	61.303138732910156
58.89668941497803	55.1585578918457
48.5996789932251	53.33674764633179
55.23489475250244	55.585927963256836
68.08594703674316	71.39872550964355
59.7910213470459	58.60927104949951
57.719112396240234	55.44444465637207
63.644042015075684	68.03274631500244
59.00212287902832	63.24384689331055
52.490267753601074	52.69927978515625
57.76071071624756	55.45280933380127
55.134077072143555	61.095194816589355
60.476441383361816	57.95943260192871
52.72968292236328	52.674245834350586
49.524784088134766	51.26899719238281
50.85334396362305	51.01547813415527
56.868589878082275	58.23986577987671
60.32233238220215	63.795762062072754
64.29376125335693	66.80094718933105
65.0893783569336	69.95302677154541
56.12656593322754	55.86961269378662
66.51044368743896	62.1779727935791
67.94148254394531	67.97706079483032
53.792829513549805	50.213966369628906
52.65850496292114	59.368361949920654
56.9735050201416	61.96192741394043
48.035139083862305	48.5971474647522
54.966673851013184	61.70905113220215
40.56890058517456	47.03559923171997
59.84745979309082	59.76426601409912
51.20495796203613	56.58155107498169
57.32145309448242	64.72044467926025
61.56688690185547	62.54995822906494
48.959970474243164	49.40691947937012
58.347980976104736	57.394668102264404
52.085866928100586	52.301340103149414
61.818459033966064	64.74018716812134
58.03219795227051	60.753912925720215
49.35394287109375	54.075942039489746
55.02083778381348	61.56960964202881
51.294565200805664	59.40206336975098
58.079285621643066	63.293232917785645
59.57662105560303	57.758331298828125
57.800222873687744	59.21288871765137
43.18537974357605	40.71467661857605
48.86202335357666	55.45968055725098
54.718241691589355	55.776262283325195
61.91011142730713	64.1253571510315
58.07934761047363	60.73744297027588
51.40393257141113	53.857421875
52.48841571807861	59.09025573730469
50.05927085876465	55.44933795928955
43.32717418670654	46.377058029174805
54.19662952423096	55.49013662338257
58.521559715270996	58.76241445541382
49.115400314331055	57.05768585205078
58.65307903289795	60.83198547363281
52.542314529418945	51.026854515075684
56.07233476638794	60.09762239456177
50.591745376586914	53.62563133239746
60.26383447647095	63.929773807525635
52.841161251068115	54.26599597930908
60.484323501586914	58.295392990112305
66.35272026062012	68.208327293396
52.37707567214966	55.09999990463257
71.8311595916748	69.86897468566895
68.64736080169678	69.04480934143066
52.113367557525635	56.039888858795166
62.937798500061035	58.865013122558594
58.16709041595459	57.87776470184326
52.26344871520996	53.50787973403931
52.04471826553345	62.94831657409668
52.96310901641846	59.87739562988281
51.41589641571045	56.96978569030762
58.026394844055176	60.371527671813965
57.73947238922119	60.73566913604736
61.266356468200684	66.61741876602173
60.3316969871521	65.44845581054688
60.82491731643677	63.06756591796875
43.257455825805664	52.11763381958008
62.6291823387146	60.45408868789673
65.48988389968872	62.18341541290283
53.24038505554199	60.88461399078369
50.69955348968506	54.19111251831055
55.20179748535156	59.32009696960449
51.95274496078491	53.9571533203125
58.513474464416504	61.058897972106934
56.32807111740112	57.22501230239868
48.30797481536865	52.17556571960449
63.321457386016846	63.56726789474487
63.01840829849243	62.158650398254395
59.49936866760254	59.21320915222168
53.893423080444336	58.38009834289551
48.78702163696289	54.379483222961426
57.45875358581543	64.95825290679932
44.14971399307251	52.476548194885254
50.17035484313965	57.16089105606079
63.60644340515137	64.07333374023438
47.851359844207764	49.87599849700928
63.17113399505615	60.27732849121094
64.83990669250488	64.92762565612793
55.20898962020874	56.16008377075195
50.6909704208374	48.6479377746582
52.2479772567749	51.98533058166504
54.50618648529053	52.46749305725098
59.26482677459717	59.82383728027344
52.09311485290527	60.509042739868164
48.24286508560181	49.86544942855835
50.59751033782959	51.60685062408447
56.9377498626709	58.75262260437012
54.56894874572754	53.82277488708496
52.090463638305664	56.80924892425537
57.094852447509766	64.42742347717285
57.79351234436035	55.40224075317383
61.63948059082031	57.99807548522949
48.42507362365723	50.36529541015625
48.92388725280762	49.54279947280884
46.86522960662842	50.09026527404785
43.6569128036499	52.07523822784424
51.75663471221924	56.23176097869873
49.166677474975586	49.0224814414978
65.59603214263916	62.55289077758789
61.0701322555542	61.33369445800781
60.78832149505615	58.424177169799805
49.91029644012451	53.9306960105896
69.99112129211426	68.98703098297119
65.49893379211426	63.37427616119385
53.36663246154785	57.41066932678223
55.2985954284668	60.157480239868164
51.239232540130615	49.190370082855225
55.218238830566406	55.236825942993164
54.09522771835327	58.364628314971924
50.718936920166016	53.391966819763184
61.380372047424316	67.47778415679932
62.24297761917114	65.24508619308472
54.670724868774414	52.7573299407959
46.97575569152832	51.94817543029785
69.65795040130615	64.25286293029785
53.974472522735596	58.954147815704346
56.70512676239014	59.02670383453369
59.8748779296875	60.80787181854248
54.20751714706421	57.62620782852173
53.93881130218506	58.35635805130005
61.92443370819092	65.40789604187012
50.44360542297363	57.00210428237915
61.28772735595703	59.750657081604004
44.60265111923218	52.60746145248413
57.65091133117676	59.97813320159912
56.698975563049316	58.07905673980713
60.08425855636597	63.56811332702637
55.73405456542969	52.61540508270264
54.55578804016113	59.978628158569336
48.109028339385986	52.913634300231934
68.45393514633179	71.4089183807373
53.305745124816895	49.046630859375
52.04934120178223	59.60643768310547
52.48164224624634	59.13746452331543
55.09420871734619	51.57217025756836
61.31886863708496	59.82074975967407
53.6867618560791	56.24751091003418
56.664061546325684	56.167845726013184
55.093538761138916	61.07185220718384
45.685787200927734	44.896230697631836
63.79472732543945	66.87522888183594
63.948394775390625	58.631136417388916
51.955833435058594	54.1355037689209
53.68837881088257	57.8811092376709
60.30975341796875	66.968092918396
51.701979637145996	56.26955986022949
66.09784126281738	63.23200035095215
52.06184387207031	53.87128829956055
57.811195850372314	61.10457515716553
54.7327094078064	52.367629051208496
57.055503845214844	62.77380180358887
49.224839210510254	48.72124195098877
50.617180824279785	56.26680135726929
67.8806209564209	66.15501403808594
57.33603477478027	56.55360221862793
77.57672119140625	76.24175786972046
38.10281324386597	44.68006181716919
51.087833404541016	56.48537349700928
60.115060806274414	64.41742897033691
55.7111120223999	54.42467737197876
59.1919469833374	57.71178722381592
46.85487747192383	47.519845962524414
54.697232723236084	52.29380178451538
59.08423662185669	59.7213020324707
55.10716915130615	52.97901630401611
67.04737186431885	66.90068244934082
65.11227464675903	69.08377885818481
49.63437080383301	48.41355323791504
61.37141227722168	57.85489559173584
70.91496467590332	65.48770904541016
62.404937744140625	62.03608512878418
62.37538814544678	59.13108825683594
63.60890007019043	68.44525337219238
56.535136222839355	55.51492214202881
41.59923791885376	44.21655464172363
50.65687799453735	52.43041944503784
55.16344356536865	57.46339273452759
47.97475337982178	51.10939025878906
52.53640174865723	56.92288398742676
52.11802005767822	54.22060966491699
56.348419189453125	59.077959060668945
49.13451385498047	58.25505590438843
43.9993953704834	45.11904716491699
59.698495864868164	66.37474060058594
58.99973392486572	63.170061111450195
48.70748996734619	54.76155757904053
49.33197021484375	53.12569618225098
59.25255298614502	63.42018127441406
61.41540050506592	63.21704387664795
46.114768981933594	45.99409580230713
59.09189701080322	56.82925844192505
55.402947425842285	58.166144371032715
59.15882349014282	60.48881721496582
59.42825698852539	62.76394748687744
61.95902347564697	64.7657299041748
62.276352882385254	60.343886852264404
59.48521614074707	61.43661546707153
54.169240951538086	53.54728603363037
54.15298271179199	56.064698696136475
69.38964796066284	66.60758924484253
53.48029136657715	53.114824295043945
58.54851484298706	57.848609924316406
56.06116342544556	54.04528284072876
58.42501640319824	59.25023078918457
48.7526593208313	53.867271423339844
57.28830623626709	56.375319957733154
60.843881607055664	62.6822075843811
46.19270324707031	49.93982648849487
64.6193675994873	65.40010070800781
45.63496112823486	49.05388832092285
59.99018669128418	62.09672451019287
57.3480019569397	56.1851601600647
45.48040723800659	51.076735496520996
58.187546253204346	55.936906814575195
60.387651443481445	62.007219314575195
57.96175956726074	59.2745304107666
59.94770050048828	67.72550106048584
57.164191246032715	54.171528339385986
53.980722427368164	53.633551597595215
65.27920341491699	63.380159854888916
57.6712703704834	59.1634464263916
60.423813343048096	59.42242240905762
60.89807081222534	58.12907838821411
49.53797006607056	51.039626121520996
52.94044256210327	58.56372594833374
51.21424198150635	54.52730655670166
61.888909339904785	57.04108238220215
46.67521333694458	53.656874656677246
53.629584312438965	53.37893486022949
69.31958675384521	65.39000034332275
59.60404396057129	56.94693565368652
49.63730812072754	53.41525077819824
64.6072244644165	64.681396484375
68.35942840576172	71.02311515808105
56.6635799407959	60.10727882385254
39.32157039642334	51.903276443481445
50.66062831878662	48.90477705001831
58.72555732727051	63.092827796936035
55.114402770996094	55.187225341796875
54.96747016906738	54.89713191986084
58.91233444213867	59.766106605529785
61.473143577575684	64.30409288406372
55.06378650665283	56.05863094329834
62.02786445617676	65.2475643157959
59.5705509185791	62.429237365722656
47.472567558288574	52.943925857543945
55.597381591796875	57.48695373535156
60.27019023895264	58.97022247314453
58.95851182937622	61.143662452697754
47.21419334411621	54.56812858581543
69.74942207336426	69.83207702636719
57.92168140411377	57.52357482910156
49.0378532409668	54.304771900177
57.34664440155029	56.0430383682251
57.104371547698975	60.82424354553223
47.274779319763184	53.171030044555664
48.793999671936035	51.58381462097168
44.51852798461914	47.07486629486084
65.88220834732056	62.69793128967285
55.96151828765869	54.00204658508301
56.94749355316162	57.18829584121704
56.25828742980957	59.03489112854004
58.2445969581604	53.0457820892334
42.34283208847046	46.33955526351929
49.29821968078613	54.99971866607666
56.32290840148926	55.50323963165283
57.134361267089844	57.01432704925537
49.69193458557129	52.641191482543945
51.999467849731445	50.5904107093811
47.39301109313965	50.817333698272705
56.52376651763916	63.010406494140625
64.2929458618164	66.53549194335938
54.972219467163086	59.89855766296387
57.12677001953125	58.808841705322266
56.20452690124512	56.580671310424805
52.75032663345337	53.399030685424805
52.21671104431152	54.28284168243408
54.34955596923828	57.018394470214844
50.59545660018921	57.730393409729004
59.408063888549805	59.447007179260254
53.40395927429199	55.11288642883301
51.61368799209595	50.834842681884766
64.75381708145142	66.50517129898071
55.607242584228516	54.396467208862305
61.12957954406738	62.162909507751465
63.183600425720215	62.99118947982788
47.89165639877319	50.58672332763672
46.465516090393066	48.389549255371094
64.90875005722046	63.47967720031738
56.348419189453125	51.57478332519531
61.132750511169434	63.33748817443848
63.38263511657715	67.89202213287354
53.497257232666016	54.95047092437744
52.91783809661865	59.15305137634277
43.891334533691406	46.84549808502197
51.03833198547363	54.19929027557373
62.95015811920166	65.52369594573975
53.781221866607666	52.329378604888916
57.54196214675903	55.90421390533447
58.29369068145752	59.504876136779785
50.77420234680176	54.239397048950195
61.337242126464844	60.32832145690918
57.45572376251221	62.40610313415527
52.58246421813965	57.76449680328369
57.80847930908203	59.230741024017334
55.249037742614746	56.51461601257324
71.06147575378418	70.78697776794434
57.95809268951416	64.22177314758301
56.488585472106934	56.42806053161621
43.462514877319336	42.7460560798645
61.07619285583496	59.92073059082031
44.934571266174316	45.0372633934021
51.79144859313965	59.07047748565674
62.03308296203613	60.83538866043091
48.763108253479004	49.68109607696533
52.64476776123047	58.8237190246582
62.76686191558838	68.98303031921387
58.41786861419678	59.38560485839844
54.27926540374756	58.42054843902588
66.03208065032959	65.60171604156494
53.01277542114258	55.43701171875
65.10879516601562	66.4023208618164
55.350632667541504	55.27451992034912
62.41096496582031	62.84502983093262
47.605957984924316	48.297319412231445
51.86464786529541	58.01403522491455
47.15816116333008	50.28201627731323
49.763718605041504	50.90544319152832
55.431485176086426	58.89792442321777
43.142290115356445	46.57916069030762
44.90436315536499	44.64956617355347
51.700110912323	54.45403575897217
58.16279411315918	68.27710628509521
57.04254627227783	58.911309242248535
62.309861183166504	68.1978988647461
60.72351264953613	58.62997341156006
63.03906440734863	63.3300256729126
49.42049026489258	48.67373466491699
56.32540702819824	60.59187889099121
63.336026668548584	65.16146945953369
51.227102279663086	54.35342502593994
57.46136665344238	62.19721794128418
50.21501064300537	52.64145851135254
56.25732898712158	60.34985589981079
63.35239934921265	65.99639225006104
60.09124755859375	58.33428382873535
53.65711069107056	63.73293399810791
65.06955146789551	65.76153755187988
59.94661331176758	62.80725860595703
58.022242069244385	60.36304235458374
47.389028549194336	56.764366149902344
55.15355587005615	55.693397521972656
57.745361328125	56.95487022399902
45.96768093109131	50.367769718170166
53.80100727081299	57.74696350097656
53.95937204360962	54.72841501235962
66.02026176452637	67.45195770263672
55.74906301498413	60.67618131637573
59.96422815322876	64.36769104003906
51.48236274719238	53.28089237213135
49.003066062927246	58.83594989776611
55.19265174865723	54.89109992980957
60.87364339828491	66.56933784484863
48.99380683898926	45.660696029663086
56.18751525878906	63.098158836364746
55.57749271392822	62.06238269805908
54.941511154174805	58.02893829345703
57.287550926208496	58.374756813049316
54.08230781555176	56.24672889709473
51.42793416976929	56.38037109375
65.87182521820068	70.83016395568848
66.30114555358887	68.89631748199463
61.29993438720703	62.64248847961426
52.824458599090576	50.716697216033936
47.13545036315918	46.36348485946655
56.85744380950928	58.295281410217285
54.34121608734131	59.76142883300781
55.138200759887695	56.77224588394165
54.211788177490234	53.8126277923584
59.5251989364624	62.759623527526855
55.21589756011963	54.60139274597168
62.964303970336914	62.660884380340576
49.23569297790527	57.04388666152954
58.71138381958008	61.39923620223999
53.94894361495972	52.76232576370239
49.93575572967529	54.166178703308105
54.78079319000244	57.047433853149414
43.60207557678223	50.62513732910156
56.03579235076904	56.83787393569946
43.772521018981934	52.763681411743164
67.957763671875	67.45269727706909
61.619768142700195	63.48015785217285
49.0000319480896	58.931578159332275
54.572457790374756	57.15731239318848
55.90260028839111	61.52045726776123
56.758317947387695	64.53895568847656
47.84057140350342	49.808759689331055
52.945351123809814	57.48842525482178
55.71900415420532	62.79282188415527
52.73525047302246	53.262366771698
57.7459716796875	56.61509943008423
64.91583824157715	64.86570835113525
45.9928035736084	46.89829158782959
63.521132469177246	64.22504425048828
46.360883712768555	48.841562271118164
64.54585075378418	66.89460754394531
56.888389587402344	59.16619300842285
47.4169397354126	49.41417694091797
56.31919860839844	56.38622760772705
52.149248123168945	56.26805305480957
56.73199415206909	58.26873540878296
48.112478256225586	52.712059020996094
43.67277002334595	50.26586723327637
54.4468560218811	58.8859076499939
56.85805320739746	54.37883377075195
64.34907579421997	66.57955884933472
55.218772888183594	61.54686450958252
58.66248178482056	53.862520694732666
63.99452209472656	61.57187461853027
62.918100357055664	62.650041580200195
58.60547065734863	61.6514778137207
55.583486557006836	53.972697257995605
46.20528221130371	58.51696968078613
43.44784736633301	46.32222652435303
55.01389503479004	56.71586990356445
51.98435640335083	51.7811222076416
49.44112300872803	55.34822940826416
52.468284606933594	52.7723913192749
60.778470039367676	65.49380302429199
55.3810977935791	55.27609825134277
59.25030279159546	58.87571620941162
59.83994483947754	59.4644832611084
54.36451435089111	54.104116916656494
60.754544734954834	65.44009494781494
58.26316833496094	62.01862335205078
49.22986650466919	51.448715686798096
56.5247483253479	59.48894548416138
63.23990535736084	64.52703952789307
52.90062427520752	57.036638259887695
54.13320064544678	64.05921936035156
57.96054553985596	63.36572456359863
60.67152976989746	57.995901107788086
59.72617959976196	62.92015504837036
63.341078758239746	64.80560302734375
57.05072736740112	62.316264152526855
64.79231357574463	62.07988739013672
52.48478889465332	53.690996170043945
55.79464912414551	55.27059078216553
61.73159074783325	62.12814950942993
59.81127738952637	66.88021659851074
60.079848289489746	63.30612373352051
60.99015951156616	57.819037437438965
52.694711685180664	52.96743869781494
53.82382392883301	55.44001579284668
57.114853858947754	55.28952121734619
54.172987937927246	52.0620059967041
59.55190658569336	58.13163757324219
60.96424102783203	64.50422763824463
52.69664001464844	55.26540231704712
52.15001106262207	63.68603706359863
54.25565528869629	57.52720785140991
57.45286560058594	63.355793952941895
56.43439865112305	58.18955898284912
53.209242820739746	52.48173713684082
58.43808174133301	60.65295696258545
58.0959529876709	57.38300848007202
56.07518672943115	60.70796012878418
48.06158494949341	50.27111577987671
57.656378746032715	57.619553089141846
46.960487365722656	53.76864433288574
67.22211265563965	62.84629201889038
66.92201137542725	65.85350036621094
52.22558784484863	58.44264364242554
64.18246698379517	67.95227193832397
71.64596366882324	68.69637823104858
47.4355411529541	54.60893154144287
67.86510467529297	66.46781921386719
75.11976718902588	72.81675815582275
51.02779293060303	57.77980852127075
54.54615592956543	56.738409996032715
52.99426078796387	54.700942039489746
52.227230072021484	53.80100727081299
65.77207088470459	62.07829475402832
75.07159233093262	71.93398475646973
61.69218063354492	60.72857856750488
48.359747886657715	53.44163703918457
63.48905038833618	61.78907823562622
56.66884422302246	59.08236026763916
42.56448554992676	41.935513973236084
61.2680721282959	60.864877700805664
59.08666133880615	63.31776142120361
62.118215560913086	61.613993644714355
54.22507286071777	52.44504451751709
60.47447061538696	63.00406837463379
49.44212865829468	56.17306566238403
72.43310689926147	68.13977766036987
66.70663452148438	69.13563299179077
48.76810550689697	51.394877433776855
62.28218078613281	62.708810806274414
74.78456020355225	73.00061225891113
47.452770709991455	48.69247484207153
46.03433275222778	48.41316032409668
59.784645080566406	54.15737056732178
57.187979221343994	59.715834617614746
44.46126651763916	51.33738613128662
69.86422061920166	65.04287719726562
55.28960371017456	56.968862533569336
53.936240673065186	53.77963829040527
53.5776572227478	55.778085708618164
64.85722541809082	62.50152587890625
59.076852798461914	65.28510093688965
59.231252670288086	64.1067361831665
52.29605197906494	58.95252227783203
60.29843807220459	65.61580657958984
56.67044162750244	57.73879051208496
50.25718545913696	51.480929374694824
