58.618804931640625	60.61246871948242
65.48085021972656	66.05139255523682
61.62054443359375	64.76545143127441
59.67171859741211	62.60179281234741
70.33425807952881	74.60125923156738
50.966514587402344	53.17769479751587
64.60466051101685	66.6079044342041
58.426297187805176	64.71876525878906
61.69640350341797	64.3479151725769
57.02960205078125	59.188018798828125
72.4425859451294	75.17552375793457
64.98760271072388	66.61540031433105
61.65278244018555	62.517627239227295
53.72774887084961	53.432594776153564
52.149696350097656	55.411009311676025
65.95249938964844	68.46988677978516
69.44442558288574	70.19155025482178
64.81292533874512	65.82563209533691
59.75782871246338	60.288869857788086
76.33383274078369	74.25597953796387
54.351497650146484	57.81031036376953
74.61903190612793	76.73296070098877
61.682769775390625	65.167405128479
67.24870204925537	69.63495063781738
72.13582706451416	74.00300025939941
53.89700794219971	56.19102478027344
56.20820617675781	59.18740940093994
56.9966983795166	61.15953826904297
63.751357555389404	66.67598724365234
55.96632099151611	57.63546371459961
48.12929916381836	53.89844512939453
60.240867614746094	61.23547983169556
67.3165454864502	68.12850952148438
77.86983489990234	82.52542877197266
64.73221778869629	68.02008152008057
65.79394340515137	66.52180671691895
55.47761821746826	55.39312744140625
85.37614822387695	86.93071699142456
50.08041524887085	53.30812072753906
69.38209533691406	68.16120147705078
70.83759832382202	72.89094543457031
54.45294189453125	56.29332733154297
67.79093170166016	69.39317178726196
58.23164176940918	61.07924461364746
74.99888134002686	77.15066432952881
71.7726902961731	76.10341548919678
63.553054332733154	67.28987693786621
55.32246017456055	57.52899742126465
91.88485908508301	92.40614223480225
66.61474704742432	68.40687417984009
54.87267303466797	56.331247329711914
48.495559215545654	51.5125732421875
65.31280660629272	70.32172203063965
56.71095275878906	57.05159854888916
62.5204553604126	64.71356391906738
72.44764995574951	74.19201850891113
51.9275803565979	55.18817901611328
72.0409631729126	71.36256504058838
54.144493103027344	57.1679892539978
55.64722490310669	60.41683578491211
59.54163360595703	66.49236917495728
64.40109157562256	63.72183799743652
54.12080478668213	60.003421783447266
58.2403564453125	61.35683584213257
79.56257629394531	80.49888134002686
53.947089195251465	57.16584777832031
76.05395317077637	80.05650901794434
62.233802795410156	64.33172750473022
62.35565185546875	61.45782947540283
57.783700466156006	60.20528984069824
58.27429962158203	57.830602169036865
74.20924186706543	76.78842401504517
65.0425033569336	71.66342782974243
62.65549182891846	64.23137855529785
67.865891456604	64.59577894210815
64.66942405700684	62.162814140319824
69.13555955886841	74.10968780517578
54.498626708984375	55.296996116638184
56.15419149398804	57.85391330718994
54.38173532485962	57.452232360839844
64.99259376525879	70.77518463134766
59.13501739501953	62.39188098907471
64.23014068603516	64.92189073562622
55.27669286727905	54.70696449279785
60.95039749145508	61.62670612335205
63.00265645980835	63.878254890441895
55.97456502914429	58.542375564575195
48.85804080963135	51.93023681640625
51.473052978515625	53.55939245223999
65.42509460449219	67.60780334472656
61.063087463378906	63.84994697570801
51.24287509918213	57.768821716308594
57.442535400390625	61.38100576400757
65.27639722824097	68.04988861083984
78.32247734069824	79.60413599014282
60.035736083984375	63.52217674255371
49.82533931732178	56.15690612792969
72.3524808883667	77.41747856140137
44.75380802154541	48.58577346801758
58.09439659118652	57.86077356338501
54.94629764556885	57.937255859375
57.04086971282959	60.43900489807129
51.25325918197632	53.730796813964844
52.655296325683594	54.38186073303223
73.403000831604	75.26930141448975
50.088223457336426	50.13364315032959
54.71523141860962	62.1376371383667
60.24212646484375	62.43934965133667
70.62600612640381	74.20405721664429
56.020291328430176	60.874924659729004
58.59311771392822	62.262229919433594
62.5823335647583	65.65251922607422
64.4146785736084	67.85049438476562
62.10336112976074	64.16165351867676
54.69876527786255	57.79719543457031
63.51957130432129	64.71705627441406
67.95101928710938	74.2639389038086
41.57706308364868	44.655208587646484
47.70517301559448	47.83132076263428
52.552427768707275	55.21210861206055
51.501933097839355	54.249202728271484
63.406846046447754	65.79693794250488
73.54401588439941	77.04665613174438
63.10581970214844	70.10039520263672
55.377084732055664	56.195082664489746
78.61404418945312	78.09753370285034
55.791861057281494	61.65727233886719
34.29735708236694	38.13363265991211
52.36695098876953	55.60769081115723
56.54444217681885	57.461748123168945
51.08132266998291	57.909523010253906
70.1343765258789	74.72464370727539
41.7665433883667	44.9826545715332
74.46090316772461	73.69552612304688
64.42080497741699	65.53127241134644
45.251529693603516	49.496498107910156
52.7933611869812	58.15794372558594
62.939964294433594	62.005192279815674
55.83049774169922	58.88412666320801
65.51449584960938	68.68054962158203
43.675323486328125	48.10671043395996
72.27839183807373	78.46937656402588
60.64535140991211	64.14974927902222
71.6015625	73.82987976074219
59.91631364822388	61.76764488220215
68.56793117523193	69.0712833404541
71.54127597808838	72.43826293945312
46.84593200683594	48.877272605895996
50.59403991699219	53.86148643493652
51.16004276275635	56.31365966796875
77.28449249267578	79.25886631011963
70.24340629577637	68.82761335372925
50.23042297363281	54.868675231933594
57.935813426971436	61.28958225250244
84.22640991210938	84.66037130355835
53.332178592681885	57.678672790527344
70.69497060775757	73.59516906738281
75.18788051605225	75.85473537445068
63.23549747467041	68.50675868988037
49.480711936950684	54.380027770996094
72.89305210113525	76.66429090499878
79.80159759521484	80.45933723449707
68.73814392089844	72.58985424041748
60.335540771484375	62.77998161315918
54.25524139404297	57.40948677062988
63.079994201660156	66.93072366714478
72.08969306945801	77.36859321594238
55.699283599853516	58.54574775695801
62.919525146484375	66.41341352462769
78.14825534820557	84.15693521499634
54.374619007110596	54.41899871826172
78.32498359680176	79.0973949432373
77.12728500366211	83.02886009216309
64.03855991363525	69.31379795074463
48.533440589904785	50.14791488647461
62.252230167388916	66.5449161529541
34.825393199920654	38.770301818847656
51.12080383300781	51.81166934967041
55.25045680999756	59.128570556640625
63.28997039794922	60.80693244934082
66.90307760238647	71.83116912841797
60.066097259521484	62.33272647857666
58.58306264877319	61.652774810791016
55.06321620941162	60.17810821533203
81.10460662841797	82.43706321716309
56.89952850341797	59.26270866394043
53.75620365142822	55.109710693359375
54.412879943847656	58.49330520629883
58.25341796875	60.90433645248413
70.26761054992676	69.51558113098145
84.8277473449707	87.36465311050415
44.022422790527344	48.29993438720703
65.74644470214844	64.97528171539307
59.74125385284424	61.88230514526367
82.26295471191406	81.41648149490356
69.48931932449341	73.55138301849365
76.86217308044434	81.51547431945801
61.5697135925293	64.63835763931274
77.41952753067017	77.41349601745605
70.8195104598999	70.76545715332031
49.420340061187744	52.752464294433594
84.72208547592163	85.62796783447266
66.77879476547241	66.82778358459473
44.78432083129883	47.73137712478638
74.85884666442871	78.74805498123169
71.104416847229	72.29821586608887
64.89624786376953	66.01542520523071
52.775123596191406	55.28207445144653
58.341562271118164	59.68626022338867
69.34578037261963	71.33195400238037
66.4511251449585	67.21377801895142
48.550179958343506	48.45768356323242
60.91010856628418	64.77771759033203
69.17295169830322	71.8585205078125
57.00603771209717	58.94660186767578
70.36409759521484	75.70764541625977
60.107428550720215	62.82599449157715
53.60259199142456	58.54294204711914
59.561156272888184	60.78756332397461
57.66661071777344	59.32585000991821
48.13982009887695	50.44888687133789
68.4214096069336	69.205726146698
64.92663717269897	68.09202671051025
77.25350379943848	77.94954013824463
60.930267333984375	63.64628791809082
75.71967124938965	76.59084224700928
65.855149269104	69.11820888519287
62.864784240722656	67.75613594055176
69.69645023345947	69.61824893951416
44.88758945465088	49.7645378112793
61.90549850463867	66.33087873458862
75.30588912963867	76.26429557800293
58.39781951904297	62.3705735206604
54.09400939941406	55.152448654174805
70.34423828125	74.52906084060669
54.94219207763672	55.83254957199097
58.553691387176514	59.67710018157959
55.32537841796875	58.4999098777771
75.69745063781738	76.88883829116821
70.04296159744263	70.82272529602051
66.10652160644531	65.53822374343872
55.1819806098938	58.24259948730469
72.6964807510376	74.98086738586426
65.29730129241943	65.563063621521
71.0243239402771	72.4947452545166
57.50657653808594	60.488216400146484
68.34108066558838	69.95591163635254
65.86837768554688	65.34429788589478
54.67413330078125	54.440165519714355
67.29412651062012	69.2992115020752
52.841660022735596	52.82279968261719
49.720473766326904	53.08379364013672
75.25115823745728	77.72818565368652
76.21572875976562	77.07403659820557
51.51972055435181	54.15044403076172
73.6171817779541	74.40427589416504
76.1893081665039	77.93937492370605
55.91689109802246	60.40722846984863
57.70714855194092	62.514835357666016
60.089141845703125	61.74065351486206
42.89136552810669	47.53801727294922
76.87835884094238	77.67767906188965
58.69609832763672	59.69931221008301
52.4013295173645	60.004150390625
74.79586601257324	73.7705249786377
64.94939422607422	67.43566131591797
54.544944763183594	55.643614768981934
53.86707305908203	54.79708814620972
62.4333930015564	65.0103759765625
50.7360143661499	54.411659240722656
51.40469455718994	55.404869079589844
58.371238708496094	59.77413082122803
57.95951461791992	62.7305645942688
71.84341430664062	74.50467586517334
59.33963441848755	63.639116287231445
50.36902666091919	51.45042419433594
65.56282043457031	67.9264669418335
71.01414442062378	73.93410682678223
66.1397795677185	68.14723777770996
68.28928184509277	73.12041282653809
58.51407241821289	63.49222183227539
76.03611946105957	78.06666040420532
60.703880310058594	61.71277141571045
68.86004734039307	73.02989959716797
51.2810435295105	55.45372772216797
62.01471519470215	66.34779453277588
62.60631561279297	63.65298271179199
69.64243412017822	70.78581762313843
59.821953773498535	61.954533100128174
73.16203117370605	73.36993265151978
52.277191162109375	56.33228588104248
43.02288055419922	45.68773555755615
69.03633880615234	72.57304859161377
44.91368103027344	46.85845756530762
74.49856758117676	77.95803737640381
54.84387016296387	53.60340118408203
51.34071350097656	51.4809250831604
66.690993309021	69.78875541687012
58.431724548339844	61.07723379135132
48.806036949157715	54.71107864379883
65.7172622680664	65.40892124176025
43.28873062133789	45.518503189086914
77.89238119125366	80.51391887664795
69.45364952087402	71.4517126083374
62.04425048828125	62.549903869628906
54.001219272613525	60.36505126953125
42.216904163360596	45.08070755004883
55.80625057220459	59.43144607543945
45.200790882110596	48.58464431762695
59.93510627746582	64.12220001220703
70.90499782562256	70.12583255767822
68.11676025390625	71.87579298019409
66.37010765075684	71.86140537261963
64.25749206542969	64.64820671081543
68.59232902526855	71.02885437011719
61.658329010009766	64.69280242919922
71.01246643066406	74.91436386108398
73.16186428070068	71.30841732025146
64.07766771316528	66.90390014648438
50.526023864746094	53.242140769958496
57.88935565948486	60.52721405029297
58.425575256347656	63.025285720825195
77.013840675354	82.19471836090088
62.69832229614258	66.62560844421387
60.342750549316406	67.50516700744629
60.54585933685303	63.690314292907715
53.4466872215271	57.84474182128906
64.87944030761719	65.47021579742432
57.63695526123047	60.34781455993652
68.89958953857422	71.1048412322998
45.417444705963135	47.20890808105469
56.5810489654541	61.92868995666504
61.17469787597656	65.67712593078613
54.54170894622803	58.47050857543945
67.61454105377197	70.47133445739746
57.43280792236328	62.351407527923584
63.092559814453125	68.35431098937988
43.183998107910156	44.92630577087402
68.49639987945557	76.30862236022949
79.2098331451416	81.7376561164856
62.519874572753906	67.72722625732422
55.86050748825073	59.24113464355469
68.27738761901855	70.7005672454834
63.575812339782715	65.25910377502441
57.951332092285156	62.35661315917969
39.25508403778076	43.09487533569336
59.41249084472656	59.26566982269287
58.063453674316406	59.57819652557373
73.63002014160156	73.12091445922852
54.500885009765625	56.03098154067993
63.557159423828125	61.83669376373291
56.85225582122803	58.47673034667969
75.35618782043457	70.65971231460571
60.88787841796875	60.923073291778564
53.89028215408325	57.94622039794922
57.773780822753906	57.55548048019409
49.678603649139404	54.344825744628906
54.81217575073242	60.763980865478516
69.96691703796387	73.82969093322754
71.55896663665771	72.47674703598022
50.31627655029297	53.09609127044678
72.87337017059326	76.13526344299316
50.844064235687256	54.7452392578125
71.51751565933228	75.202956199646
55.79608678817749	58.83346176147461
56.34935760498047	61.96049690246582
59.40515327453613	62.64607906341553
60.338592529296875	62.879759788513184
62.511016845703125	64.5442271232605
54.36870574951172	56.97251844406128
61.57170867919922	67.1572732925415
53.13006591796875	57.17610025405884
61.50908660888672	66.14389228820801
68.22340965270996	68.6055679321289
68.00977420806885	72.28679656982422
61.33854675292969	64.64225769042969
62.99957275390625	69.28633308410645
42.5885648727417	46.094966888427734
55.47911357879639	57.50779342651367
66.74812316894531	69.34220790863037
59.91824722290039	63.71182823181152
69.00582218170166	67.5115966796875
75.79090118408203	77.08285331726074
43.621280670166016	46.05621528625488
79.06755113601685	79.04307746887207
64.49848937988281	67.0195369720459
68.31024169921875	71.07748508453369
64.57982540130615	65.41109561920166
67.0501708984375	73.45755910873413
65.67955780029297	66.12154197692871
57.0516996383667	63.09886932373047
67.51254415512085	68.98942470550537
69.97821807861328	72.9503002166748
49.271721839904785	54.701576232910156
57.8470458984375	60.38805627822876
57.69095230102539	57.10516977310181
51.68091583251953	58.35686111450195
65.66063690185547	68.98696088790894
49.89970016479492	54.56885528564453
70.84829807281494	72.29438161849976
48.61712408065796	53.35625457763672
56.596954345703125	56.91166019439697
65.05424499511719	64.39609384536743
73.7486801147461	76.71738910675049
64.93624877929688	69.08176517486572
69.24625396728516	77.17356491088867
51.70596981048584	56.0698127746582
74.17516231536865	77.62085962295532
65.04355573654175	67.18293190002441
60.1053466796875	63.96076726913452
66.45842742919922	65.78046369552612
59.124359130859375	61.447189807891846
50.28970241546631	54.856781005859375
68.39077949523926	69.9783387184143
56.84813690185547	59.16204643249512
68.43004417419434	69.76355075836182
66.48442077636719	71.86812543869019
53.9318733215332	55.06301736831665
82.53887796401978	85.39213466644287
77.14282894134521	78.43768119812012
49.55516958236694	51.625144958496094
68.50534772872925	70.3466796875
54.709712982177734	57.56695604324341
54.174991607666016	62.924354553222656
57.84096336364746	64.20672607421875
52.57932424545288	56.7147331237793
67.16859483718872	67.41412162780762
49.60001754760742	49.31284189224243
59.27994346618652	60.50220966339111
78.5484790802002	79.8720874786377
69.45037841796875	77.03007316589355
70.5666332244873	78.87964010238647
55.38927507400513	57.87629699707031
53.119566917419434	55.66484832763672
67.44104862213135	68.35910081863403
57.57948303222656	56.47225856781006
61.458420753479004	65.16768503189087
60.31578826904297	62.39131021499634
60.748695373535156	64.00509023666382
58.96873950958252	61.63703918457031
45.746037006378174	47.223052978515625
56.3382453918457	61.2768931388855
61.52813243865967	64.42816734313965
61.18543195724487	61.314096450805664
53.53296089172363	55.613460540771484
55.817909717559814	59.26038360595703
58.419921875	59.23235893249512
57.402000427246094	58.323763847351074
56.88750457763672	60.784353733062744
64.28108978271484	67.72507381439209
57.44743347167969	61.27287197113037
57.65055847167969	59.927377223968506
64.7664737701416	67.05322265625
55.099425315856934	59.02168273925781
56.51734924316406	58.90836524963379
51.10045623779297	53.69789743423462
60.651187896728516	63.33847761154175
44.51266431808472	48.0001220703125
51.59108352661133	54.34071350097656
45.21360158920288	49.239051818847656
66.62828922271729	70.05556392669678
66.64980888366699	70.16440725326538
64.2601170539856	66.55768775939941
55.065202713012695	57.38411521911621
64.028067111969	63.901567459106445
67.7403793334961	69.86887979507446
57.04305839538574	59.5011043548584
61.1882643699646	63.68581771850586
76.41453742980957	77.91594457626343
58.8312873840332	61.87254524230957
57.002699851989746	59.63108825683594
46.29827117919922	49.43179893493652
45.936598777770996	47.11054229736328
53.34582042694092	56.81949996948242
51.69939422607422	55.349674224853516
48.60268783569336	51.72126770019531
61.79473114013672	65.08418369293213
59.74467086791992	60.232526779174805
60.67900848388672	63.460777759552
60.707082748413086	62.6448392868042
60.748985290527344	60.934149742126465
61.272507190704346	64.17905330657959
82.43986368179321	84.79765319824219
55.10408163070679	54.72596740722656
74.60019111633301	76.23105764389038
53.594154357910156	59.31021165847778
66.34381771087646	67.6671314239502
55.858726501464844	58.61367845535278
70.16981506347656	75.50277614593506
42.64760494232178	47.14719772338867
49.10039520263672	50.42678260803223
65.53187370300293	66.68877983093262
65.54644775390625	65.56244087219238
73.16834449768066	77.46697902679443
67.07480430603027	69.37539148330688
77.88817405700684	78.69374084472656
41.90052509307861	45.21637725830078
63.155860900878906	64.82161045074463
76.52907943725586	78.60643863677979
52.76104736328125	58.97881317138672
51.99532222747803	56.56087875366211
44.84605312347412	49.080074310302734
63.906500816345215	65.02043724060059
82.71223068237305	84.63660955429077
68.88005876541138	68.3846664428711
64.9731674194336	66.70425510406494
65.84008693695068	64.15474081039429
75.00958442687988	78.39397430419922
57.88459014892578	61.33777713775635
58.110870361328125	59.12969255447388
59.80407905578613	62.40282440185547
69.1443099975586	72.19501495361328
70.08055210113525	69.0207314491272
44.079400062561035	46.52800750732422
72.73911237716675	74.91844940185547
63.519883155822754	69.70845174789429
72.50583457946777	77.51997470855713
62.03592395782471	63.45871925354004
70.75281572341919	73.50860595703125
65.68036556243896	66.94335079193115
72.72215843200684	78.07464361190796
62.94573211669922	65.0850977897644
67.53721857070923	71.95294189453125
65.68058013916016	67.69878149032593
79.37307929992676	77.06311225891113
36.396846771240234	39.54885005950928
50.874271392822266	52.51143836975098
63.25674533843994	63.7132568359375
53.33859395980835	56.15288543701172
63.374000549316406	64.12875509262085
61.282362937927246	62.84507513046265
75.59191226959229	77.94208669662476
59.58058261871338	61.974782943725586
52.61305332183838	54.728843688964844
54.968063831329346	58.41896438598633
57.07110786437988	60.10398864746094
56.68020248413086	55.0100212097168
63.783321380615234	66.8095006942749
64.2448501586914	63.8991322517395
74.08534240722656	75.72876930236816
63.323452949523926	63.96491527557373
67.66401815414429	70.98084449768066
58.499168395996094	59.516239643096924
53.13520812988281	58.8559455871582
57.90029525756836	59.23592948913574
52.77777862548828	55.384517669677734
53.83326530456543	53.369436264038086
67.61720275878906	70.5735239982605
68.48802947998047	73.26444053649902
56.47632694244385	60.874855041503906
42.09425449371338	47.322898864746094
74.59074783325195	74.01427268981934
45.46670484542847	50.65126419067383
71.53707313537598	77.38353538513184
57.91067886352539	59.26636505126953
52.134864807128906	57.30476760864258
64.24105644226074	70.62073516845703
68.71064615249634	70.94889640808105
61.27481174468994	63.71836185455322
57.856849670410156	62.395554542541504
64.21881294250488	66.90329551696777
66.65968465805054	67.85727882385254
61.5239143371582	63.18350124359131
74.46247386932373	76.40777587890625
58.719764709472656	62.13473653793335
70.43087959289551	75.05069160461426
71.9217619895935	71.3748550415039
55.511653900146484	56.807607650756836
67.08357334136963	69.81537008285522
55.141294956207275	56.780290603637695
67.84992218017578	70.47445678710938
56.660888671875	59.59407091140747
70.8224630355835	71.47866249084473
68.28017234802246	66.88485622406006
51.78725051879883	54.56459999084473
52.537307262420654	60.06219482421875
74.92951393127441	75.2530517578125
67.72351169586182	72.18752384185791
53.54084777832031	56.05459785461426
51.83720779418945	55.59132671356201
76.03624820709229	75.8004994392395
59.74223613739014	61.968159675598145
59.81559371948242	62.504812717437744
70.58769035339355	73.82079124450684
84.56915092468262	84.54743957519531
61.9354829788208	63.832054138183594
87.16684150695801	91.25199794769287
59.56322479248047	57.87819957733154
72.03360033035278	75.94148826599121
37.094367027282715	41.83860778808594
40.827842712402344	44.768900871276855
58.62590026855469	59.69640254974365
51.98236846923828	55.736517906188965
70.49846506118774	71.78417205810547
64.5120620727539	70.7718358039856
82.63223314285278	87.6907787322998
47.2798171043396	50.281002044677734
72.85737133026123	73.50083827972412
53.073915004730225	59.65739059448242
67.95255088806152	68.28962802886963
82.92924690246582	85.05420112609863
74.05034637451172	73.46883773803711
54.30093240737915	58.51601791381836
70.38094139099121	72.80179023742676
55.52813720703125	54.77445459365845
66.31945037841797	69.24180030822754
52.86538553237915	56.7120361328125
66.40123748779297	66.07044267654419
78.0706787109375	79.540931224823
64.29820203781128	66.07744693756104
58.631348609924316	64.24996948242188
72.29010105133057	77.72954559326172
54.670002937316895	59.71905517578125
63.11492156982422	67.14092302322388
65.76476955413818	68.60228538513184
75.19089317321777	77.46488094329834
77.97516107559204	77.29628849029541
58.086509704589844	60.49578237533569
61.5714111328125	62.087456703186035
70.2389087677002	72.18660831451416
58.509300231933594	64.56224727630615
70.92103004455566	76.0874490737915
63.94898271560669	69.85517024993896
69.7962498664856	72.13154792785645
59.25664520263672	59.040252685546875
70.11106967926025	72.18969774246216
65.1409912109375	69.49003076553345
64.74370002746582	66.0657958984375
52.85426044464111	55.18913269042969
51.84359645843506	57.2580680847168
52.376132011413574	55.767303466796875
62.38731384277344	63.05639410018921
79.16515922546387	84.82123374938965
74.44124698638916	77.97231483459473
68.97534370422363	69.75260257720947
66.87092542648315	67.73858547210693
54.67037343978882	59.50519561767578
59.528648376464844	62.87357997894287
59.972129344940186	63.97271156311035
70.35139465332031	74.37141609191895
59.48183822631836	60.317838191986084
63.19419479370117	67.55431365966797
69.51488494873047	70.53780317306519
69.6819019317627	71.39928340911865
54.60208511352539	58.644453048706055
65.16210174560547	68.56581115722656
68.82113456726074	69.79970788955688
72.28701782226562	73.69100761413574
68.39328908920288	69.96087455749512
61.35132598876953	59.359259605407715
66.15546226501465	69.37036991119385
44.652015686035156	49.18455505371094
56.823402404785156	60.31430625915527
63.544219970703125	65.90090131759644
46.860626220703125	47.421403884887695
65.9383544921875	70.79340505599976
71.29456996917725	74.39020442962646
66.06873893737793	69.13532257080078
53.07667541503906	56.64832305908203
58.61718273162842	60.53398513793945
55.319297790527344	56.68053102493286
66.60442972183228	69.429612159729
57.420372009277344	58.48198843002319
58.323219299316406	62.10661840438843
66.07017517089844	68.78941297531128
51.02436065673828	53.22412919998169
56.53737831115723	57.99433708190918
68.00735473632812	71.81534719467163
70.94795227050781	73.26541900634766
63.25225067138672	66.5278172492981
68.84708261489868	72.84782409667969
65.99691581726074	67.21692562103271
56.920002937316895	58.223233222961426
76.49541664123535	78.40336799621582
74.39305305480957	73.3386607170105
69.1944408416748	71.37331247329712
76.26808166503906	79.79832410812378
71.09934425354004	73.42230796813965
52.93747663497925	59.05694580078125
55.75727844238281	56.836867332458496
57.77918243408203	60.27646780014038
69.57190132141113	71.62081718444824
71.43177938461304	73.77177238464355
46.89839315414429	53.55509948730469
52.29987859725952	54.08081817626953
66.99429416656494	67.6144552230835
54.74870300292969	56.823699951171875
84.62594604492188	85.45041847229004
58.75957012176514	58.12333822250366
51.556827545166016	54.97999572753906
68.03082942962646	69.51288414001465
71.51382446289062	75.14781188964844
59.32372283935547	60.61902666091919
83.95769119262695	84.79830360412598
57.48180389404297	59.556901931762695
66.86369323730469	71.40832614898682
64.7021484375	66.63814401626587
70.70834541320801	72.5238447189331
71.95700073242188	73.2658224105835
58.56050109863281	59.54780387878418
70.53796434402466	76.47535800933838
71.22255802154541	72.73127603530884
66.40983009338379	69.80514526367188
56.21425724029541	59.65763854980469
67.79180717468262	67.55003452301025
56.58646202087402	59.83724594116211
81.62350654602051	85.35946750640869
46.79231262207031	49.51361083984375
63.78801155090332	66.29324340820312
73.1400203704834	72.16205596923828
56.05374526977539	65.62689971923828
73.56571769714355	74.73311424255371
47.24113130569458	53.212398529052734
55.19464111328125	57.82915163040161
70.59026956558228	70.44906616210938
56.22740840911865	60.32360076904297
61.840060234069824	63.3238525390625
52.18040084838867	56.38167715072632
64.2365198135376	67.91610717773438
72.16543674468994	73.76792860031128
59.594165325164795	62.43332386016846
73.67421913146973	73.67076826095581
64.74853515625	69.70890283584595
76.07170295715332	82.31545829772949
71.62861824035645	71.09512233734131
56.47524642944336	59.05781364440918
70.42874050140381	72.79860019683838
57.0372200012207	60.689502239227295
58.34331512451172	57.31345510482788
65.45970153808594	66.52958869934082
58.470130920410156	60.92740774154663
72.33267116546631	74.45755004882812
53.76484680175781	57.0578556060791
68.90162801742554	70.06950378417969
69.41485404968262	73.43391370773315
50.79772472381592	55.63191223144531
60.72478485107422	63.840449810028076
50.810935974121094	55.349388122558594
46.3323187828064	49.25492477416992
54.78414535522461	57.03712320327759
43.56782531738281	47.682844161987305
52.160003662109375	54.43600273132324
59.55988311767578	62.06854820251465
69.62174320220947	80.93785285949707
62.174360275268555	65.17715454101562
72.29008197784424	74.64179992675781
59.5835394859314	60.589051246643066
58.044090270996094	60.22353172302246
74.21047735214233	77.53605079650879
66.50627899169922	69.40387058258057
65.00660133361816	69.33707237243652
72.89668273925781	80.00061321258545
59.33873748779297	63.004560470581055
78.7099256515503	82.61063575744629
52.17675828933716	54.07402801513672
54.698585510253906	57.92965507507324
68.57183837890625	67.32316732406616
75.15736198425293	76.304847240448
62.999778747558594	66.20419263839722
41.71675252914429	45.77956771850586
73.44039916992188	72.41518020629883
64.76359748840332	63.6176872253418
76.9617919921875	79.25918197631836
68.9867115020752	73.371018409729
66.94753360748291	69.10911560058594
52.76372146606445	55.44058656692505
54.103614807128906	56.738951683044434
52.00333642959595	54.51782989501953
60.884788513183594	63.04126739501953
64.7043685913086	63.42589616775513
54.440675258636475	55.96160888671875
72.41736602783203	76.61110782623291
67.54154968261719	70.32961463928223
48.590492248535156	52.2316517829895
70.39112091064453	72.75777339935303
63.55492973327637	63.8104772567749
68.72492837905884	74.60391044616699
56.88452911376953	57.762818336486816
72.91380405426025	74.61509799957275
46.411749839782715	49.24301528930664
59.186057567596436	61.964659690856934
61.551581382751465	60.36610126495361
54.54607391357422	56.40725898742676
66.42286682128906	67.59443521499634
74.06028842926025	79.47751045227051
70.31722927093506	70.93386650085449
53.5833625793457	53.70382833480835
52.466825008392334	57.105751037597656
66.70462560653687	70.04798126220703
56.05839920043945	59.57447814941406
66.18630981445312	69.46585750579834
76.02978706359863	78.4214882850647
54.47515869140625	57.097153186798096
61.852821350097656	62.38461494445801
71.26788139343262	75.20037651062012
64.24495697021484	65.53199672698975
60.21320199966431	61.08468055725098
49.93818235397339	53.61912536621094
71.73902750015259	75.26597023010254
75.8254566192627	77.40504360198975
68.56714630126953	68.93729496002197
56.425517082214355	58.61442565917969
57.6990852355957	59.16866397857666
50.779837131500244	56.486412048339844
71.71880912780762	72.7133617401123
62.06276321411133	62.62329339981079
64.80346584320068	66.32044792175293
59.29777908325195	61.792898178100586
76.63548469543457	76.21649694442749
65.30554103851318	69.53416347503662
71.98122453689575	76.22788429260254
57.49088191986084	59.80389404296875
58.79300308227539	61.84933662414551
66.18971300125122	67.26673126220703
69.88217067718506	70.97201347351074
63.59562635421753	65.12712955474854
61.082834243774414	63.192338943481445
55.33032178878784	60.44603729248047
58.62638473510742	60.71922969818115
48.84868144989014	52.213165283203125
56.30020713806152	58.68849182128906
51.64443635940552	55.75091552734375
72.85202074050903	73.26535034179688
62.12479305267334	65.13586521148682
57.69961929321289	57.160770893096924
74.20088386535645	71.59760856628418
77.82299423217773	78.25447082519531
72.58990716934204	74.27707099914551
69.8278284072876	70.54164791107178
66.92379951477051	70.59440422058105
60.58749771118164	59.228028774261475
64.21839904785156	63.259002685546875
51.03780746459961	54.03099346160889
63.45184326171875	61.70681047439575
72.01235961914062	75.2985143661499
67.34550476074219	70.97760200500488
66.78669118881226	71.47026062011719
55.396446228027344	58.10416603088379
73.41958808898926	76.70838212966919
65.53163146972656	67.02690124511719
64.26622581481934	69.72722053527832
75.77371120452881	78.00058126449585
55.38007354736328	59.01689386367798
82.90192985534668	82.30281257629395
57.651180267333984	59.57093524932861
75.54790496826172	76.14599609375
51.30972242355347	54.40726089477539
58.741058349609375	60.5942645072937
70.19183158874512	72.95463800430298
71.58469200134277	73.67860269546509
59.01476287841797	58.051976680755615
67.56756591796875	69.36836242675781
70.02338409423828	73.16033411026001
52.84534502029419	54.925880432128906
61.69249725341797	67.12487697601318
73.28570365905762	76.3625340461731
71.43778800964355	74.02322340011597
53.16225481033325	55.523006439208984
55.309410095214844	58.96232604980469
83.9314079284668	83.27699899673462
69.3369369506836	70.5163049697876
55.75152587890625	56.98946571350098
74.7993335723877	74.37400674819946
64.01024436950684	67.8498363494873
52.76908826828003	56.65109634399414
74.97517490386963	76.80010318756104
52.35020351409912	55.68305969238281
60.14078903198242	62.601694107055664
69.3625431060791	71.23085021972656
53.763771057128906	56.38098192214966
67.317626953125	68.42776536941528
71.77358293533325	74.71715450286865
70.94437980651855	76.66487216949463
68.90331888198853	71.25496864318848
53.984529972076416	54.02458190917969
55.97936248779297	57.54781150817871
75.53257942199707	78.59934282302856
69.21855926513672	72.68213081359863
58.049156188964844	57.5971941947937
52.33100080490112	57.86698818206787
61.15001821517944	61.89868450164795
45.211562156677246	48.81216812133789
46.543785095214844	49.89727020263672
72.99438285827637	73.47530364990234
67.1330394744873	69.53210353851318
74.87133169174194	76.36390113830566
72.16318130493164	75.8566427230835
61.545310974121094	62.60644483566284
54.65983200073242	56.261043548583984
65.59808349609375	69.34692192077637
59.31858444213867	59.326043128967285
75.64161777496338	75.9052882194519
67.54869174957275	70.71492671966553
50.37528991699219	53.83973693847656
60.19104766845703	61.12770223617554
69.69522857666016	72.13194513320923
65.69569396972656	71.71627807617188
63.64210510253906	65.26350545883179
57.69985866546631	60.58909606933594
55.79013204574585	56.81086540222168
52.00164079666138	55.264530181884766
68.41877937316895	68.01892805099487
56.121578216552734	58.93607711791992
54.726417541503906	59.040329933166504
62.41508483886719	63.80095052719116
65.86232900619507	68.47891044616699
57.51144981384277	62.02470397949219
66.84791564941406	70.76184177398682
60.38270568847656	58.898353099823
61.33445119857788	61.11506462097168
55.74755859375	62.50247383117676
57.28624439239502	59.61266326904297
57.891754150390625	61.23251008987427
57.03587818145752	59.07229995727539
74.17708396911621	74.86944341659546
71.71755790710449	73.89070844650269
60.96533393859863	62.090017318725586
56.85356903076172	60.859331130981445
66.41456604003906	66.58052158355713
73.37971687316895	72.79975700378418
59.89080047607422	60.967971324920654
53.60928153991699	55.632309913635254
64.49050998687744	65.29234409332275
64.08008480072021	63.952226638793945
37.18862819671631	39.902000427246094
61.89817810058594	65.53796195983887
49.44701623916626	54.92251205444336
54.33720111846924	58.5600962638855
61.87832593917847	65.13809204101562
60.51237869262695	64.07720947265625
77.20734310150146	80.07342338562012
69.89128112792969	73.04996681213379
61.916038513183594	62.74727153778076
62.94351577758789	62.30760383605957
58.52177333831787	62.13067626953125
72.51917266845703	71.60677433013916
71.00036430358887	73.063645362854
58.641021728515625	59.145652770996094
71.44557189941406	73.14851760864258
55.68573713302612	61.24172592163086
59.00840663909912	63.650962829589844
55.74247074127197	59.79442596435547
65.52533626556396	66.90117406845093
63.390310764312744	64.07026767730713
55.334267139434814	59.049537658691406
54.78516912460327	58.12788391113281
64.7702169418335	69.76277112960815
67.57240295410156	65.28784227371216
62.19947052001953	63.53633451461792
55.53270721435547	61.70572471618652
71.8201675415039	74.35580682754517
68.28515625	72.12642002105713
56.56550216674805	60.27635192871094
67.98190498352051	69.81459140777588
70.44145393371582	70.53416633605957
62.83865737915039	61.1711368560791
60.70404815673828	63.744521141052246
50.4012770652771	55.390228271484375
70.694899559021	69.83254289627075
48.25	52.3120493888855
49.694411754608154	56.728851318359375
59.25040245056152	63.18576192855835
61.60526418685913	64.0361499786377
63.69789791107178	64.179368019104
63.11030387878418	65.63576745986938
75.37021064758301	78.89712333679199
51.146117210388184	51.570404052734375
71.49966239929199	75.25774621963501
58.9996976852417	61.431517601013184
52.8257942199707	51.184332847595215
52.71316576004028	55.823387145996094
65.94142150878906	71.6130838394165
51.84200429916382	54.022972106933594
55.50861358642578	57.67137908935547
63.47503662109375	66.33869886398315
58.61887836456299	63.0079231262207
56.326873779296875	58.84323692321777
72.03101968765259	75.9913158416748
56.839505195617676	58.54799270629883
73.68913078308105	71.71574592590332
75.09706974029541	79.94000816345215
73.68120002746582	74.17457580566406
69.41061973571777	69.76683616638184
65.19697380065918	64.81474018096924
62.45950269699097	65.44699192047119
64.86624240875244	66.4777135848999
72.2442569732666	75.73641777038574
57.4605712890625	60.099660873413086
68.37194919586182	70.60311651229858
44.151137351989746	51.062843322753906
62.671669006347656	66.90641641616821
52.68055486679077	55.92327880859375
67.82955980300903	69.11905765533447
58.06540489196777	62.28125190734863
53.63280487060547	56.47275638580322
52.44181251525879	53.12493324279785
44.407161235809326	48.380523681640625
73.04310369491577	78.01286315917969
50.323665618896484	52.11904048919678
44.26195526123047	46.30038642883301
