62.315378189086914	51.460997581481934
68.2235336303711	58.53588104248047
74.86445617675781	67.87763977050781
74.84322357177734	64.91302490234375
65.85846710205078	65.4664535522461
75.67192077636719	67.4129638671875
73.14041233062744	63.552228927612305
72.75669193267822	65.3104076385498
78.23128986358643	75.49210834503174
73.5643310546875	75.10690307617188
75.38480949401855	67.18362712860107
76.36265563964844	77.65882110595703
71.37097263336182	64.6284818649292
64.63939666748047	63.24867248535156
68.85136222839355	64.96535205841064
74.17586326599121	66.89723205566406
71.54224491119385	60.594350814819336
80.9374771118164	73.70795440673828
65.3298864364624	64.78968048095703
74.55049133300781	72.25421905517578
68.17938232421875	56.47146224975586
76.99544906616211	78.73727130889893
57.379844665527344	55.22173309326172
67.56605529785156	67.90116882324219
68.60991668701172	65.10282897949219
72.52015686035156	67.70088195800781
68.0513973236084	66.44406414031982
65.29212951660156	60.87794494628906
68.86490726470947	64.77686977386475
79.12153053283691	74.85240077972412
89.74478244781494	73.56266784667969
69.11181545257568	65.79395580291748
59.05666542053223	59.696072578430176
64.15961456298828	56.05439758300781
78.05099487304688	75.3554220199585
61.296356201171875	56.687378883361816
59.94665241241455	54.162538051605225
72.28476047515869	69.77342319488525
71.32614326477051	62.958899974823
78.57518196105957	70.73077201843262
81.88692092895508	77.46107578277588
82.38836669921875	75.91796112060547
76.76429843902588	71.48476266860962
83.57424926757812	81.37519836425781
77.96788787841797	77.406494140625
71.20745086669922	71.05242919921875
76.81834697723389	78.93710041046143
86.33748626708984	92.6206283569336
78.54811954498291	74.7469711303711
77.09944152832031	64.78272914886475
76.65681457519531	71.13076686859131
73.15835380554199	73.43055725097656
65.69471454620361	66.91875457763672
60.565985679626465	56.076897621154785
56.79476451873779	57.15691566467285
71.38656616210938	73.1594009399414
68.43778228759766	63.93865203857422
53.23469305038452	58.8798189163208
66.23911952972412	60.900672912597656
74.83914279937744	66.16253566741943
91.2757396697998	85.09160995483398
78.65939331054688	77.28211212158203
72.3691234588623	70.28466939926147
88.92483329772949	73.50353050231934
64.52473497390747	54.293004512786865
61.15326690673828	64.00962829589844
85.88410186767578	77.14716339111328
71.59725284576416	71.01261329650879
77.20301532745361	72.17026329040527
88.05511951446533	83.63154697418213
79.82351589202881	80.29468822479248
74.87809562683105	72.81882953643799
63.720744132995605	53.12660312652588
63.57102108001709	62.979966163635254
79.06114959716797	78.31123352050781
62.929991722106934	64.82922077178955
75.91613674163818	57.274972915649414
71.40211486816406	71.3727035522461
69.67599391937256	71.03750038146973
78.91143798828125	70.04849243164062
66.8539867401123	67.4161024093628
90.00458717346191	81.89370155334473
72.54466438293457	72.04057216644287
75.69822692871094	75.5097427368164
62.6370210647583	50.88711595535278
54.0060658454895	52.132057666778564
76.7082576751709	74.58969116210938
75.48886299133301	74.79918479919434
61.540672302246094	62.73305130004883
78.58712005615234	67.02873229980469
75.55030059814453	73.5459213256836
67.81330108642578	65.33171844482422
81.98075103759766	75.05729675292969
81.25480365753174	69.08403778076172
83.67159271240234	81.48165893554688
75.2732982635498	77.9923324584961
84.69770812988281	74.08880615234375
81.36770725250244	73.09414386749268
68.6786117553711	62.45051956176758
76.78729248046875	71.66173553466797
64.14369201660156	65.36699676513672
68.02250480651855	68.29099559783936
69.97215270996094	60.528693199157715
75.9125747680664	66.4951844215393
79.2515640258789	68.9056625366211
53.66737651824951	55.69870138168335
95.30875778198242	97.0141429901123
71.86225891113281	67.13001251220703
53.72938394546509	58.55013179779053
77.34028148651123	71.21905994415283
78.87397766113281	77.28123474121094
69.69515991210938	72.39375305175781
76.69273662567139	75.52547359466553
89.64910888671875	91.81487274169922
68.31855297088623	62.09966564178467
73.85874652862549	72.03865146636963
68.99520111083984	61.644981384277344
65.80445671081543	61.60199737548828
75.67743301391602	74.72781085968018
73.56544494628906	74.09608459472656
75.39890193939209	70.00669574737549
75.09759521484375	63.887550354003906
78.80191802978516	71.43394470214844
73.27882385253906	69.02848052978516
60.2595100402832	60.94285011291504
81.72395324707031	71.29463958740234
72.98513507843018	68.77722835540771
81.92740631103516	81.30392456054688
88.95364379882812	90.09532165527344
76.39824771881104	77.45207691192627
79.29513454437256	67.70384788513184
80.64761352539062	73.42408752441406
65.81009674072266	62.36363983154297
74.01312255859375	75.8885269165039
71.0623607635498	66.77647495269775
73.37712860107422	76.83280181884766
63.08465576171875	60.66735076904297
66.72584629058838	57.44658184051514
72.20816135406494	66.28184413909912
67.93316650390625	60.68583679199219
70.53725528717041	65.49239349365234
87.22890853881836	76.71818733215332
66.83278465270996	67.72673034667969
77.23040771484375	75.97848510742188
73.50062942504883	62.23914957046509
73.6853256225586	70.16355895996094
72.68669033050537	70.57933235168457
69.58353567123413	65.67820930480957
68.88931369781494	68.58638286590576
73.7967300415039	69.74424743652344
62.17557907104492	69.69123077392578
69.77879333496094	64.53825283050537
68.46275520324707	66.97123908996582
66.89408683776855	62.18173313140869
78.87567090988159	80.09750556945801
76.41851806640625	72.85397052764893
80.0998420715332	77.58501148223877
65.39373779296875	61.969573974609375
82.9823989868164	75.05491638183594
62.05157470703125	60.6173210144043
75.51126098632812	63.182403564453125
67.2730484008789	71.07034492492676
85.85411071777344	80.97286987304688
66.45925807952881	58.51814842224121
67.00956726074219	54.26849365234375
71.05104064941406	66.20558166503906
81.66357135772705	74.58278179168701
82.3343734741211	71.22987365722656
68.98497009277344	63.97904109954834
77.859619140625	70.87546730041504
71.57410144805908	78.451735496521
69.49207782745361	66.70712757110596
66.05808734893799	64.09758186340332
74.1880989074707	59.760114669799805
72.08940696716309	75.83271026611328
58.33821105957031	63.275081634521484
78.2863712310791	70.87656879425049
68.6557846069336	71.8680648803711
69.76927375793457	66.26344585418701
63.254719734191895	57.73716688156128
77.11062526702881	69.75647163391113
61.582998275756836	57.43373775482178
67.412353515625	66.29515075683594
79.08413982391357	78.95264148712158
74.70343017578125	65.53390502929688
84.68010711669922	78.87265014648438
85.6413459777832	80.57366180419922
81.49807548522949	69.72761535644531
66.69270324707031	59.40074157714844
67.73721313476562	62.79961013793945
70.3187255859375	69.01875305175781
75.64310455322266	68.54947662353516
77.01441955566406	69.22640991210938
68.4704818725586	63.176239013671875
67.90486145019531	64.20433044433594
66.20771026611328	67.29210758209229
68.30831241607666	68.56195640563965
69.85439586639404	74.76455497741699
82.10979080200195	76.5785436630249
70.42849445343018	69.43704986572266
65.25088596343994	57.879088401794434
80.79670715332031	74.81301879882812
74.22563076019287	73.54063510894775
71.10549926757812	71.65900993347168
72.06681632995605	63.9985876083374
77.05115604400635	64.41489219665527
58.47575092315674	56.54140090942383
72.37728118896484	72.05082702636719
77.47025108337402	70.97186470031738
71.8444595336914	70.45454406738281
81.34445190429688	85.2303466796875
67.85929870605469	66.24610137939453
64.3466329574585	55.100276470184326
69.72924613952637	62.42046070098877
70.68309116363525	63.65281963348389
62.19855308532715	60.985527992248535
77.847900390625	79.74407958984375
72.07253742218018	66.9335412979126
87.66472721099854	84.69784355163574
92.2575101852417	88.40461349487305
79.55932331085205	72.97640991210938
77.29847145080566	73.30759906768799
80.58892059326172	80.58660411834717
60.56578063964844	70.10649871826172
53.95634460449219	47.41928482055664
79.97454833984375	76.58189392089844
72.08786487579346	74.11079120635986
76.93601989746094	74.60293579101562
71.50695991516113	70.88919639587402
77.061279296875	70.83807373046875
70.60679626464844	70.65514373779297
78.61108493804932	73.50105476379395
76.10148620605469	68.30215454101562
85.9458475112915	77.52418327331543
58.10448741912842	59.33181858062744
83.77832221984863	73.57418632507324
81.10258483886719	72.14301300048828
67.8545150756836	60.614121437072754
87.34287071228027	78.73990631103516
60.31134033203125	57.04204177856445
88.33462715148926	74.52084732055664
67.38395690917969	65.6129150390625
84.30703735351562	77.27452850341797
76.46973609924316	76.49433517456055
59.441511154174805	55.00185441970825
79.88081073760986	71.12380170822144
73.81106185913086	70.25774431228638
53.822693824768066	48.01689004898071
66.9593505859375	61.31832504272461
55.93615674972534	50.82720470428467
83.20328521728516	77.9005126953125
76.72512817382812	71.07254028320312
68.82881164550781	67.58469104766846
64.11235809326172	62.977874755859375
72.13582706451416	74.22009658813477
71.35367584228516	66.41681671142578
71.14315032958984	69.738525390625
72.1019287109375	67.60393524169922
71.041672706604	68.41946983337402
79.63302421569824	76.85053062438965
77.49472045898438	77.86671447753906
70.59941291809082	68.3660306930542
94.80788326263428	93.53207015991211
70.79249477386475	72.18099784851074
64.68834972381592	54.23163843154907
62.40239334106445	51.67988204956055
71.30497741699219	64.84944152832031
84.47488117218018	86.95755958557129
77.97891426086426	71.44734048843384
69.11868953704834	65.28238821029663
71.25906372070312	73.73654174804688
76.21414089202881	67.92377758026123
74.18414211273193	70.04184579849243
86.15666198730469	81.04911804199219
70.58133506774902	66.09273433685303
84.74711322784424	78.00593757629395
63.42083740234375	59.4972562789917
72.5643081665039	71.7538070678711
85.13751125335693	80.5513801574707
73.3156566619873	70.90593528747559
78.7389612197876	69.90242004394531
72.44596099853516	68.04388427734375
59.49841785430908	59.24655628204346
72.22348022460938	64.70719146728516
70.29289054870605	66.56554889678955
63.670169830322266	62.9886474609375
73.93699264526367	71.31291246414185
72.22238731384277	64.96834659576416
72.7752571105957	68.61568307876587
91.60150527954102	86.21912002563477
74.5044174194336	74.13540649414062
73.64312744140625	68.9463119506836
82.693603515625	77.92466735839844
79.15245819091797	77.61803436279297
69.20582294464111	68.10766696929932
78.28973388671875	78.19469451904297
86.1665267944336	82.0663948059082
64.19699001312256	57.63364887237549
57.01315689086914	52.83519744873047
83.20648193359375	69.2823314666748
71.71139526367188	72.202392578125
79.0291976928711	71.69412994384766
81.65674591064453	76.35256958007812
66.51243591308594	65.57772827148438
67.58419799804688	64.34317016601562
81.9675064086914	78.03115844726562
63.518836975097656	58.48547077178955
65.3930721282959	60.93200874328613
76.63736152648926	70.2800064086914
72.36713409423828	68.34928131103516
73.34758758544922	64.16380310058594
74.28218078613281	68.34276580810547
78.58906745910645	72.36178398132324
69.35843658447266	71.05348205566406
62.56301498413086	61.44407653808594
81.19069862365723	70.8713150024414
79.45894622802734	73.94013977050781
72.46795654296875	62.6456298828125
60.04490518569946	53.99861812591553
69.32466888427734	62.281494140625
77.97068309783936	67.50084114074707
70.80809020996094	63.24589920043945
73.46412467956543	72.95797824859619
71.57134866714478	65.21582651138306
72.79863548278809	68.33639717102051
74.02176666259766	71.6625747680664
67.80557060241699	60.22591781616211
72.69479370117188	65.18230438232422
70.73974323272705	65.67727756500244
66.97648620605469	65.25618743896484
61.81473255157471	60.700581550598145
51.493815422058105	58.48284721374512
68.72156620025635	73.03436183929443
78.06465911865234	74.87683868408203
75.87474060058594	72.92848205566406
84.37585830688477	82.76165008544922
74.70300483703613	68.35217189788818
62.78267860412598	64.82202434539795
70.4458179473877	58.81037139892578
69.3095703125	62.64068603515625
71.75238800048828	72.52139282226562
70.55580854415894	63.563122272491455
63.966392517089844	55.705169677734375
61.33652114868164	59.32444763183594
79.6240587234497	75.96166515350342
77.01275730133057	72.05624198913574
64.36415004730225	59.4328556060791
65.43536281585693	71.10923767089844
62.25460243225098	61.0035924911499
77.77266693115234	80.86747741699219
58.375314712524414	57.068161964416504
74.29519844055176	70.3518533706665
75.0879135131836	72.46115970611572
76.13871765136719	71.27574920654297
78.59249114990234	77.83565521240234
75.41030406951904	62.191904067993164
86.14993286132812	79.17474365234375
82.75414752960205	72.03805732727051
68.63588762283325	67.57967233657837
56.37865352630615	60.16552257537842
80.09306812286377	76.58801460266113
78.83548259735107	69.27391529083252
73.16934967041016	73.85823822021484
69.4219970703125	66.02169036865234
64.91234588623047	52.191184997558594
76.87762069702148	74.48707294464111
59.67792320251465	50.27233028411865
77.7143325805664	65.46320343017578
74.64036655426025	68.64024257659912
72.157639503479	68.9478530883789
63.59286403656006	62.27938270568848
60.65154838562012	58.140870094299316
86.27757835388184	76.68108606338501
78.7375259399414	75.01499938964844
81.35335922241211	77.27236747741699
60.817466735839844	57.92994689941406
73.97122192382812	71.34540367126465
82.56275939941406	81.44248962402344
64.4958086013794	59.38094520568848
72.0964298248291	71.43833065032959
78.5628890991211	78.19017028808594
77.85047149658203	73.28816986083984
59.469970703125	50.93268585205078
67.95746326446533	65.58392429351807
79.53183174133301	76.3117904663086
67.92386627197266	67.94728088378906
86.2997817993164	81.71151733398438
82.08296871185303	70.23058319091797
74.53141212463379	72.55717468261719
81.61499881744385	75.32365322113037
81.93479251861572	73.19990634918213
73.05908870697021	67.53699970245361
68.58196353912354	71.99192142486572
81.9239501953125	76.12321472167969
65.0555009841919	63.75429630279541
72.058349609375	67.92394256591797
63.767714500427246	61.68406867980957
62.02406644821167	53.7257022857666
78.6098861694336	70.9896240234375
76.01701354980469	65.98543548583984
71.78761100769043	70.40647792816162
68.16929054260254	65.69248485565186
66.56889343261719	58.701910972595215
71.30220031738281	65.69770050048828
64.44207572937012	67.23440265655518
95.18404006958008	96.01483345031738
67.70039176940918	64.53271579742432
71.9449462890625	61.001487731933594
78.81311893463135	72.2747449874878
67.90229797363281	68.45819091796875
79.08367919921875	74.02073669433594
68.44874286651611	68.73429012298584
63.809624671936035	62.330872535705566
76.79891967773438	75.4127197265625
52.524009227752686	44.13389730453491
80.74950408935547	80.68978118896484
71.05941677093506	65.84300231933594
78.67835235595703	73.39521789550781
88.25460433959961	77.32710838317871
72.51904964447021	70.18926334381104
80.3944091796875	79.76972198486328
73.73527240753174	68.7757797241211
70.32740020751953	69.40675354003906
73.09180450439453	69.13296508789062
58.55743408203125	54.997833251953125
81.67842102050781	78.57328033447266
83.20783233642578	82.38193225860596
72.95938014984131	60.573649406433105
75.85563659667969	72.26399230957031
81.69132328033447	65.7756872177124
69.20404720306396	67.3978910446167
75.71809387207031	66.21070861816406
52.500717639923096	48.98819065093994
71.05932712554932	61.40574932098389
60.53621864318848	58.43476867675781
72.91495513916016	55.57979202270508
70.20037841796875	64.72300720214844
88.44538879394531	84.20446014404297
87.53349208831787	86.66297149658203
87.57251071929932	78.42663288116455
86.10742378234863	77.90455055236816
67.1998519897461	62.50206756591797
73.86145305633545	73.38340187072754
68.06300640106201	60.8029670715332
83.82817077636719	76.39820098876953
84.48015117645264	79.1249771118164
73.53050804138184	65.49945640563965
76.8125524520874	65.10311794281006
71.05663299560547	65.16911506652832
64.418212890625	70.51639556884766
82.03488826751709	72.36174964904785
62.85347843170166	56.98466348648071
77.78488445281982	70.67333984375
65.73735237121582	66.83033466339111
81.26519775390625	71.14403533935547
71.70236873626709	68.30881309509277
73.5952558517456	72.27055931091309
84.27442932128906	79.72833251953125
81.15424060821533	76.56464958190918
66.90727233886719	75.27861785888672
81.3918514251709	75.92844486236572
77.89791107177734	70.25372314453125
66.82991123199463	64.32026052474976
80.25529479980469	72.36935424804688
73.50045013427734	78.4078369140625
79.79035949707031	80.60015869140625
67.21740627288818	64.54873371124268
90.9608154296875	79.062903881073
73.90274047851562	71.07551574707031
78.2392578125	71.23445129394531
75.14793491363525	63.578099727630615
72.91551399230957	69.76626300811768
49.40796661376953	53.48537302017212
72.11801147460938	63.98796463012695
77.3798828125	72.68927001953125
68.4310302734375	69.16112518310547
70.17591857910156	66.05366802215576
69.97264099121094	64.66093444824219
58.60101318359375	60.38069152832031
81.9808349609375	83.79564666748047
73.39456939697266	75.5081787109375
75.54599475860596	66.40443706512451
81.68415927886963	68.73890972137451
84.85224151611328	79.5370101928711
62.051597595214844	59.22975540161133
63.99522304534912	61.67790699005127
68.58875274658203	71.46210956573486
72.88830375671387	65.09586238861084
71.26974201202393	74.32771587371826
94.53079605102539	90.87367057800293
67.73902893066406	57.15776824951172
78.4526481628418	70.80987596511841
69.04405689239502	71.0947847366333
59.90464687347412	51.11044883728027
77.36605644226074	74.49988269805908
69.68191528320312	66.35651874542236
77.12745666503906	70.86099243164062
69.95161437988281	65.75869750976562
74.08113098144531	73.78936767578125
65.76770687103271	65.48411560058594
59.69249439239502	58.029906272888184
73.27350616455078	71.3803939819336
85.32877540588379	82.87943363189697
85.3460693359375	80.38079833984375
64.1139907836914	65.66014099121094
79.08247375488281	73.1733169555664
54.914554595947266	54.198867321014404
69.20043897628784	64.30632162094116
77.9043197631836	75.68421173095703
78.26762294769287	76.17731952667236
73.06243991851807	69.04326915740967
73.19065856933594	67.43489837646484
75.34432125091553	73.03412818908691
73.30307006835938	66.96451663970947
71.79175662994385	69.81670475006104
71.3728084564209	69.7167158126831
82.56176948547363	66.59037590026855
67.09511518478394	66.0785665512085
71.32521057128906	70.69345092773438
81.53124046325684	72.92793273925781
63.327006340026855	56.62836742401123
64.62890911102295	69.27033710479736
74.05842590332031	70.26549530029297
76.9100570678711	82.65343475341797
69.93968963623047	67.171142578125
62.651527404785156	62.87979698181152
76.50033569335938	72.61441230773926
53.70715379714966	48.971421241760254
76.888916015625	74.65212917327881
76.31510162353516	71.20436096191406
73.4431962966919	72.94972038269043
73.96765422821045	77.57895183563232
81.36848831176758	67.81744480133057
77.77816772460938	74.1138916015625
69.70979976654053	73.16340351104736
65.14548301696777	59.94282054901123
75.94303894042969	71.73246002197266
87.00409698486328	81.28378200531006
67.88780212402344	61.77814483642578
63.81793212890625	65.70826721191406
69.63012504577637	65.61436557769775
68.82236289978027	67.03228855133057
63.67066955566406	63.77244758605957
72.36293125152588	68.83215618133545
71.80790710449219	68.52173614501953
82.63997888565063	63.61298942565918
76.46913528442383	67.71809577941895
71.12348937988281	74.73992919921875
61.58195686340332	58.83203601837158
78.18966674804688	72.22628021240234
77.4610595703125	68.6876449584961
59.40408897399902	51.91034460067749
70.60697174072266	70.06594848632812
82.90939331054688	73.97283935546875
77.24589538574219	65.16227722167969
62.56311798095703	60.608917236328125
78.02308654785156	71.94282531738281
51.766719818115234	46.146175384521484
59.133209228515625	55.50281524658203
76.11473178863525	67.83436632156372
78.51214408874512	69.23131465911865
67.79161834716797	60.72532272338867
74.92640018463135	68.47452640533447
64.96661376953125	66.33599853515625
73.56683349609375	76.2524642944336
77.83607482910156	69.07401466369629
80.79434108734131	78.82712745666504
67.20527648925781	65.97550868988037
76.71769714355469	75.94561004638672
73.10163116455078	71.57059478759766
70.90386962890625	67.61286163330078
72.0544261932373	71.68304920196533
83.25991630554199	75.41298866271973
75.54008674621582	75.92458820343018
69.00564479827881	64.64654636383057
81.932373046875	76.4888687133789
80.03927993774414	76.39677143096924
73.49750995635986	71.87288665771484
64.45163536071777	63.384528160095215
68.16766357421875	61.687889099121094
75.4222640991211	73.79034423828125
78.67873668670654	77.58162212371826
68.01298522949219	64.48714351654053
73.78990173339844	63.38517379760742
66.06682586669922	58.661803245544434
62.81482219696045	58.326788902282715
73.90018844604492	69.43576955795288
76.1361894607544	71.09486389160156
72.58553981781006	73.75107383728027
72.99690246582031	58.28847408294678
67.01519870758057	69.76576232910156
69.74590873718262	69.98789024353027
87.48216533660889	84.78218936920166
77.68568325042725	73.2112283706665
78.00403594970703	68.35660552978516
70.24432468414307	72.99609661102295
82.47489929199219	80.7464370727539
67.30745506286621	57.75347137451172
61.09311103820801	57.109131813049316
71.34605407714844	70.05815887451172
85.50017356872559	84.20084953308105
71.2283525466919	66.4617280960083
66.58020210266113	68.7371072769165
72.48743343353271	79.23499774932861
87.22414970397949	64.87703561782837
55.24880123138428	52.812814235687256
72.57582092285156	70.22297859191895
80.52950286865234	79.79940795898438
65.75660705566406	63.555381774902344
56.39860725402832	60.81791400909424
73.6335678100586	61.103477478027344
90.24825668334961	75.95761013031006
78.9980936050415	69.77129459381104
72.87588024139404	70.21930408477783
73.45361042022705	74.86451721191406
79.81375885009766	72.7579116821289
79.43053436279297	73.90678405761719
72.66986751556396	68.30625629425049
69.62822246551514	70.19866943359375
62.6421012878418	64.02626037597656
71.60655212402344	62.45149230957031
75.15963745117188	76.48968505859375
68.00082874298096	67.13229084014893
82.27884292602539	75.1204948425293
65.97701072692871	58.014071464538574
67.42926788330078	64.3653335571289
68.79342365264893	64.06300163269043
64.69728183746338	65.77270030975342
79.34562683105469	73.31022644042969
71.4137806892395	64.77284145355225
88.50022888183594	79.91279602050781
76.0536117553711	60.72093963623047
58.06452655792236	56.81241512298584
68.01295185089111	64.81436061859131
71.03371524810791	69.41729640960693
73.4432897567749	71.4047384262085
68.32658386230469	65.99509525299072
75.54948425292969	72.89775085449219
72.1361083984375	69.4493179321289
72.57473945617676	68.49815940856934
74.78954315185547	71.40579986572266
70.17998504638672	67.8897933959961
85.4765625	75.83090209960938
65.69892024993896	59.450693130493164
82.01856136322021	71.62521171569824
70.94094944000244	67.27133274078369
78.44961547851562	76.67658996582031
81.71302127838135	74.06851959228516
71.00009632110596	65.46434211730957
60.047088623046875	53.278076171875
73.54407978057861	76.66595363616943
89.14227485656738	75.03170013427734
56.17525768280029	52.6938362121582
61.541855812072754	61.699950218200684
68.63233184814453	69.46275329589844
74.02867317199707	61.030282974243164
63.67930793762207	62.0646915435791
58.67462158203125	56.42218017578125
81.21483612060547	74.1123275756836
75.59856414794922	74.70524787902832
95.38899230957031	88.33369445800781
66.55560874938965	68.09916877746582
75.89729690551758	66.81622982025146
73.5516357421875	66.75069427490234
74.708251953125	75.05219841003418
74.2557601928711	73.86817169189453
57.725914001464844	46.49531650543213
81.43560791015625	80.4310302734375
60.69170379638672	61.50749969482422
86.39022064208984	86.61578369140625
55.66906785964966	61.56267738342285
69.77216339111328	69.02237701416016
80.47018623352051	74.80004978179932
75.02965545654297	70.37946319580078
71.52721118927002	69.98135471343994
72.07592010498047	67.53117370605469
79.38768005371094	71.8703384399414
56.92432689666748	48.60970067977905
74.00414276123047	64.18405151367188
65.53623962402344	69.90111255645752
68.57855224609375	69.91694068908691
82.06494426727295	76.6219482421875
77.54207515716553	74.28095245361328
76.04985046386719	63.77879333496094
64.13552665710449	62.29264736175537
76.90316867828369	75.086838722229
80.04224395751953	77.45589447021484
80.63192749023438	73.09770202636719
72.25621795654297	69.3300552368164
70.40599060058594	65.87155151367188
72.96126556396484	67.10311126708984
66.46199035644531	72.18690490722656
74.26900291442871	71.29187107086182
84.78013801574707	83.8952579498291
70.68709564208984	67.22704315185547
83.04044532775879	73.1394910812378
73.57889366149902	70.3215160369873
71.44461250305176	67.28344917297363
66.98509216308594	72.84326171875
68.56562042236328	70.8741455078125
82.48419952392578	73.60540771484375
78.82117462158203	77.26349639892578
73.0719861984253	72.96962070465088
80.4903564453125	84.8927001953125
84.23863983154297	71.64219665527344
57.076934814453125	51.93494415283203
67.87764739990234	65.90531921386719
85.80339431762695	73.16964054107666
58.456077575683594	53.38253688812256
74.33757019042969	72.71095275878906
71.63555145263672	70.28957271575928
70.69252586364746	64.7969970703125
80.56961917877197	77.22643661499023
69.47720432281494	76.25468254089355
54.29702711105347	51.161498069763184
72.57817649841309	74.35875797271729
72.71988201141357	70.93442726135254
73.09822082519531	75.8137435913086
82.78298664093018	79.19692897796631
65.24496459960938	63.00268363952637
76.31984996795654	65.69921207427979
68.85981750488281	67.85025787353516
76.09671783447266	75.79534912109375
71.35813236236572	62.64441633224487
73.08842182159424	70.47088527679443
72.43289184570312	72.37327480316162
76.50562286376953	75.13455009460449
74.45108795166016	71.70982360839844
79.13121795654297	80.12908935546875
78.8102798461914	73.8975601196289
68.06344699859619	58.660521507263184
68.5357894897461	64.14823150634766
60.15897750854492	59.64988708496094
55.67121887207031	52.94987487792969
69.51725006103516	71.82748413085938
60.25482368469238	52.6410813331604
53.334930419921875	51.47588348388672
67.2979588508606	66.1694483757019
79.97993469238281	76.32986450195312
78.645751953125	80.54620933532715
71.69294738769531	72.82796478271484
73.2703628540039	72.94241333007812
82.2286376953125	72.6284408569336
68.5824966430664	64.06483459472656
82.78658294677734	75.3307056427002
60.42365264892578	61.90253829956055
72.47172546386719	72.81989765167236
76.30128574371338	70.06925392150879
78.94929504394531	71.51026153564453
82.9627161026001	78.39987087249756
69.32077217102051	69.23249244689941
75.06052303314209	68.29635620117188
80.28504943847656	87.98941040039062
88.54530715942383	82.41548538208008
71.41858386993408	70.34599590301514
79.95338535308838	81.1514835357666
70.41901588439941	66.34401512145996
69.7532730102539	66.90113830566406
94.49878692626953	81.10208892822266
91.46173858642578	80.9225082397461
71.82329273223877	66.733229637146
71.42111206054688	68.43896484375
65.80821514129639	58.8670015335083
89.34835433959961	79.1396713256836
67.35786437988281	66.00315856933594
70.79178714752197	69.895920753479
62.944878578186035	58.97183704376221
64.15340423583984	64.67952728271484
75.49167442321777	68.11833477020264
74.78757953643799	71.94647312164307
82.24488830566406	76.25451564788818
82.77371978759766	83.216796875
82.2731704711914	76.83236694335938
72.66659545898438	69.25672245025635
76.02832889556885	67.329758644104
71.70266914367676	69.88986396789551
61.4768009185791	58.25763511657715
75.81377410888672	71.66527557373047
71.58816051483154	66.46049308776855
65.37932586669922	61.178104400634766
70.46488189697266	68.60826873779297
66.18597412109375	60.15957450866699
78.91070079803467	82.7907543182373
60.23442077636719	50.3437385559082
66.70626831054688	66.45010375976562
57.231703758239746	51.36178636550903
68.79014587402344	63.33970069885254
66.73557949066162	62.20350646972656
55.70792055130005	52.70114612579346
63.76496887207031	53.754947662353516
70.61711025238037	69.19265174865723
63.37590312957764	62.115967750549316
69.8266248703003	69.82998943328857
68.88263130187988	55.96611738204956
78.15613555908203	70.7225112915039
55.61765146255493	55.990310192108154
65.71990966796875	67.28668975830078
59.92372131347656	53.868133544921875
62.10028076171875	66.81692504882812
70.61408996582031	68.68095397949219
74.17274570465088	70.45735359191895
76.28669357299805	56.89990568161011
73.87707805633545	67.88079929351807
61.91792583465576	60.5226469039917
79.93008422851562	67.66071319580078
65.26838970184326	60.32852363586426
69.19600582122803	68.71262454986572
75.84019374847412	73.39949035644531
85.93135070800781	81.85606384277344
67.37855815887451	69.11959934234619
71.55821990966797	66.83335876464844
75.66806030273438	68.27452850341797
78.40573310852051	84.51429080963135
66.82292032241821	52.45742082595825
55.85224151611328	49.52913284301758
66.05736637115479	68.5135440826416
83.2328929901123	76.1012544631958
76.07070922851562	65.8529052734375
53.1571478843689	53.9314079284668
58.248355865478516	50.94142150878906
61.99524402618408	62.167497634887695
60.22856903076172	64.79020690917969
69.38432502746582	67.50406837463379
84.2951431274414	80.04056739807129
71.6038589477539	66.35919189453125
71.79000759124756	70.90687656402588
84.17964935302734	78.89948272705078
75.9521598815918	68.58647060394287
57.7002592086792	58.73661136627197
80.66080474853516	72.00359344482422
80.54246234893799	81.29311180114746
68.64177703857422	63.80256652832031
61.09524345397949	57.46706295013428
70.45227336883545	68.15409660339355
65.54576873779297	66.45612335205078
86.94943237304688	79.98079681396484
60.958584785461426	60.44191074371338
67.18008422851562	67.624755859375
77.1713924407959	79.04910564422607
84.30253314971924	75.85190963745117
86.49010848999023	82.07203388214111
77.50370788574219	66.47175598144531
73.34069061279297	69.00226020812988
70.13626861572266	69.88007354736328
77.71736240386963	73.03520393371582
78.6366958618164	72.00140380859375
64.23678588867188	63.10619354248047
66.55983448028564	62.21352672576904
83.72411155700684	78.05130386352539
65.69215106964111	63.30074119567871
66.96788024902344	60.04443359375
85.64237594604492	78.34850311279297
62.9638671875	57.748680114746094
77.34689044952393	74.50415515899658
79.82306861877441	77.23834991455078
86.70402526855469	88.82242584228516
76.44705104827881	73.45174884796143
81.07582092285156	79.46415519714355
76.7781753540039	65.60614013671875
72.08071899414062	64.67417907714844
72.56085205078125	70.75766944885254
69.34242868423462	60.1826376914978
57.04296398162842	52.83133363723755
60.8181209564209	54.354084491729736
68.84622192382812	61.71467971801758
64.36888790130615	58.896074295043945
77.87538528442383	74.76205730438232
71.47137451171875	68.39190673828125
73.03297424316406	76.6321029663086
77.56086730957031	79.28256225585938
75.94351196289062	72.101318359375
85.64461708068848	80.05810070037842
74.20172882080078	59.00160217285156
61.67679214477539	62.44644260406494
79.23526763916016	77.93075561523438
67.77776622772217	64.1633243560791
82.52642631530762	82.00332641601562
81.89368438720703	87.33406066894531
57.01021671295166	58.06752395629883
73.0521993637085	63.26664161682129
78.80998134613037	75.4270601272583
78.12604713439941	76.52426815032959
63.755496978759766	63.39955139160156
85.79817962646484	80.95223999023438
79.68921089172363	72.99880313873291
72.21536254882812	73.43019104003906
63.015647888183594	59.71481800079346
65.7991943359375	59.066802978515625
88.80060577392578	78.7745590209961
74.8852310180664	74.9430160522461
68.73291015625	68.91407012939453
68.81839084625244	68.85815143585205
72.06050109863281	69.2711410522461
64.45082092285156	65.3169355392456
81.10708236694336	74.89039993286133
65.88899230957031	60.21207046508789
78.21992778778076	74.80689239501953
79.58594799041748	69.09161424636841
74.57269477844238	71.98573970794678
73.95813274383545	66.43312883377075
80.84891319274902	72.0459508895874
61.19123363494873	49.03225374221802
67.79125213623047	63.42885208129883
84.44248867034912	73.2022647857666
79.56497955322266	76.97663879394531
71.33026885986328	69.62178039550781
82.68385314941406	78.9715347290039
66.45191955566406	68.53218841552734
69.25946044921875	58.701255798339844
72.96244812011719	71.90126037597656
76.44723510742188	71.28314208984375
68.97451782226562	68.53330993652344
69.62255859375	67.73187255859375
69.70353126525879	61.41141223907471
67.58863830566406	57.916908264160156
52.347012519836426	49.56441879272461
75.383056640625	69.45146179199219
63.317877769470215	64.97842979431152
78.58175468444824	70.90998888015747
66.40995788574219	60.405921936035156
69.25000953674316	69.91781520843506
79.04662322998047	70.34043884277344
73.39207077026367	75.75200271606445
72.67446899414062	68.96110534667969
64.12359619140625	48.36464309692383
72.50589847564697	68.27305126190186
68.69786834716797	61.94151306152344
71.57036304473877	63.82808971405029
61.25564765930176	61.83785057067871
56.90683650970459	55.15504741668701
69.6590347290039	69.50054931640625
71.53974914550781	64.81765747070312
69.99454593658447	65.24292850494385
67.92554473876953	64.11310577392578
76.42459106445312	74.48462677001953
72.35242080688477	63.499221324920654
72.43469524383545	67.85145282745361
63.23491191864014	55.73454999923706
61.94651126861572	61.00538158416748
63.80368995666504	63.216840744018555
67.42176818847656	60.05625915527344
75.31980895996094	72.26193237304688
78.18307971954346	76.28051376342773
76.56883239746094	74.1270980834961
76.04616165161133	71.32764530181885
70.21530151367188	71.88299560546875
64.25825500488281	60.16253471374512
70.55871772766113	70.64144325256348
86.62452697753906	83.96146392822266
52.15145397186279	45.0024151802063
85.87052154541016	78.22453308105469
79.38723754882812	70.59051513671875
73.4294662475586	66.7668228149414
74.25961303710938	72.50202178955078
79.42916870117188	76.93433380126953
67.87067890167236	62.33527851104736
74.45890808105469	69.80485534667969
66.86204433441162	67.31691455841064
78.26616382598877	79.03994655609131
75.5388650894165	73.93679237365723
85.24217987060547	75.94065856933594
80.22787761688232	76.53268623352051
65.99986171722412	58.954607009887695
87.00649166107178	83.79281044006348
74.47235202789307	70.29726314544678
71.53299236297607	66.55935382843018
64.19915199279785	63.97839546203613
56.8637752532959	52.71446228027344
84.43385314941406	71.46342468261719
73.37217998504639	72.88054656982422
68.12979888916016	69.29120635986328
79.38263130187988	74.55969047546387
79.9852523803711	74.85375213623047
81.02228164672852	75.2684326171875
84.04496002197266	69.39596557617188
77.50758361816406	71.20626068115234
75.04421424865723	73.53522777557373
69.26269340515137	64.40275573730469
63.61344909667969	60.692344665527344
71.28239250183105	72.99885368347168
76.41597747802734	73.65776062011719
66.89731884002686	65.47657203674316
68.9746961593628	57.304348945617676
78.658935546875	79.20596313476562
78.41397762298584	82.32066249847412
76.02310180664062	73.6151351928711
70.34973907470703	69.61544036865234
93.06659317016602	85.27153587341309
88.65269470214844	80.7827377319336
83.00864219665527	86.22605323791504
68.53973579406738	59.08315944671631
75.23622131347656	69.45574951171875
84.93127822875977	79.239821434021
57.87599754333496	58.605573654174805
75.46931743621826	75.16989135742188
73.05764770507812	76.66856384277344
67.25540924072266	64.22187042236328
86.55341720581055	79.43530654907227
84.66882562637329	78.4395318031311
74.04114055633545	75.38967609405518
