29.811567306518555	21.143695831298828
39.65380096435547	27.55055522918701
28.82337188720703	21.802934646606445
29.93994426727295	22.358171939849854
27.36137866973877	19.962547302246094
31.36128330230713	23.34717607498169
32.21139907836914	22.007057189941406
25.894804000854492	22.876057147979736
30.301114082336426	23.254799365997314
30.153084754943848	18.942379474639893
36.53645324707031	28.498207092285156
36.084388732910156	26.5479154586792
31.96644687652588	26.125279426574707
37.66254425048828	28.687698364257812
34.02560806274414	23.115052700042725
28.385601043701172	21.221370697021484
29.569985389709473	18.669063091278076
28.306453704833984	21.46124267578125
25.704257011413574	18.947057247161865
27.261926651000977	19.663440227508545
27.526190757751465	20.740990161895752
32.29666519165039	23.974472045898438
31.474655151367188	19.361083984375
32.914544105529785	21.917800426483154
35.60874652862549	22.8450665473938
35.63897705078125	26.877309799194336
31.479400634765625	20.552780628204346
34.87590026855469	29.391231536865234
35.02763843536377	25.303032875061035
28.54680347442627	20.353118419647217
28.73953914642334	23.910603046417236
37.50435256958008	26.121139526367188
30.583205223083496	25.74220561981201
22.334594249725342	14.759646892547607
29.909635543823242	23.711387634277344
27.372310638427734	18.84535789489746
33.92714309692383	24.769126892089844
30.011672973632812	24.88139247894287
28.318493843078613	20.43489646911621
29.500296592712402	21.51038360595703
32.27756595611572	21.434922695159912
34.20585250854492	16.923574447631836
33.69279098510742	30.446205139160156
29.768056869506836	20.93762969970703
31.067822456359863	23.287593841552734
27.508853912353516	21.914993286132812
32.133934020996094	23.783453464508057
37.73389434814453	26.083106994628906
47.379478454589844	31.519834518432617
37.116851806640625	23.83409357070923
27.870433807373047	30.637086868286133
29.95821189880371	18.789705276489258
28.530303955078125	24.18735980987549
30.66796588897705	24.900893211364746
30.05699920654297	23.936155319213867
29.303497314453125	24.08913803100586
34.17843532562256	25.10005760192871
28.598316192626953	25.567384719848633
33.87762451171875	24.581417083740234
30.938148498535156	26.605684280395508
32.37245559692383	25.226917266845703
29.495003700256348	25.77831745147705
29.78408718109131	25.777722358703613
31.22474956512451	21.688223361968994
28.84995746612549	20.088470935821533
32.91937255859375	26.84722328186035
36.06047344207764	24.641358375549316
27.530166625976562	22.493783950805664
29.30881118774414	19.57134246826172
27.27900981903076	19.582225799560547
32.68614864349365	22.04987668991089
28.482687950134277	22.80948829650879
30.061267852783203	24.031391143798828
33.80097198486328	25.897799491882324
26.86669921875	20.565051555633545
31.727745056152344	28.932443618774414
26.917656898498535	17.617382526397705
24.756211280822754	18.665084838867188
26.03122329711914	20.294859409332275
34.14319896697998	20.749584674835205
28.333660125732422	21.573360443115234
34.967230796813965	27.11916446685791
29.016544342041016	20.741729736328125
31.112354278564453	22.26139783859253
27.736804962158203	20.45290517807007
27.109508514404297	21.050148010253906
39.234710693359375	30.03302001953125
39.92644119262695	33.66019058227539
27.46630096435547	20.394508361816406
34.685428619384766	25.647445678710938
31.187190055847168	20.423309326171875
32.7368278503418	25.91940689086914
25.700164794921875	21.9278621673584
33.13572978973389	26.996575355529785
24.805792808532715	19.274871826171875
30.17815589904785	28.59140968322754
39.758018493652344	28.533510208129883
29.404332160949707	21.381671905517578
29.189598083496094	24.148412704467773
31.110852241516113	22.75497007369995
34.343021392822266	24.968774795532227
31.471158027648926	22.204640865325928
44.39335632324219	32.68071365356445
41.40303039550781	34.38790798187256
29.204106330871582	18.5666241645813
30.365487098693848	22.095152378082275
38.0645637512207	30.988353729248047
35.595425605773926	15.788733959197998
29.576594352722168	20.9334397315979
23.849900722503662	16.997066974639893
29.676569938659668	25.538180351257324
30.747370719909668	28.442527770996094
28.858757972717285	24.96108341217041
32.004841804504395	23.937167644500732
42.597286224365234	30.08121681213379
31.817584991455078	21.054060459136963
40.67030715942383	26.728845596313477
31.894363403320312	21.890073776245117
39.49620056152344	28.584552764892578
40.68441390991211	29.281864166259766
32.296966552734375	25.287273406982422
26.475791931152344	20.260035037994385
31.329742431640625	25.92037582397461
32.711440086364746	24.864944458007812
33.04473114013672	24.051342010498047
33.18309783935547	25.837629318237305
32.76430892944336	23.421512603759766
38.353477478027344	33.17533874511719
34.524253845214844	27.381351470947266
41.143516540527344	27.70718002319336
32.39198970794678	24.081461906433105
29.77847671508789	22.426238536834717
35.530714988708496	20.67373037338257
39.68082332611084	27.03849506378174
31.44758892059326	22.720808029174805
28.641371726989746	21.99308967590332
39.189422607421875	25.932729721069336
29.087639808654785	23.701068878173828
26.481362342834473	18.747741222381592
37.32053756713867	25.572072982788086
33.377257347106934	27.336630821228027
38.33165740966797	23.93160057067871
27.82001781463623	16.933547973632812
27.952749252319336	21.633586406707764
35.03172302246094	31.761276245117188
34.28536891937256	25.346431732177734
36.21906661987305	25.97874641418457
31.902116775512695	29.47609233856201
30.832504272460938	24.24969482421875
32.28584003448486	23.198394298553467
28.869406700134277	22.570937633514404
35.79676055908203	25.618906021118164
32.90965175628662	21.022949695587158
29.246967315673828	19.042297840118408
35.54045391082764	26.49814224243164
37.30943298339844	24.89366054534912
38.54574966430664	27.418838500976562
26.895066261291504	18.867652416229248
33.460758209228516	25.212472915649414
33.66782760620117	27.211673736572266
31.016098022460938	26.51535701751709
36.32451248168945	26.77859115600586
31.052352905273438	27.637470245361328
44.431400299072266	35.62980651855469
33.923569679260254	23.90000867843628
28.705470085144043	21.309967517852783
38.963035583496094	33.15862274169922
41.58505630493164	30.86125373840332
39.439547538757324	31.388937950134277
45.17901611328125	34.669700622558594
30.570256233215332	26.603713989257812
38.05927276611328	26.714906692504883
29.972216606140137	19.09605360031128
40.15052032470703	28.16419219970703
36.762657165527344	25.561866760253906
30.56082057952881	21.696938037872314
38.89604949951172	30.631425857543945
36.599998474121094	26.35417366027832
32.372374534606934	23.956666946411133
29.516409873962402	22.774010181427002
35.97007751464844	30.86969757080078
31.906336784362793	26.929418563842773
29.882251739501953	23.04194211959839
29.548845291137695	19.18458366394043
30.214241981506348	20.82671356201172
37.69388961791992	29.8906192779541
37.49755859375	28.05679702758789
32.2254753112793	22.892017364501953
21.866233825683594	17.61387825012207
30.998448371887207	24.99507236480713
33.17441654205322	21.132933139801025
23.26323652267456	19.71824026107788
24.39580535888672	21.46763038635254
34.91874313354492	22.665712356567383
28.679752349853516	22.038352489471436
37.48960494995117	28.73229217529297
33.14290523529053	25.434734344482422
30.406436920166016	23.77582025527954
27.986509323120117	18.851337432861328
26.989900588989258	23.125804901123047
33.033634185791016	27.36736488342285
29.60621166229248	21.932108402252197
31.642959594726562	21.453613758087158
38.7603063583374	25.191959381103516
31.967402458190918	20.27222442626953
48.952735900878906	33.693450927734375
33.759461402893066	25.204444885253906
37.34346008300781	30.710243225097656
31.98958969116211	26.653149604797363
29.432250022888184	22.831450939178467
28.415193557739258	20.694698810577393
30.946901321411133	21.62180185317993
23.933013439178467	17.654015064239502
37.13671875	32.92014694213867
29.865020751953125	23.14267349243164
29.157008171081543	23.601898670196533
21.399783611297607	15.83957290649414
30.469285011291504	23.38574981689453
42.139896392822266	30.153789520263672
29.451292991638184	24.56986713409424
41.326927185058594	33.862449645996094
38.28728485107422	28.5031156539917
34.3180046081543	27.75025749206543
36.33006286621094	24.865978240966797
36.74006938934326	23.75627088546753
32.280341148376465	21.8477725982666
29.213808059692383	20.462046146392822
40.65369415283203	28.432296752929688
30.407343864440918	21.186591625213623
30.36216926574707	24.697206497192383
46.77362537384033	30.536988258361816
29.279651641845703	19.476865768432617
48.554677963256836	33.23676681518555
31.100852966308594	23.414119720458984
31.468565940856934	22.01158905029297
30.519794464111328	28.14507484436035
28.778898239135742	26.011828422546387
28.349441528320312	21.09698724746704
31.55789566040039	21.984187602996826
33.47563171386719	29.61988067626953
36.96771240234375	30.111787796020508
31.274989128112793	21.012341022491455
32.34723663330078	26.41645050048828
32.19712829589844	27.21462631225586
28.113750457763672	18.945409297943115
29.544519424438477	20.605652332305908
32.596683502197266	29.419166564941406
34.95880126953125	25.067838668823242
29.560011863708496	14.806862354278564
30.00033473968506	24.35006046295166
29.113731384277344	23.477741241455078
35.78631591796875	26.801905632019043
23.654897689819336	20.04764986038208
29.265034675598145	26.336265563964844
31.852200508117676	20.719928741455078
27.938220977783203	22.191405773162842
29.006850242614746	19.93994665145874
32.06366729736328	23.175247192382812
40.68901062011719	30.73585796356201
35.02153778076172	24.7742977142334
41.33312225341797	30.937442779541016
28.7532320022583	22.958866596221924
35.231971740722656	25.485788345336914
24.91714096069336	21.74222183227539
31.962810516357422	27.002660751342773
28.6682710647583	22.367420196533203
32.37074661254883	25.491923332214355
28.00100326538086	25.99983787536621
31.72408390045166	24.671765327453613
27.36379337310791	20.169752597808838
28.4527645111084	22.151508808135986
22.423649311065674	18.856640338897705
30.662429809570312	20.817745685577393
22.56603240966797	18.68224334716797
24.349053382873535	21.188398361206055
22.263423442840576	17.40149688720703
35.78066635131836	25.680500030517578
36.86649703979492	29.885738372802734
30.160849571228027	24.365341186523438
36.76885986328125	32.748023986816406
39.36058044433594	26.447670936584473
28.145894050598145	23.373328685760498
34.149367332458496	28.520041465759277
29.071755409240723	21.11762237548828
31.23240566253662	25.563251495361328
30.54762554168701	26.485828399658203
47.07006072998047	30.82238006591797
32.632493019104004	27.467731475830078
29.40414047241211	23.493003845214844
23.794399738311768	17.422858715057373
30.093996047973633	22.4893856048584
30.587410926818848	22.487736225128174
35.68616485595703	23.260677337646484
35.570340156555176	23.432254314422607
30.674328804016113	24.86703586578369
45.6232795715332	29.7706298828125
33.231539726257324	16.73875093460083
33.62662124633789	26.216842651367188
43.24563026428223	33.928046226501465
35.16482162475586	25.76411533355713
30.735082626342773	27.556013107299805
27.60120677947998	22.659489154815674
27.172019004821777	28.458752632141113
29.50082302093506	21.77726125717163
31.77424907684326	28.09426975250244
29.782447814941406	20.38346815109253
32.78847026824951	22.478761196136475
31.11924648284912	22.60856294631958
29.607135772705078	22.837181568145752
39.12066650390625	31.49087142944336
31.680710792541504	25.830851554870605
35.32666778564453	30.3797607421875
30.21815013885498	25.308846473693848
37.257015228271484	35.323638916015625
34.26618194580078	25.37225341796875
34.49364471435547	30.12206268310547
27.47874641418457	22.67032814025879
36.65776443481445	28.0463809967041
33.12034606933594	22.9134521484375
26.634970664978027	20.324615478515625
37.85362243652344	28.054753303527832
23.5350079536438	18.693157196044922
25.887548446655273	21.072872161865234
29.588444709777832	20.090911388397217
28.202610969543457	21.69022035598755
36.96180725097656	27.599014282226562
35.67481231689453	26.846569061279297
29.490097045898438	20.011917114257812
40.31282043457031	29.740599632263184
28.932429313659668	26.56289005279541
36.2199010848999	26.379183769226074
32.4147834777832	24.28963851928711
41.35484313964844	33.710323333740234
43.99502944946289	31.80811882019043
34.12904357910156	25.500205993652344
28.481521606445312	20.912342071533203
33.27161121368408	25.29795742034912
31.816580772399902	28.912693977355957
38.27717971801758	22.716949462890625
39.333499908447266	30.899566650390625
33.625179290771484	28.46373748779297
32.57639980316162	27.34893035888672
28.9965763092041	27.47835350036621
33.73377513885498	22.188910961151123
30.912185668945312	21.726858615875244
38.70781707763672	33.94004440307617
43.45108985900879	34.280433654785156
34.9564733505249	17.518439769744873
36.467591285705566	24.847575187683105
29.94722270965576	21.404708862304688
38.40262222290039	33.447452545166016
32.01444339752197	23.511538982391357
33.55584716796875	27.718626022338867
27.749178886413574	19.920002460479736
30.557086944580078	23.064939498901367
32.396854400634766	24.087310791015625
32.29496097564697	21.73038911819458
29.127960205078125	25.1189546585083
37.81951904296875	29.35211181640625
27.944812774658203	19.49654531478882
32.68306350708008	25.33224868774414
33.052852630615234	25.070735931396484
33.40007019042969	23.91923713684082
27.030261039733887	18.421058177947998
36.16370391845703	27.48090362548828
26.11391258239746	19.135155200958252
32.08168029785156	27.47955322265625
33.00157928466797	21.033737182617188
35.02751159667969	25.083118438720703
38.24904727935791	19.696346282958984
33.90456008911133	35.2782096862793
34.352745056152344	33.04285430908203
37.525139808654785	27.775328636169434
34.13731384277344	26.77939224243164
32.928534507751465	25.767823219299316
27.876030921936035	24.602831840515137
31.122519493103027	22.24404001235962
31.397961616516113	26.510507583618164
28.9365234375	25.55665397644043
31.254079341888428	22.281875610351562
30.997973442077637	23.8425350189209
39.33597183227539	29.301013946533203
33.13282012939453	23.726836681365967
33.864253997802734	26.369930267333984
34.124144554138184	25.448081016540527
34.05812454223633	29.26819610595703
31.548405647277832	25.356328010559082
37.317206382751465	23.420738697052002
32.263893127441406	17.185059070587158
30.33958339691162	20.786174297332764
31.463153839111328	25.405311584472656
31.757160186767578	22.030742645263672
26.590410232543945	16.465789318084717
40.02818298339844	32.2342529296875
33.35498809814453	26.729259490966797
29.394290924072266	23.15650177001953
39.293643951416016	30.526634216308594
32.2415657043457	24.478875160217285
30.15445899963379	24.13558578491211
29.485716819763184	16.621856689453125
31.467862129211426	29.020008087158203
25.945816040039062	22.69195318222046
39.786399841308594	25.06646728515625
39.828678131103516	28.793274879455566
24.086234092712402	21.434550762176514
32.41538619995117	22.707149505615234
30.7744140625	25.16036605834961
26.126895904541016	19.678120136260986
29.522117614746094	23.848936080932617
34.22713565826416	23.310692310333252
26.681633949279785	21.884469509124756
36.9980354309082	29.16754150390625
41.62580871582031	27.063081741333008
32.73947525024414	27.555435180664062
31.93428897857666	26.907694816589355
29.87519931793213	19.508026599884033
33.3129243850708	28.729788780212402
41.984893798828125	30.579647064208984
30.892913818359375	20.122422695159912
29.461383819580078	23.117026805877686
35.86709976196289	24.710875511169434
31.86408519744873	22.587279796600342
27.17966651916504	20.113481998443604
30.33081817626953	27.93451690673828
31.65388011932373	26.908169746398926
28.28287982940674	23.684848308563232
31.887977600097656	25.070005416870117
34.399386405944824	21.567485332489014
38.57891845703125	28.1517333984375
35.74228763580322	25.971219062805176
41.630393981933594	24.978282928466797
29.835225105285645	26.797760009765625
34.831366539001465	20.091721057891846
45.7392578125	30.819984436035156
36.42169952392578	28.778472900390625
33.09042835235596	25.159592628479004
31.63618278503418	22.48493194580078
32.08981990814209	24.342141151428223
26.78081703186035	21.036742687225342
40.65140914916992	27.652339935302734
40.338165283203125	31.435232162475586
29.72981071472168	24.23308753967285
36.306488037109375	29.152835845947266
37.983384132385254	22.359093189239502
33.343448638916016	24.967721939086914
35.00795364379883	32.58349609375
37.70259475708008	27.494027137756348
33.01018810272217	23.416221141815186
34.80304718017578	24.688621520996094
37.3894157409668	30.235264778137207
29.19986057281494	22.169962406158447
34.813907623291016	32.139854431152344
35.80107116699219	27.280479431152344
33.35054111480713	28.815041542053223
34.12775802612305	23.465118885040283
32.1824254989624	17.32522201538086
32.15272521972656	25.188915252685547
29.370205879211426	27.09803581237793
32.19781494140625	22.559680938720703
28.16696548461914	25.055703163146973
30.12512969970703	21.746259212493896
26.3433780670166	18.56391477584839
29.790867805480957	25.766844749450684
32.42757797241211	23.195312976837158
39.305625915527344	29.437053680419922
31.942431449890137	26.493475914001465
29.026597023010254	23.33220863342285
32.59479904174805	22.647072315216064
34.15740966796875	25.287281036376953
21.629921436309814	14.860100269317627
36.852474212646484	29.129051208496094
33.572288513183594	26.26477813720703
42.04581069946289	31.985861778259277
27.878082275390625	23.910930633544922
28.42419147491455	20.603759765625
32.77782440185547	26.67486000061035
37.37343692779541	30.19357967376709
31.76207733154297	24.60504913330078
30.596491813659668	21.572128772735596
31.339672088623047	22.87399673461914
34.135451316833496	23.30842638015747
28.983734130859375	25.797893524169922
28.422188758850098	24.863070487976074
27.972607612609863	23.587360382080078
34.77186870574951	23.265718460083008
31.170209884643555	24.648582458496094
32.053958892822266	23.864011764526367
39.03324890136719	30.441104888916016
36.529234886169434	25.665189743041992
32.31779193878174	28.417694091796875
38.92362976074219	28.35448455810547
29.946141242980957	21.153652667999268
30.009501457214355	22.496262073516846
31.44754409790039	23.519699096679688
33.291192054748535	26.236327171325684
28.556078910827637	27.97269344329834
31.70613384246826	24.445590019226074
32.88936710357666	23.57295799255371
24.16519832611084	19.21596908569336
34.05131435394287	23.819922924041748
31.779473304748535	23.141040802001953
32.58966064453125	25.73002052307129
28.45737075805664	23.686645030975342
31.51662540435791	22.776816844940186
33.47425174713135	23.28638792037964
30.223304748535156	24.57387924194336
36.102821350097656	25.913009643554688
40.74665069580078	30.551040649414062
37.540016174316406	23.766061782836914
31.965245246887207	24.14633846282959
33.1421012878418	26.39652729034424
32.857123374938965	23.821356296539307
31.891830444335938	34.67066192626953
34.44187259674072	25.73759937286377
30.263537406921387	24.457846641540527
35.64349365234375	25.60151195526123
25.46664333343506	17.67720651626587
38.903053283691406	30.94213104248047
32.90937805175781	28.811683654785156
31.294684410095215	25.691988945007324
39.62581157684326	30.118789672851562
39.030784606933594	22.186817169189453
31.404722213745117	26.187134742736816
29.61256217956543	24.244613647460938
35.240142822265625	27.48891830444336
34.82538986206055	21.890626430511475
32.47921085357666	25.12094020843506
37.10785388946533	27.291621208190918
27.430506706237793	20.863072872161865
29.80334758758545	21.303285598754883
35.357330322265625	26.843992233276367
36.8392448425293	25.889930725097656
31.457510948181152	22.32612419128418
27.28677463531494	26.90519142150879
33.7375602722168	21.943252563476562
32.214908599853516	24.054058074951172
28.234142303466797	25.173766136169434
40.741539001464844	26.904991149902344
45.07990264892578	31.653593063354492
36.34837245941162	23.084373950958252
40.09413146972656	33.822322845458984
35.4534387588501	24.541419982910156
32.1816291809082	25.111221313476562
32.08751678466797	27.767406463623047
34.68058395385742	26.760295867919922
34.87870788574219	25.782052993774414
30.235897064208984	25.236968994140625
27.758248329162598	23.240485668182373
31.087105751037598	23.712829113006592
30.303863525390625	24.562440872192383
31.5941162109375	24.152149200439453
34.300148010253906	29.0965576171875
26.153339385986328	19.707191467285156
33.7899055480957	28.83805274963379
32.675113677978516	25.727375030517578
40.33884048461914	31.75556755065918
34.420884132385254	25.56928825378418
32.95992565155029	26.03939151763916
34.50041484832764	27.992749214172363
35.791274070739746	23.50394868850708
33.561744689941406	25.912837982177734
42.06983947753906	25.888530731201172
28.84815502166748	20.834552764892578
34.820777893066406	26.09947967529297
33.78965377807617	24.462730407714844
28.277835845947266	20.905838012695312
30.84522247314453	27.98135757446289
33.28592300415039	24.679656982421875
30.9896821975708	19.547348499298096
25.205517768859863	18.368396759033203
35.187965393066406	23.591815948486328
33.735443115234375	26.008399963378906
32.37602233886719	22.831872940063477
31.42643451690674	22.123897075653076
33.22596073150635	27.85862159729004
30.29660415649414	23.9020938873291
34.77289867401123	23.890610218048096
27.36302661895752	23.396780490875244
28.174355506896973	26.15236186981201
25.208579063415527	19.91982078552246
33.859299659729004	24.115768432617188
36.132816314697266	26.9554443359375
24.723355293273926	15.914146900177002
37.02256393432617	27.526935577392578
32.75285339355469	19.450653076171875
29.598876953125	26.245670318603516
34.002373695373535	23.583070278167725
32.80239486694336	24.798914909362793
31.771410942077637	23.463197708129883
27.519164085388184	20.1030535697937
37.76607131958008	30.883129119873047
30.526172637939453	24.061859130859375
39.85908126831055	32.74298095703125
39.81071090698242	26.208724975585938
34.08984375	21.857810497283936
43.115349769592285	33.510406494140625
30.845406532287598	23.11968469619751
38.63951110839844	23.94514274597168
35.025054931640625	27.613815307617188
27.69513702392578	21.41779661178589
30.506112098693848	17.819297790527344
41.27540588378906	26.56098461151123
34.47393035888672	23.813495635986328
36.05851650238037	23.845889568328857
34.068092346191406	25.624473571777344
33.557684898376465	23.36074447631836
25.662405967712402	22.223539352416992
29.545283317565918	19.53489875793457
30.04321002960205	22.564876556396484
52.35491180419922	30.78990936279297
38.23591995239258	32.68008041381836
36.61384582519531	26.087482452392578
32.09436893463135	25.68790054321289
30.011146545410156	22.397496700286865
42.21320056915283	35.45895481109619
33.369014739990234	25.82200527191162
41.72306823730469	32.50131607055664
38.01991939544678	16.300352096557617
33.01608180999756	22.267154216766357
34.785972595214844	23.250564575195312
37.79915714263916	25.24650478363037
32.45284366607666	21.513164520263672
32.14915466308594	23.106269359588623
44.53370761871338	28.13799476623535
31.35871410369873	23.1208233833313
27.56979274749756	23.64171552658081
37.61742401123047	25.17034912109375
36.572113037109375	29.32711887359619
28.602953910827637	26.563636779785156
31.825824737548828	26.80668354034424
31.137700080871582	24.500701904296875
27.96247386932373	23.755189418792725
38.88064956665039	27.25
38.75189971923828	27.443130493164062
39.13546371459961	29.71531867980957
37.278419494628906	30.230538368225098
41.656829833984375	31.547779083251953
33.069594383239746	22.006919860839844
33.418381690979004	26.317365646362305
37.77010726928711	27.401256561279297
40.63152313232422	29.27527618408203
32.276490211486816	20.83562421798706
26.373620986938477	20.55547523498535
31.78143310546875	24.242749214172363
27.492900848388672	22.741668701171875
44.47835445404053	24.1774845123291
23.616806030273438	17.629501342773438
32.483516693115234	24.04827117919922
29.802781105041504	22.500919818878174
29.50173282623291	27.749293327331543
34.21431827545166	24.367438316345215
31.386013984680176	21.584539890289307
30.994062423706055	22.264115810394287
36.09162902832031	25.448284149169922
37.188087463378906	29.95641326904297
27.573806762695312	26.501930236816406
27.557347297668457	22.39392900466919
36.53773498535156	25.862345695495605
28.870250701904297	20.424030303955078
31.511474609375	22.636032104492188
28.354694366455078	22.94912338256836
30.285215377807617	24.823047637939453
28.498892784118652	19.685028076171875
29.90130615234375	20.334033966064453
35.29687786102295	25.32283115386963
30.43696403503418	21.043019771575928
37.49526596069336	29.450014114379883
30.048903465270996	26.964240074157715
31.896663665771484	24.92212677001953
38.29966735839844	27.620445251464844
33.866458892822266	23.89354705810547
24.269943237304688	17.214873790740967
27.491695404052734	21.663569927215576
43.70497131347656	28.283336639404297
29.607398986816406	19.596068859100342
30.030166625976562	21.791866779327393
33.117034912109375	26.136127471923828
28.6939640045166	23.586265563964844
36.324809074401855	29.282235145568848
28.23684310913086	23.278358459472656
30.470887184143066	22.962268352508545
32.51516819000244	19.149953842163086
26.40897846221924	19.822636127471924
42.777992248535156	31.860759735107422
34.632747650146484	26.19666290283203
35.20016098022461	25.92633056640625
32.09220600128174	21.56837797164917
35.62473678588867	28.42538070678711
34.57033157348633	24.690410614013672
32.99842929840088	22.75969648361206
30.083979606628418	23.47102975845337
36.18967819213867	29.90764617919922
37.38976287841797	26.772829055786133
31.796955108642578	29.564350128173828
48.591949462890625	33.69874572753906
34.27863311767578	24.278650283813477
31.5510835647583	22.054165363311768
29.68293285369873	19.206172943115234
29.101881980895996	22.205685138702393
36.58085250854492	24.040170669555664
30.440221786499023	25.97165298461914
33.6053466796875	22.263416290283203
36.52092742919922	28.272197723388672
30.374038696289062	21.73123550415039
35.485443115234375	29.970436096191406
33.5006103515625	20.32179594039917
35.68815231323242	27.085994720458984
32.21120071411133	25.755332946777344
22.153907775878906	15.20788049697876
31.90857982635498	27.087209701538086
27.69005584716797	19.58420705795288
30.584232330322266	22.44457197189331
37.824867248535156	30.41312026977539
32.157737731933594	24.6718111038208
28.163907051086426	21.024543285369873
28.40460777282715	21.62184476852417
39.16702651977539	27.373343467712402
38.75490188598633	25.677927017211914
36.69008731842041	28.800971031188965
36.46847152709961	31.056625366210938
35.37929153442383	26.760278701782227
31.11793613433838	24.594348907470703
33.51085662841797	26.688636779785156
32.58303737640381	23.345370769500732
38.047386169433594	30.821514129638672
30.348727226257324	23.888427257537842
29.532976150512695	25.483448028564453
33.88405227661133	30.15921401977539
35.329105377197266	28.52928924560547
22.576194763183594	18.547771453857422
33.33849048614502	29.0407133102417
25.16363525390625	20.01859474182129
29.978041648864746	27.072386741638184
34.231868743896484	26.422760009765625
32.122196197509766	33.78588104248047
32.087791442871094	22.767029285430908
40.033050537109375	25.23284149169922
33.04563903808594	22.725135326385498
28.453110694885254	20.038809299468994
30.337909698486328	23.041439056396484
31.233808517456055	25.998191833496094
30.779569625854492	25.452178955078125
32.30317211151123	25.090078353881836
38.80162811279297	29.190200805664062
35.630802154541016	28.48087978363037
30.40009117126465	26.72097873687744
28.063101768493652	20.867385864257812
29.238347053527832	29.10340976715088
30.716774940490723	25.86470317840576
40.398704528808594	30.50023651123047
30.972498893737793	22.713191986083984
35.649888038635254	27.379082679748535
30.407790184020996	20.53910779953003
39.01207733154297	27.551803588867188
32.15843200683594	28.950740814208984
32.23069667816162	25.180492401123047
24.615952491760254	17.374357223510742
27.679158210754395	20.128742694854736
35.05097961425781	26.946596145629883
31.86676788330078	23.159446716308594
29.680312156677246	23.148651123046875
30.945874214172363	23.39431142807007
29.268256187438965	21.4703106880188
29.387218475341797	23.83789825439453
32.37990188598633	25.359939575195312
24.92061424255371	17.90974473953247
25.726635932922363	19.311734676361084
34.839537620544434	24.666933059692383
31.172404289245605	22.19811487197876
32.54282760620117	25.679040908813477
27.885197639465332	21.255221843719482
38.58387756347656	25.424041748046875
30.504215240478516	25.4100923538208
31.833815574645996	24.591075897216797
27.33790111541748	25.288121223449707
21.408863067626953	23.693134307861328
32.10678577423096	23.965878009796143
40.15597152709961	28.11638641357422
28.01960277557373	21.323043823242188
27.590140342712402	24.85818099975586
25.76773452758789	17.81556272506714
36.77062511444092	26.910407066345215
33.24553680419922	25.408966064453125
34.16798400878906	24.449755668640137
31.701574325561523	22.561357498168945
44.17573547363281	30.92103385925293
33.210700035095215	22.78317403793335
30.878162384033203	21.809665203094482
34.80875301361084	27.380001068115234
25.26548194885254	16.540821075439453
35.31126308441162	27.625422477722168
30.512718200683594	20.36203908920288
29.438509941101074	23.298644542694092
33.72428798675537	26.842062950134277
31.481849670410156	23.207489490509033
33.183677673339844	28.69727611541748
30.08998680114746	23.144027709960938
21.973679065704346	16.381995677947998
36.89035892486572	29.937615394592285
34.57753372192383	24.102988243103027
40.639031410217285	29.391520500183105
31.893831253051758	24.782172203063965
35.23992919921875	28.072811126708984
40.30888748168945	29.842086791992188
30.54058074951172	28.86566162109375
47.59873962402344	32.529205322265625
31.42082118988037	24.46394634246826
28.671029090881348	20.54395294189453
31.192142486572266	26.133995056152344
38.04745864868164	31.409961700439453
38.44029235839844	35.357513427734375
31.252278327941895	27.290539741516113
37.28324604034424	26.82481098175049
29.60888671875	21.53475522994995
41.61492919921875	31.94240951538086
29.51838970184326	23.53533697128296
29.177659034729004	22.747913360595703
27.82796573638916	20.811809062957764
28.29008960723877	26.147927284240723
39.56591796875	37.028282165527344
33.541897773742676	25.586371421813965
40.022193908691406	29.667369842529297
32.82059097290039	29.21469783782959
37.28968906402588	23.546859741210938
36.95348358154297	27.199068069458008
36.08558750152588	30.14887046813965
26.89577865600586	22.613243579864502
29.890740394592285	26.903194427490234
26.573261260986328	25.129483222961426
30.59113597869873	24.01944351196289
41.11637496948242	28.31390380859375
25.20029926300049	19.958712100982666
32.749488830566406	21.685986042022705
29.828450202941895	25.824820518493652
34.14188861846924	21.382880687713623
35.60230255126953	24.752967834472656
30.93354034423828	25.117733001708984
31.55419635772705	22.134166717529297
27.141858100891113	24.17897129058838
43.12259292602539	28.004619598388672
33.529541015625	25.115246772766113
30.081586837768555	22.70413589477539
25.007261276245117	21.582592010498047
30.67218017578125	22.617775440216064
29.148387908935547	20.89892578125
37.39533233642578	27.164073944091797
36.05429935455322	25.87888240814209
30.62556552886963	25.26885223388672
39.05400848388672	35.24295425415039
35.822482109069824	25.57239532470703
38.906776428222656	30.242835998535156
29.12856960296631	26.96103572845459
35.98819828033447	21.970534801483154
26.30302906036377	17.105388164520264
25.433303833007812	20.20541763305664
28.9744234085083	24.87857151031494
28.643474578857422	23.01073694229126
31.171634674072266	20.685131549835205
38.14400863647461	31.520191192626953
32.609012603759766	22.41853904724121
34.21409511566162	25.474825859069824
39.017642974853516	28.981590270996094
37.88738250732422	27.452007293701172
40.6448860168457	28.98507308959961
34.295143127441406	26.461435317993164
30.687912940979004	20.892564296722412
40.035648345947266	32.22210693359375
33.59300136566162	24.77138042449951
30.935932159423828	25.714033126831055
35.84495544433594	26.736865997314453
32.76931381225586	31.01927375793457
41.82349491119385	31.274903297424316
36.69926452636719	33.392032623291016
41.52360534667969	27.53130054473877
29.667832374572754	21.552424907684326
37.543033599853516	30.82378387451172
29.56563663482666	19.07722520828247
30.137584686279297	22.486610412597656
31.2650728225708	23.144790172576904
32.60858917236328	21.172149181365967
31.211039543151855	22.47115659713745
27.02475643157959	20.432361602783203
36.14873504638672	26.719507217407227
33.975531578063965	27.73955726623535
31.133614540100098	23.94693946838379
32.67287349700928	24.734241485595703
45.260040283203125	32.77342987060547
31.23039722442627	20.61090087890625
30.25594997406006	20.761070251464844
28.158920288085938	21.736511707305908
35.09117889404297	29.058048248291016
34.28631591796875	22.10382080078125
37.583641052246094	32.59260559082031
37.89973449707031	24.002613067626953
35.163414001464844	26.92224884033203
37.908512115478516	32.542091369628906
35.89799499511719	26.170976638793945
35.92612838745117	21.397178649902344
29.34707736968994	21.595722198486328
34.42734432220459	25.053671836853027
32.98973083496094	25.449092864990234
36.677435874938965	28.527568817138672
31.54995632171631	23.70874786376953
36.698631286621094	30.180742263793945
24.290382385253906	20.225366592407227
35.404945373535156	32.762882232666016
31.337322235107422	26.0216646194458
38.97745132446289	31.257770538330078
34.27864074707031	27.26534652709961
31.713006019592285	21.401744842529297
33.430237770080566	23.695907592773438
31.037155151367188	25.28873062133789
30.463929176330566	22.330986499786377
40.881126403808594	31.254024505615234
33.248863220214844	25.979507446289062
37.07554626464844	27.6694393157959
30.035255432128906	22.19634246826172
35.00705623626709	30.61947727203369
33.28422927856445	28.712665557861328
32.08857822418213	25.284865379333496
31.195106506347656	28.43235969543457
29.558849334716797	25.509380340576172
31.19391632080078	27.57919979095459
25.744831085205078	21.323532104492188
32.89204788208008	28.175926208496094
30.631099700927734	24.032970428466797
41.2740478515625	28.781930923461914
32.435030937194824	24.098201751708984
38.97378921508789	25.452754974365234
33.926939964294434	25.12302017211914
34.42469787597656	22.190006256103516
22.77073097229004	17.94427490234375
34.114871978759766	31.710939407348633
36.2458610534668	30.937114715576172
56.48715019226074	36.63060665130615
37.312889099121094	22.75548791885376
37.4522705078125	30.877309799194336
24.18116283416748	14.827071189880371
34.335811614990234	27.770050048828125
33.79284954071045	23.87495470046997
31.787322998046875	29.119403839111328
39.62854766845703	28.727386474609375
35.420165061950684	23.282615661621094
25.46122455596924	20.945091247558594
35.942108154296875	24.55057716369629
29.432201385498047	21.569046020507812
32.411118507385254	23.682227611541748
34.298831939697266	26.996501922607422
30.092957496643066	24.53741455078125
41.3090934753418	29.973438262939453
38.96415424346924	33.107972145080566
29.81205654144287	20.336196899414062
30.205458641052246	23.315876483917236
33.56421661376953	25.09499740600586
35.46356964111328	27.071133613586426
29.44203472137451	20.1120343208313
32.167991638183594	20.916110515594482
28.325489044189453	22.36957311630249
39.51807403564453	30.85220718383789
30.206408500671387	24.310832977294922
44.43888473510742	32.01848220825195
36.479530334472656	25.02583408355713
30.184078216552734	26.04895305633545
32.156270027160645	23.59632682800293
29.83267879486084	24.987396240234375
39.852542877197266	27.929363250732422
49.12858963012695	34.10466003417969
35.937767028808594	29.310714721679688
30.17314624786377	23.29231309890747
28.273544311523438	24.71223735809326
31.8392972946167	23.720855712890625
41.329894065856934	34.37146854400635
31.624680519104004	25.442330360412598
36.69028186798096	25.760430335998535
35.084327697753906	33.85783386230469
35.33997344970703	28.019092559814453
36.308677673339844	28.512319564819336
31.193504333496094	24.75047779083252
42.03379726409912	30.76838207244873
27.745187759399414	22.319282054901123
30.030452728271484	28.690414428710938
32.070106506347656	24.851818084716797
26.699532508850098	18.858306884765625
34.76301097869873	27.525959014892578
30.181499481201172	26.71554183959961
36.40619659423828	19.642730712890625
21.530521392822266	18.27288055419922
24.93277645111084	22.274551391601562
33.54819202423096	27.95629119873047
32.03971195220947	25.88312530517578
32.859031677246094	23.732075214385986
36.339165687561035	28.81816577911377
37.86324691772461	31.121009826660156
31.976935386657715	22.955647945404053
30.852458953857422	25.050610542297363
35.71282196044922	22.950084686279297
39.07221221923828	27.104458808898926
29.71585750579834	21.188917636871338
31.563037872314453	22.33673095703125
35.29762649536133	25.654499053955078
