50.37693738937378	42.006752490997314
44.422407150268555	44.881324768066406
50.26198768615723	51.24934387207031
61.258084297180176	50.96780872344971
39.036495208740234	37.13539981842041
52.61802673339844	51.086195945739746
53.792062282562256	55.19145345687866
58.31182861328125	56.71854114532471
43.23750019073486	41.00211143493652
50.803709506988525	54.84752035140991
64.99723815917969	60.70575714111328
50.201419830322266	46.119675636291504
51.46848106384277	49.929290771484375
51.99685573577881	49.06708240509033
59.11006450653076	57.057854652404785
52.25292158126831	54.12728023529053
60.10031700134277	56.481852531433105
55.79051399230957	54.492427825927734
53.46746635437012	52.35344696044922
38.35582733154297	40.84801197052002
55.36646270751953	51.408931732177734
48.50205612182617	53.2880973815918
46.30053520202637	58.13436031341553
53.90021896362305	48.97959232330322
60.457496643066406	54.723825454711914
58.13829040527344	55.542022705078125
38.6965913772583	41.57523822784424
52.91582107543945	46.89491271972656
55.79607343673706	48.916990756988525
49.63252115249634	53.656872272491455
49.218698501586914	49.34054374694824
49.49603271484375	49.587470054626465
67.79784536361694	75.3955135345459
59.42554569244385	51.51170301437378
46.52554416656494	49.723374366760254
55.32550811767578	55.63356018066406
49.639320373535156	49.76843214035034
63.4486927986145	56.38821315765381
56.86363124847412	53.28295183181763
56.668357849121094	55.1876106262207
80.94731330871582	78.69589138031006
50.43493938446045	48.23011922836304
58.23993110656738	56.59981346130371
71.71128702163696	72.28918075561523
53.590375900268555	49.84878730773926
64.91574096679688	60.02055358886719
43.77566337585449	44.54873085021973
55.72290229797363	52.741241455078125
49.925557136535645	50.47719097137451
54.425743103027344	49.34846878051758
71.92442893981934	71.72804832458496
47.57737064361572	54.67011308670044
59.05950927734375	53.711795806884766
38.39024782180786	38.841490745544434
49.87139177322388	55.0787672996521
60.89505863189697	63.008277893066406
56.35388660430908	54.875131130218506
53.36030960083008	50.856239318847656
61.93345355987549	56.592363357543945
59.94358444213867	51.97898483276367
45.80390167236328	51.30198669433594
64.91163492202759	69.57924127578735
49.319183349609375	46.718292236328125
57.601736068725586	53.25735855102539
58.06269073486328	60.05110740661621
74.65302467346191	66.93234443664551
46.175456047058105	41.16892957687378
48.42513084411621	45.42520236968994
55.331661224365234	48.47016906738281
57.76975345611572	58.01912498474121
46.05727243423462	48.37683820724487
86.18122673034668	87.6357250213623
55.17116928100586	53.120426177978516
45.452542304992676	51.610450744628906
66.61863899230957	69.73576498031616
54.12399101257324	48.23760795593262
44.91844129562378	44.116079807281494
50.14651870727539	49.58965301513672
48.60801839828491	46.22612142562866
45.007744789123535	49.961008071899414
54.764824867248535	53.741700649261475
40.55354118347168	35.10197877883911
53.26314926147461	53.54096984863281
51.069448471069336	48.00530433654785
54.251068115234375	50.842642307281494
49.7479190826416	53.882429122924805
70.73995876312256	63.10249948501587
48.522862911224365	49.68124055862427
52.29401397705078	53.37886190414429
48.50937795639038	46.31731176376343
41.50942325592041	40.03856658935547
47.6307897567749	49.81116008758545
64.00652360916138	56.055636405944824
51.44738960266113	54.546586990356445
63.346713066101074	54.25395154953003
52.74454164505005	53.33986234664917
46.42870616912842	51.50173759460449
44.06679439544678	47.71304225921631
52.73473501205444	50.55724859237671
59.94447612762451	58.97791862487793
54.15013933181763	53.21177387237549
64.2227554321289	62.78862953186035
49.391035079956055	47.43200397491455
58.16553020477295	56.056456565856934
54.20524215698242	54.35132598876953
41.62286853790283	47.1242151260376
67.69209337234497	61.73004484176636
55.279409408569336	60.0373477935791
53.28012657165527	45.83198547363281
64.09747409820557	54.428998947143555
55.754196643829346	50.74629497528076
52.140976428985596	52.015663146972656
65.02949714660645	70.82903861999512
69.69906806945801	71.03569650650024
54.356980323791504	56.36730194091797
55.26441192626953	53.70257377624512
58.484352111816406	57.002071380615234
55.9542121887207	58.479248046875
49.00001049041748	42.78651237487793
51.30297327041626	49.60224676132202
43.02439498901367	40.57695007324219
50.1570725440979	49.993056774139404
43.69083881378174	44.99336242675781
54.097944259643555	50.62017059326172
46.273101806640625	54.84159231185913
57.40403079986572	54.193767070770264
43.72414588928223	43.62418174743652
56.58950614929199	54.964722633361816
53.664783000946045	54.566078662872314
45.608229637145996	46.3788366317749
63.01917266845703	63.04931640625
51.04450273513794	49.17607545852661
53.5315146446228	52.019808769226074
65.53706502914429	65.914870262146
77.75816631317139	62.56011343002319
62.370140075683594	60.909924030303955
43.912153244018555	42.25872993469238
58.806575775146484	58.5985221862793
50.84480667114258	50.029014587402344
48.88143539428711	50.419281005859375
47.75373935699463	47.99924373626709
47.0077428817749	44.48998260498047
46.55835151672363	49.91866111755371
74.46803140640259	68.86953496932983
46.17464828491211	47.59978771209717
44.80982303619385	40.069260597229004
60.77813720703125	60.93609619140625
59.19437885284424	55.98851776123047
59.480438232421875	55.61847686767578
54.36942195892334	45.80576467514038
52.80768585205078	53.33896255493164
55.286865234375	55.223161697387695
59.78184700012207	57.35345220565796
41.55637502670288	36.919349670410156
78.68739128112793	71.20071411132812
62.76937294006348	60.898080825805664
62.426058769226074	57.56637239456177
60.1686429977417	57.6236515045166
60.431785583496094	56.20792770385742
47.90390682220459	47.9280424118042
65.11373949050903	66.77828407287598
43.25413417816162	39.28699064254761
45.3093581199646	43.52377986907959
40.798234939575195	37.74394512176514
48.3039436340332	44.20097351074219
57.94804000854492	57.16195106506348
44.74066734313965	40.831942558288574
50.92736053466797	53.92031955718994
52.71818733215332	52.433847427368164
35.908780097961426	37.77059078216553
58.02315044403076	55.078864097595215
44.635857582092285	45.99587917327881
54.2554817199707	53.59941101074219
47.799224853515625	44.71863269805908
57.849220275878906	54.08586883544922
49.58055067062378	50.13435506820679
64.00958251953125	64.27461242675781
43.61381530761719	42.98993110656738
57.797364234924316	55.854522705078125
55.54562759399414	51.32442855834961
62.18018388748169	60.11981391906738
51.39838218688965	48.42465877532959
45.17805576324463	50.712432861328125
59.44082450866699	55.581979751586914
52.04624795913696	52.45041275024414
58.61842918395996	57.3590784072876
51.90567064285278	50.21374273300171
64.5256576538086	64.48362636566162
49.99501991271973	49.294424057006836
54.35279083251953	53.29623031616211
51.60029983520508	47.16809892654419
57.73881483078003	53.85183906555176
68.25643110275269	68.81626796722412
49.841177463531494	45.00894069671631
48.34364414215088	47.03207492828369
40.54438591003418	40.84721088409424
55.06246852874756	59.46311664581299
58.47008514404297	59.34217834472656
58.26866912841797	52.477840423583984
65.50183153152466	59.237131118774414
59.814170837402344	57.51030731201172
60.70155334472656	57.849613189697266
58.257532596588135	57.49881076812744
51.072378158569336	49.56097984313965
56.027891635894775	57.886061668395996
47.5282940864563	44.75974941253662
62.81100845336914	67.7466049194336
37.94670820236206	39.72919464111328
51.69294834136963	54.22110557556152
51.91335201263428	46.57310485839844
55.02420616149902	58.427101135253906
47.17476844787598	43.93216609954834
45.62703227996826	48.31629276275635
75.0304069519043	63.37653923034668
48.178646087646484	44.044869899749756
65.83527517318726	65.61476755142212
48.04340171813965	51.15924024581909
41.006229400634766	39.76647090911865
48.57062530517578	45.966336250305176
57.036659240722656	50.44368124008179
45.67629146575928	46.797125816345215
49.25174903869629	47.14804744720459
50.74103021621704	48.07452392578125
62.259650230407715	63.13611030578613
47.92687225341797	46.291019439697266
62.68962478637695	55.46954345703125
61.73492670059204	71.5708680152893
49.51632499694824	50.99227523803711
50.464876651763916	41.93135356903076
45.48473262786865	48.676491260528564
49.23664999008179	50.481624126434326
45.21624565124512	40.90075492858887
57.79630947113037	53.28792190551758
48.5701904296875	47.64854383468628
53.491933822631836	50.670576095581055
39.19611692428589	41.057772636413574
50.49550247192383	54.18792724609375
46.81053066253662	55.01496410369873
69.71261596679688	63.24288558959961
57.64133930206299	55.28965997695923
53.73188400268555	53.50128793716431
58.59057283401489	53.394636154174805
62.14139938354492	55.052581787109375
53.59189224243164	50.11280822753906
56.64558219909668	55.03342580795288
45.3129243850708	46.04369831085205
45.055837631225586	41.07882499694824
53.65721893310547	57.631134033203125
46.898277282714844	45.38733673095703
43.48416805267334	42.92154312133789
62.544036865234375	62.0933952331543
45.76517629623413	45.69747447967529
55.93465232849121	54.25476264953613
46.42608642578125	41.744041442871094
47.462464809417725	48.359694957733154
60.258766174316406	61.36347961425781
47.95613479614258	43.595160484313965
46.75464630126953	44.214792251586914
65.14988708496094	60.2585506439209
45.051941871643066	47.58084774017334
57.96145820617676	55.12726020812988
50.72221231460571	46.812453269958496
59.81027412414551	55.40072822570801
47.141547203063965	43.897398948669434
52.87223815917969	52.49612474441528
54.31901931762695	53.642662048339844
45.17658615112305	42.015586853027344
52.26509094238281	55.744544982910156
65.82865142822266	64.97198486328125
54.19124221801758	47.18009948730469
57.75911235809326	53.1726188659668
60.21659183502197	56.79025840759277
67.37092781066895	67.08221483230591
48.67297554016113	46.37959384918213
67.66204833984375	64.3624210357666
51.06398963928223	48.511539459228516
58.538748264312744	58.9090518951416
70.60782432556152	76.39905452728271
39.80538606643677	41.566476821899414
52.026567459106445	53.96238327026367
41.99033260345459	43.163025856018066
58.91322326660156	56.10921621322632
44.46276664733887	45.074143409729004
47.49971866607666	46.486541748046875
47.597904205322266	47.14294910430908
59.82921314239502	59.97818851470947
52.83101272583008	52.671974182128906
51.86710166931152	56.065956115722656
61.25451946258545	55.28268384933472
51.806360721588135	50.35960292816162
54.16457748413086	53.55883026123047
50.97748374938965	50.694013595581055
52.30046463012695	54.469085693359375
58.93124341964722	60.72525930404663
63.300132751464844	60.09718036651611
61.5365104675293	60.01171875
59.37205505371094	57.37923049926758
65.1112289428711	57.422407150268555
51.009864807128906	48.62423515319824
50.74472236633301	52.30476379394531
59.405827045440674	60.843984603881836
60.30486297607422	55.97551727294922
61.88082790374756	56.37821817398071
51.78182601928711	48.80120658874512
54.599504470825195	58.66476631164551
69.96739196777344	68.50602579116821
63.095855712890625	59.0594596862793
43.488532066345215	42.52774906158447
40.942044258117676	39.910316467285156
58.00162410736084	57.02517557144165
52.62550354003906	50.7501335144043
76.05970859527588	79.08889770507812
49.67794418334961	46.57045841217041
42.37787580490112	43.71693515777588
47.11025905609131	46.92226696014404
50.01263666152954	47.600762367248535
50.861595153808594	49.97471809387207
58.001874923706055	58.00462532043457
57.67324924468994	57.04008388519287
54.59863471984863	50.26314353942871
50.09420585632324	42.99637699127197
64.54557609558105	59.37758731842041
56.330474853515625	54.045555114746094
46.248687744140625	48.7606258392334
53.41441345214844	54.73859405517578
52.2886905670166	54.68001937866211
65.71554565429688	63.01715087890625
53.77903127670288	50.22652339935303
45.12495994567871	43.62412929534912
59.91073036193848	60.44473457336426
57.122169494628906	49.83430099487305
48.06184768676758	46.17403984069824
59.137688636779785	60.27172660827637
56.72069978713989	54.491273403167725
59.02396202087402	55.23267459869385
50.73974609375	49.88555097579956
51.03905534744263	50.176589012145996
49.15496015548706	42.35664367675781
45.444931983947754	41.861629486083984
51.78538417816162	52.68492412567139
53.367021560668945	54.04058074951172
54.584089279174805	47.877041816711426
48.69938850402832	51.713029861450195
52.48314380645752	53.1448278427124
48.49853324890137	52.22080993652344
59.301753997802734	59.63468551635742
39.79247188568115	39.03214359283447
52.018043518066406	48.17769813537598
46.1898455619812	48.67948532104492
60.932607650756836	57.66481590270996
49.40230178833008	47.47407531738281
55.04121780395508	47.531089782714844
59.63220977783203	60.196109771728516
47.51380634307861	44.74085712432861
37.70654010772705	39.446431159973145
61.493743896484375	53.253883361816406
52.11280632019043	52.62130165100098
61.19088363647461	60.25883483886719
62.1196346282959	65.40557670593262
47.92524719238281	46.171082496643066
44.463186264038086	46.867451667785645
66.59622192382812	65.04336357116699
57.720394134521484	60.99152374267578
48.423237800598145	52.530210971832275
66.75234174728394	66.5213713645935
54.99532127380371	53.07655906677246
50.88930892944336	48.354477882385254
46.11720085144043	39.74887132644653
63.11816692352295	58.54440402984619
39.34208631515503	35.425095558166504
43.76508378982544	44.68532180786133
46.66739463806152	45.55048942565918
56.020280838012695	51.358728885650635
58.90564155578613	56.89226531982422
48.19737911224365	43.459482192993164
49.74533748626709	50.109047412872314
75.54293632507324	70.87824440002441
52.726890563964844	47.031646728515625
50.21532487869263	49.55834722518921
62.059532165527344	54.578094482421875
53.90278339385986	51.4300537109375
51.192893981933594	47.38858127593994
59.31610870361328	54.5911750793457
53.265193939208984	54.47454833984375
50.45984649658203	51.384507179260254
53.945537090301514	51.31083059310913
64.64084529876709	57.23164367675781
53.969430923461914	52.94830322265625
57.79709243774414	50.062828063964844
45.16429805755615	45.35995006561279
46.07945442199707	47.15380668640137
43.580970764160156	41.41114139556885
51.758577823638916	51.109073638916016
68.1873836517334	70.14820289611816
57.232086181640625	59.407196044921875
58.108880043029785	53.47015905380249
56.31917953491211	60.26071071624756
57.16504096984863	54.837454319000244
67.22280025482178	63.37558937072754
54.520633697509766	53.400551319122314
41.59138584136963	46.30752515792847
44.789671897888184	39.09686279296875
58.9664363861084	54.91346979141235
50.164509296417236	50.05457019805908
54.435367584228516	55.763397216796875
49.59100914001465	49.507490158081055
60.43629455566406	55.622915267944336
40.7217378616333	35.936405181884766
54.121909618377686	53.56538152694702
56.487178802490234	51.12325191497803
46.28693723678589	40.1225905418396
49.853342056274414	48.50521659851074
56.3331184387207	56.43128490447998
56.511088371276855	53.21965312957764
50.161648750305176	46.11610555648804
66.38309478759766	61.962196350097656
47.802032470703125	49.656497955322266
45.6990909576416	44.523658752441406
52.977694511413574	53.882404804229736
42.29059076309204	40.593589305877686
62.159788608551025	65.68821954727173
59.227134704589844	52.67855453491211
52.59952354431152	50.63832092285156
56.85409164428711	54.117987632751465
56.464383125305176	55.89468717575073
60.01834487915039	61.59096145629883
52.67825174331665	45.869140625
51.579620361328125	47.995643615722656
59.239206314086914	56.45532417297363
53.04975891113281	48.27691602706909
47.817776679992676	45.03561019897461
50.38006782531738	49.50791358947754
54.45060682296753	50.875089168548584
43.03303527832031	44.49100112915039
44.98547077178955	40.38586616516113
39.656949043273926	39.91942834854126
58.09934663772583	60.38947248458862
49.19535827636719	47.324684143066406
45.4387321472168	44.88699817657471
55.366868019104004	49.50480794906616
49.20515060424805	49.563453674316406
53.65315389633179	57.287641525268555
47.678192138671875	46.90737247467041
42.488155364990234	42.35074996948242
64.17130517959595	62.701608180999756
45.2719202041626	39.19906139373779
57.550686836242676	56.84853172302246
46.1764554977417	48.15011787414551
44.603954792022705	42.840089321136475
57.83038902282715	54.643632888793945
59.48076629638672	57.17951583862305
59.95884704589844	64.2632303237915
43.949079513549805	39.90800380706787
62.964972496032715	59.715688705444336
65.20555973052979	63.63421440124512
48.22318649291992	43.53087615966797
67.35449314117432	71.11161708831787
55.495365142822266	48.20166206359863
53.23163938522339	58.4659423828125
66.59132957458496	63.2675838470459
49.73532724380493	50.90676259994507
51.32612228393555	48.949419021606445
44.60310459136963	48.6624813079834
66.24857902526855	63.03291320800781
54.39469289779663	48.483335971832275
45.2896614074707	45.03346395492554
60.02091979980469	54.05314636230469
55.12334442138672	56.78816223144531
63.16297435760498	59.2387056350708
41.817970275878906	39.710750579833984
64.93714141845703	61.380516052246094
51.42869567871094	48.51420021057129
52.07710647583008	53.51477813720703
48.99588108062744	48.31520128250122
47.30351257324219	52.78608322143555
59.246944427490234	52.86611557006836
62.3912410736084	61.730878829956055
46.96511363983154	43.315189361572266
59.5523042678833	55.8118782043457
48.06840419769287	48.54384422302246
57.143263816833496	56.389615058898926
62.88483238220215	65.88213443756104
53.04901123046875	50.10359287261963
44.19768047332764	45.04039001464844
46.58564233779907	46.6178994178772
51.29383850097656	47.349586486816406
47.42787790298462	49.72266674041748
45.67323684692383	39.270827770233154
46.395190715789795	48.210793018341064
41.851654052734375	42.45408535003662
46.94801044464111	48.09316682815552
44.157328605651855	40.761756896972656
51.25300216674805	52.51847839355469
46.689391136169434	50.93635368347168
49.844141483306885	49.387455463409424
51.734318256378174	48.89120578765869
47.514381885528564	40.24605464935303
49.15585470199585	49.78723096847534
50.8503794670105	43.3070592880249
53.096614837646484	54.35927438735962
62.62282371520996	59.563493728637695
60.91404438018799	56.6673583984375
45.92771673202515	44.57396745681763
70.28299808502197	69.69672203063965
49.300713539123535	46.32943630218506
45.614006996154785	46.40647029876709
47.36556529998779	48.343749046325684
58.76045227050781	57.11741924285889
59.91588020324707	59.057225704193115
55.73953342437744	51.37260437011719
47.302481174468994	44.85812282562256
45.267839431762695	42.333078384399414
51.06713342666626	50.73992967605591
62.07196807861328	58.627763748168945
54.11069297790527	54.323049545288086
52.08966064453125	47.00691890716553
57.52036094665527	62.917165756225586
44.043654441833496	46.32308292388916
50.92300987243652	52.85517883300781
50.413902282714844	49.65138816833496
50.0222053527832	49.41434669494629
49.417052268981934	45.09859561920166
75.80191040039062	77.36580610275269
41.62165641784668	38.836257457733154
58.79932403564453	53.05481719970703
53.32119369506836	56.9986572265625
41.08400630950928	37.51293182373047
54.14668655395508	50.92874240875244
51.03080177307129	49.104806900024414
50.71792984008789	50.0783805847168
65.85389709472656	58.07737731933594
55.17436218261719	54.19845962524414
46.21776580810547	49.015822410583496
50.18021583557129	52.53561496734619
64.09950399398804	58.934123039245605
51.00428009033203	51.51858901977539
43.409982204437256	46.53303098678589
61.29631805419922	56.61031150817871
49.81254863739014	52.763901233673096
51.64591026306152	52.25653266906738
49.97799634933472	47.696518898010254
50.84964179992676	49.72112846374512
47.62627029418945	43.79911708831787
57.092153549194336	58.06047248840332
48.998351097106934	46.67459011077881
50.038344860076904	47.1719708442688
61.742868423461914	60.813180923461914
54.228970527648926	54.26785182952881
65.06238746643066	61.741734981536865
79.43998718261719	76.1487808227539
56.191720962524414	50.92357063293457
43.26972198486328	42.11576461791992
49.59300184249878	50.496824741363525
50.78571176528931	55.58686304092407
57.75457191467285	51.21430778503418
55.401785373687744	53.26200342178345
59.612911224365234	58.82262420654297
50.88064384460449	52.40563774108887
51.74098777770996	44.960503578186035
61.76427364349365	66.03922843933105
58.44606399536133	55.227935791015625
47.458505630493164	48.41822147369385
47.980971336364746	45.14798593521118
55.57350826263428	52.54433012008667
56.61484146118164	58.64289474487305
45.65590858459473	44.07643795013428
52.184343338012695	50.84644889831543
57.50839614868164	50.02101135253906
49.39605712890625	51.714599609375
72.4793872833252	66.03166007995605
63.92456817626953	59.02730083465576
50.78645944595337	47.25897550582886
54.53993320465088	54.96171522140503
50.3395299911499	49.53408098220825
67.26061248779297	59.99901580810547
49.75057411193848	42.19138813018799
61.72138595581055	61.87916946411133
52.649085998535156	47.9087028503418
56.228702545166016	50.2377815246582
49.04921054840088	47.25300312042236
61.56382083892822	58.530418395996094
50.17155647277832	54.4366979598999
48.551124572753906	47.32401704788208
48.24579048156738	39.7388219833374
45.859145164489746	44.75761699676514
47.18290710449219	48.32991027832031
66.91932773590088	64.35585260391235
62.18999481201172	60.51607894897461
52.40906524658203	57.10493469238281
54.30012130737305	52.860575675964355
59.85588884353638	54.83099985122681
46.08597755432129	48.16218852996826
54.860023498535156	52.453338623046875
65.89378356933594	60.075674057006836
74.30881452560425	71.73582983016968
43.03539752960205	41.745357513427734
53.476574420928955	53.3511176109314
58.71949481964111	53.7851996421814
42.13837909698486	41.43088245391846
44.84654903411865	42.54091739654541
45.457762718200684	47.147958278656006
54.726898193359375	49.859413146972656
48.6297607421875	49.560251235961914
54.8827018737793	53.89012908935547
52.523465156555176	51.99604320526123
47.78335189819336	46.151095390319824
56.41982936859131	56.14025020599365
56.188323974609375	55.650917053222656
48.83218574523926	45.06001567840576
58.019649505615234	53.46274185180664
57.75352478027344	54.60773468017578
51.31084060668945	56.70681858062744
47.975101470947266	46.546430587768555
48.89626121520996	45.293097496032715
63.665287017822266	62.19021224975586
54.57874345779419	59.1633939743042
52.08756065368652	47.32906436920166
65.123291015625	61.352561950683594
55.852580070495605	47.35198974609375
51.36262321472168	47.19698238372803
45.697227478027344	46.60509204864502
51.08965301513672	48.765581130981445
47.94125461578369	44.117995262145996
57.52652549743652	53.93652391433716
47.477850914001465	45.60771942138672
56.25343036651611	47.79665470123291
49.90448570251465	47.94106149673462
62.09776067733765	62.718698501586914
36.01727247238159	34.030985832214355
48.63750505447388	44.53805875778198
49.61012363433838	47.37287521362305
50.98548889160156	48.386112213134766
49.58317565917969	50.45268630981445
44.68595266342163	48.07589673995972
56.23967170715332	53.59503746032715
51.768771171569824	47.70145225524902
58.41224479675293	58.243502616882324
48.301801681518555	45.77578067779541
52.54859924316406	54.547837257385254
64.71275329589844	61.32371520996094
44.61961603164673	46.53418588638306
56.55812072753906	57.397422790527344
53.63502597808838	53.17301940917969
50.89920616149902	48.076704025268555
60.73287868499756	56.83582019805908
62.179266929626465	62.194220542907715
58.81719207763672	58.85172653198242
53.700239181518555	57.585886001586914
54.934844970703125	53.46887969970703
59.55763578414917	56.33325147628784
63.294471740722656	65.27131652832031
49.4399356842041	51.18541717529297
60.30641412734985	62.12295627593994
57.11613368988037	46.06771993637085
57.17243957519531	55.83083724975586
51.07381582260132	49.24562978744507
55.396785259246826	51.49452304840088
56.074974060058594	52.50666809082031
56.287588119506836	53.81259727478027
53.82491111755371	57.799105644226074
60.67994022369385	62.28452968597412
56.523229122161865	54.68927621841431
58.35592460632324	54.92933464050293
46.53642559051514	47.83792734146118
62.254488945007324	55.77293539047241
60.033416748046875	64.63790130615234
52.308006286621094	48.760189056396484
58.24674034118652	57.37754821777344
55.487918853759766	51.03016662597656
59.67712211608887	55.68868446350098
55.189247131347656	51.930617809295654
42.82137870788574	39.56695556640625
53.92306900024414	56.81109619140625
58.56463146209717	55.29602527618408
63.17040252685547	64.03421783447266
58.41193389892578	57.917606353759766
48.530622482299805	44.38706588745117
46.48026466369629	43.61668586730957
72.43626403808594	63.22521209716797
49.96376705169678	48.14322805404663
44.14248466491699	51.92549228668213
41.728219985961914	37.182490825653076
58.41217231750488	58.66838264465332
64.1307601928711	62.10279655456543
45.364861488342285	39.65294599533081
67.92523288726807	68.939528465271
52.611220836639404	47.70864200592041
52.797210693359375	50.25018310546875
58.78648567199707	57.000022888183594
58.181007385253906	55.87089157104492
58.28451633453369	54.44370746612549
56.28020000457764	53.37342119216919
43.53902721405029	47.38608455657959
60.655972480773926	62.480398178100586
55.414493560791016	51.42885971069336
59.399574279785156	59.12798023223877
51.75397825241089	47.00346231460571
56.54987335205078	55.095542907714844
57.664377212524414	51.99811601638794
46.83212995529175	47.48576641082764
74.08485984802246	65.77684783935547
54.83271789550781	55.316307067871094
58.012367248535156	57.20380210876465
47.35860061645508	46.70497751235962
48.682427406311035	47.13387489318848
53.95725965499878	51.42343997955322
40.03387928009033	35.56867218017578
42.83279514312744	43.360164642333984
54.299522399902344	52.97275161743164
53.00031518936157	54.269606590270996
58.55842065811157	55.97701978683472
47.17975902557373	47.24973964691162
51.92479133605957	47.22711181640625
74.77669715881348	73.69216918945312
81.4044280052185	76.635169506073
56.18220520019531	55.69129180908203
59.037635803222656	52.389564514160156
57.73516273498535	50.14015531539917
36.63809299468994	43.24629306793213
54.13364553451538	48.027647972106934
46.89546203613281	45.56484603881836
39.21931028366089	37.000675201416016
58.18669128417969	56.47559356689453
57.01532220840454	49.302117347717285
51.93888854980469	53.026607513427734
46.294050216674805	43.262996673583984
69.07652997970581	64.09814500808716
68.37992095947266	71.24065399169922
53.29863977432251	48.39366102218628
54.39662218093872	53.68256378173828
49.934120178222656	53.54719018936157
52.34390163421631	49.16815805435181
50.0351939201355	50.363439083099365
51.421913146972656	54.65894317626953
48.682640075683594	48.95354461669922
40.67233371734619	36.70228958129883
47.61471748352051	43.555030822753906
45.03642559051514	44.51769828796387
51.919761657714844	53.47940444946289
50.6048526763916	52.16428184509277
58.8890380859375	53.79539346694946
69.34009408950806	58.47216081619263
64.27938079833984	60.28369140625
52.4382963180542	52.93822431564331
48.17482376098633	47.53852081298828
57.11452102661133	54.9119873046875
53.7672119140625	50.53981828689575
43.73422861099243	44.06196975708008
58.04472351074219	57.69471740722656
58.16424369812012	60.71240425109863
54.1842041015625	50.04087162017822
56.22354984283447	56.47328186035156
55.979926109313965	53.06215572357178
54.273799896240234	50.225136280059814
54.99530792236328	53.73197555541992
44.25785207748413	44.468220710754395
59.559974670410156	63.26935386657715
51.656959533691406	48.20895195007324
81.74500465393066	75.06564140319824
42.50973701477051	37.77327060699463
51.3822808265686	47.52850103378296
50.540786266326904	52.494606018066406
64.8987865447998	57.8104305267334
54.99070930480957	58.06481695175171
51.91890239715576	45.76777458190918
63.849891662597656	62.49917221069336
72.03637504577637	76.3098931312561
40.64393997192383	41.830735206604004
62.127610206604004	60.18021583557129
46.39761257171631	49.13222694396973
52.16333198547363	52.54848289489746
54.67690658569336	55.04216766357422
51.407021045684814	48.149359703063965
48.107666969299316	45.19872188568115
49.91898536682129	52.878095626831055
49.647422790527344	50.09341049194336
47.4395751953125	48.71150016784668
64.36234283447266	56.22447967529297
40.52875518798828	39.287781715393066
63.24005126953125	62.791282653808594
51.11619186401367	52.230525970458984
48.464664459228516	49.41627502441406
47.61148929595947	48.61259460449219
61.595916748046875	62.336769104003906
57.28388786315918	61.53377819061279
53.44985818862915	51.79541778564453
53.93113088607788	50.45720958709717
61.95154809951782	63.58957529067993
50.31437873840332	47.24318504333496
65.51499938964844	58.49378204345703
47.15353488922119	41.034955978393555
58.037200927734375	62.876305103302
63.87757873535156	60.42194938659668
48.304619789123535	46.21366024017334
47.177438735961914	46.091294288635254
41.77133274078369	45.47175121307373
59.45813751220703	62.91950225830078
55.26344442367554	52.631882190704346
52.78985643386841	56.99966907501221
59.412336349487305	55.34639358520508
44.28560256958008	45.253807067871094
55.02648973464966	52.621875286102295
53.27362585067749	51.88111066818237
52.7914719581604	46.582364559173584
45.692320823669434	50.395545959472656
60.47399425506592	60.5795841217041
60.0664176940918	59.06367492675781
50.785423278808594	53.48507308959961
52.31614112854004	50.05018711090088
51.146039962768555	47.6622200012207
50.06228733062744	50.9975790977478
47.63295078277588	45.13556957244873
81.07193088531494	74.87235975265503
53.331966400146484	54.974609375
41.47887897491455	42.19229793548584
49.016361236572266	49.10571098327637
58.41617679595947	54.756980895996094
46.09159851074219	43.401519775390625
57.90220069885254	55.7116584777832
65.35911560058594	64.46527862548828
55.98711395263672	55.29716491699219
46.200881004333496	45.7437801361084
42.64054584503174	39.870429039001465
58.279297828674316	57.15538024902344
47.120452880859375	45.759907722473145
56.07453536987305	64.22237396240234
52.071699142456055	49.88309669494629
52.15561294555664	53.64664077758789
44.36135244369507	46.5458083152771
55.180484771728516	53.58558654785156
47.62619876861572	45.53895664215088
51.91652536392212	46.06973934173584
51.151193618774414	52.94912910461426
76.21539115905762	72.5980281829834
54.45644998550415	50.85956525802612
45.01096725463867	46.484004974365234
49.17093801498413	53.74083852767944
50.69762420654297	49.84377479553223
54.92322635650635	51.341261863708496
54.02905082702637	50.87578010559082
43.78107833862305	43.64322280883789
52.87950134277344	54.52169847488403
62.41512680053711	57.31726837158203
48.57433891296387	51.6137580871582
52.76990604400635	50.7759051322937
51.62538528442383	52.41410255432129
44.91154861450195	46.13557434082031
44.61103820800781	43.02363109588623
55.69261932373047	53.218013763427734
55.694427490234375	52.185279846191406
47.47782611846924	50.09755325317383
50.4373893737793	48.75344896316528
60.42244005203247	60.559438705444336
56.529836654663086	49.26353073120117
57.37938404083252	52.16352033615112
55.47757530212402	58.031561851501465
57.75718688964844	53.831275939941406
48.51696968078613	51.106910705566406
61.916250228881836	58.333818435668945
53.73629331588745	53.91761922836304
52.096309185028076	49.979695320129395
49.43295383453369	47.12940311431885
47.636277198791504	51.90856122970581
49.65526866912842	43.59178876876831
57.88795852661133	58.44748878479004
61.07508087158203	59.587703704833984
48.56523513793945	52.111284255981445
52.99344062805176	50.253610610961914
42.682345390319824	45.76142120361328
70.69596099853516	62.039310455322266
51.027339935302734	53.17426681518555
41.398048400878906	39.3031644821167
65.27293395996094	63.01797294616699
59.17258071899414	52.12932014465332
46.08808994293213	43.44593048095703
50.89821100234985	47.155675411224365
45.48829746246338	48.091811656951904
77.44046640396118	73.34834861755371
62.52311706542969	52.853614807128906
62.80541229248047	66.23199462890625
57.05008792877197	50.72612142562866
49.117751121520996	48.11768054962158
50.77053785324097	46.19841718673706
53.152427673339844	45.76904296875
70.16896724700928	67.96351432800293
72.9535961151123	68.19030618667603
53.79361152648926	50.14072036743164
53.36557388305664	52.01041221618652
44.93791961669922	44.7591438293457
43.94187927246094	39.079177379608154
66.02441644668579	68.31002140045166
49.224724769592285	44.2093563079834
47.84395694732666	48.51885795593262
57.02354907989502	59.654667377471924
53.62688493728638	49.74476671218872
49.26285648345947	48.20724153518677
60.976776123046875	60.61146545410156
59.58095741271973	53.150922775268555
55.66969299316406	58.57082748413086
69.0093469619751	63.45355987548828
57.97752857208252	54.72270441055298
64.75369453430176	64.81935977935791
47.591766357421875	47.225478172302246
46.73342704772949	46.03083610534668
67.9237289428711	65.46716451644897
66.60290622711182	55.791908740997314
49.82823848724365	48.6873197555542
51.02782678604126	52.97636270523071
46.056538581848145	43.3648681640625
47.27729797363281	46.479692459106445
47.63565158843994	42.647117614746094
60.732582092285156	59.12004089355469
55.85953330993652	55.51445960998535
56.8034029006958	48.23583364486694
57.191959381103516	57.308921813964844
59.99801445007324	61.68884468078613
49.57730960845947	46.46941804885864
64.57670545578003	62.10657978057861
57.81877899169922	58.70550870895386
75.65145969390869	75.97187042236328
42.079811096191406	44.67348003387451
57.06670379638672	61.30852127075195
50.81647491455078	48.65254592895508
54.190205574035645	54.30277156829834
70.16348266601562	69.73280334472656
61.28192901611328	56.305152893066406
42.73910045623779	47.98126220703125
44.01008605957031	44.476051330566406
57.05864715576172	55.871368408203125
45.45564365386963	43.122056007385254
46.70464611053467	44.456053733825684
55.414621353149414	55.4758358001709
46.617772579193115	45.824156284332275
44.13125514984131	47.069902420043945
53.38052558898926	48.96748352050781
61.66819381713867	58.970245361328125
45.37150955200195	46.18292713165283
45.33811092376709	42.28010654449463
57.39965057373047	55.360755443573
67.97750949859619	63.73554706573486
53.41576528549194	55.82217884063721
52.76306676864624	49.6092529296875
44.76572513580322	40.83786964416504
60.30043888092041	58.250131607055664
39.45495128631592	44.869388580322266
45.22512435913086	40.28342247009277
67.88491630554199	65.7015209197998
53.61094665527344	53.92132759094238
45.88901996612549	48.83064270019531
61.604607582092285	57.00667858123779
50.881378173828125	52.0304069519043
61.4549503326416	60.37541198730469
60.002912521362305	59.795146465301514
58.974002838134766	59.2275505065918
43.86979103088379	46.13881587982178
72.36703395843506	74.075026512146
57.6600980758667	62.30744743347168
67.57473945617676	64.33052062988281
71.0039005279541	64.31183624267578
57.591238021850586	58.074700355529785
48.772010803222656	53.250224113464355
57.79156970977783	60.47501564025879
55.85029363632202	52.22944641113281
54.877716064453125	53.31368637084961
52.17027950286865	49.35164022445679
40.37666702270508	36.73213291168213
58.66090965270996	55.937347412109375
54.169554710388184	49.96054649353027
62.188209533691406	60.580963134765625
48.10578918457031	45.859185218811035
67.38596248626709	68.84557294845581
59.82830810546875	60.29235076904297
47.73906993865967	49.85481929779053
47.88240909576416	43.98313045501709
42.35123300552368	42.3477783203125
62.64457702636719	62.814741134643555
42.550354957580566	48.071067810058594
39.75466251373291	37.75418758392334
52.82276105880737	51.12384033203125
56.574514389038086	54.14128875732422
43.61626625061035	40.832457542419434
71.90040636062622	71.18363857269287
49.89747714996338	49.826260566711426
53.91474914550781	52.115325927734375
52.94001007080078	53.27644634246826
59.715338706970215	55.6146674156189
48.60011672973633	44.62403869628906
52.81936454772949	52.468196868896484
53.95817184448242	51.150299072265625
57.01199245452881	52.93980646133423
61.49697160720825	55.79263401031494
55.298832416534424	53.06119775772095
54.523521423339844	51.5873966217041
42.119808197021484	43.1812047958374
53.23097610473633	54.53119659423828
60.388458251953125	55.91205596923828
64.12374258041382	60.24210977554321
61.13621234893799	56.717079162597656
44.28883695602417	48.85773754119873
62.76354217529297	56.58204650878906
