27.804556846618652	26.959982872009277
18.806785583496094	17.521363735198975
25.449337005615234	22.794382095336914
28.711352348327637	23.067728519439697
20.45264482498169	23.449769496917725
28.91869068145752	26.901463508605957
20.864450454711914	22.68603515625
22.826257705688477	26.946727752685547
17.401893138885498	27.392924308776855
24.20046329498291	26.515070915222168
21.871726512908936	16.615718364715576
24.397445678710938	28.63752555847168
25.70860004425049	23.354124069213867
29.286815643310547	24.15171718597412
23.393158435821533	22.724445819854736
18.615737915039062	17.25672483444214
29.743632316589355	22.99876070022583
19.892412185668945	16.621005535125732
17.040188312530518	13.72195816040039
25.137102127075195	24.887394905090332
17.541748523712158	23.224612712860107
25.186288833618164	30.6241397857666
31.695148468017578	28.133636474609375
28.985538482666016	20.636913299560547
27.28410816192627	26.706599235534668
9.037519454956055	20.953092098236084
17.1016902923584	18.624217987060547
31.948519706726074	23.399030685424805
23.39481782913208	18.959662914276123
35.151145935058594	29.504708290100098
27.003477096557617	28.527141571044922
26.963095664978027	22.801128387451172
20.063076496124268	20.557956218719482
18.79353904724121	22.094730377197266
29.935206413269043	31.45630645751953
24.96288299560547	21.55749750137329
24.5886812210083	23.433414459228516
19.385169982910156	22.59781265258789
17.800170421600342	16.563016891479492
29.385318756103516	33.57013702392578
21.562180995941162	18.389997482299805
25.563861846923828	27.30518341064453
28.5439453125	29.49469566345215
30.227336883544922	31.074554443359375
26.7345027923584	27.716408729553223
23.33646011352539	18.63677215576172
20.81218385696411	22.267337322235107
29.523259162902832	24.709138870239258
29.85538959503174	22.00548219680786
25.672191619873047	26.92526626586914
18.361473083496094	16.156155109405518
22.196200847625732	25.268288612365723
26.59304428100586	25.245227813720703
24.79361057281494	26.146207809448242
25.848896026611328	26.40549945831299
20.226280689239502	28.777868270874023
19.536495208740234	21.706871509552002
26.766554832458496	24.550950050354004
30.437265396118164	32.294979095458984
22.771127700805664	21.777859210968018
26.482898712158203	21.824167728424072
18.330642700195312	21.913673400878906
26.39340305328369	24.35826015472412
21.425617218017578	25.06941032409668
23.55823516845703	30.727306365966797
20.73737668991089	21.419536113739014
16.17100954055786	17.688541889190674
26.470141410827637	25.79670810699463
19.775310516357422	19.782138347625732
25.85680389404297	25.07944393157959
23.417205810546875	27.811248779296875
16.928871631622314	16.78992462158203
26.420917510986328	26.583057403564453
21.27394437789917	19.81744909286499
30.19212055206299	31.021556854248047
24.78805160522461	29.30984878540039
32.40651798248291	28.29052734375
30.528047561645508	21.39736318588257
21.070186614990234	18.24147605895996
21.289422512054443	23.084242343902588
21.321453094482422	16.55182456970215
34.393489837646484	27.995930671691895
19.670276641845703	29.004220962524414
24.04215145111084	24.398715019226074
30.435330390930176	27.923455238342285
19.032639026641846	9.586624145507812
25.90608501434326	19.244693756103516
27.30292797088623	23.050133228302002
11.445225477218628	22.025516510009766
16.82319688796997	14.57068920135498
18.54564142227173	20.431486129760742
16.45683717727661	9.116663217544556
26.68656635284424	28.335399627685547
26.341459274291992	26.321430206298828
25.668228149414062	29.036630630493164
22.22818422317505	25.867652893066406
21.995605945587158	21.7385516166687
23.859018802642822	26.5654878616333
24.61688232421875	29.567703247070312
18.219316005706787	19.484065532684326
25.776440620422363	26.51653003692627
20.044883251190186	18.694514751434326
24.090216636657715	16.033966541290283
31.307724952697754	29.30917739868164
19.049805164337158	13.72153902053833
20.597190856933594	23.2830548286438
16.887315273284912	21.80213499069214
19.94063901901245	20.67376470565796
34.74472904205322	28.061448097229004
26.05001163482666	25.234116554260254
27.470945358276367	32.91957092285156
32.235450744628906	29.44217300415039
20.932575702667236	20.643712520599365
19.518829822540283	19.944700241088867
28.50193214416504	27.664745330810547
15.905349254608154	18.287951946258545
18.456474781036377	22.417163372039795
15.301039695739746	20.090091705322266
30.339932441711426	24.986675262451172
34.00694274902344	32.660823822021484
27.398091316223145	22.92079496383667
25.631999015808105	27.822375297546387
20.809337615966797	31.082014083862305
21.969371795654297	22.6197509765625
14.880728244781494	21.56910467147827
10.27964186668396	23.123650074005127
17.338584423065186	19.142847061157227
16.412079334259033	17.293941020965576
8.331270217895508	8.06003737449646
17.568450450897217	16.612060546875
19.515262126922607	22.648205280303955
29.749860763549805	30.916525840759277
31.678699493408203	27.887821197509766
19.692094802856445	18.72416353225708
18.035217761993408	19.954708099365234
28.352474212646484	29.310665130615234
17.852800369262695	17.35784912109375
23.693748474121094	30.25199317932129
30.52939510345459	29.891575813293457
30.452999114990234	30.83531951904297
29.037314414978027	26.9507474899292
21.62363290786743	20.569014072418213
28.401453018188477	27.83087158203125
22.071594715118408	10.608627319335938
24.234766960144043	24.556843757629395
22.011141300201416	24.247318267822266
30.818541526794434	20.26796007156372
18.102829456329346	22.97081708908081
36.96498107910156	30.482046127319336
16.324012756347656	16.659855365753174
26.84970474243164	32.4603796005249
29.656210899353027	29.274550437927246
19.915507793426514	22.431671619415283
30.62380313873291	26.839688301086426
22.669462203979492	28.140914916992188
30.52925205230713	27.004337310791016
18.724395275115967	18.372692584991455
28.909313201904297	26.466487884521484
32.69953155517578	33.28175354003906
18.782989025115967	13.164320468902588
29.50898838043213	28.871100425720215
21.377936840057373	25.119117736816406
18.731811046600342	23.094295978546143
17.587669372558594	18.462284088134766
23.853683471679688	26.899356842041016
19.099773406982422	28.11282730102539
21.975924968719482	34.37047576904297
25.320605278015137	22.321306228637695
17.8927001953125	16.3897705078125
21.554643630981445	22.323572158813477
25.20036792755127	24.753158569335938
20.759279251098633	23.143558502197266
9.657031774520874	8.360652208328247
27.29303741455078	30.361236572265625
30.026865005493164	22.31977415084839
22.58435297012329	19.906883239746094
19.152527332305908	20.314424514770508
17.271198749542236	16.788160800933838
18.827171802520752	15.21271276473999
22.442832469940186	22.983651638031006
17.681270599365234	18.0783634185791
19.549837589263916	23.840057373046875
19.771791458129883	22.737911224365234
18.077824115753174	20.468421936035156
28.535880088806152	24.78676700592041
27.716031074523926	26.596850395202637
20.92062759399414	29.542400360107422
13.360703945159912	21.968924045562744
29.487027168273926	25.482776641845703
18.83324432373047	24.93167209625244
24.025883674621582	21.003211498260498
19.427998065948486	23.754333972930908
24.416290283203125	24.063769340515137
23.64234209060669	24.874317169189453
19.78248405456543	25.547109603881836
19.295395374298096	20.69795036315918
27.509563446044922	28.65343475341797
19.656527996063232	22.654478073120117
26.026814460754395	25.691662788391113
26.18415355682373	24.759032249450684
31.186280250549316	33.28755855560303
26.55936622619629	29.790945053100586
15.33946180343628	17.638611316680908
28.891590118408203	31.914012908935547
22.349414348602295	24.150678634643555
25.560665130615234	24.570982933044434
16.632426738739014	18.25940752029419
20.70027208328247	24.74967098236084
25.453025817871094	26.737876892089844
25.389537811279297	28.10870361328125
29.799654006958008	26.609232902526855
22.050806522369385	22.50766611099243
28.291065216064453	25.54822826385498
17.03692388534546	23.9600830078125
17.85215950012207	24.567312240600586
21.37844467163086	20.21286392211914
26.02631664276123	26.248921394348145
19.246318817138672	23.42087745666504
23.082738876342773	18.697730541229248
26.019817352294922	25.10095977783203
20.38517189025879	21.818703174591064
25.215763092041016	26.22219467163086
28.762667655944824	30.053715705871582
26.940689086914062	29.45016098022461
19.82936668395996	16.817134380340576
19.356621265411377	23.363443851470947
28.576515197753906	29.010114669799805
24.37320613861084	25.981003761291504
29.256033897399902	26.82110595703125
21.253788471221924	16.054955005645752
21.435298919677734	26.682869911193848
27.139915466308594	28.326104164123535
22.479795455932617	28.306334495544434
25.544045448303223	26.519665718078613
20.616056442260742	24.434005737304688
25.222580909729004	25.55580425262451
25.67258071899414	30.59014129638672
30.06890869140625	33.34626007080078
24.650711059570312	22.263718128204346
17.955718517303467	20.8618426322937
26.528626441955566	19.50423002243042
18.10571050643921	17.53864288330078
22.235658645629883	30.08792781829834
29.158272743225098	26.83908176422119
28.863155364990234	25.808650016784668
18.755756378173828	18.86625909805298
29.014673233032227	20.714839935302734
27.68678855895996	27.009135246276855
29.82813549041748	30.42916202545166
29.340425491333008	29.43192481994629
23.678844451904297	23.723098754882812
25.208664894104004	26.640131950378418
27.526413917541504	28.59305191040039
20.99950361251831	22.22015619277954
22.079559326171875	32.35676574707031
17.89704179763794	18.536333084106445
16.507766246795654	19.346752166748047
26.61582374572754	29.27392578125
17.127807140350342	18.854782104492188
33.173157691955566	30.086628913879395
27.546424865722656	20.31845474243164
28.64194107055664	28.88275718688965
22.97391128540039	24.427762985229492
32.733524322509766	29.43215274810791
26.072429656982422	20.04147720336914
29.086978912353516	23.256847858428955
22.239492416381836	21.659957885742188
25.134936332702637	18.52813196182251
14.328373432159424	16.39566993713379
20.473468780517578	24.918319702148438
27.964648246765137	20.465110301971436
27.359745025634766	29.561017990112305
21.92459535598755	32.158066749572754
18.292023181915283	22.437121868133545
29.001197814941406	30.603612899780273
19.143569469451904	20.956897258758545
28.45297336578369	28.61704158782959
25.59152603149414	28.34405517578125
17.374889373779297	14.214244365692139
24.05874252319336	23.953063488006592
19.991409301757812	12.285770416259766
20.61443281173706	25.287211418151855
12.284746170043945	18.269245147705078
27.990368843078613	32.44343948364258
24.536564826965332	26.515002250671387
23.007137775421143	14.800184726715088
26.95185661315918	28.3514347076416
17.091211795806885	16.50121307373047
22.07948875427246	26.17532730102539
22.9331316947937	25.037970542907715
25.721938133239746	23.751204013824463
30.017417907714844	28.0134916305542
27.77303123474121	24.98312759399414
27.87527561187744	25.600799560546875
30.4382266998291	29.94271469116211
17.9175968170166	21.807705402374268
23.082565784454346	20.63521957397461
27.64557456970215	31.088741302490234
25.078682899475098	19.688095092773438
28.036741256713867	31.68727684020996
27.594820976257324	19.51102066040039
28.619434356689453	29.92009925842285
19.18932294845581	16.47815752029419
24.90195083618164	28.36463737487793
27.924914360046387	19.42271089553833
18.29987382888794	21.31866216659546
25.677539825439453	27.510356903076172
22.21301794052124	22.783889293670654
26.38875102996826	19.26257085800171
25.32814121246338	27.806845664978027
16.33375597000122	16.077791690826416
9.102794408798218	18.24862289428711
15.55715560913086	17.450753688812256
24.603827476501465	22.536653995513916
16.507133960723877	21.143417358398438
27.310380935668945	29.239788055419922
20.60730743408203	31.909244537353516
26.169546127319336	27.878305435180664
26.48197364807129	31.892732620239258
26.45295810699463	27.695969581604004
25.565471649169922	24.312881469726562
28.759883880615234	23.50592279434204
19.804440021514893	22.11516523361206
23.54177474975586	28.63412857055664
27.812652587890625	26.40968894958496
23.332092761993408	23.74543046951294
14.222398281097412	14.122388362884521
21.447548389434814	18.17137098312378
24.84767723083496	29.36260986328125
27.662458419799805	30.420684814453125
21.052375316619873	15.029924869537354
21.619327068328857	16.189300060272217
21.883127689361572	19.941776275634766
23.26112937927246	28.456664085388184
27.916394233703613	17.812660217285156
10.394549131393433	21.714820861816406
26.241588592529297	26.628520965576172
30.150893211364746	30.989264488220215
22.56642723083496	23.81050157546997
14.7965726852417	17.247161865234375
31.231547355651855	29.086289405822754
28.118305206298828	26.068443298339844
18.958896160125732	17.047090530395508
22.816158771514893	24.525670051574707
19.310955047607422	30.435686111450195
32.64441680908203	29.50887680053711
23.468416213989258	18.962626934051514
18.576210021972656	19.18394136428833
25.076913833618164	26.82034683227539
28.03897476196289	22.41941213607788
31.973705291748047	31.04985237121582
32.67720413208008	20.964004516601562
22.084278106689453	27.80246925354004
26.091602325439453	20.31918716430664
28.35912036895752	19.26142930984497
27.910484313964844	28.945785522460938
20.665364742279053	18.37626600265503
24.414393424987793	22.409258365631104
26.38967514038086	27.341936111450195
26.215888023376465	22.01654863357544
26.048812866210938	27.347734451293945
26.256345748901367	27.987064361572266
22.108933925628662	27.119988441467285
19.809678554534912	18.18013572692871
23.598209381103516	18.10222864151001
17.698551177978516	23.07397699356079
25.218605041503906	28.962169647216797
28.457094192504883	33.40373229980469
19.874989986419678	17.181386947631836
21.75496530532837	27.3008394241333
26.509206771850586	31.035696029663086
24.030567169189453	10.152466535568237
20.07754135131836	32.22765350341797
11.368105173110962	18.76964235305786
26.10608673095703	34.64287185668945
20.18208932876587	20.192617893218994
16.849695682525635	19.910895824432373
14.232288837432861	13.70029592514038
23.75751543045044	29.027143478393555
27.18186664581299	27.715659141540527
15.431180477142334	26.701878547668457
17.64210319519043	21.78663682937622
26.3265323638916	25.386451721191406
25.289013862609863	24.816020965576172
15.678568840026855	25.605883598327637
25.874505043029785	28.595126152038574
26.507732391357422	19.41397476196289
18.468574047088623	15.750902652740479
23.3780779838562	24.48669719696045
32.82237911224365	29.389080047607422
20.307010173797607	23.395254135131836
23.43425703048706	26.382811546325684
22.269357204437256	20.356143951416016
27.279038429260254	30.271848678588867
15.692075729370117	20.881969928741455
28.1057767868042	30.260367393493652
27.879016876220703	32.76299285888672
16.77367401123047	18.996681690216064
26.054795265197754	27.977665901184082
21.516586303710938	25.72123432159424
23.360755920410156	22.1686749458313
23.356013774871826	20.235023975372314
24.190601348876953	16.511133670806885
23.358874797821045	22.142282009124756
22.500274658203125	24.31287384033203
28.919145584106445	27.602900505065918
29.03287982940674	30.808144569396973
18.70003652572632	19.633113384246826
25.889694213867188	26.12782573699951
21.389894485473633	16.080066204071045
26.994418144226074	27.947467803955078
32.51059055328369	25.124258995056152
19.744739055633545	19.35816192626953
21.835710525512695	20.05680799484253
29.237083435058594	22.70860481262207
20.66053819656372	22.947448253631592
30.928576469421387	17.103966236114502
17.555355548858643	17.519100666046143
21.561883449554443	23.677837371826172
27.628724098205566	25.24735164642334
31.577537536621094	33.476993560791016
27.671988487243652	26.426716804504395
28.072657585144043	28.221141815185547
26.548304557800293	25.533534049987793
22.40985918045044	24.311522483825684
20.08836793899536	19.224639415740967
27.300457000732422	30.124752044677734
23.502747058868408	20.77830934524536
19.90929651260376	19.69429063796997
17.17732572555542	19.60561752319336
16.766035079956055	22.18524742126465
23.063261032104492	22.351633071899414
23.507892608642578	26.774860382080078
27.53251361846924	30.79896640777588
23.778560638427734	27.461814880371094
21.445404052734375	21.498977661132812
21.23938751220703	17.032729625701904
24.626821517944336	17.791105270385742
20.641679763793945	18.454147338867188
33.03767776489258	31.02450942993164
14.998219013214111	25.309521675109863
21.82195472717285	21.204061031341553
24.451122283935547	29.943622589111328
19.78534698486328	18.272735595703125
21.711027145385742	20.127646923065186
26.36055850982666	23.217414379119873
29.327465057373047	33.411136627197266
35.700968742370605	26.681156158447266
28.39324951171875	32.30217742919922
27.47610092163086	31.607418060302734
25.9443998336792	21.514198780059814
18.763469696044922	22.676925659179688
16.412281036376953	16.749040603637695
25.801109313964844	28.141895294189453
17.53721809387207	16.362243175506592
18.128246784210205	17.296754837036133
25.881400108337402	23.308443546295166
22.12236785888672	24.39481830596924
25.93250274658203	28.679136276245117
24.044909477233887	22.89538335800171
15.287833213806152	16.743324279785156
18.763027667999268	20.770744800567627
24.753719329833984	26.528526306152344
24.48632526397705	22.14289426803589
26.817214965820312	22.055541515350342
23.71198272705078	26.481075286865234
28.083202362060547	28.75170135498047
21.2987060546875	30.585668563842773
27.922149658203125	29.325462341308594
28.141136169433594	26.580860137939453
27.35916519165039	30.902517318725586
26.35472297668457	28.43912696838379
20.150705337524414	18.234001636505127
25.83892822265625	24.945751190185547
22.453903198242188	22.907591342926025
18.542728900909424	23.719947338104248
15.620407104492188	16.126165866851807
20.134632110595703	21.654265880584717
21.641321182250977	18.31812286376953
28.83922290802002	31.086193084716797
24.448070526123047	28.693180084228516
21.54913330078125	30.538230895996094
29.407633781433105	23.83185052871704
22.144620895385742	25.888395309448242
27.307608604431152	24.959956169128418
26.641584396362305	28.606857299804688
22.60588788986206	24.10690212249756
20.17161226272583	20.27204132080078
15.98388147354126	20.121455669403076
28.05893898010254	25.57526206970215
31.091729164123535	19.471076488494873
30.210407257080078	27.509552001953125
29.650503158569336	26.87056541442871
27.617188453674316	28.235690116882324
28.25731372833252	27.517115592956543
19.141343593597412	21.769363403320312
15.874181270599365	19.274843215942383
25.543639183044434	15.038845539093018
14.474550247192383	29.552833557128906
18.26936674118042	21.343826293945312
22.241168975830078	21.642670154571533
22.68789052963257	24.09873676300049
24.888690948486328	23.307891368865967
22.659629344940186	22.832393646240234
24.285987854003906	18.011844635009766
28.482304573059082	28.053468704223633
29.10958480834961	32.86158752441406
29.64179229736328	30.4691162109375
26.956401824951172	28.380565643310547
20.534172534942627	17.493454456329346
19.53078031539917	23.55526113510132
26.59028434753418	23.74191427230835
18.28211545944214	16.939774990081787
25.164084434509277	25.543513298034668
32.84847164154053	28.384955406188965
11.428911209106445	22.11577606201172
22.337738513946533	30.160388946533203
24.81878089904785	26.722671508789062
25.355379104614258	28.167112350463867
18.19498872756958	20.109699726104736
10.23951530456543	22.757205963134766
22.357513427734375	26.129737854003906
22.415090560913086	26.86431121826172
24.7761812210083	22.09583616256714
20.92874765396118	19.536324977874756
28.771553993225098	31.430408477783203
23.114388942718506	17.86390256881714
27.14161491394043	27.052690505981445
29.755319595336914	29.738207817077637
32.27860736846924	28.212727546691895
26.020282745361328	30.086097717285156
24.244729042053223	25.613614082336426
25.211669921875	31.363027572631836
28.71603298187256	23.01381540298462
29.57861328125	29.755115509033203
31.798294067382812	33.358341217041016
23.325193405151367	25.122599601745605
27.863986015319824	16.58042335510254
21.629852771759033	31.400702476501465
33.5511360168457	28.685763359069824
24.656476974487305	27.78244400024414
23.539702892303467	21.912124156951904
18.170608520507812	19.03632688522339
31.045799255371094	30.242856979370117
23.669636249542236	9.785963773727417
22.795475006103516	24.22482204437256
22.494179248809814	25.978720664978027
26.655406951904297	31.71053123474121
18.712361812591553	16.767590045928955
28.620729446411133	22.18885087966919
24.60633373260498	25.62249183654785
25.009620666503906	27.7337646484375
24.79098129272461	27.085811614990234
21.6349139213562	28.90224838256836
27.875873565673828	27.04570770263672
29.59145450592041	29.009888648986816
21.518261432647705	24.340776443481445
23.7974853515625	17.73707628250122
28.435194969177246	23.330284595489502
17.910637378692627	14.034677982330322
12.801336765289307	21.85313844680786
23.059028148651123	22.93906545639038
21.094563961029053	21.129215240478516
12.751670837402344	17.69963836669922
21.592613697052002	20.92673635482788
30.387723922729492	28.554546356201172
22.99711561203003	20.532138347625732
25.20962619781494	18.548309326171875
32.13970184326172	28.108723640441895
23.124783039093018	24.214213371276855
25.62385654449463	26.262136459350586
18.983314990997314	20.140930652618408
27.270546913146973	27.36683750152588
20.750096797943115	16.096079349517822
23.687572479248047	26.444927215576172
27.431617736816406	24.1275634765625
22.352664470672607	16.62848711013794
28.379817962646484	33.11545944213867
19.60986328125	17.360057830810547
30.533626556396484	27.596285820007324
31.738749504089355	27.685097694396973
29.83330726623535	32.33685302734375
34.89723205566406	31.733423233032227
16.706470012664795	16.743045330047607
22.769604206085205	23.359066486358643
29.48796558380127	29.23043918609619
31.57913303375244	26.32269287109375
27.918743133544922	28.04616928100586
25.70756435394287	23.600399494171143
25.846635818481445	23.408573627471924
23.958436489105225	15.545724391937256
25.106769561767578	25.45211410522461
20.976489543914795	18.78650665283203
28.546082496643066	24.865599632263184
32.525153160095215	25.510969161987305
32.140116691589355	21.338298797607422
17.503127574920654	21.439714908599854
25.62234592437744	21.60519790649414
29.026662826538086	29.587665557861328
28.08193302154541	25.584425926208496
21.675231456756592	21.265575885772705
22.5799298286438	27.36803913116455
15.465295314788818	18.660980701446533
19.3736515045166	20.59002685546875
18.623096466064453	18.826233386993408
23.495617389678955	25.016758918762207
21.21086883544922	20.83051300048828
29.582465171813965	31.541665077209473
27.4505672454834	27.757047653198242
20.80830430984497	23.300457000732422
26.774036407470703	25.80776309967041
23.855175018310547	25.12565803527832
13.236900329589844	15.87010145187378
19.71168565750122	21.726237773895264
19.304138660430908	22.90061616897583
18.941997528076172	20.514214038848877
25.810260772705078	23.62325620651245
27.30861473083496	29.336509704589844
27.417208671569824	32.09281253814697
27.987117767333984	31.869396209716797
25.499608039855957	25.621387481689453
26.036205291748047	24.174484252929688
26.394561767578125	27.66054916381836
24.021368980407715	26.342082023620605
27.632426261901855	33.094679832458496
28.467507362365723	31.15231704711914
27.097206115722656	29.72300434112549
29.588680267333984	31.71825408935547
31.776758193969727	26.439631462097168
17.46282148361206	19.078235149383545
23.623676776885986	25.02069854736328
24.040120124816895	17.686786651611328
33.24470043182373	28.470602989196777
16.663787841796875	24.254276275634766
23.947072505950928	23.13882064819336
27.928101539611816	25.81098461151123
19.122317790985107	11.633631706237793
26.41072368621826	26.89021396636963
20.22541093826294	15.959611415863037
23.989278316497803	26.74379253387451
26.02949810028076	27.912025451660156
26.863540649414062	31.420671463012695
29.296128273010254	30.398938179016113
23.30994415283203	24.634695053100586
33.12651062011719	20.92423439025879
19.060325145721436	21.332977294921875
18.4053053855896	15.838255405426025
29.45921802520752	31.890366554260254
10.242993593215942	21.458900928497314
26.457690238952637	26.463850021362305
19.661888122558594	28.339569091796875
25.005045890808105	26.249104499816895
21.263424396514893	20.861708164215088
22.855998516082764	28.542712211608887
25.76791763305664	21.460402965545654
10.87195086479187	23.7122540473938
23.58679962158203	16.9543719291687
20.66087007522583	24.02940559387207
24.544103622436523	27.76710605621338
23.115172863006592	22.772124767303467
28.04682159423828	31.427574157714844
28.931530952453613	27.379657745361328
28.295445442199707	32.00867557525635
30.537880897521973	28.876845359802246
9.278545618057251	18.435165882110596
25.18583393096924	23.08907461166382
27.26030921936035	28.505727767944336
18.545883178710938	12.141546249389648
28.148456573486328	20.528461456298828
26.9061279296875	31.330036163330078
24.166786193847656	24.95602512359619
16.595439434051514	17.5970778465271
11.859688997268677	22.95228624343872
20.30937910079956	18.657451629638672
16.49874258041382	15.729356288909912
16.304813861846924	21.739922046661377
19.708511352539062	18.74127960205078
17.213589191436768	16.427534580230713
27.207277297973633	32.049644470214844
28.97303009033203	27.983734130859375
32.619887351989746	26.796707153320312
29.00393295288086	32.11858367919922
18.944869995117188	18.64519500732422
26.284809112548828	31.798431396484375
25.773808479309082	24.647028923034668
23.846908569335938	26.15447235107422
21.373886108398438	23.51744842529297
26.356770515441895	22.955841064453125
19.908137798309326	27.32405948638916
23.466952800750732	25.504700660705566
25.88118839263916	29.589091300964355
26.42131233215332	18.958126068115234
25.085474014282227	25.979331970214844
27.225165367126465	27.475842475891113
25.05267333984375	25.995142936706543
18.840808868408203	24.656636238098145
21.97416114807129	21.868553638458252
19.363450527191162	23.48014783859253
21.40556001663208	16.437355041503906
24.400803565979004	24.99714946746826
25.370222091674805	29.13416290283203
29.194894790649414	28.854238510131836
15.194250583648682	25.416272163391113
20.296463012695312	23.566739559173584
20.79652976989746	29.62843608856201
29.97461700439453	25.99881076812744
24.358449935913086	29.097232818603516
20.501834392547607	20.86666488647461
22.97693681716919	24.107583045959473
27.617794036865234	32.57415771484375
25.589009284973145	27.27545928955078
25.653406143188477	31.141555786132812
27.070246696472168	28.822165489196777
33.318984031677246	29.099018096923828
18.825937271118164	34.712890625
23.443329334259033	21.035240650177002
27.409290313720703	28.10416030883789
18.055636882781982	19.991592407226562
23.63259744644165	17.856452465057373
23.667187213897705	26.048827171325684
21.316771030426025	24.431078910827637
29.074971199035645	28.00199031829834
14.99833631515503	17.846779346466064
27.220038414001465	28.492046356201172
19.09403944015503	21.110196590423584
21.67930269241333	26.662150382995605
23.583538055419922	25.093714714050293
16.58336305618286	20.490931034088135
18.556640625	19.850943088531494
28.73483657836914	27.343502044677734
16.632858753204346	9.412196159362793
23.552810668945312	20.333122730255127
17.790048122406006	19.703425884246826
20.391865253448486	21.455657958984375
10.21978211402893	19.531505584716797
35.591689109802246	31.634207725524902
25.576852798461914	28.08842182159424
22.91095733642578	21.550608158111572
23.592711925506592	24.871710777282715
22.40192222595215	27.777713775634766
13.905914783477783	19.886937618255615
17.03886079788208	18.945144653320312
18.519646167755127	14.76124620437622
17.589111328125	18.10292100906372
25.768199920654297	26.320873260498047
30.91951560974121	32.17300796508789
19.975563049316406	31.721355438232422
19.300279140472412	17.393360137939453
20.422111988067627	20.15125608444214
29.158309936523438	29.766555786132812
21.024646282196045	24.369535446166992
26.26329803466797	19.24054718017578
26.789833068847656	27.464218139648438
26.60357666015625	17.900832653045654
30.617262840270996	26.443405151367188
21.306674480438232	22.99260377883911
26.60492706298828	25.720848083496094
19.307697296142578	27.834304809570312
12.406352519989014	20.15391969680786
27.280981063842773	25.814692497253418
15.372196197509766	15.048924922943115
21.335912704467773	23.847721099853516
16.137263774871826	22.719886779785156
26.813138008117676	24.4627046585083
17.055386066436768	22.244540691375732
31.805986404418945	27.055553436279297
16.112078189849854	18.827362060546875
24.7415771484375	29.167234420776367
19.550489902496338	16.933377742767334
25.006633758544922	31.254531860351562
23.851776123046875	25.217717170715332
24.233402252197266	27.982460975646973
31.774829864501953	30.462888717651367
27.207626342773438	30.516450881958008
23.534229278564453	24.489364624023438
24.30215835571289	17.718722820281982
21.730143070220947	21.30064058303833
26.529407501220703	27.029640197753906
26.312378883361816	16.93419313430786
19.841514587402344	22.51460838317871
21.528682708740234	23.766685009002686
15.932538986206055	18.266299724578857
19.845658779144287	19.334489822387695
15.940651416778564	17.021045207977295
18.955575942993164	18.914790630340576
23.581558227539062	27.684917449951172
18.522554397583008	18.47834587097168
26.45844554901123	29.967473030090332
21.431721210479736	19.646271228790283
17.851027965545654	21.28027868270874
26.783589363098145	30.237936973571777
23.109031677246094	23.535484313964844
32.41112470626831	26.875998973846436
20.84484100341797	28.885239601135254
15.366265296936035	20.70994234085083
23.166305541992188	28.34756851196289
11.597657203674316	20.168333530426025
35.03041076660156	29.802940368652344
23.942745208740234	24.209819793701172
19.15844964981079	18.406539916992188
26.249293327331543	26.445719718933105
25.467247009277344	26.713211059570312
25.41273593902588	28.8587007522583
17.44880247116089	18.084055423736572
18.702890396118164	17.423538208007812
23.8883957862854	17.34241819381714
21.720989227294922	23.383203506469727
28.270179748535156	26.40593719482422
30.521942138671875	31.799403190612793
26.398738861083984	26.643535614013672
19.353843212127686	15.719480037689209
20.265316486358643	18.457988262176514
14.679669857025146	15.156888484954834
26.88870620727539	30.372854232788086
22.368457317352295	27.347439765930176
21.893394470214844	16.251816272735596
26.216140747070312	30.690040588378906
22.243038654327393	21.116241931915283
30.702587127685547	25.722533226013184
28.51358127593994	30.38008975982666
21.125621795654297	30.721933364868164
24.532745361328125	22.130340099334717
29.940021514892578	29.90481185913086
33.413963317871094	32.96031188964844
27.44769287109375	29.41876220703125
32.185020446777344	31.065064430236816
13.740015506744385	15.329070568084717
17.336837768554688	19.396835803985596
19.131124019622803	23.13538885116577
17.987606048583984	30.346261978149414
28.859764099121094	29.93661880493164
13.30224609375	21.826091766357422
30.960283279418945	35.451560974121094
23.33814239501953	25.228577613830566
21.077192306518555	25.66311264038086
24.470664024353027	24.577643394470215
19.963045120239258	18.772732257843018
29.158610343933105	26.22268009185791
26.03070831298828	28.69089126586914
23.870883464813232	18.794650554656982
24.47393035888672	27.738906860351562
27.512858390808105	25.672908782958984
20.912405490875244	19.46795654296875
22.449904918670654	24.142813682556152
26.727559089660645	25.967622756958008
25.605706214904785	29.629305839538574
25.52401828765869	21.146484375
29.22659397125244	31.19241714477539
15.674642086029053	14.859153270721436
25.746374130249023	22.30826997756958
13.751293659210205	16.43864393234253
27.950916290283203	32.33407211303711
23.017174243927002	31.90909481048584
27.00860023498535	23.877094745635986
23.30901288986206	15.987751007080078
27.332069396972656	31.896076202392578
28.78863525390625	31.292816162109375
23.409353256225586	23.638750076293945
28.197189331054688	31.837215423583984
26.576491355895996	25.506131172180176
16.502015590667725	21.635089874267578
21.587226390838623	21.80806303024292
16.5120849609375	25.73200035095215
30.41480827331543	31.7841739654541
10.242181777954102	18.173462390899658
24.605037689208984	22.253135204315186
22.957496166229248	26.080470085144043
15.378325939178467	26.74844455718994
29.295387268066406	33.33267593383789
33.91578197479248	27.7501859664917
20.398574352264404	15.29593563079834
18.666908740997314	17.601375102996826
34.01960849761963	35.00016117095947
16.774765491485596	16.526790618896484
27.07788848876953	29.288655281066895
22.83354377746582	24.816853523254395
19.607105255126953	18.306305408477783
25.249065399169922	26.037714958190918
20.68090295791626	19.17996597290039
32.004212379455566	26.911219596862793
20.345855712890625	17.029098987579346
32.282989501953125	33.105308532714844
30.281604766845703	25.605388641357422
27.710060119628906	29.559236526489258
29.663925170898438	29.840002059936523
31.199801445007324	31.06087017059326
18.640243530273438	32.230289459228516
27.371326446533203	18.801027297973633
24.15624237060547	19.16177749633789
29.440667152404785	34.121352195739746
22.884572982788086	22.975221633911133
12.318891048431396	14.864463329315186
17.61816930770874	22.69710874557495
14.537233829498291	16.55205202102661
23.485912322998047	28.006305694580078
25.500011444091797	25.953635215759277
31.524696350097656	22.624258518218994
25.53925323486328	25.900169372558594
18.878643035888672	16.68963861465454
18.81017303466797	20.53256607055664
17.010011672973633	17.621532440185547
28.38808822631836	29.207698822021484
21.242827892303467	10.386897325515747
19.653655529022217	20.565021514892578
17.59930658340454	21.56015968322754
29.861266136169434	26.983062744140625
19.569570064544678	19.578014373779297
27.372336387634277	24.286213874816895
17.28498888015747	18.076560974121094
20.86561632156372	17.65584897994995
29.125911712646484	29.107431411743164
25.69871711730957	26.772390365600586
28.234561920166016	20.674562454223633
19.238498210906982	19.518470764160156
22.24028778076172	31.548500061035156
21.35696268081665	29.747666358947754
12.47389268875122	21.314970016479492
24.192832946777344	29.08235263824463
25.357542037963867	26.68927764892578
22.408634662628174	15.316296100616455
18.99450159072876	21.431917190551758
24.514610290527344	29.595645904541016
26.278793334960938	28.360687255859375
27.553650856018066	26.514301300048828
29.673325538635254	32.85402774810791
18.759965896606445	28.386322021484375
21.856658935546875	23.788334369659424
24.01332950592041	27.469983100891113
24.69949436187744	26.39926242828369
19.21422815322876	20.37246322631836
27.520042419433594	31.10478687286377
26.48569965362549	17.827640533447266
28.63187313079834	26.733309745788574
12.104883670806885	21.530845642089844
26.30896282196045	29.904667854309082
26.29987621307373	23.959861278533936
20.077816486358643	17.725228786468506
22.919998168945312	22.33598756790161
23.315215587615967	26.486512184143066
25.975276947021484	29.962059020996094
22.95791244506836	28.599416732788086
23.66495704650879	23.407974243164062
21.912677764892578	25.80582046508789
22.67927598953247	23.62804412841797
20.70275115966797	19.643673419952393
24.773113250732422	18.81058120727539
22.696725368499756	16.67924737930298
16.525232791900635	13.849617004394531
18.41327476501465	16.96177625656128
21.0483455657959	28.489356994628906
33.32123279571533	30.703259468078613
23.191295623779297	24.4888916015625
26.123714447021484	25.28712558746338
14.893418312072754	18.56730079650879
26.233941078186035	25.758522033691406
24.88640022277832	26.88459014892578
22.039047718048096	31.882701873779297
20.47662878036499	12.60950231552124
17.943180084228516	27.848918914794922
19.453632831573486	18.216251850128174
21.70899724960327	17.44963788986206
16.699683666229248	17.654937744140625
21.634157180786133	23.10613203048706
16.13142442703247	10.6540367603302
21.352505207061768	22.275886058807373
25.474605560302734	23.36700439453125
20.830414295196533	19.774372100830078
21.54853057861328	27.512975692749023
27.097702026367188	32.409934997558594
19.15811777114868	22.854682445526123
18.57495880126953	28.62396812438965
25.77084445953369	21.706725597381592
20.521904468536377	23.5002179145813
17.912434101104736	16.283283233642578
27.3762788772583	27.583428382873535
12.548240661621094	19.238691329956055
19.047855377197266	13.52255916595459
28.506497383117676	29.27073383331299
23.84263038635254	27.235244750976562
26.489739418029785	23.22863531112671
24.610536575317383	27.70858383178711
25.418048858642578	31.841991424560547
26.015936851501465	25.8392972946167
9.607183456420898	21.097550868988037
26.060440063476562	21.702099323272705
11.038604021072388	22.827751636505127
26.71058177947998	26.93741226196289
31.780652046203613	24.408522605895996
28.44572925567627	26.232951164245605
27.947647094726562	30.40732765197754
29.4028263092041	20.05432891845703
18.268638610839844	20.361552715301514
27.652301788330078	27.201704025268555
29.57376480102539	31.14033794403076
13.129523277282715	19.219860076904297
12.116310596466064	16.861076831817627
25.64915943145752	18.925941467285156
26.638094902038574	26.102768898010254
15.590038776397705	19.487171173095703
23.372561931610107	19.998528957366943
