67.15156602859497	63.35787534713745
69.52072048187256	65.40054082870483
89.20249557495117	81.76162147521973
63.94175577163696	59.60934019088745
69.11810159683228	60.18047904968262
72.44655132293701	76.96423244476318
72.49005794525146	69.3187427520752
74.73331260681152	72.86097621917725
74.17603969573975	65.2942886352539
63.92832088470459	58.826568603515625
84.86471319198608	76.10926914215088
65.96110343933105	58.89815807342529
66.37961769104004	64.83334350585938
67.6615219116211	60.89105987548828
83.97666788101196	78.80150365829468
86.37905740737915	78.70107364654541
74.65863847732544	72.10308885574341
82.54943609237671	78.64673852920532
68.94483852386475	62.340806007385254
62.41792106628418	60.64765787124634
79.70325994491577	75.12085676193237
81.97891473770142	75.02428197860718
78.92899894714355	72.26793003082275
80.61946201324463	74.26909065246582
71.68070983886719	71.6978063583374
83.3223671913147	77.80219984054565
68.05544471740723	67.8046817779541
73.9446496963501	73.85353088378906
65.10567283630371	65.35684776306152
73.39035749435425	68.66455030441284
86.88886022567749	86.51640844345093
72.96172428131104	70.21060180664062
79.23039436340332	70.69705009460449
74.98089981079102	73.72885322570801
73.67512512207031	67.21598100662231
65.45454978942871	61.67008876800537
65.14256286621094	59.903268814086914
89.83002662658691	84.85482788085938
74.63293552398682	68.16348075866699
72.80801010131836	68.04029989242554
61.33527374267578	58.44778060913086
72.75439262390137	70.63590049743652
81.06689643859863	71.78093719482422
86.83241844177246	80.27889060974121
75.15272665023804	71.12827205657959
111.59241390228271	104.04306221008301
73.32009267807007	63.59976100921631
84.10892486572266	74.6740951538086
75.78449821472168	67.29986000061035
74.83328342437744	75.69151401519775
65.11455535888672	60.59741020202637
59.54434394836426	56.35667324066162
74.98749732971191	70.19900321960449
73.02011489868164	71.47625684738159
79.72341442108154	73.93170547485352
76.81323051452637	70.65681266784668
63.47229480743408	56.206488609313965
76.96087074279785	72.05276298522949
90.48358154296875	87.6222095489502
69.53996181488037	62.35213279724121
66.75733995437622	68.56862592697144
70.63208627700806	67.35000658035278
69.93920946121216	63.65127420425415
65.21288299560547	59.61427307128906
66.95793771743774	67.29888677597046
70.54752349853516	65.47869682312012
78.07631158828735	75.48498439788818
58.74378204345703	63.512840270996094
67.62476444244385	67.92036533355713
71.59594535827637	68.7097692489624
73.01445007324219	70.44095516204834
78.71930599212646	75.20568227767944
83.32912588119507	79.14730978012085
79.59476470947266	76.35023593902588
58.97976779937744	58.76084804534912
63.89048099517822	51.54592514038086
73.44862461090088	69.45125770568848
76.02997732162476	69.54080438613892
57.89689350128174	51.950371742248535
64.70156764984131	57.67740726470947
72.04029083251953	65.92539310455322
66.40899515151978	65.85536861419678
68.94310760498047	66.47367906570435
63.23747158050537	60.80775260925293
65.04586219787598	67.43146419525146
79.35658836364746	75.1721134185791
59.61859703063965	60.48571014404297
69.9705810546875	60.83973741531372
73.62494659423828	62.70693397521973
83.35647583007812	81.0326099395752
82.18911552429199	72.28450012207031
66.92262983322144	61.296003341674805
74.41927337646484	71.78129005432129
78.92708015441895	71.25704956054688
74.34909248352051	65.08637380599976
80.72057723999023	74.32136535644531
66.6815414428711	61.25672101974487
64.88517665863037	62.59893035888672
67.66650247573853	65.34403419494629
82.22421455383301	71.51410675048828
77.93448638916016	68.90666913986206
61.82454442977905	57.28698921203613
79.22682094573975	71.36278772354126
56.43617105484009	51.87878894805908
70.47806024551392	59.611440658569336
79.15083885192871	75.37447452545166
68.83622646331787	69.78331565856934
63.441229820251465	60.889564990997314
59.584359645843506	54.45622396469116
70.85051727294922	68.57051944732666
80.12929344177246	76.89166831970215
62.25481367111206	62.28302621841431
63.956342697143555	61.28894805908203
60.28488779067993	60.05034685134888
50.236488342285156	53.909244537353516
69.8769383430481	66.31006002426147
67.86772727966309	67.28810787200928
68.16358089447021	63.16807270050049
64.85167026519775	61.64749622344971
68.67214965820312	67.7515926361084
76.70585632324219	64.0732569694519
73.72749853134155	72.04280042648315
80.43036460876465	78.9085922241211
62.50335693359375	59.16015148162842
71.52626180648804	66.05589866638184
68.98163795471191	64.74365043640137
64.68961238861084	61.77245616912842
56.62440776824951	53.408164978027344
63.09317111968994	54.96209144592285
54.8800892829895	54.5546817779541
72.73448753356934	64.76410675048828
72.75893926620483	67.52616167068481
67.99167394638062	60.04755878448486
79.6808910369873	77.13461494445801
58.455299377441406	55.301167488098145
68.90458583831787	69.6402645111084
64.06414985656738	61.98450565338135
71.09537601470947	69.55725193023682
62.45889759063721	53.332305908203125
68.10260009765625	62.91243553161621
77.77787208557129	75.70367336273193
62.84783935546875	59.74243354797363
73.51862287521362	73.13918924331665
70.09054756164551	62.074275970458984
69.12535858154297	63.65534734725952
89.270920753479	84.44207763671875
76.01460456848145	67.9421854019165
84.04777812957764	75.57945346832275
58.30727577209473	51.84891700744629
69.95458316802979	63.32201147079468
76.69833183288574	69.15660667419434
65.99637603759766	59.27722930908203
78.74511814117432	70.9426212310791
70.39395332336426	69.39741611480713
78.41818284988403	76.51736974716187
67.96865701675415	62.74939155578613
73.57376146316528	72.48324584960938
69.00737714767456	64.08680486679077
69.30894613265991	63.19951772689819
78.30381727218628	66.66472005844116
69.54034280776978	60.61888790130615
71.4327449798584	63.7372727394104
64.65543365478516	57.40653991699219
80.91901588439941	75.62738227844238
62.45243453979492	58.75214958190918
75.4893798828125	69.2390685081482
61.08936595916748	59.472418785095215
61.70792627334595	57.28942251205444
78.48004055023193	72.72321939468384
73.30430603027344	71.43540000915527
66.64361333847046	65.39056444168091
68.25298309326172	57.08840370178223
81.12028217315674	78.25783634185791
81.23961067199707	73.63645362854004
60.17559051513672	59.708313941955566
78.54262351989746	72.2626781463623
75.95374774932861	65.99207925796509
64.40587663650513	64.19795179367065
69.73821973800659	68.40271139144897
76.47017621994019	68.44151878356934
80.24740409851074	72.3072156906128
62.878652572631836	61.90564584732056
61.072543144226074	64.11573886871338
83.36370468139648	78.30887794494629
65.56858682632446	65.08998775482178
95.35487937927246	92.48755073547363
49.13693189620972	46.11112117767334
85.89579963684082	81.94393730163574
72.7308144569397	74.01929998397827
66.12587928771973	65.99505424499512
57.772865295410156	51.613454818725586
67.82870292663574	63.700385093688965
81.92213535308838	76.49382162094116
63.51486396789551	61.09344291687012
74.66203308105469	65.70283699035645
65.38486576080322	65.11714267730713
70.028404712677	65.27835845947266
70.79887294769287	67.91196250915527
77.24843502044678	70.91486263275146
70.65621852874756	65.19092559814453
57.95457601547241	54.68722057342529
71.08103227615356	67.90828800201416
78.80806159973145	66.6807689666748
68.51784706115723	67.11065769195557
65.05945682525635	61.755194664001465
75.19267272949219	73.45536231994629
71.55223846435547	64.80994606018066
68.3967456817627	62.11440706253052
62.04827070236206	61.84810495376587
72.71308040618896	69.24955892562866
73.37969303131104	69.595947265625
67.13496208190918	63.08634567260742
67.27873992919922	63.338082790374756
72.06975030899048	66.54927825927734
68.62619733810425	62.30886268615723
74.29498195648193	68.89724731445312
70.35066890716553	61.50748157501221
76.82669305801392	73.50209093093872
65.36252355575562	57.37721252441406
80.45412540435791	76.65684461593628
74.4593415260315	70.61486053466797
72.87140703201294	70.77218532562256
72.00535583496094	65.02217102050781
57.67601490020752	51.89992904663086
88.92971229553223	83.82452869415283
82.54133224487305	72.24340915679932
75.38445949554443	70.33888816833496
78.48954677581787	74.9783182144165
87.16845607757568	81.00762796401978
61.251197814941406	51.80190181732178
55.59483528137207	54.14803504943848
77.61347436904907	68.35734367370605
73.8929443359375	68.74591255187988
57.53544235229492	53.3347053527832
97.94786834716797	85.97785949707031
67.66887617111206	62.712398529052734
70.31637525558472	64.51334524154663
75.79524374008179	68.68203783035278
72.28155708312988	68.48144006729126
82.63728284835815	79.37173652648926
61.199026107788086	54.49215888977051
92.58746337890625	86.55611228942871
87.8213324546814	85.71800899505615
65.58842420578003	62.36406850814819
67.29219961166382	58.986690044403076
80.41323566436768	77.88588237762451
58.17054748535156	57.12560176849365
63.42597770690918	58.95469665527344
59.97534370422363	59.296749114990234
62.650346755981445	60.91557025909424
83.07483673095703	80.74577522277832
68.37890625	63.56293344497681
72.86555099487305	69.27963066101074
89.29174900054932	85.36409950256348
66.2529616355896	59.208073139190674
75.10688877105713	71.13221645355225
70.55357551574707	68.64962196350098
68.11649417877197	64.4988317489624
73.82809638977051	70.58194637298584
67.26296997070312	63.66394758224487
67.30389595031738	66.34326934814453
70.6988468170166	60.89293432235718
76.94573736190796	79.56082916259766
85.5791015625	79.21646881103516
72.25373125076294	67.97960472106934
62.003007888793945	55.28689384460449
64.4122314453125	62.5093412399292
66.68811893463135	58.68026161193848
59.971803188323975	56.70737028121948
75.58383464813232	72.39216899871826
71.59232139587402	66.98569297790527
99.628586769104	92.99808740615845
95.75606346130371	86.83165740966797
70.07275342941284	66.57077980041504
84.59477233886719	78.25994682312012
67.6361608505249	69.21277046203613
68.98358917236328	64.64523124694824
79.9460277557373	77.38122367858887
83.39269065856934	77.48610877990723
68.65881299972534	60.30424690246582
54.86364555358887	51.45445919036865
68.04326057434082	64.83407020568848
70.58869361877441	68.53886604309082
68.15459537506104	62.885106563568115
73.35039710998535	68.13523292541504
63.02080965042114	53.7593994140625
61.92918062210083	58.803565979003906
71.64048767089844	64.41653442382812
59.095162868499756	61.40380239486694
66.42396640777588	58.942800521850586
70.00025749206543	73.92630100250244
70.5019760131836	69.35503482818604
72.79350471496582	68.56459665298462
103.60043859481812	94.56720924377441
89.38386726379395	80.94293403625488
72.55506324768066	70.99299812316895
74.06917190551758	67.62626552581787
64.7381272315979	55.74257755279541
67.70637559890747	66.356125831604
71.31631565093994	67.69704580307007
67.63092184066772	62.99288034439087
54.105876445770264	49.515878677368164
67.94450902938843	70.61682748794556
67.25608587265015	64.73991203308105
80.24746704101562	76.36073017120361
61.33291053771973	58.745819091796875
59.30905342102051	57.70341873168945
61.0684871673584	58.981332778930664
70.22589683532715	68.25489807128906
68.7244873046875	67.40750980377197
75.81861114501953	70.99444580078125
74.06964778900146	67.87905883789062
78.82525634765625	74.3407974243164
71.39677619934082	65.10266304016113
63.49826431274414	58.55673408508301
71.35676765441895	66.43527030944824
62.75355339050293	60.19054412841797
80.57400703430176	80.78165531158447
79.77553367614746	73.40249538421631
89.04464149475098	85.93383979797363
89.03021192550659	93.55919027328491
83.82283639907837	74.36734580993652
65.31166076660156	63.97111654281616
63.388169288635254	54.051584243774414
72.84113216400146	69.52005100250244
71.90152072906494	68.66348028182983
77.43956565856934	69.99361991882324
62.99850082397461	57.784847259521484
84.16901683807373	77.45977973937988
72.30159759521484	66.36753273010254
67.4943437576294	64.85981225967407
64.12709856033325	60.93875026702881
85.82823276519775	81.4095869064331
65.57952833175659	58.95739459991455
64.11583757400513	58.84247303009033
76.97946739196777	73.48180961608887
64.75077152252197	57.91163444519043
66.08387088775635	65.57969093322754
83.96689081192017	78.51478481292725
62.269460678100586	58.41295051574707
57.79100179672241	53.66075134277344
66.06973886489868	58.04158687591553
81.86814308166504	77.89116096496582
64.41082048416138	56.87383460998535
93.29214334487915	86.96163654327393
69.56403493881226	66.74483585357666
66.83005714416504	62.85740518569946
74.73435878753662	72.33492374420166
72.93693542480469	70.24261331558228
69.51848030090332	66.31562232971191
67.6149001121521	62.10592031478882
66.75801277160645	62.26909160614014
80.90641021728516	70.96817016601562
91.90702629089355	83.07012176513672
61.855645179748535	58.67762565612793
62.650556564331055	60.69098949432373
69.50759172439575	66.00768423080444
67.69587850570679	66.69568061828613
66.13702583312988	61.665817737579346
75.82296991348267	69.05360317230225
92.51179504394531	84.89730834960938
65.24996757507324	56.38282299041748
77.66028881072998	73.85156345367432
68.53430271148682	62.727789878845215
70.92018127441406	66.04470634460449
58.30073833465576	59.989256858825684
67.22714853286743	64.37429094314575
59.6241569519043	65.1549768447876
63.43954563140869	62.19019889831543
78.55310440063477	72.7983283996582
72.48506355285645	70.55959367752075
64.30816841125488	63.204466342926025
71.63368463516235	70.91802835464478
76.86825752258301	69.56564903259277
85.15184211730957	84.48619079589844
65.18202304840088	56.03736400604248
75.8800106048584	69.92987251281738
76.88765144348145	73.78117561340332
63.71428966522217	56.67142391204834
68.36324214935303	65.64887237548828
69.21667671203613	71.72298955917358
69.30803775787354	65.55665397644043
69.40990447998047	68.73168325424194
68.45760583877563	62.33854532241821
70.61718606948853	62.873125076293945
71.27265691757202	67.28863763809204
77.7762017250061	78.84594631195068
85.74085521697998	67.41079521179199
66.09683990478516	64.47080326080322
68.84882926940918	65.93607902526855
53.19929599761963	47.309746742248535
71.74862766265869	69.1182689666748
69.8088550567627	60.04948139190674
64.91452217102051	66.4484691619873
80.93558692932129	77.09726142883301
80.33805084228516	76.5461597442627
71.57349586486816	66.22694492340088
62.55513954162598	62.14101505279541
62.47845649719238	55.90444564819336
69.23270606994629	60.6969313621521
72.850341796875	69.68356275558472
74.8262152671814	65.50864934921265
68.13941955566406	65.9323263168335
75.95277214050293	69.3244400024414
70.4464864730835	63.36281776428223
69.36686897277832	59.492156982421875
82.79676866531372	86.25575304031372
66.70239925384521	56.72280311584473
72.5246057510376	61.816476345062256
70.31703758239746	70.50996208190918
82.55243635177612	80.00608682632446
58.57529926300049	57.486451148986816
80.20012092590332	72.11478996276855
72.14482307434082	73.67249965667725
70.22936916351318	71.50315761566162
74.16034126281738	71.5652847290039
72.77943992614746	66.94889259338379
56.07841491699219	54.19116497039795
60.41253089904785	59.293437004089355
79.22638893127441	77.27210426330566
75.20617008209229	67.58233070373535
70.82593488693237	67.61523628234863
69.76423835754395	67.59692287445068
66.75433349609375	64.58631896972656
68.07528018951416	60.067182540893555
64.8354959487915	62.59521007537842
91.97381210327148	83.93347358703613
79.837149143219	74.32353782653809
72.92410039901733	62.56729793548584
72.04495239257812	71.14466285705566
70.2004222869873	68.08344268798828
61.523709297180176	57.86273002624512
71.5695571899414	64.3979263305664
57.42358446121216	51.61462354660034
64.28949022293091	60.10844564437866
74.90639305114746	69.66384315490723
67.61075592041016	59.02361869812012
62.97967529296875	61.37096357345581
72.64562702178955	64.04590702056885
63.36817741394043	62.73853302001953
62.20062017440796	60.460608959198
79.48771858215332	73.94589853286743
78.18489074707031	75.36259460449219
66.7645788192749	63.982696533203125
83.61408233642578	75.08006858825684
72.35342979431152	66.07647895812988
67.28785514831543	59.723052978515625
75.73557424545288	71.31028079986572
71.19127750396729	69.51553297042847
82.70175361633301	75.91468048095703
64.91744995117188	69.67227935791016
69.33512020111084	62.53244161605835
76.7702407836914	70.87819862365723
64.54587507247925	61.49221229553223
60.31813430786133	55.39788818359375
79.3575439453125	77.46200656890869
61.717251777648926	56.28263711929321
100.76506328582764	96.33719158172607
75.50979423522949	63.406494140625
78.76582145690918	71.37203979492188
70.45111656188965	63.62263298034668
80.9365553855896	74.57671880722046
73.82583618164062	66.05578422546387
62.037575244903564	58.07711219787598
70.3509521484375	62.0467472076416
86.04422950744629	83.32516479492188
68.7472915649414	60.713212966918945
60.25866222381592	56.12825345993042
71.6267671585083	62.758992195129395
79.17893838882446	75.3582444190979
69.44128513336182	63.257408142089844
72.95605087280273	67.62228298187256
79.19700050354004	74.2628173828125
62.63610076904297	58.96103477478027
67.00098514556885	60.06537914276123
62.868770599365234	57.32231140136719
68.09360408782959	64.67110538482666
73.17573547363281	64.42827701568604
90.41129350662231	83.20871114730835
62.7097225189209	58.96229362487793
67.5271463394165	63.53232383728027
72.22224426269531	64.87451362609863
59.52596473693848	55.203125953674316
79.96923351287842	75.49764347076416
78.45571851730347	76.18116521835327
53.44540500640869	52.6743278503418
64.3036413192749	61.20798587799072
56.5920991897583	49.813841819763184
72.62018775939941	63.27150535583496
81.2303409576416	73.82858276367188
67.56205081939697	65.30590057373047
72.48912811279297	73.65523338317871
76.2555160522461	70.26683568954468
71.23092651367188	65.01952171325684
75.94872951507568	72.10254669189453
61.09607219696045	56.63644313812256
71.09020757675171	63.86125564575195
83.34862518310547	85.47018241882324
77.6320948600769	73.14405822753906
74.97292995452881	69.61485385894775
74.71813774108887	69.30929374694824
72.90335083007812	64.87160682678223
78.99955749511719	74.69102382659912
71.82946729660034	66.14797258377075
72.57330417633057	65.68941593170166
63.03470993041992	58.60895347595215
67.08684778213501	66.43649816513062
62.4390983581543	60.309319496154785
69.431396484375	61.38731002807617
65.87633609771729	62.86450386047363
67.12082767486572	62.00598335266113
57.96362257003784	55.10699272155762
61.807212829589844	54.39230918884277
88.04586410522461	80.9388370513916
72.31578826904297	68.06968832015991
65.79087257385254	63.475351333618164
81.81649732589722	78.82836294174194
83.78805828094482	78.31784152984619
75.8807315826416	69.24846839904785
78.69830417633057	70.40009450912476
83.40777397155762	74.35415840148926
64.2123646736145	57.0006799697876
76.18354797363281	75.27763938903809
69.53793525695801	66.55303955078125
64.43172454833984	58.16249227523804
65.18238258361816	66.00858306884766
84.57486534118652	80.34324645996094
61.98563575744629	59.01377820968628
58.71511936187744	51.170244216918945
71.83554649353027	67.9678201675415
63.38453006744385	62.895681381225586
69.87486124038696	63.94513702392578
61.683706283569336	57.33073425292969
59.926209926605225	55.67350959777832
68.04478454589844	64.01525688171387
72.30318307876587	69.00779676437378
72.07190036773682	65.1597146987915
62.43423843383789	54.3135781288147
76.95109367370605	71.83400964736938
60.863494873046875	57.62828826904297
68.58499002456665	63.4272780418396
67.26073408126831	63.84826469421387
67.93195152282715	64.0740737915039
68.89288187026978	62.83838081359863
81.33134841918945	77.08785057067871
87.15085315704346	75.49262237548828
71.64267539978027	58.98913383483887
66.90524959564209	57.741827964782715
69.09108018875122	68.12162923812866
76.45922946929932	70.48151159286499
82.50601959228516	74.73136711120605
76.31206512451172	67.621750831604
65.54862213134766	66.19634342193604
60.75490474700928	57.551207542419434
67.12466239929199	62.31822967529297
65.13045501708984	58.58661603927612
79.99397039413452	73.49868679046631
52.60842704772949	49.31774282455444
72.37463331222534	68.95776271820068
58.18607807159424	55.13874530792236
75.00376224517822	68.69024753570557
70.39932441711426	68.70263576507568
57.214412689208984	53.20381164550781
56.657339572906494	51.97709941864014
67.1429443359375	64.21905326843262
72.12314987182617	69.61451625823975
85.60066843032837	82.97522115707397
73.74799346923828	67.09449005126953
69.85451698303223	66.31879329681396
61.60342311859131	57.593027114868164
70.14888143539429	68.25389242172241
71.96113586425781	68.39027452468872
68.9284200668335	70.55485582351685
77.3236870765686	71.02088689804077
64.81236934661865	62.59782648086548
65.7506332397461	61.37818193435669
69.72917079925537	67.19287872314453
68.16536808013916	66.03540658950806
60.19150733947754	57.71794319152832
62.19269371032715	63.028221130371094
80.72499799728394	65.89907360076904
68.91436100006104	64.63176727294922
77.91065216064453	72.21760749816895
79.37258100509644	71.37515354156494
60.44034004211426	57.06907796859741
85.91238451004028	81.50278425216675
61.43544673919678	57.12771415710449
64.336838722229	59.17512321472168
55.81670093536377	54.69895362854004
66.06770515441895	61.11590814590454
96.13136100769043	88.30804204940796
87.94796752929688	87.2198839187622
69.71404075622559	66.6366195678711
73.38594818115234	63.68337821960449
80.21417713165283	76.52028179168701
76.18967533111572	70.5807113647461
79.35637092590332	74.66024780273438
71.34502601623535	69.7037672996521
57.12713384628296	55.04153394699097
67.14122104644775	61.03446054458618
65.55918216705322	61.68492412567139
74.64195346832275	70.68778991699219
77.01612854003906	70.4985523223877
62.945289611816406	55.87743377685547
62.982688903808594	61.0406494140625
61.46784973144531	59.982200622558594
72.76203918457031	66.52638292312622
66.7804126739502	62.5235652923584
70.50848245620728	62.4514799118042
77.90746212005615	72.46716976165771
65.89089965820312	53.852956771850586
67.32418966293335	62.3038010597229
62.57184028625488	57.47060775756836
93.560293674469	87.76131916046143
81.52049446105957	74.98916816711426
73.72059631347656	72.19631767272949
85.0346474647522	83.21347951889038
76.05984306335449	72.47006034851074
68.27698707580566	63.12790393829346
73.623046875	66.42632961273193
66.65020942687988	67.91216373443604
74.03471565246582	68.70275640487671
72.46277809143066	64.69197273254395
79.31573295593262	79.54706382751465
67.04330348968506	62.21547746658325
61.99545383453369	53.59630584716797
77.43856906890869	74.3021011352539
65.36587524414062	62.954012870788574
69.61221313476562	66.6471118927002
71.29707336425781	66.38700723648071
73.8687915802002	69.67366218566895
72.62847900390625	67.8943920135498
68.766921043396	58.8847222328186
84.44970226287842	80.56385803222656
52.480255126953125	52.476287841796875
68.28952217102051	64.69912576675415
73.39046573638916	66.1564621925354
55.238210678100586	52.761385917663574
66.60958766937256	63.32150936126709
59.683467864990234	53.381643295288086
73.71012687683105	60.14264106750488
72.78745222091675	73.82432508468628
70.70835971832275	65.53348588943481
63.32075262069702	59.596171855926514
79.30680656433105	77.21895790100098
67.35376834869385	65.73521614074707
61.86249256134033	62.09515571594238
67.02916145324707	60.17841339111328
82.52229881286621	79.04576110839844
75.54037284851074	72.27075004577637
77.02043437957764	65.59285068511963
74.91771125793457	69.23874521255493
65.26524353027344	63.065168380737305
59.034141540527344	56.93491172790527
89.75929975509644	80.25731086730957
68.33688259124756	56.073713302612305
71.87968254089355	65.4328441619873
64.27114248275757	59.86374568939209
58.59224224090576	53.37063789367676
55.623435974121094	52.95346641540527
68.69320106506348	64.88018989562988
76.74423837661743	69.32378911972046
68.27135562896729	62.28296756744385
65.47038078308105	61.66861534118652
66.63229417800903	70.90141153335571
74.03913736343384	72.3173451423645
64.6944351196289	59.60867929458618
79.96353149414062	75.76954650878906
88.1455078125	79.63156127929688
78.44666862487793	73.00614738464355
58.11692714691162	49.91511344909668
71.89966058731079	67.07237339019775
58.2968430519104	54.76496171951294
70.45281171798706	66.5144190788269
61.18950843811035	54.55211639404297
62.30729055404663	57.24551582336426
61.78425121307373	52.25748252868652
73.44352912902832	64.83734321594238
61.003767013549805	59.805596351623535
83.1588978767395	75.29667091369629
68.70365953445435	72.82142543792725
75.16754150390625	66.6549015045166
59.51764726638794	58.32981491088867
59.73483085632324	54.241576194763184
66.45590305328369	69.61894750595093
80.01452112197876	83.278000831604
75.94951057434082	71.56790971755981
67.38311576843262	63.368608474731445
74.95491027832031	76.83555603027344
64.46750736236572	63.42393636703491
75.11303091049194	65.3912148475647
70.62105512619019	66.8048300743103
72.29197025299072	64.45818424224854
57.19376564025879	52.994070053100586
61.78722858428955	58.85004997253418
71.09430170059204	63.685545444488525
63.62176990509033	61.957669734954834
74.0204029083252	69.00011444091797
60.5916690826416	58.99060249328613
68.77723693847656	59.16604995727539
77.41664791107178	72.22035360336304
79.85515022277832	67.92054748535156
64.16408777236938	64.8930983543396
84.44635963439941	80.64612007141113
69.56677293777466	68.15281534194946
68.46608209609985	63.46214246749878
66.23250436782837	63.1299843788147
62.332361698150635	61.3312668800354
62.30535364151001	64.59361791610718
70.85360670089722	60.38657760620117
84.79435729980469	73.12658500671387
69.14811611175537	67.97710418701172
75.25646114349365	68.79852867126465
66.47467088699341	61.43277454376221
70.59563255310059	62.594993591308594
86.55461978912354	75.13576364517212
69.74069929122925	66.07064247131348
80.54972648620605	79.61473655700684
76.57588291168213	75.89058589935303
72.03474521636963	67.30982780456543
80.34145498275757	73.19453287124634
66.76945638656616	69.24568796157837
70.23062705993652	63.67691516876221
62.10726833343506	55.90596294403076
57.20178508758545	53.427719593048096
72.224440574646	67.38835334777832
72.00759983062744	66.01387882232666
79.68007707595825	74.84882259368896
62.35893630981445	58.410125732421875
93.58532524108887	88.0931453704834
93.535888671875	88.94312381744385
65.38159990310669	61.62899208068848
70.1882553100586	68.43142509460449
59.25706958770752	58.270986557006836
46.32572364807129	42.949406147003174
62.64265537261963	60.695180892944336
70.67765092849731	66.92327737808228
72.43425846099854	65.49872398376465
90.2054672241211	86.23098564147949
68.76075744628906	64.51584815979004
67.89337158203125	65.20587921142578
73.91052484512329	67.5375280380249
70.76651096343994	68.64713191986084
72.11496829986572	70.66383361816406
64.12684535980225	58.976162910461426
69.04383659362793	64.09115791320801
63.40780258178711	64.20718193054199
76.95393133163452	65.90340948104858
97.22871208190918	89.49921941757202
69.64363145828247	62.22082710266113
65.81655979156494	59.57736825942993
83.00729656219482	73.73510646820068
59.379706382751465	55.33416748046875
74.93316650390625	67.56793975830078
64.67866373062134	57.04818058013916
94.02367115020752	91.74623250961304
68.36277770996094	65.52603244781494
69.36556816101074	66.0519790649414
75.89478206634521	76.32359886169434
66.33525848388672	60.204482078552246
78.7072525024414	75.55503940582275
77.78073310852051	72.74172306060791
74.88636016845703	69.36655521392822
66.53088998794556	61.6593074798584
60.240769386291504	58.46461296081543
66.57437658309937	62.157318115234375
65.85843086242676	64.97590065002441
62.13527774810791	55.188077449798584
68.17263889312744	63.76495885848999
56.676823139190674	55.918487548828125
75.6180853843689	66.19126415252686
75.06514263153076	69.64784860610962
59.22754764556885	62.60249137878418
80.95884323120117	69.84742164611816
64.90620613098145	61.25926494598389
71.63000583648682	73.46846103668213
65.2674708366394	62.78353929519653
73.2855896949768	68.33547115325928
60.74485158920288	59.33533811569214
71.08968305587769	67.9770975112915
76.9061508178711	71.56585693359375
73.73864650726318	69.27171277999878
63.06607246398926	56.86305046081543
84.5379867553711	76.84147834777832
65.60778951644897	63.47199296951294
75.58400869369507	72.66937208175659
69.8060302734375	66.9825439453125
76.21578216552734	67.52400875091553
76.01030826568604	70.54092407226562
70.21936893463135	65.13150215148926
69.0902042388916	64.41356563568115
87.61831855773926	76.91473388671875
71.91380310058594	72.37568092346191
73.09124946594238	67.60092258453369
73.07666778564453	66.1153793334961
68.21341609954834	56.82138776779175
81.61994314193726	78.2220811843872
56.22267150878906	60.51802968978882
72.26707458496094	62.139878273010254
83.0331597328186	76.27783441543579
84.64384508132935	82.00398874282837
68.71312618255615	64.707040309906
71.9393539428711	69.24129486083984
63.05027484893799	62.30987071990967
76.45944452285767	71.02101278305054
71.5861644744873	62.21828269958496
71.22230291366577	61.58881616592407
89.67513751983643	81.11253356933594
71.22564840316772	71.27628421783447
74.8190746307373	70.41300773620605
76.0521469116211	76.40253639221191
67.3758544921875	64.25864267349243
74.67112827301025	68.80083274841309
80.20023345947266	80.43886184692383
65.49144744873047	61.56888771057129
54.35532188415527	47.16836643218994
66.52783012390137	62.504108905792236
74.94629621505737	70.69659662246704
73.45221042633057	74.74606990814209
66.18895053863525	64.92005348205566
72.46187686920166	65.50050401687622
56.85440254211426	54.61279249191284
66.89586067199707	66.88002014160156
86.99870538711548	84.5023741722107
64.16731452941895	63.018659591674805
72.91098117828369	70.63587188720703
65.95310354232788	69.33827018737793
82.41949653625488	76.18672943115234
78.02120018005371	72.42689657211304
61.68526268005371	58.75507164001465
61.723612785339355	60.60985565185547
66.23360252380371	67.04868936538696
68.33128929138184	66.65544986724854
60.330567359924316	55.60304641723633
83.41680717468262	75.45931959152222
71.99311256408691	67.23822593688965
92.14288330078125	85.6442642211914
64.0513916015625	61.5611457824707
79.82409906387329	77.13161277770996
86.96690893173218	81.33427333831787
74.93455696105957	73.52313995361328
85.53569984436035	78.9825267791748
78.75382232666016	72.06065940856934
68.30367994308472	63.94361591339111
73.75195503234863	71.26023769378662
70.2637767791748	68.78414726257324
64.0664529800415	61.73758506774902
61.20006608963013	60.10681915283203
66.44965553283691	65.1479344367981
59.93508052825928	61.067522048950195
84.05661535263062	83.3663878440857
76.02330780029297	68.06332397460938
71.01212501525879	72.96250820159912
73.32947015762329	70.97793626785278
74.87267971038818	70.37625312805176
71.12018394470215	67.49221992492676
64.47930335998535	52.82994747161865
75.28640747070312	71.19837284088135
62.19671058654785	59.410457611083984
62.577245235443115	59.10637664794922
72.17770957946777	77.27145195007324
80.95511627197266	79.18298149108887
80.16578769683838	81.54592800140381
74.79912757873535	71.68416023254395
80.94216251373291	70.71369075775146
69.90280771255493	68.43392896652222
62.223069190979004	59.538358211517334
63.947349548339844	60.631324768066406
64.80096387863159	65.23952436447144
76.13127708435059	72.86710166931152
62.930426597595215	60.23796558380127
76.32655334472656	66.59119606018066
76.37792873382568	74.12520599365234
76.29627799987793	71.28983116149902
70.22320604324341	68.62286138534546
79.42792320251465	72.85624837875366
60.809946060180664	58.79216194152832
78.0510425567627	75.04291534423828
86.32121324539185	77.17424058914185
69.65832710266113	66.14943504333496
83.73922348022461	72.51791954040527
65.70453786849976	63.74887275695801
55.53070068359375	51.473188400268555
53.33114719390869	47.74464654922485
66.49843692779541	62.45450496673584
76.17654418945312	70.08958435058594
62.60368347167969	59.614996910095215
92.10925340652466	93.24504375457764
75.25303840637207	72.0642614364624
69.70981025695801	65.79371643066406
76.25555515289307	70.37886142730713
63.50375318527222	54.857581615448
84.90296125411987	79.09118604660034
73.63226413726807	65.24468421936035
69.02970314025879	56.03079795837402
74.11637830734253	60.57047462463379
78.0858325958252	71.63171291351318
64.35798740386963	58.38052797317505
73.33321571350098	65.9221887588501
62.45598793029785	56.17722988128662
65.79176425933838	61.51782035827637
67.88899898529053	65.45516014099121
68.29054355621338	64.06605577468872
65.99913597106934	64.04830932617188
57.70881462097168	54.50457954406738
94.76602935791016	83.31686210632324
60.22542905807495	59.465272426605225
73.22123336791992	64.81702280044556
62.8552770614624	58.276702880859375
71.57586574554443	59.4173526763916
70.65399026870728	66.97798204421997
58.03766441345215	57.619248390197754
66.08326148986816	58.332587242126465
89.904372215271	84.54515886306763
66.18582201004028	56.89935827255249
62.68075180053711	58.28026580810547
72.4247875213623	72.35307884216309
91.43694591522217	79.89182186126709
57.890892028808594	52.39470958709717
75.7400951385498	77.2569751739502
69.34236097335815	63.755537033081055
76.17845344543457	73.04917764663696
84.50909328460693	82.55793857574463
69.2284631729126	63.78196716308594
73.87404441833496	72.23373413085938
71.29133462905884	65.98532009124756
66.91220760345459	61.65034294128418
67.16008186340332	64.34149932861328
60.22414684295654	51.16499423980713
89.44951677322388	84.26593017578125
64.91246700286865	58.44796657562256
75.57611274719238	72.92942523956299
63.879098892211914	52.007813453674316
71.23184394836426	65.41507005691528
83.12976169586182	82.0949387550354
61.45614194869995	62.44390296936035
67.06173515319824	65.5927357673645
74.65509510040283	71.91934061050415
74.56141662597656	77.90876197814941
52.39219808578491	51.23660373687744
86.4704418182373	82.77331352233887
67.03793907165527	66.99222564697266
99.73095703125	98.14278030395508
64.88566064834595	58.42522621154785
73.64179801940918	71.36966514587402
76.6212329864502	69.2562255859375
72.88076877593994	66.1262035369873
67.88330268859863	63.945645809173584
65.72442531585693	65.68917274475098
79.16361808776855	74.26494026184082
75.38755989074707	72.863450050354
73.2320499420166	65.92245578765869
74.85091781616211	72.99159336090088
68.23235511779785	65.0534725189209
81.49214887619019	80.80277109146118
63.96642208099365	63.02180290222168
68.78677415847778	62.155282974243164
64.09110975265503	62.8797812461853
58.78040885925293	59.202940464019775
71.68975591659546	66.22306299209595
66.83257102966309	66.17985725402832
67.06217765808105	64.67887830734253
73.49133110046387	69.2940845489502
59.93011522293091	53.78553915023804
59.283316135406494	53.019052505493164
79.43876838684082	77.22038269042969
70.65790033340454	64.87169551849365
85.00647926330566	79.42392539978027
64.3271312713623	58.19947671890259
86.67537498474121	83.48794555664062
66.36412239074707	58.95872688293457
76.66659736633301	72.94430923461914
65.76593685150146	62.3326621055603
65.42289590835571	57.43852376937866
70.20534610748291	63.45410680770874
78.60032892227173	78.45463800430298
81.06096839904785	77.5206527709961
83.7661304473877	73.41975164413452
82.69651794433594	77.62607002258301
61.591172218322754	59.83363628387451
59.599754333496094	53.93425369262695
72.05523157119751	71.43158149719238
79.52323722839355	72.2823486328125
65.66383457183838	62.05074596405029
69.12181663513184	68.43407249450684
72.15558052062988	70.62472343444824
71.07119750976562	71.53592491149902
99.35619258880615	95.7185926437378
62.8521614074707	59.291162967681885
71.91092491149902	68.10791015625
66.82887411117554	66.96427917480469
77.19179344177246	68.87194347381592
86.13222312927246	82.74342155456543
89.3184061050415	79.19404888153076
72.74246406555176	66.49679374694824
73.04066276550293	66.93022155761719
70.02296304702759	67.12478685379028
60.20288944244385	60.15738487243652
68.00856828689575	59.857086181640625
70.8367486000061	66.72828674316406
