52.219757080078125	48.817620277404785
36.078826904296875	34.88199520111084
49.31816482543945	56.60362243652344
32.68174648284912	40.24603843688965
61.954925537109375	52.80881595611572
27.819110870361328	25.037731170654297
39.134276390075684	42.68302059173584
31.903189659118652	20.30967092514038
33.94819259643555	34.6806526184082
25.508732795715332	38.27557373046875
51.264305114746094	49.45733642578125
56.34248352050781	49.288414478302
39.604880809783936	31.624572277069092
37.234954833984375	32.573676109313965
58.15962791442871	55.18905162811279
37.372398376464844	30.111148357391357
23.34413719177246	35.70291996002197
28.681440353393555	28.942224502563477
61.839125633239746	52.258238792419434
34.85034942626953	33.48999881744385
51.933258056640625	43.57872009277344
38.38345289230347	32.974727153778076
22.891412258148193	27.832560539245605
52.39295768737793	53.29657173156738
43.18567657470703	45.447998046875
42.58035135269165	44.137760162353516
49.72951602935791	56.16332149505615
46.688658714294434	43.63118886947632
34.297579765319824	29.16902446746826
33.41407871246338	36.201271057128906
66.71491813659668	62.996246337890625
58.2481689453125	60.29817008972168
36.57656478881836	39.41296339035034
37.2947301864624	32.3315167427063
36.75261735916138	39.881980419158936
42.858519554138184	33.83885955810547
29.083251953125	36.23283386230469
58.967864990234375	55.087679386138916
35.89655923843384	39.629271507263184
34.134063720703125	49.197537899017334
32.763869762420654	40.489702224731445
30.765944480895996	22.832839965820312
43.94803047180176	38.34113359451294
38.37352752685547	30.181546211242676
53.828665256500244	40.185813903808594
34.763648986816406	40.751712799072266
41.393375396728516	40.90201950073242
35.27803039550781	39.12224578857422
36.213035583496094	38.695838928222656
33.52348709106445	36.55792999267578
32.78071594238281	40.085548400878906
50.32381200790405	47.942413330078125
41.84560298919678	46.57389163970947
45.157151222229004	47.070016860961914
37.22639560699463	36.00170850753784
28.948436737060547	37.587571144104004
47.924232482910156	42.08686447143555
37.6376838684082	41.77683353424072
31.767940521240234	29.437485694885254
31.095760345458984	28.76857852935791
46.66755294799805	59.939809799194336
58.1196026802063	52.690452575683594
50.73644828796387	38.73692989349365
44.012657165527344	43.96074676513672
39.068115234375	41.09412860870361
25.384724140167236	31.095223426818848
34.91060543060303	32.27549076080322
49.88575792312622	47.95924472808838
40.16023349761963	36.52341365814209
31.185251235961914	23.779911518096924
36.78870439529419	38.2307505607605
39.70161151885986	44.229698181152344
42.24752902984619	39.67663288116455
68.41625118255615	65.8594880104065
50.26003074645996	40.61758518218994
48.165154457092285	47.156893730163574
38.447227478027344	40.70652484893799
36.90565490722656	40.457520484924316
39.6356463432312	41.7891788482666
30.81491470336914	21.90622329711914
53.37620162963867	46.33286952972412
36.08182907104492	38.79901885986328
37.420852184295654	37.559406757354736
39.34912109375	37.028663635253906
43.10494422912598	46.404051780700684
45.95178985595703	44.62995529174805
52.2586612701416	48.01608467102051
39.28388977050781	38.818538665771484
39.00454330444336	40.09051322937012
25.233301162719727	31.070091247558594
46.20841598510742	38.29490661621094
35.66697359085083	40.94268321990967
53.604427337646484	51.685218811035156
26.054040908813477	32.890682220458984
29.706716537475586	22.708145141601562
30.468571186065674	29.29619550704956
57.9536075592041	54.440128326416016
53.73188018798828	45.26035690307617
39.70158100128174	42.40267753601074
34.861000061035156	34.28901672363281
41.735169410705566	44.467299461364746
33.730369567871094	33.15233516693115
50.80014133453369	55.07071304321289
27.695209503173828	24.725993156433105
32.900997161865234	23.364131927490234
33.72486114501953	43.96637725830078
40.40658473968506	41.52149200439453
35.37590026855469	37.67344665527344
46.046722412109375	58.76584053039551
34.08098316192627	47.17786502838135
29.37808609008789	24.93997573852539
26.700711250305176	31.39998149871826
44.298763275146484	44.987525939941406
35.667312145233154	35.84799528121948
59.207109451293945	56.98020267486572
50.10594177246094	36.59212589263916
61.58705949783325	60.16205596923828
43.50636291503906	37.132110595703125
36.73001003265381	49.54658317565918
69.80838012695312	73.90873718261719
53.913076400756836	44.97268295288086
51.39584541320801	48.893632888793945
47.55194854736328	38.7491979598999
42.07737350463867	51.51954698562622
39.12696838378906	38.10458421707153
59.190073013305664	54.46254825592041
20.918970108032227	14.643392086029053
36.44392013549805	34.364808082580566
43.91017150878906	36.490211486816406
40.54952144622803	34.14818572998047
34.74207401275635	31.98305320739746
32.93029308319092	38.14226150512695
40.64818859100342	47.43069362640381
50.483259201049805	43.109275817871094
33.20995330810547	26.786880493164062
30.521940231323242	22.67633628845215
45.51364231109619	53.411192417144775
34.26991939544678	37.84891128540039
48.392887115478516	54.350295066833496
46.05376434326172	39.728782653808594
43.02271842956543	48.55311393737793
32.4142427444458	34.555511474609375
30.539735794067383	29.75592803955078
28.342188835144043	23.179108142852783
36.10445499420166	38.76589107513428
36.91958665847778	40.64913272857666
34.6522102355957	38.85796308517456
38.85763502120972	47.3311767578125
30.63429355621338	33.82054090499878
29.2933349609375	21.750160217285156
33.51529359817505	35.71604251861572
55.343461990356445	56.806657791137695
69.14267921447754	64.8314037322998
36.43548583984375	48.378440856933594
36.454368591308594	29.06513786315918
33.251091957092285	35.24143123626709
65.81196784973145	67.77040958404541
29.689388275146484	37.847862243652344
59.5957088470459	54.92734336853027
46.62510871887207	42.72982597351074
50.06598472595215	44.70574951171875
62.436716079711914	66.58213138580322
45.43703556060791	51.1873722076416
48.95274257659912	43.428648948669434
42.26278781890869	36.68771743774414
39.977867603302	33.152313232421875
24.02635383605957	24.032721519470215
68.67269897460938	71.0767593383789
44.35490798950195	36.28362417221069
39.741493225097656	41.778987884521484
38.20061445236206	34.800537109375
29.463589668273926	21.279174327850342
61.75959777832031	63.09626388549805
36.131649017333984	35.45149326324463
40.00405311584473	47.58924961090088
60.022408962249756	60.80924892425537
37.33956813812256	22.957767963409424
64.74777030944824	57.0007905960083
50.36087894439697	38.50398874282837
39.63996887207031	39.32084274291992
60.57119941711426	58.88028144836426
44.155680656433105	46.72621297836304
24.479284286499023	30.941999435424805
36.05763912200928	37.86476135253906
24.470623016357422	26.084121704101562
41.75241470336914	36.43889904022217
31.680848121643066	35.31528568267822
63.92993927001953	62.09461212158203
39.72023677825928	42.10386371612549
37.678672790527344	42.95612335205078
44.06446075439453	35.612754344940186
41.45022201538086	32.83580780029297
38.45423126220703	31.86237096786499
31.52365207672119	35.56264114379883
55.978050231933594	46.366363525390625
54.43135070800781	60.14747142791748
57.142836570739746	52.27182722091675
26.421443939208984	22.62576913833618
37.421753883361816	43.700589656829834
34.434993743896484	37.808966636657715
28.339435577392578	31.60337734222412
39.40762996673584	38.14106369018555
46.28068447113037	46.72725200653076
48.42212629318237	48.91312551498413
52.13020181655884	48.01727485656738
54.73924255371094	64.62738990783691
24.909961700439453	22.708843231201172
43.538763999938965	37.05435276031494
57.949886322021484	60.83465576171875
42.31744384765625	41.1502103805542
29.27281141281128	32.480658531188965
30.14937973022461	32.0189323425293
33.64692687988281	30.08476495742798
64.11587333679199	48.48866271972656
32.36945390701294	33.56555461883545
39.19087219238281	36.23869323730469
67.10991096496582	56.27656173706055
43.66915035247803	46.68699645996094
46.29371738433838	47.281906604766846
37.50262451171875	36.08459949493408
47.882758140563965	39.197914123535156
32.08340072631836	39.33939456939697
35.22557735443115	36.357303619384766
33.334879875183105	39.48537826538086
51.893423080444336	46.791810035705566
42.31539535522461	40.616798400878906
28.112065315246582	33.348960876464844
27.325057983398438	34.796775817871094
36.00478410720825	31.030855178833008
19.86298370361328	28.574624061584473
54.796207427978516	61.78117561340332
38.71448516845703	45.835670471191406
44.45274066925049	46.1934928894043
35.539162158966064	38.76940441131592
35.82379913330078	35.089569091796875
37.8093957901001	38.11905384063721
45.52001953125	57.422821044921875
54.08559036254883	58.02686882019043
26.525053024291992	23.86709976196289
26.545597076416016	14.906626224517822
40.940656661987305	35.37491226196289
44.64424133300781	48.29685401916504
22.610514163970947	26.749348640441895
18.64004945755005	17.23024320602417
41.986876487731934	34.176329612731934
46.893802642822266	46.60356903076172
32.81617069244385	28.70016860961914
53.52458572387695	52.850318908691406
52.068915367126465	48.56828784942627
35.539950370788574	41.8050012588501
39.57164764404297	43.8960075378418
54.93131446838379	48.67378807067871
49.43962097167969	43.39930057525635
49.64588165283203	45.58152389526367
45.24478626251221	33.64232301712036
56.90285778045654	57.763315200805664
44.602500915527344	47.38641357421875
30.67791748046875	29.319565773010254
27.856836318969727	28.2084903717041
50.79756450653076	55.80893087387085
36.163902282714844	39.75938081741333
26.91054916381836	31.238883018493652
40.98990726470947	36.50300216674805
38.44046115875244	34.35728073120117
37.55422496795654	39.229827880859375
31.351956367492676	20.462539672851562
25.369735717773438	26.01373291015625
22.129696369171143	19.916786670684814
30.11183452606201	29.039626121520996
82.20463371276855	71.84753608703613
32.15665340423584	20.579864501953125
46.15766143798828	38.535221099853516
39.791508197784424	37.35464572906494
29.410347938537598	34.293389320373535
31.3177433013916	34.712005615234375
49.454933643341064	53.09618854522705
53.34247398376465	50.542219161987305
50.794334411621094	47.534278869628906
44.36957359313965	44.36500549316406
30.409855842590332	23.18553113937378
30.282190322875977	37.4232292175293
45.77366256713867	46.64612579345703
40.457738399505615	43.64556837081909
29.373501777648926	18.91545295715332
39.900615215301514	32.763588428497314
28.206958770751953	27.91677761077881
46.75883388519287	50.48185729980469
29.924657821655273	28.615844249725342
49.80873489379883	62.86459732055664
50.039812088012695	58.798441886901855
19.922165393829346	20.00292205810547
33.213890075683594	21.358158588409424
47.89374351501465	47.22669696807861
50.09186553955078	49.13021278381348
48.86955738067627	48.48698806762695
55.52956533432007	59.51131534576416
35.66737747192383	40.12993621826172
28.616103172302246	30.1869535446167
38.88845443725586	33.02147626876831
25.064778327941895	30.377955436706543
46.11592769622803	39.674323081970215
43.28164577484131	36.83473587036133
24.899662017822266	25.462646484375
41.90314865112305	46.20603275299072
41.86134338378906	38.80175018310547
31.851027011871338	26.946178436279297
34.653992652893066	36.255714893341064
35.39005756378174	38.128981590270996
29.691736221313477	36.480506896972656
53.360597133636475	62.05883026123047
32.07881212234497	35.67921447753906
42.4508056640625	40.54771041870117
58.15343475341797	60.45258331298828
40.10022163391113	31.0809326171875
33.90945911407471	33.72293949127197
35.3966760635376	42.54602909088135
29.052398681640625	37.56934356689453
49.942169189453125	43.29168701171875
43.88399887084961	40.835269927978516
40.292744636535645	38.38694095611572
36.61133527755737	42.328429222106934
36.33702850341797	27.463607788085938
35.63857316970825	31.451849937438965
47.057809352874756	50.145570278167725
38.13319444656372	41.35756492614746
30.91846466064453	36.264891624450684
38.975226402282715	35.63255310058594
56.01770210266113	50.53292655944824
54.33594989776611	50.248443603515625
46.73577928543091	38.10938358306885
35.90712833404541	40.258320808410645
40.22645568847656	41.91438961029053
42.47478008270264	39.80017900466919
24.60076332092285	32.21854019165039
52.00994539260864	50.661606788635254
43.121971130371094	39.66515016555786
49.6900577545166	50.32709884643555
42.935686111450195	45.108375549316406
44.520827293395996	48.991336822509766
29.400867462158203	17.766403198242188
39.33440685272217	38.34084987640381
43.39881896972656	41.07720375061035
49.851224422454834	55.439958572387695
45.2353777885437	39.19278955459595
42.67462730407715	41.790947914123535
30.621148109436035	32.31998348236084
50.68343925476074	43.444315910339355
52.96536827087402	57.02134323120117
49.38993215560913	47.600905895233154
55.02944040298462	53.03068542480469
34.53596591949463	36.034512519836426
30.78354263305664	24.572560787200928
38.8925142288208	38.61398792266846
32.21099853515625	34.99702453613281
28.935891151428223	35.565574645996094
46.38002014160156	46.68603515625
35.523250579833984	26.711978912353516
25.602283477783203	29.773733139038086
40.27108669281006	32.86341190338135
32.35654830932617	33.550193309783936
41.09876346588135	38.510467529296875
42.903170585632324	43.16629886627197
41.12294673919678	27.5526762008667
35.233951568603516	42.574527740478516
41.088462829589844	38.40924072265625
48.47049331665039	42.79288864135742
59.05913543701172	49.11151313781738
42.18604373931885	50.28306770324707
43.52931213378906	42.64754867553711
34.950748443603516	26.071048736572266
42.4786262512207	45.176310539245605
32.54938840866089	38.960700035095215
54.97404098510742	54.05287170410156
57.042747497558594	59.46061706542969
35.45309543609619	32.90207624435425
37.14868640899658	35.566627979278564
41.52688980102539	47.97364807128906
32.52232313156128	38.443169593811035
19.43439817428589	16.107855319976807
31.071619987487793	43.742125511169434
42.955756187438965	39.05050277709961
30.899714469909668	30.73626136779785
40.40458679199219	31.8385648727417
26.464073657989502	30.16321563720703
53.378265380859375	46.21951246261597
26.485851287841797	15.648324966430664
53.10662269592285	62.92477798461914
40.467329025268555	35.629334449768066
41.886253356933594	40.22963523864746
51.3779182434082	48.307323932647705
25.52767276763916	23.10689926147461
34.11855411529541	31.004596710205078
41.58094835281372	51.870853424072266
33.71119689941406	25.054570198059082
28.311123847961426	33.81758213043213
50.054494857788086	57.1380500793457
40.13134002685547	46.52091979980469
25.374661445617676	28.223636627197266
30.067005157470703	28.374627113342285
34.563775062561035	28.8213529586792
30.41512680053711	35.98287582397461
22.634262084960938	30.94149112701416
37.51375675201416	47.467756271362305
26.76243782043457	30.019981384277344
51.68767547607422	52.9149284362793
39.80249786376953	47.92386531829834
35.83679676055908	38.514060974121094
35.8931884765625	36.05216979980469
46.63654804229736	45.34838676452637
49.14504051208496	55.3695011138916
42.13268280029297	31.521236896514893
38.99945831298828	40.65300369262695
60.23641872406006	60.50374126434326
51.65536308288574	48.1897087097168
52.47172737121582	62.113430976867676
39.39758777618408	46.759297370910645
43.723134994506836	32.274269104003906
39.449503898620605	46.55525207519531
44.268691062927246	40.07747554779053
42.235313415527344	46.06989622116089
38.88655185699463	39.775474071502686
29.612016677856445	32.269866943359375
27.45640754699707	26.194613456726074
35.87334871292114	45.1375675201416
43.11838150024414	41.701860427856445
33.07133197784424	44.484580993652344
33.513858795166016	24.787830352783203
33.48522090911865	28.96149444580078
30.473346710205078	25.237598419189453
45.51440715789795	48.93099308013916
40.01905059814453	47.00636863708496
35.86434841156006	30.620245933532715
35.97741365432739	37.90597915649414
34.096816062927246	35.38715744018555
32.21622848510742	21.9357590675354
33.134796142578125	21.98781967163086
44.76579666137695	49.49090003967285
27.76740312576294	31.03243637084961
24.382278442382812	36.55337142944336
38.30446529388428	33.82577991485596
48.9908504486084	42.82422065734863
43.48582172393799	45.49703598022461
25.6547212600708	31.186283111572266
23.63022232055664	16.783859252929688
43.613173484802246	45.633015632629395
40.007615089416504	51.03534698486328
33.81675720214844	31.707258224487305
45.00208854675293	50.51668739318848
36.926456451416016	31.31345844268799
41.630977630615234	38.56060028076172
29.759374618530273	34.05221939086914
45.865397453308105	51.93917655944824
49.087697982788086	48.09699058532715
44.557860374450684	38.79143953323364
24.148598670959473	18.263408660888672
36.992103576660156	38.04067134857178
37.43441343307495	35.32016038894653
35.47506093978882	28.448681831359863
37.48092269897461	35.61424255371094
53.58073043823242	54.57539176940918
42.140228271484375	43.752196311950684
26.735624313354492	30.99795913696289
41.49741172790527	40.81068992614746
41.90160655975342	44.2838249206543
41.121994972229004	45.27853298187256
29.185409545898438	23.779037475585938
51.263723373413086	50.55054473876953
48.49042224884033	46.5363655090332
39.06233882904053	40.62776184082031
32.06534957885742	31.87950897216797
48.29268741607666	51.234854221343994
62.310516357421875	53.07568359375
41.063140869140625	45.6386661529541
47.253089904785156	48.04841995239258
27.0961275100708	25.62417221069336
48.589027404785156	44.23553466796875
41.035197257995605	29.110524654388428
43.89866638183594	51.87364959716797
25.84358787536621	28.995697021484375
40.47915267944336	34.390106201171875
30.21681785583496	33.64039182662964
41.214247703552246	49.030394554138184
31.791694164276123	31.448616981506348
25.172542572021484	36.427772521972656
22.68737030029297	37.005462646484375
42.83494186401367	37.654090881347656
38.86973571777344	46.818477630615234
40.81944179534912	42.940704345703125
40.85529327392578	38.930251598358154
31.992313385009766	30.974708557128906
27.68045711517334	22.255069255828857
31.19343852996826	29.56082820892334
52.96743059158325	47.38499164581299
26.088151931762695	32.31851577758789
35.61091661453247	34.879520416259766
36.554057598114014	43.92528820037842
35.013389587402344	34.23606872558594
38.533363342285156	35.380977630615234
45.985671043395996	48.209402561187744
33.62349033355713	33.7451434135437
43.67697715759277	46.36626434326172
28.241663932800293	35.24055862426758
35.16733932495117	34.44762420654297
22.469863891601562	22.62561798095703
27.673705101013184	20.533339977264404
51.00314998626709	51.83372497558594
27.207603454589844	29.3738956451416
31.02247953414917	35.03788375854492
34.87414836883545	47.9335241317749
25.31322956085205	29.916648864746094
30.427093505859375	40.48435688018799
31.80312156677246	23.187118530273438
37.30255889892578	28.007930755615234
61.02195739746094	59.95657253265381
44.39344024658203	41.0277214050293
43.90837097167969	43.493194580078125
40.27688026428223	41.88727569580078
35.00429630279541	29.10797119140625
32.88615798950195	36.98603820800781
35.58542728424072	33.174941539764404
32.28087663650513	38.765740394592285
25.896958351135254	27.272266387939453
37.92257308959961	42.880980491638184
29.636581420898438	16.90178632736206
35.7170033454895	45.85686492919922
32.870564460754395	35.14506816864014
42.39260387420654	48.67323875427246
31.73459243774414	30.786014556884766
35.35550594329834	24.147748947143555
38.257598876953125	33.97876739501953
48.24227714538574	44.767218589782715
47.915133476257324	43.90748977661133
46.502663135528564	56.24580669403076
28.403687477111816	31.329467296600342
26.085996627807617	29.66914653778076
46.2515172958374	43.03876876831055
33.8377571105957	29.434633255004883
34.982802867889404	32.02302932739258
41.54970073699951	45.9478874206543
33.54912281036377	31.282906532287598
49.774988651275635	44.39961004257202
39.407103538513184	34.852489948272705
48.79965591430664	42.11052989959717
29.465274810791016	30.813732147216797
54.3258261680603	54.52928924560547
42.45146942138672	38.6066198348999
29.624080657958984	27.263530731201172
47.48955059051514	42.77360439300537
52.53497314453125	45.613792419433594
34.354355335235596	39.91671085357666
50.546871185302734	45.09811496734619
37.64720916748047	38.07204008102417
29.13284969329834	31.13005542755127
35.614830017089844	33.149436950683594
36.86842441558838	30.673358917236328
46.04170322418213	48.51482391357422
39.92262554168701	45.94020366668701
58.234384059906006	63.569769859313965
45.91899871826172	35.887943267822266
35.73677062988281	37.279014587402344
45.344913482666016	43.825501441955566
58.782493591308594	55.712087631225586
24.855626106262207	29.11171245574951
53.317638874053955	60.053510665893555
29.953619956970215	32.82728576660156
33.956671714782715	36.692073345184326
36.720974922180176	44.71440124511719
41.83435535430908	44.222662925720215
28.50995635986328	33.9871826171875
29.928608894348145	22.514143466949463
38.92493486404419	33.94400358200073
30.15485382080078	28.335826873779297
17.726451873779297	12.881720066070557
24.826438426971436	45.9968376159668
32.230140686035156	31.06391429901123
31.014769077301025	28.96829605102539
35.58793544769287	34.131348609924316
31.771371841430664	35.64689636230469
50.37461757659912	51.133610248565674
55.77874946594238	55.55492305755615
39.63933181762695	33.67125701904297
34.566246032714844	36.47539520263672
26.483771324157715	28.212504386901855
19.815632343292236	16.16521453857422
27.57733726501465	29.199408531188965
34.887213706970215	44.663180351257324
41.704607009887695	30.102901458740234
33.97510528564453	45.5894250869751
33.004014015197754	31.7322039604187
38.02798843383789	29.23526382446289
43.789215087890625	34.289109230041504
30.71834945678711	27.88675308227539
29.787195205688477	25.40528106689453
35.517276763916016	37.32170867919922
50.42672538757324	44.411325454711914
32.1031494140625	35.35606002807617
35.199947357177734	33.486610412597656
39.703697204589844	27.56094741821289
59.72365665435791	44.526145935058594
29.729602813720703	24.162578582763672
43.63502883911133	44.441627979278564
25.031795501708984	16.944469451904297
46.63469982147217	30.54668140411377
29.453868865966797	35.71312665939331
38.60807418823242	40.87900161743164
44.259581565856934	37.73171663284302
35.911460876464844	37.858726978302
34.905498027801514	31.19462013244629
34.85609531402588	33.91328048706055
25.47351598739624	31.593400955200195
50.89365577697754	46.29748821258545
57.641916275024414	53.238882064819336
42.89359092712402	35.987582206726074
32.94468307495117	35.779266357421875
30.416942596435547	35.04484558105469
41.06158256530762	41.885294914245605
36.31532287597656	24.975651741027832
42.741424560546875	49.03303623199463
41.47325038909912	44.96825695037842
58.8912353515625	61.06935119628906
60.18240547180176	49.413207054138184
37.263686656951904	45.91618824005127
33.65135908126831	33.74518871307373
59.84740447998047	53.37458038330078
44.232184410095215	45.12585926055908
44.696794509887695	40.744850158691406
41.93638515472412	40.56202411651611
30.72798252105713	32.32001543045044
54.21810531616211	49.12031936645508
41.78728485107422	48.14478349685669
26.07144546508789	33.954854011535645
34.14558410644531	35.28151988983154
34.52089786529541	25.05609130859375
31.94970989227295	46.51596736907959
37.36357498168945	31.45384407043457
38.02468776702881	40.017276763916016
26.267971992492676	23.474647998809814
37.40666484832764	46.709967613220215
51.381574630737305	37.944525718688965
29.899280071258545	34.77341175079346
34.295814037323	33.50947618484497
31.983139514923096	42.26018142700195
31.13727378845215	44.926486015319824
19.898922443389893	23.33196449279785
36.22175216674805	40.501434326171875
24.02445888519287	22.129401683807373
54.56433868408203	59.542022705078125
46.24958658218384	45.367920875549316
38.55757141113281	34.43047332763672
39.100539207458496	35.191028118133545
34.97472381591797	25.065706253051758
25.24156951904297	36.106109619140625
46.787710189819336	48.27939033508301
38.27770233154297	28.93524932861328
54.285197734832764	53.32342004776001
39.22171115875244	44.19246196746826
27.970778942108154	30.153512954711914
26.088207244873047	20.942949295043945
36.1280198097229	33.763824462890625
31.90298080444336	35.82972288131714
47.715697288513184	40.279178619384766
40.46747589111328	31.34073257446289
59.413719177246094	57.72466564178467
52.104841232299805	53.01607131958008
38.73451232910156	39.67496871948242
26.27046775817871	35.29888153076172
30.645042419433594	29.045143127441406
38.8819055557251	44.02812194824219
29.02430534362793	27.05553436279297
45.65998077392578	43.08335304260254
45.85146903991699	46.18329620361328
29.65114116668701	34.88257884979248
54.503089904785156	58.768341064453125
38.7857780456543	32.109718322753906
38.350253105163574	27.493762969970703
37.49353885650635	38.03551197052002
36.554667949676514	42.16322422027588
35.613555908203125	43.40529441833496
26.223133087158203	34.310505867004395
29.855429649353027	35.306121826171875
50.13186264038086	44.4343900680542
59.69883728027344	48.25495147705078
45.37956237792969	35.08604431152344
56.55622100830078	42.19922685623169
58.93489122390747	57.44084548950195
34.52949142456055	27.624000549316406
39.84471559524536	39.33177471160889
44.87663650512695	47.090667724609375
56.99513053894043	63.21196746826172
40.329837799072266	45.22879123687744
53.1445426940918	43.89174556732178
48.313002586364746	40.956358909606934
56.63149452209473	43.016541481018066
27.500484466552734	23.829296112060547
32.99593687057495	40.017333030700684
56.360260009765625	43.71005916595459
47.78858184814453	50.00589179992676
36.47796630859375	49.293107986450195
29.488948822021484	26.463272094726562
49.40366077423096	46.13169002532959
34.525169372558594	25.754796981811523
28.338186264038086	26.266453742980957
66.21840000152588	71.92791986465454
43.965689182281494	48.429697036743164
31.37284517288208	37.80108642578125
27.26712989807129	27.867671012878418
35.363356590270996	35.13678312301636
38.90573787689209	42.23506450653076
37.92353057861328	32.931514739990234
47.53289794921875	43.48319053649902
39.60082244873047	33.714097023010254
42.52907466888428	36.75506114959717
54.337605476379395	46.89217472076416
23.235121250152588	30.392223358154297
37.0111083984375	37.51181888580322
42.15068817138672	37.28009033203125
35.934173583984375	37.00912857055664
49.935104846954346	32.24268436431885
37.64720153808594	31.35074234008789
35.7860426902771	34.97436857223511
55.29458999633789	51.348304748535156
32.386765480041504	30.953375816345215
23.683289051055908	35.828094482421875
32.84434795379639	26.865108489990234
33.28378200531006	30.84665298461914
38.57948446273804	38.32474422454834
33.97501468658447	39.62468719482422
27.60172462463379	25.518410682678223
32.8194694519043	32.111698150634766
29.9744873046875	24.85062026977539
55.76463317871094	40.28995752334595
46.654234886169434	49.07205390930176
40.18868923187256	34.128265380859375
44.75613498687744	43.41569995880127
60.679969787597656	62.93113327026367
30.046829223632812	34.5053186416626
22.836906909942627	20.124785900115967
34.48227310180664	38.178019523620605
25.110480308532715	17.688251495361328
33.89999771118164	31.29061222076416
42.99222946166992	40.959449768066406
49.90656280517578	43.009915351867676
40.6072883605957	40.740943908691406
28.704883575439453	29.420668601989746
45.81732749938965	44.854373931884766
23.85376739501953	30.96119213104248
28.08189296722412	16.029190063476562
40.46342611312866	31.177265167236328
36.90774440765381	26.414466857910156
36.095852851867676	36.88229751586914
34.35429334640503	34.366116523742676
47.03382349014282	32.9031343460083
48.514808654785156	46.700069427490234
38.26277494430542	38.507240295410156
38.726680278778076	38.128371238708496
45.712456703186035	42.2513484954834
39.718910217285156	39.60072326660156
48.04765844345093	46.26311159133911
58.182329177856445	60.83078956604004
65.60385131835938	62.04326629638672
30.03655242919922	31.201037406921387
24.66486167907715	27.994216918945312
33.59219741821289	39.61226224899292
24.7182035446167	34.63022232055664
30.611884117126465	29.74845600128174
32.7297477722168	35.74177932739258
47.97505187988281	51.43666076660156
32.337066650390625	39.37794494628906
33.75579071044922	32.335341453552246
57.8129768371582	54.145042419433594
25.39128303527832	23.808664798736572
30.365641593933105	30.562851905822754
34.407036781311035	31.664082527160645
29.75061321258545	31.887633800506592
36.61035919189453	39.95884704589844
33.84633922576904	33.61911678314209
40.98039245605469	48.03022766113281
42.773308753967285	48.095895767211914
29.02807331085205	28.880959510803223
36.927616596221924	44.17476272583008
53.42314910888672	52.367794036865234
36.00747299194336	42.74778366088867
38.443922996520996	38.78377437591553
32.288180351257324	35.30064105987549
37.5042200088501	38.395995140075684
29.53575611114502	25.40977668762207
31.872758865356445	31.121179580688477
30.531723022460938	28.956522941589355
30.084117889404297	42.01627731323242
43.752713203430176	34.062016010284424
31.901432037353516	49.06262397766113
31.334789276123047	33.095951080322266
42.29510021209717	51.72322082519531
39.937400817871094	48.151307106018066
28.202067375183105	31.593043327331543
54.86751365661621	50.74630165100098
55.05901336669922	52.8642578125
58.666930198669434	53.73901033401489
73.95079040527344	77.82837677001953
26.349194526672363	37.50398254394531
29.37311363220215	39.343143463134766
32.861053466796875	39.6485481262207
26.281611442565918	19.436450958251953
31.08274269104004	32.1589879989624
38.32064151763916	40.20969533920288
30.813919067382812	28.94237995147705
35.68049907684326	37.16512680053711
60.765947341918945	50.86933135986328
29.78001880645752	18.634049892425537
38.36143970489502	42.146596908569336
22.920427322387695	25.701498985290527
50.893210887908936	48.889336585998535
43.50491523742676	42.48364448547363
55.92439270019531	51.899173736572266
31.547730445861816	34.53351974487305
52.4571475982666	55.10390281677246
29.08326244354248	21.641286849975586
41.3615140914917	31.097159385681152
28.357440948486328	31.6019926071167
46.952219009399414	42.200918197631836
33.21820831298828	38.501739501953125
35.055274963378906	41.5713415145874
44.19632911682129	47.92174530029297
32.25419282913208	25.53325653076172
29.12142038345337	29.359958171844482
37.94053792953491	45.18120098114014
66.0886402130127	53.20353126525879
31.761199951171875	30.057647228240967
46.177016258239746	46.272239685058594
62.069644927978516	65.05226135253906
57.290855407714844	47.436065673828125
61.353042125701904	62.46965789794922
37.71977996826172	22.853473663330078
32.759692668914795	44.96888065338135
32.48417282104492	35.681983947753906
61.13454341888428	52.9449200630188
48.9301700592041	56.77840232849121
36.640732288360596	29.75480556488037
67.20216178894043	62.60745048522949
53.16463279724121	45.41371250152588
35.27936553955078	31.56573486328125
42.48994445800781	32.139349937438965
56.176939964294434	53.51194906234741
40.03121566772461	36.61322021484375
50.86136770248413	58.225181579589844
43.9375376701355	37.17583417892456
46.64607048034668	36.587700843811035
31.27180767059326	37.60770320892334
37.473671436309814	30.006375312805176
39.50636386871338	45.66788673400879
45.273834228515625	40.99136734008789
57.043277740478516	57.79018020629883
31.5635347366333	43.53201866149902
34.667747497558594	24.98556900024414
29.548258781433105	31.884604454040527
30.16995906829834	30.53501605987549
36.897303104400635	39.69956684112549
29.72031831741333	27.46474266052246
47.408888816833496	55.42866849899292
30.10059642791748	26.41767978668213
46.81533718109131	51.72187805175781
34.677345275878906	26.513370513916016
29.487545013427734	32.95222091674805
39.24598693847656	29.857430458068848
22.96840238571167	17.031696796417236
39.32054948806763	44.367634296417236
29.153902530670166	31.920897960662842
28.992562294006348	31.787056922912598
40.62827968597412	41.53378486633301
41.754295349121094	43.69976043701172
33.31685256958008	43.502716064453125
52.656982421875	47.58788299560547
31.999855041503906	28.267982482910156
16.661978244781494	13.658629417419434
25.42742919921875	17.69045066833496
39.9974250793457	34.52573299407959
36.665496826171875	46.27822399139404
26.06751537322998	26.215750694274902
38.96103000640869	39.85349893569946
29.965402603149414	31.486464500427246
34.98573303222656	32.03258514404297
37.01503276824951	30.589072704315186
59.54725742340088	61.02855062484741
34.881492614746094	35.822025299072266
42.85775375366211	44.9219970703125
37.63491153717041	30.61978816986084
42.448707580566406	40.324424743652344
49.46590518951416	53.68824815750122
62.12354850769043	56.495651721954346
36.453277587890625	33.370258808135986
37.51842975616455	34.3583345413208
39.869537353515625	34.293930530548096
48.98871994018555	45.983707427978516
39.23049545288086	42.20551300048828
27.81239891052246	32.183823585510254
43.663198947906494	48.114739418029785
50.14197540283203	51.614388942718506
35.723694801330566	38.380300998687744
53.377480030059814	53.46550369262695
34.45725631713867	38.88288974761963
26.319734573364258	19.930259704589844
37.64785385131836	35.547542572021484
50.84689521789551	57.599549293518066
59.03031635284424	47.213839530944824
35.505549907684326	24.688026428222656
33.93848419189453	33.57618713378906
50.54389953613281	52.907806396484375
31.84563446044922	35.895169258117676
47.82233428955078	45.14857482910156
36.75508499145508	22.442413330078125
48.80810737609863	52.18177795410156
57.22098112106323	49.27323913574219
38.018157958984375	33.68941116333008
57.39480972290039	50.05441474914551
37.609352111816406	38.320045471191406
42.738341331481934	43.02475833892822
40.725388526916504	31.107589721679688
31.002588272094727	29.75031280517578
44.34370994567871	43.91619682312012
39.98209476470947	35.13709259033203
40.48489570617676	39.29479122161865
30.533422470092773	31.606367111206055
49.85959053039551	41.81282997131348
52.580352783203125	45.67268419265747
37.70857620239258	27.767900466918945
55.874464988708496	48.92522430419922
34.287208557128906	45.53150939941406
18.13371992111206	26.785014152526855
40.15022277832031	40.98904609680176
28.38730239868164	31.181760787963867
34.755682945251465	40.57923889160156
17.343555450439453	22.29473876953125
59.47037315368652	58.80884265899658
40.263919830322266	49.794167041778564
32.158942222595215	30.599902153015137
40.71572399139404	35.16343688964844
35.3686637878418	31.667701721191406
32.92862606048584	40.283080101013184
39.22830104827881	40.97023963928223
43.0343656539917	46.17001247406006
36.97396516799927	30.78890323638916
28.259968757629395	36.729254722595215
33.680625915527344	36.3231201171875
50.86731147766113	45.89095401763916
43.791075706481934	47.80659198760986
31.484972953796387	32.20815706253052
36.970879554748535	40.515686988830566
27.93339967727661	29.42012071609497
55.48720979690552	59.24323272705078
37.56029510498047	45.59694290161133
25.418476104736328	32.98283004760742
23.839622497558594	24.512303352355957
24.462093353271484	25.28419017791748
44.081138610839844	46.743125915527344
46.15250492095947	45.09113550186157
43.73540115356445	39.252724170684814
43.9676399230957	43.80332946777344
36.844685077667236	42.11230230331421
40.385188579559326	40.73200988769531
32.39690017700195	32.40923309326172
29.833847045898438	27.231849670410156
51.511526107788086	54.48233127593994
33.95446014404297	40.66866397857666
55.88953685760498	47.560250759124756
50.775291442871094	42.684783935546875
25.60177230834961	30.80733299255371
37.65384006500244	39.3328857421875
27.313156127929688	33.53626728057861
33.9046516418457	29.934288024902344
39.51637649536133	35.16704559326172
39.95387649536133	24.140682220458984
36.384568214416504	35.914306640625
57.49034786224365	49.890324115753174
46.97644233703613	48.8653564453125
31.391464233398438	31.61178207397461
28.620978355407715	30.225357055664062
35.856356620788574	34.80925798416138
33.5697135925293	20.03514862060547
47.288063049316406	38.67409801483154
38.559937477111816	35.68138790130615
28.500619888305664	28.76438331604004
27.78321361541748	28.174072265625
42.13539123535156	33.3206901550293
41.840219497680664	51.392818450927734
34.20670986175537	34.55847978591919
32.292030811309814	46.399863719940186
28.655573844909668	22.065463542938232
31.727540016174316	33.84689426422119
30.461524963378906	23.913547039031982
26.502882957458496	16.969784259796143
57.46833801269531	56.78622627258301
20.976917266845703	31.146865844726562
43.99884033203125	49.520591735839844
60.986297607421875	69.42292022705078
35.97787857055664	32.889647483825684
37.84390354156494	43.95481586456299
67.72032356262207	56.505913734436035
68.21038818359375	61.923187255859375
31.615023612976074	35.82182693481445
53.79340362548828	49.796653747558594
