44.5337028503418	61.81903076171875
31.749725341796875	47.272796630859375
33.02349805831909	46.087883949279785
50.346702575683594	62.636475563049316
49.49269151687622	61.864200592041016
39.82982540130615	56.65848636627197
29.471717834472656	46.3154411315918
50.99727201461792	56.95700454711914
61.33183765411377	72.41142272949219
36.892104148864746	45.608585357666016
50.37208557128906	60.94675397872925
43.78278064727783	56.86109447479248
38.304290771484375	55.47192192077637
27.59869956970215	48.661203384399414
45.24163246154785	51.663591384887695
38.34555149078369	50.242074966430664
36.12761735916138	45.628437995910645
29.452526092529297	52.91328430175781
48.00045108795166	59.743736267089844
29.389354705810547	48.91387939453125
