65.96121883392334	64.55934190750122
50.2347412109375	43.557281494140625
58.03143501281738	57.69484519958496
62.4599609375	59.82116889953613
74.0941743850708	71.11697387695312
49.415154457092285	46.922569274902344
71.28192138671875	74.45693969726562
43.27973937988281	49.0557861328125
62.682472229003906	58.66110420227051
59.33451461791992	52.537384033203125
51.922898292541504	53.631653785705566
60.60947227478027	54.03529357910156
72.10040283203125	66.87492370605469
49.234161376953125	47.4501895904541
51.92654609680176	49.34255123138428
60.15065002441406	52.568115234375
48.34512233734131	43.86131763458252
48.920302391052246	45.04935264587402
48.240652084350586	45.42330265045166
47.08514213562012	51.63002967834473
