88.76374244689941	80.67474365234375
76.88699197769165	80.39431095123291
65.04911804199219	74.69157409667969
67.54172658920288	62.86599683761597
65.31813669204712	73.2143669128418
52.9031982421875	65.03804016113281
73.7286729812622	76.75053977966309
53.79236602783203	63.3151969909668
56.948543548583984	62.502220153808594
67.55838871002197	66.87318325042725
74.49712371826172	70.87989234924316
74.92928123474121	68.52435493469238
77.74515008926392	89.63084030151367
75.44496059417725	77.49875164031982
84.07143306732178	91.20881938934326
64.37348175048828	73.25015258789062
58.415191650390625	61.67705154418945
46.95480728149414	56.724891662597656
86.9862847328186	87.3155369758606
68.15177249908447	66.03765964508057
63.33905029296875	68.30355834960938
77.6001091003418	75.59615993499756
62.28546905517578	64.69454956054688
63.81836128234863	69.42168474197388
73.82952690124512	68.38865756988525
73.86271476745605	72.82818031311035
88.97285556793213	75.85284519195557
64.10736846923828	62.77054214477539
62.49219512939453	68.53385925292969
80.64223623275757	83.72076463699341
57.710086822509766	55.977725982666016
70.14216041564941	72.17916297912598
64.39443111419678	70.33584690093994
75.71626138687134	81.25684881210327
53.6695556640625	52.043617248535156
59.56771469116211	65.78585052490234
88.18670272827148	83.51896286010742
50.538726806640625	59.24840545654297
81.60562515258789	79.80484962463379
65.20513153076172	60.24984359741211
68.55543613433838	69.84240055084229
62.97099781036377	68.40390014648438
78.22039604187012	84.51107025146484
68.67840814590454	81.32352590560913
75.23791313171387	78.74300479888916
73.44102001190186	74.42439079284668
80.48773860931396	82.08798885345459
88.98223876953125	89.77932929992676
75.67645454406738	74.99312210083008
89.52514934539795	94.24419021606445
76.98563861846924	82.14157390594482
54.297566413879395	59.427241802215576
67.87171840667725	73.62223148345947
55.454383850097656	65.00811004638672
81.92717599868774	78.31759643554688
49.425411224365234	47.95673370361328
82.17195510864258	79.0878677368164
58.38050079345703	64.43840026855469
54.69528007507324	63.579331398010254
74.77702283859253	70.93261528015137
53.32087707519531	62.83997344970703
87.91786193847656	81.63129806518555
65.91952657699585	70.25997161865234
66.63094282150269	78.15587997436523
67.23998260498047	76.62252807617188
64.49867248535156	75.10783386230469
64.92037963867188	64.94110107421875
66.47898864746094	67.84678649902344
83.63119125366211	77.30492877960205
73.6074686050415	71.22117519378662
82.87638759613037	80.68589401245117
51.08741760253906	57.26146697998047
80.96986246109009	80.2480902671814
63.677873611450195	68.36983394622803
59.53439712524414	69.18427276611328
68.14848947525024	69.33675956726074
83.990478515625	80.66408157348633
76.70971870422363	76.0398530960083
63.63696098327637	71.57614707946777
62.68962478637695	72.62117004394531
56.89427185058594	66.83654022216797
66.7672290802002	71.41668605804443
64.43252563476562	72.89241790771484
65.46831607818604	72.73051261901855
65.2268295288086	65.16883850097656
73.63631057739258	75.39668941497803
71.71330451965332	76.96685791015625
67.7920389175415	68.67597913742065
65.67523193359375	72.5328140258789
65.46618461608887	69.46908473968506
52.38978576660156	61.477115631103516
65.06679439544678	65.64619445800781
70.1157546043396	73.29182052612305
53.24449157714844	60.65031433105469
55.806068420410156	67.40157318115234
63.220582008361816	75.04905700683594
55.45188522338867	52.967044830322266
54.87110900878906	65.30203247070312
49.723140716552734	60.412110328674316
84.69665050506592	83.27695941925049
59.606070041656494	66.70959377288818
63.547935485839844	73.64453315734863
66.1476902961731	72.85614395141602
66.42030334472656	72.40238952636719
72.99101829528809	69.21263217926025
55.99281311035156	65.37052917480469
80.37155151367188	74.42839622497559
73.23499202728271	70.32347774505615
65.10066986083984	63.52873992919922
62.96434783935547	71.51397705078125
61.34484529495239	63.81766605377197
62.137413024902344	71.86015319824219
86.31814956665039	83.88692855834961
70.76481485366821	66.62729501724243
83.32543849945068	79.31068229675293
97.29299449920654	85.55850887298584
58.46192932128906	68.02180480957031
69.8918137550354	66.06015586853027
59.41062927246094	67.77712821960449
68.88038492202759	68.2156434059143
63.11976623535156	71.93106079101562
65.42329406738281	73.36067962646484
79.43467617034912	74.18801784515381
54.768296241760254	62.26709175109863
56.841026306152344	55.72091293334961
82.694993019104	71.27660179138184
65.42557525634766	69.79470920562744
59.209969997406006	62.50589847564697
65.89640140533447	63.050522804260254
68.899658203125	78.50366973876953
76.53528499603271	79.03655433654785
60.54436254501343	60.58717060089111
84.96453809738159	82.9862699508667
67.06268310546875	71.853515625
65.59114837646484	73.9077377319336
68.42425537109375	77.42510986328125
80.61291551589966	76.04978847503662
68.09053230285645	76.4271297454834
64.22026824951172	70.68547821044922
59.015709400177	67.01757144927979
59.27174758911133	63.335296630859375
76.71810150146484	75.36581993103027
76.75313186645508	75.26078510284424
74.4658899307251	65.24904727935791
53.54830837249756	59.34051704406738
75.55939865112305	76.2914571762085
74.40185165405273	70.78304958343506
71.2820143699646	78.72398471832275
48.35657501220703	54.14284896850586
83.74596405029297	82.34153366088867
54.86220932006836	62.16715621948242
79.56123733520508	76.8694839477539
59.58979797363281	65.22180938720703
96.25492095947266	90.55148124694824
73.02505016326904	71.6951379776001
91.69132423400879	69.66633319854736
61.386390686035156	71.0256576538086
81.54835510253906	78.4817361831665
55.003150939941406	62.23912048339844
65.9794750213623	74.35733127593994
75.9032793045044	75.97322273254395
63.390933990478516	68.83777618408203
83.14580917358398	90.50966262817383
86.96673488616943	85.6428394317627
66.22647857666016	65.10327243804932
55.17237091064453	65.93446350097656
67.4780445098877	80.60536766052246
79.23266410827637	79.89178657531738
78.01271915435791	74.69452857971191
65.07182312011719	76.36798095703125
58.30383777618408	66.05025005340576
65.80406284332275	72.3980827331543
63.758880615234375	72.40026092529297
78.8050365447998	82.4580192565918
74.32567596435547	75.53858757019043
78.1112813949585	81.4527416229248
66.66688537597656	74.05326843261719
66.85291385650635	70.24014472961426
62.923622131347656	73.28804016113281
64.19973754882812	76.34693908691406
77.33976745605469	74.93158149719238
72.95356178283691	66.54663133621216
80.32361078262329	79.75612115859985
56.95928764343262	57.146278381347656
59.175171852111816	67.79443264007568
70.54327487945557	73.09823513031006
79.09623527526855	93.4137830734253
54.33494520187378	64.536376953125
59.92242431640625	68.27503967285156
76.6080379486084	73.43206882476807
75.72783279418945	72.04870891571045
68.5534987449646	74.47242164611816
62.70194435119629	67.57102918624878
70.96825504302979	68.60738325119019
96.93701171875	77.63930702209473
79.19421672821045	74.13527011871338
80.88703155517578	76.53797149658203
76.3044261932373	75.53213882446289
64.30172538757324	64.08997249603271
73.18858480453491	77.68986558914185
78.4463996887207	78.7428331375122
74.4142198562622	74.02026557922363
60.307448387145996	70.04366970062256
86.29148483276367	73.22287082672119
59.99735069274902	67.82460737228394
61.98604774475098	71.02671003341675
76.4879994392395	76.1808032989502
64.25405931472778	71.54767656326294
59.64036560058594	67.17843627929688
91.84870719909668	83.92693519592285
71.51587009429932	69.87373352050781
63.10673522949219	67.09403228759766
56.28288269042969	63.81465148925781
62.00960159301758	71.81578826904297
69.76315975189209	78.30824851989746
89.73493766784668	89.47363471984863
65.74628448486328	76.11687469482422
74.1093578338623	69.68889713287354
72.44526863098145	77.94213771820068
80.06124496459961	82.89565086364746
59.15211486816406	70.9188003540039
71.10737800598145	77.17189121246338
56.58753681182861	65.81382274627686
68.16703796386719	74.04182434082031
78.47710609436035	70.78498840332031
64.66532135009766	72.67008876800537
74.85450744628906	73.20500946044922
88.5503797531128	77.34762620925903
69.64141988754272	68.15206861495972
62.13988208770752	72.50857257843018
77.75384902954102	72.55477523803711
60.97585487365723	71.35799503326416
79.5349473953247	80.04446411132812
56.93071746826172	64.64022827148438
57.0179557800293	62.249839782714844
80.92258071899414	81.20238876342773
86.31985569000244	75.78958988189697
74.91181945800781	77.1965103149414
85.41766309738159	83.76101112365723
74.89162731170654	72.00563907623291
51.75775909423828	59.45142364501953
77.96075344085693	80.9727954864502
60.723854064941406	67.55345916748047
76.43086338043213	72.53149795532227
84.78567123413086	85.47848701477051
94.22244071960449	76.34790897369385
77.50617027282715	84.06290245056152
70.66458892822266	71.15827941894531
65.30058288574219	67.55476379394531
64.29020690917969	72.36067199707031
67.56672048568726	61.94893026351929
78.94175434112549	75.6309642791748
64.56245422363281	72.544677734375
70.9587173461914	75.91989135742188
80.88917541503906	80.31819009780884
69.69959163665771	69.07521200180054
63.19487762451172	69.63308715820312
70.59122657775879	69.48989868164062
60.28063201904297	69.63978576660156
63.803542613983154	68.35717821121216
66.83889770507812	70.98029327392578
57.20009422302246	62.69865703582764
72.44715356826782	78.03591823577881
85.40853643417358	90.01828289031982
53.809471130371094	61.23029327392578
74.97741508483887	70.54774475097656
62.26815605163574	60.50421094894409
60.44594192504883	70.31429290771484
61.33884048461914	60.12664031982422
68.9621057510376	65.77419376373291
58.651214599609375	64.88778686523438
49.89629364013672	62.30128479003906
50.0755615234375	57.640541076660156
77.54601860046387	73.95066547393799
66.18347311019897	78.75602531433105
80.65938091278076	79.37055587768555
78.36531734466553	77.62556982040405
52.48945617675781	61.559654235839844
61.46694803237915	72.73049640655518
85.28393650054932	93.45458698272705
81.33201599121094	73.76473426818848
77.79304790496826	78.31525039672852
63.55841064453125	69.78573608398438
73.73914432525635	69.78270149230957
58.70704460144043	67.40320491790771
69.19866180419922	80.01580047607422
93.5360336303711	88.25498580932617
83.03020477294922	81.39784240722656
76.30686378479004	77.34040260314941
74.55195236206055	75.7293176651001
69.10444593429565	69.63414144515991
57.24357604980469	65.32620048522949
60.96876525878906	70.364013671875
73.18428039550781	71.48817443847656
62.865509033203125	67.24540710449219
64.77772521972656	71.9565200805664
60.67249298095703	61.451210021972656
65.86162567138672	71.23841094970703
60.24360656738281	68.41204833984375
83.54742908477783	80.09391975402832
65.43274641036987	70.92965698242188
89.55463790893555	104.67066860198975
76.47826766967773	68.552237033844
72.80563259124756	76.94417381286621
57.04166603088379	60.0377893447876
56.27735137939453	66.0394058227539
57.089107513427734	65.67816162109375
78.52408504486084	86.46217918395996
80.95647811889648	76.66566371917725
84.70701217651367	71.77223205566406
63.525150299072266	61.65213394165039
64.47098541259766	64.33358001708984
75.27462005615234	75.80271911621094
71.79589748382568	65.50313472747803
58.842559814453125	66.85619354248047
71.90106201171875	71.01822662353516
83.63354730606079	88.16125869750977
82.51912117004395	90.57485580444336
58.48690223693848	66.83198404312134
65.1184310913086	64.53884887695312
79.04554080963135	76.00382995605469
77.04145431518555	80.58008193969727
79.00072002410889	76.24669647216797
68.99583435058594	76.6427993774414
71.44503593444824	75.77542781829834
75.82494163513184	78.29540634155273
66.5640549659729	73.25851821899414
54.050785064697266	60.21154022216797
60.83475875854492	60.31346893310547
59.94375228881836	63.406410217285156
53.989654541015625	59.993289947509766
75.51824951171875	74.27952003479004
76.05452156066895	69.62405204772949
60.33298969268799	69.33151245117188
77.43959045410156	73.32276248931885
60.577232360839844	68.94781494140625
57.70459747314453	58.74383544921875
76.25499725341797	76.9425106048584
73.17005348205566	79.58078956604004
69.9369649887085	70.32731437683105
67.51467895507812	76.0064926147461
80.41472053527832	64.77602577209473
75.82070922851562	78.09120178222656
67.63232517242432	70.81339931488037
78.59213829040527	77.3443603515625
57.33036422729492	63.53954315185547
71.54663801193237	75.2096300125122
78.65669345855713	87.62971687316895
66.08561706542969	71.54092407226562
66.07852172851562	74.24407196044922
56.74650573730469	59.98444747924805
56.17104721069336	65.08045959472656
66.54486751556396	66.30730533599854
90.20618724822998	89.07355785369873
74.59762287139893	79.14056396484375
84.40744400024414	83.19597816467285
77.14940357208252	76.04988670349121
55.25682878494263	63.06034851074219
63.462100982666016	74.11763000488281
70.27389526367188	73.58525085449219
55.73854875564575	63.02056121826172
64.03805351257324	74.0452766418457
64.2377700805664	68.63966369628906
63.259857177734375	68.19660186767578
66.66871643066406	60.09381103515625
53.5533332824707	63.590187072753906
68.01078701019287	73.53123664855957
76.0471658706665	78.31222009658813
80.2207088470459	79.6215295791626
80.08104515075684	80.90635871887207
70.13725090026855	68.32866096496582
60.55201721191406	60.01263427734375
58.231361389160156	69.19697570800781
82.35485458374023	80.28667831420898
90.60110092163086	81.1689281463623
79.80190658569336	83.3593397140503
66.07321166992188	74.51367950439453
64.74232482910156	73.70165014266968
80.80712985992432	82.13663291931152
67.48585510253906	57.25977325439453
62.86269235610962	74.69225120544434
55.70781707763672	65.38845825195312
63.03541564941406	76.35958099365234
78.43088626861572	82.12986946105957
68.3262791633606	73.02150535583496
63.55350351333618	69.72774362564087
55.5053596496582	65.58885192871094
80.35041809082031	86.15011215209961
57.191569328308105	70.07558250427246
80.47179794311523	84.68836784362793
75.48784160614014	70.70736837387085
64.07603454589844	63.282142639160156
59.803863525390625	71.25260162353516
60.25301456451416	67.92731285095215
60.98744201660156	69.55979061126709
61.27395248413086	71.00337219238281
67.74085998535156	74.31767272949219
72.87293910980225	76.93926811218262
81.05648994445801	95.33496856689453
56.039353370666504	64.76933288574219
65.53617095947266	74.55938720703125
63.11684799194336	68.23532104492188
85.26564264297485	88.36536931991577
56.12394332885742	68.52984619140625
75.88595581054688	73.66383934020996
64.193115234375	64.56501770019531
74.3951416015625	75.4266357421875
74.57440567016602	74.61469459533691
66.8316650390625	77.43286895751953
78.6981840133667	77.55394077301025
63.803871154785156	69.9874496459961
68.16665649414062	74.0340576171875
63.26044845581055	61.719703674316406
97.37342929840088	73.65068244934082
58.74419403076172	67.66517639160156
82.01051044464111	75.03757381439209
67.55908155441284	69.41353511810303
65.09420871734619	72.27766227722168
65.81810903549194	76.70601081848145
67.64909362792969	73.81900024414062
73.6668472290039	74.55223083496094
67.67780303955078	65.4212875366211
71.36349678039551	73.46209144592285
60.211055755615234	65.82971954345703
71.35569906234741	66.66978549957275
71.55795288085938	80.320556640625
58.84787368774414	57.74970245361328
59.19569778442383	69.69947052001953
73.04057693481445	67.48855018615723
76.50573348999023	67.98378896713257
92.44646072387695	87.58508682250977
71.623619556427	75.17751216888428
84.23028421401978	77.65463352203369
70.0770034790039	71.94819641113281
58.38095283508301	65.90000867843628
75.57098388671875	81.37507438659668
62.3404426574707	66.090904712677
65.14741516113281	56.50881385803223
66.259192943573	74.12973403930664
58.31870412826538	65.76448202133179
57.79223442077637	67.83991956710815
60.313438415527344	68.41496276855469
67.97237396240234	70.33663177490234
74.09402370452881	75.61472415924072
65.0600266456604	65.09191703796387
73.92434597015381	81.47887516021729
60.52507209777832	70.9661865234375
64.79501152038574	69.67212581634521
64.2911319732666	69.74172735214233
88.45031261444092	95.37412405014038
57.06752395629883	69.50006103515625
74.69670581817627	71.49095106124878
58.860132694244385	67.36668348312378
61.54475402832031	72.87123107910156
70.0636215209961	65.1422348022461
61.50548601150513	65.6644377708435
83.40362358093262	83.93635320663452
52.82544803619385	61.86495399475098
69.76390838623047	77.12501525878906
58.22174644470215	62.91426372528076
78.39556217193604	83.01140785217285
66.31046295166016	76.63028717041016
87.89974021911621	77.08257865905762
87.98665046691895	82.61674880981445
78.6820821762085	75.10011863708496
89.44159126281738	81.82829475402832
67.4371337890625	71.74335479736328
59.64874076843262	64.54006862640381
69.18088674545288	72.5053882598877
77.83399772644043	78.69255065917969
62.92395782470703	70.45053100585938
61.559319496154785	72.37542629241943
62.36483573913574	68.76405429840088
69.26934814453125	76.9649887084961
56.94073486328125	53.99303436279297
63.19928741455078	69.23214721679688
69.95263576507568	71.77680015563965
64.28733825683594	64.06478881835938
81.8743896484375	87.4657154083252
65.90299987792969	74.07540893554688
62.972976207733154	60.92530059814453
77.52534437179565	69.77553796768188
68.87551832199097	72.23166561126709
69.99528694152832	69.98354530334473
74.50976657867432	66.42942953109741
57.850107192993164	57.79990911483765
57.26605987548828	61.89982604980469
56.73564291000366	67.413658618927
60.708030223846436	73.2470269203186
63.055148124694824	71.67680263519287
70.48668050765991	74.52814292907715
65.33153533935547	68.23335266113281
79.67548656463623	78.1541633605957
68.6988525390625	61.539764404296875
82.46240615844727	79.96543884277344
70.69025373458862	74.739990234375
64.03910064697266	71.28166198730469
64.77725219726562	70.42806243896484
73.54850578308105	83.95137548446655
76.60113334655762	78.1674337387085
84.06025886535645	82.69858074188232
65.01145076751709	65.15159511566162
76.41948127746582	85.06181240081787
75.06166648864746	78.74374294281006
54.321197509765625	63.24298095703125
52.14862060546875	57.5170783996582
90.92938613891602	91.57868003845215
82.45840549468994	79.11750650405884
65.15420484542847	70.91074275970459
56.87242126464844	66.31468200683594
67.05261182785034	63.99239158630371
72.59906005859375	67.16371154785156
63.14552688598633	69.011474609375
73.61289596557617	75.95881175994873
74.93751239776611	76.96626663208008
49.72333526611328	57.25825500488281
64.87111759185791	70.1164927482605
80.02707481384277	78.43531608581543
65.8532395362854	71.1855525970459
71.65818786621094	66.54963111877441
79.02524471282959	81.15928649902344
68.32639503479004	72.98840045928955
80.99583625793457	78.85743141174316
75.97737789154053	74.49034690856934
69.26042175292969	71.51300954818726
76.26524353027344	74.33592224121094
74.21343612670898	77.60873508453369
57.0659966468811	61.0425968170166
62.550697326660156	67.12832641601562
61.602689266204834	69.3986349105835
64.08975219726562	73.32816314697266
63.01319646835327	65.30537366867065
81.73873901367188	84.77693367004395
55.84898376464844	65.17605590820312
54.219430446624756	63.40697479248047
73.53626346588135	75.46423435211182
73.2867751121521	64.69131517410278
86.16226387023926	79.9387149810791
67.79833889007568	64.31593894958496
87.319016456604	82.7021689414978
64.15641784667969	68.44413757324219
83.43198776245117	78.38066101074219
62.946720123291016	67.15878295898438
79.82610273361206	79.2651538848877
61.733150482177734	69.52948570251465
56.6766242980957	68.98834228515625
61.56965255737305	67.75942993164062
77.26142883300781	76.64918422698975
57.848920822143555	55.30519104003906
93.2246789932251	97.00682067871094
59.19292449951172	68.22126770019531
63.084022521972656	70.3939437866211
81.688157081604	81.26189470291138
73.07573318481445	73.48926544189453
66.29731893539429	66.40100240707397
84.57134342193604	90.15521430969238
67.47027587890625	77.97117614746094
57.697731018066406	67.8876953125
71.03849792480469	70.65337371826172
61.31221008300781	66.93926239013672
76.88009262084961	80.19305419921875
66.69400024414062	74.05201721191406
59.133615016937256	67.15477180480957
64.73108053207397	74.38833332061768
55.41960144042969	65.58650970458984
69.43388557434082	78.55503559112549
93.99559879302979	80.2938232421875
81.11800861358643	83.52520751953125
79.1061544418335	84.8827314376831
81.4680004119873	80.919997215271
55.21166229248047	63.353126525878906
88.85692024230957	85.07284307479858
57.002601623535156	61.863407135009766
59.3987512588501	70.73483467102051
89.24192428588867	91.28458023071289
89.0747880935669	74.40585041046143
76.99104595184326	69.9775071144104
76.42567920684814	77.92839431762695
74.98188972473145	78.46212863922119
67.62750148773193	72.62929344177246
57.51506042480469	64.41768646240234
62.26935958862305	76.052734375
68.33880615234375	77.41636657714844
88.40446758270264	83.42645931243896
62.10236358642578	67.28167724609375
52.679039001464844	61.96849060058594
64.00137329101562	75.30561065673828
83.39033508300781	80.65298461914062
50.987762451171875	57.888888359069824
76.34988212585449	76.6344108581543
63.38451385498047	69.25010681152344
85.42534828186035	83.60410690307617
67.71009063720703	74.82545471191406
68.02008628845215	73.50049018859863
72.4918270111084	79.7254228591919
82.6494255065918	75.0091381072998
57.13446044921875	66.38935852050781
77.31797504425049	74.05654621124268
67.75822448730469	64.49095153808594
55.03973388671875	58.21195983886719
68.1919412612915	70.94620513916016
61.47325897216797	72.6107406616211
63.9508581161499	70.60729026794434
82.77175951004028	70.79824876785278
74.82271385192871	71.5968017578125
55.971134185791016	62.39912033081055
68.95484924316406	75.21552276611328
60.13920593261719	70.21041870117188
63.105833530426025	66.73145914077759
79.50976467132568	67.40380954742432
86.65445184707642	82.68347215652466
72.80172729492188	72.33230209350586
71.04279899597168	74.55929946899414
79.87855291366577	80.74350786209106
61.4002103805542	69.02096700668335
84.55967903137207	79.59625053405762
76.43300867080688	75.1678695678711
78.32116413116455	67.95853328704834
78.90082359313965	74.94937896728516
59.35424041748047	69.64790344238281
61.72513961791992	72.58049011230469
85.76172828674316	83.39826583862305
72.05360984802246	77.73150730133057
71.56750345230103	72.07329940795898
80.38239669799805	64.68318271636963
80.9739875793457	72.33757972717285
76.67485427856445	82.93443489074707
57.85157775878906	63.823081970214844
67.89731502532959	65.19991874694824
73.47908020019531	68.65692138671875
66.08613586425781	72.24528503417969
86.83680725097656	90.36697196960449
63.49875783920288	64.78561305999756
65.9514389038086	72.2012710571289
78.91180229187012	85.32483673095703
58.650882720947266	72.32583618164062
62.71281433105469	68.59886169433594
74.9582405090332	63.920435428619385
68.95880222320557	75.93092918395996
52.920456886291504	61.085022926330566
67.78982448577881	66.49322319030762
63.847779750823975	69.49530172348022
61.87989044189453	67.71842956542969
47.981170654296875	56.288970947265625
64.15534973144531	72.2774658203125
69.10001277923584	77.10647106170654
65.73348999023438	61.09550476074219
60.41593933105469	70.94587707519531
79.13390350341797	67.13259744644165
65.80455017089844	64.40293884277344
99.2787618637085	95.81708145141602
52.722511291503906	64.03145599365234
62.316734313964844	60.77238464355469
60.029537200927734	66.45281982421875
61.62078857421875	65.24732971191406
61.532737731933594	68.46732330322266
64.81941223144531	71.10307312011719
60.05176544189453	69.39995574951172
48.20915222167969	50.32843017578125
61.975521087646484	70.85186767578125
70.71407175064087	69.53440189361572
85.20079612731934	84.29337501525879
78.8757848739624	70.09010410308838
44.09825897216797	55.33009481430054
75.31818008422852	70.62530565261841
64.80338430404663	73.53732204437256
70.12145376205444	73.7354621887207
79.36917114257812	74.90650939941406
55.429123878479004	60.11806297302246
52.941428661346436	63.47411632537842
63.50921630859375	65.8630199432373
79.33695793151855	79.22794342041016
58.410606384277344	59.058067321777344
71.82989645004272	73.83871650695801
76.82197761535645	81.19663381576538
58.97940158843994	68.19799900054932
65.0164794921875	70.41380310058594
80.41218852996826	75.97606372833252
59.12904357910156	66.15768241882324
79.29753303527832	81.87352180480957
67.47200012207031	75.1734619140625
54.438843727111816	59.99034261703491
58.866329193115234	66.74020385742188
61.01198196411133	60.896461486816406
85.916823387146	89.2406177520752
64.7339859008789	74.21540832519531
56.69835662841797	62.03148651123047
81.07316017150879	77.36105442047119
62.415802001953125	71.46589660644531
62.580570220947266	69.526611328125
66.59889793395996	63.569074630737305
59.65823793411255	69.40781450271606
51.37824201583862	57.553032875061035
76.74908494949341	70.6194920539856
65.45577239990234	68.40278625488281
84.70762825012207	85.13323974609375
58.20075607299805	70.08619689941406
58.83921813964844	67.96831512451172
54.623878479003906	62.02627182006836
57.1975040435791	68.39561462402344
54.257659912109375	60.01631546020508
70.76811933517456	74.12597465515137
80.82293891906738	65.59854221343994
82.26218223571777	79.19411659240723
59.52711486816406	68.12709045410156
71.1642599105835	70.44278621673584
75.57995796203613	73.49753379821777
76.2941780090332	71.46391439437866
81.26061630249023	77.22876262664795
66.96591377258301	78.15959930419922
71.82691812515259	72.9801778793335
84.77955722808838	80.88014841079712
77.5947093963623	81.68119430541992
57.57032012939453	66.13789367675781
80.16331386566162	79.20672225952148
56.90177917480469	67.59707641601562
57.33336162567139	63.18467712402344
71.88909149169922	72.57172393798828
62.3050537109375	75.85710144042969
60.87134552001953	68.48955535888672
68.09406185150146	73.06228637695312
84.01100063323975	80.5586929321289
62.14246988296509	67.831139087677
79.99657917022705	76.39705467224121
69.36675786972046	76.25102090835571
66.96773433685303	68.23208904266357
66.25462245941162	67.08101749420166
84.3032169342041	78.25094699859619
58.143094539642334	67.30847311019897
58.29488754272461	69.61582946777344
61.348114013671875	69.32247161865234
65.43243408203125	71.27250671386719
73.82670021057129	73.90494346618652
51.44670486450195	56.804779052734375
76.13745212554932	80.79036712646484
54.055152893066406	63.520294189453125
69.01485443115234	68.54307651519775
63.235042572021484	70.39932250976562
74.55496501922607	75.93192100524902
83.56832027435303	81.19892740249634
53.9465217590332	62.55353927612305
76.24170017242432	78.5669641494751
74.02526092529297	76.56253623962402
88.93394470214844	72.58225917816162
62.67805337905884	56.5779504776001
61.08307886123657	60.97374773025513
81.1887674331665	67.78963565826416
68.51781368255615	63.88345241546631
60.22644805908203	67.43412780761719
74.90408134460449	75.74511909484863
62.4525146484375	70.57720947265625
56.87026596069336	63.587440490722656
63.60242462158203	72.69659423828125
59.78919219970703	68.1047592163086
76.07771396636963	73.06728410720825
66.18739128112793	63.95610809326172
88.12400817871094	88.81394386291504
66.84283447265625	75.96133422851562
79.9255542755127	68.94133758544922
58.160545349121094	64.8004379272461
65.17449855804443	75.14152526855469
75.13088035583496	73.35470581054688
59.78248977661133	59.70594787597656
55.12814712524414	62.19957733154297
59.34757995605469	70.81723022460938
67.19612073898315	79.18444919586182
76.43858432769775	73.93436431884766
60.05469512939453	67.45285034179688
63.14010143280029	71.4712905883789
84.30251121520996	77.8355884552002
68.3427734375	77.05130004882812
77.90037536621094	75.27944946289062
63.46518516540527	71.29994344711304
59.77159881591797	60.01481628417969
83.77273416519165	90.5066328048706
67.71183776855469	79.90107727050781
93.44959354400635	89.20714282989502
77.79449844360352	74.29724979400635
59.04363441467285	67.00353384017944
78.25352096557617	79.36674499511719
56.83790588378906	57.29349946975708
68.83560276031494	68.30625057220459
64.4919662475586	67.98692321777344
61.59920883178711	73.14973640441895
64.50645446777344	72.7691650390625
61.78044509887695	69.95855712890625
62.89562225341797	68.29585266113281
78.22783184051514	78.49315166473389
63.91715621948242	73.83983612060547
62.45597839355469	72.4415512084961
65.9721450805664	71.68199157714844
80.79287338256836	79.27363586425781
58.502180099487305	65.61596059799194
61.25395202636719	67.94487762451172
56.2922248840332	67.51521301269531
59.37026596069336	64.7114028930664
76.91184997558594	66.22281789779663
60.24516296386719	68.37281799316406
60.94179153442383	71.67723083496094
83.50072860717773	79.990553855896
86.83656692504883	84.93878364562988
85.15263557434082	73.66034030914307
73.98757934570312	70.05990600585938
65.85057020187378	76.26426601409912
74.78601264953613	72.19936752319336
65.45919942855835	74.34329795837402
59.24945068359375	64.95132446289062
61.35601615905762	64.98882150650024
84.68359613418579	92.76169490814209
53.32854652404785	61.38200569152832
53.83525466918945	63.210853576660156
55.10202407836914	66.06955528259277
61.487548828125	69.93128204345703
63.69538497924805	69.06822204589844
75.19004344940186	80.05538177490234
64.66914939880371	71.71901607513428
63.31380081176758	69.95174407958984
58.122222900390625	68.54141235351562
75.51691246032715	78.70890426635742
62.330284118652344	61.326377868652344
64.19949340820312	70.1772689819336
65.96787071228027	73.16588973999023
59.856502532958984	71.306640625
67.32389688491821	67.01861000061035
65.3336181640625	64.36750793457031
77.72201442718506	76.74012851715088
59.80734634399414	66.84473419189453
59.69267272949219	68.15625
66.13170623779297	71.971435546875
73.43934631347656	79.06083583831787
60.44330596923828	66.22612762451172
64.01332092285156	70.30741882324219
57.82851982116699	61.539305686950684
63.474220275878906	70.85226440429688
61.69685363769531	68.43759155273438
53.934120178222656	64.86954498291016
75.46189498901367	82.05729675292969
74.63620376586914	73.63483428955078
66.49237823486328	76.40367889404297
83.35780143737793	85.13490676879883
95.99839782714844	83.16273736953735
77.82041931152344	74.31871604919434
69.81945037841797	72.02410888671875
64.7311577796936	66.89994668960571
66.2935562133789	73.95197296142578
65.08058166503906	67.71891021728516
63.477272033691406	70.06045532226562
56.26319122314453	63.195892333984375
81.67227745056152	75.56710243225098
82.53945922851562	80.17708110809326
75.31121253967285	70.172119140625
60.06247329711914	68.01130676269531
59.82125186920166	69.00369358062744
63.282100677490234	62.781219482421875
62.93589782714844	74.92481994628906
69.78671407699585	71.39037895202637
64.66041612625122	70.51214647293091
75.79188823699951	67.98495626449585
67.42367553710938	76.5242919921875
75.92286586761475	77.73553276062012
56.49006652832031	68.9512710571289
68.55949401855469	67.8865213394165
77.93113708496094	78.22680473327637
67.15982723236084	71.02020835876465
60.18646240234375	59.15631103515625
83.86112117767334	98.53597736358643
72.14435577392578	70.1614990234375
69.59638977050781	74.27365112304688
59.36539077758789	64.55928039550781
75.54214477539062	74.93553161621094
86.46944046020508	76.17958545684814
59.25740051269531	61.14068603515625
61.333065032958984	68.55654907226562
72.08058834075928	77.94450283050537
57.845001220703125	66.7820053100586
74.55039882659912	78.47201156616211
54.6821174621582	53.23167419433594
77.1148738861084	74.8787956237793
65.88142395019531	72.90792846679688
76.59236907958984	75.18390655517578
67.37255859375	66.37482452392578
74.3149185180664	77.86489868164062
68.97543382644653	70.23985290527344
64.271728515625	67.49043273925781
56.88633346557617	66.94539642333984
66.4675521850586	79.95707702636719
85.96379947662354	89.50417900085449
60.92881774902344	68.15448760986328
64.74657440185547	63.164493560791016
82.192214012146	78.47599411010742
63.00111389160156	73.97835540771484
61.35361289978027	65.69461154937744
67.32823371887207	74.72060203552246
73.70556735992432	71.56048679351807
73.48925685882568	69.72328090667725
64.6230697631836	72.54158782958984
74.62635040283203	78.74458312988281
53.39907455444336	63.800621032714844
81.1918830871582	76.14854049682617
69.03001356124878	63.5435528755188
59.23800230026245	64.94473457336426
67.73329162597656	59.748748779296875
57.25971221923828	68.46574974060059
59.752750396728516	63.26350450515747
59.71895980834961	70.11151885986328
82.78033447265625	85.5736083984375
57.742881774902344	63.18056106567383
63.42935085296631	74.95230197906494
66.53952598571777	64.6863842010498
63.742127418518066	72.9871654510498
81.90955209732056	69.78332710266113
49.43734788894653	54.59125328063965
70.00045251846313	84.58744096755981
74.76971626281738	76.34652614593506
60.65337610244751	69.58355712890625
60.74161148071289	60.3673095703125
63.536407470703125	73.38343620300293
63.61602783203125	68.178955078125
73.51367568969727	71.7131667137146
66.64251708984375	75.6811294555664
83.71262741088867	80.33729267120361
78.80156660079956	79.96445560455322
61.381526947021484	71.09849548339844
86.98197317123413	91.09384441375732
66.29791116714478	67.9043869972229
65.48412466049194	76.77896690368652
66.70213508605957	71.6940393447876
73.4313383102417	71.99700880050659
59.61013841629028	68.63392639160156
78.6150484085083	79.30323886871338
77.36226081848145	65.77029228210449
71.72658634185791	75.80991268157959
64.68582201004028	70.55950355529785
72.19691276550293	80.2943000793457
64.03499603271484	72.11148834228516
55.09553670883179	54.678471088409424
76.3117561340332	85.19677734375
63.718063831329346	62.34545946121216
67.64704132080078	69.71630096435547
57.32029342651367	62.83397674560547
59.7748646736145	68.55871725082397
58.84867858886719	66.99604940414429
71.1590805053711	75.92259979248047
60.75794792175293	62.21994066238403
65.21204376220703	68.281982421875
59.889116287231445	68.91465663909912
68.19493865966797	68.23107147216797
69.96079158782959	66.56263875961304
60.777942180633545	65.3271017074585
58.3260498046875	56.92162322998047
59.37297058105469	69.38597869873047
74.83526229858398	73.6177110671997
80.68217754364014	74.32075881958008
66.64896965026855	74.03691291809082
62.90792942047119	68.3293776512146
75.15832901000977	72.39693260192871
54.573495388031006	60.87750816345215
73.48509407043457	72.85463333129883
73.6163330078125	69.42585945129395
58.182655334472656	65.96609497070312
76.04729461669922	75.66330528259277
77.38336086273193	76.3051986694336
58.664790630340576	65.56156969070435
66.23475551605225	72.09980964660645
54.844627380371094	53.418182373046875
92.93369579315186	86.27464485168457
64.09307956695557	63.925347328186035
62.4489369392395	72.12036895751953
66.09965515136719	72.18477630615234
62.409095764160156	62.33135223388672
69.34795379638672	74.50395202636719
69.48835754394531	67.88221740722656
61.4677677154541	66.89082956314087
78.90254020690918	74.9754810333252
80.35307693481445	82.0636739730835
59.77799987792969	66.64353942871094
81.04621696472168	86.68200874328613
65.89707946777344	68.81265258789062
76.57731533050537	71.72686576843262
58.11131286621094	56.45671844482422
64.400954246521	71.46959781646729
75.66378593444824	80.61153030395508
60.06981420516968	65.61460304260254
71.60986518859863	70.8326940536499
81.73402404785156	82.47663974761963
73.73956489562988	75.02861309051514
93.29820489883423	95.05986547470093
63.565195083618164	70.11459159851074
91.93899154663086	80.22069931030273
62.430633544921875	74.1778335571289
59.03525733947754	67.43469142913818
57.20122528076172	64.02748107910156
67.31163167953491	72.70757102966309
82.46981906890869	76.93636512756348
62.28904724121094	72.79342651367188
68.88166904449463	79.63048458099365
88.56392288208008	96.92657947540283
66.01860046386719	67.38293647766113
75.14727401733398	77.97887134552002
62.44631576538086	72.13931274414062
