72.71318435668945	70.35217094421387
60.16447591781616	57.60215950012207
69.99894762039185	70.26369667053223
68.93348836898804	67.23975276947021
63.08359909057617	63.455477714538574
66.16719961166382	65.76892805099487
60.54783630371094	58.55510711669922
74.95800018310547	73.64595890045166
71.39562320709229	68.78262376785278
64.30316734313965	61.40095281600952
75.97461318969727	74.39822959899902
61.23806381225586	62.05781555175781
70.66310119628906	70.9498143196106
75.67394828796387	73.48689651489258
82.81050062179565	79.16622400283813
77.27311134338379	76.55057144165039
72.02482223510742	68.44735622406006
65.87760257720947	62.94735145568848
73.26800537109375	70.15243530273438
59.99704170227051	56.9510178565979
66.52656555175781	63.415184020996094
62.60777282714844	59.871219635009766
75.65648078918457	73.99767398834229
64.62906646728516	63.69371795654297
66.66786289215088	64.82385921478271
69.65060377120972	66.18075656890869
66.48875570297241	63.35924434661865
68.48002767562866	67.22102451324463
77.01661491394043	74.61557865142822
65.17167520523071	61.760488986968994
68.51828002929688	68.63845825195312
69.12506246566772	65.04533243179321
78.38438701629639	74.84441184997559
68.48350524902344	64.66555786132812
72.08132266998291	70.35810947418213
68.67126274108887	65.59542989730835
65.70272254943848	63.17160987854004
72.90105056762695	70.440194606781
64.17610359191895	64.20704555511475
69.03709411621094	68.77479553222656
65.24467468261719	65.17112731933594
69.0046935081482	65.05360221862793
73.30926132202148	70.53620052337646
67.48264932632446	66.84378147125244
67.20645904541016	64.53555107116699
66.00393676757812	61.963143825531006
71.57318115234375	69.34434700012207
69.64715766906738	68.22102499008179
88.77991676330566	85.26736259460449
64.64988899230957	65.09953880310059
62.25340270996094	59.5991325378418
72.00374603271484	68.67717742919922
83.4732027053833	80.92985916137695
70.85885524749756	67.69148349761963
77.22039794921875	73.35360717773438
84.38380241394043	76.52294158935547
57.20391798019409	56.83654546737671
69.60830640792847	68.65832376480103
65.90099143981934	66.28698921203613
68.96308898925781	69.30744934082031
70.86473894119263	69.2490062713623
69.0248794555664	68.3871841430664
56.93048858642578	52.83323287963867
81.8745665550232	83.34910488128662
61.347840785980225	58.78231859207153
61.49226379394531	61.13151168823242
68.83433675765991	66.87846994400024
73.43740653991699	73.22901821136475
69.82994270324707	70.51952362060547
65.11129760742188	67.55779266357422
71.58116340637207	69.3393087387085
65.58598327636719	66.53640747070312
64.99792385101318	63.92238807678223
61.89379119873047	60.970680236816406
67.00033664703369	63.12105989456177
67.20468235015869	66.82659816741943
66.33100891113281	65.42138671875
75.21948337554932	74.62551784515381
87.9569787979126	85.18187522888184
70.55184745788574	68.3886866569519
70.95834159851074	71.2295150756836
71.21490478515625	69.71997261047363
82.39156723022461	83.8970947265625
66.94589138031006	66.84273719787598
70.13309478759766	69.14028930664062
71.27488708496094	70.94068908691406
90.38694763183594	91.49940395355225
63.80889892578125	62.76255798339844
69.08375644683838	67.01061916351318
66.93559885025024	63.98590278625488
66.57704162597656	66.42334747314453
64.61651611328125	62.482582092285156
54.87419891357422	59.02234649658203
70.65079307556152	65.58244371414185
79.71981048583984	72.03930854797363
67.49777793884277	64.09561157226562
64.95294094085693	63.892035484313965
65.61372470855713	67.68508100509644
56.61747741699219	53.426918029785156
68.67431640625	68.15248107910156
