67.17579650878906	66.29225158691406
65.19041442871094	65.87921905517578
65.89717864990234	65.2132568359375
82.46444702148438	81.57343864440918
68.11350059509277	70.79416036605835
68.3334732055664	67.17399597167969
67.5724196434021	67.07055044174194
70.36477088928223	66.41373634338379
58.25505065917969	61.55058670043945
77.47913360595703	78.32409858703613
55.003509521484375	54.81720733642578
78.92203044891357	75.87019157409668
71.24011993408203	65.18907070159912
73.7709789276123	73.94563579559326
60.195247650146484	62.09334182739258
61.01564025878906	61.56755828857422
61.9854850769043	60.30295944213867
85.52519989013672	83.79294776916504
63.27057647705078	68.36431884765625
78.71915245056152	78.33796977996826
84.7612190246582	80.08623123168945
82.78478050231934	81.35312461853027
58.794103145599365	58.40317440032959
69.71246194839478	70.06053113937378
62.89144039154053	62.64416694641113
55.80582618713379	60.084794998168945
74.52764511108398	77.68034362792969
71.92402648925781	68.594482421875
64.86335754394531	70.89598083496094
84.93000555038452	85.03439569473267
67.6450023651123	67.22419166564941
57.78502655029297	62.714271545410156
77.59467124938965	75.20909309387207
65.38178443908691	64.46552896499634
62.10973405838013	65.49104261398315
70.37542676925659	69.44209957122803
63.206560134887695	58.76225996017456
72.96756076812744	70.96359443664551
71.23781681060791	70.66122531890869
60.026954650878906	69.21566009521484
60.42351722717285	58.18647336959839
67.24217319488525	72.1374921798706
64.82175636291504	66.19168710708618
64.50205326080322	64.90658760070801
61.28138065338135	58.80848407745361
53.887245178222656	56.328895568847656
60.747000217437744	62.74175262451172
80.7191276550293	79.55025100708008
74.60091590881348	73.80774021148682
71.2786865234375	70.53080081939697
79.87800407409668	77.42784690856934
84.86571311950684	81.40067100524902
61.693111419677734	61.07687759399414
58.58020782470703	61.56745910644531
58.08686685562134	59.415783405303955
69.27805137634277	66.75029039382935
64.97326040267944	69.93154907226562
70.12206077575684	73.41262817382812
81.18425369262695	78.28923225402832
60.90516471862793	59.040385723114014
65.55184936523438	66.43914794921875
63.19275665283203	58.99644088745117
64.48235988616943	58.678269386291504
57.92296600341797	58.29157257080078
65.42233943939209	71.80077409744263
60.728729248046875	59.95172119140625
75.57684421539307	72.25958347320557
67.50311136245728	68.10694313049316
57.620179653167725	61.10298299789429
52.44416809082031	54.58517074584961
68.115487575531	67.32519721984863
62.26509189605713	57.29612159729004
70.25700187683105	68.00744819641113
70.55230665206909	70.77517890930176
71.64078569412231	72.89918804168701
62.528886795043945	67.05330848693848
68.51791381835938	70.44182586669922
68.825204372406	75.81078815460205
68.38479518890381	72.83914089202881
77.0606803894043	71.53384494781494
60.299503326416016	62.9619026184082
67.51777648925781	67.80388641357422
81.34212112426758	79.55935764312744
62.12178039550781	61.72691345214844
68.47444868087769	65.056893825531
55.39677429199219	60.377750396728516
67.7262110710144	65.85704612731934
69.46744537353516	70.36459350585938
62.665135860443115	62.93260145187378
56.18498754501343	60.55712127685547
83.87892866134644	82.64712285995483
70.64009857177734	65.68047952651978
59.44563102722168	60.81365203857422
62.3292932510376	67.59856367111206
67.72369194030762	71.52536058425903
61.20776081085205	65.46475267410278
70.03107452392578	69.37129211425781
67.75605010986328	68.31057739257812
52.7457160949707	56.27888870239258
69.97128868103027	68.89062452316284
