75.69411849975586	69.1755223274231
76.25753879547119	72.26901054382324
71.30757808685303	67.15518379211426
73.1217212677002	70.43161582946777
51.074317932128906	43.27568817138672
40.136521339416504	40.8709602355957
75.33243560791016	71.2066421508789
71.86507415771484	64.82354164123535
56.0878324508667	54.08550024032593
66.37574672698975	62.71352291107178
61.79029083251953	52.54793930053711
73.7537145614624	72.58241176605225
59.79737663269043	57.05789566040039
66.90615653991699	62.52609729766846
55.94751739501953	46.972511291503906
61.09576463699341	59.34603309631348
77.43339157104492	75.20059204101562
62.829437255859375	52.36212730407715
59.84819221496582	59.58446788787842
71.57993173599243	64.65799570083618
60.842247009277344	61.657212257385254
64.95360279083252	59.41455078125
87.8477954864502	84.35387420654297
47.894771099090576	48.69632816314697
69.7934947013855	63.78776693344116
69.73724365234375	62.00358581542969
67.42115592956543	56.52712154388428
61.23106098175049	55.44157934188843
57.034990310668945	56.06284523010254
52.66632890701294	48.23931837081909
80.68303108215332	76.92402839660645
54.43201684951782	46.30752182006836
73.23499488830566	64.85533905029297
74.37187957763672	73.4161376953125
59.621705055236816	57.56939506530762
58.87123394012451	51.12346649169922
60.029818534851074	59.679643630981445
49.092323303222656	42.879032135009766
61.80265808105469	52.66084671020508
72.78025817871094	56.80071258544922
42.41836071014404	40.987406730651855
60.89261531829834	52.65384531021118
70.32615566253662	64.60677194595337
90.35075569152832	92.93785858154297
56.25296115875244	48.45757484436035
79.2172384262085	74.10092353820801
72.92674255371094	61.70680618286133
57.707322120666504	48.2279896736145
53.39590644836426	49.30871772766113
119.5814208984375	119.14069366455078
65.18888854980469	60.39648246765137
52.48482608795166	53.196467876434326
54.017011642456055	48.657766342163086
99.21501159667969	96.89527893066406
74.79687690734863	68.99832725524902
68.193434715271	69.96663665771484
50.44625806808472	44.71328639984131
68.56309461593628	59.602134704589844
66.94890594482422	59.82179641723633
52.05510663986206	46.79227590560913
81.21645927429199	81.10458374023438
64.13877153396606	58.59359407424927
48.496864318847656	44.16840410232544
68.06205749511719	71.23178100585938
65.96585273742676	61.58465385437012
67.93776655197144	59.88250923156738
48.28495216369629	43.55233097076416
76.5594391822815	67.26645040512085
54.18583965301514	53.54790449142456
63.21306896209717	64.84468841552734
59.121880531311035	60.06369113922119
66.35810089111328	60.96704959869385
65.5685133934021	63.86389398574829
56.3857421875	49.393890380859375
66.45897674560547	60.43232727050781
71.42367553710938	65.59684753417969
80.6875548362732	77.25351667404175
51.05324363708496	49.458749771118164
86.53659725189209	88.76736354827881
58.34608268737793	43.3313512802124
59.114524841308594	55.51768493652344
59.33716583251953	58.410996437072754
55.42188262939453	52.876243591308594
56.870723724365234	53.12921142578125
63.5663480758667	61.39030361175537
59.12178707122803	56.53124713897705
67.98238372802734	67.00212097167969
70.13606452941895	66.11521816253662
80.16098833084106	74.62757635116577
61.95071983337402	57.75056505203247
56.668861389160156	52.510128021240234
47.45891332626343	47.7279748916626
66.9945216178894	66.80959939956665
78.22366237640381	74.44021701812744
66.11050510406494	67.91072654724121
57.8974609375	55.289390563964844
79.456787109375	69.05408382415771
89.10788249969482	79.06697940826416
70.72621154785156	63.91801834106445
74.31770324707031	62.299909591674805
71.36831665039062	64.07219696044922
56.73426055908203	47.33311080932617
58.469627380371094	51.01681137084961
63.515254974365234	52.73700714111328
61.92854022979736	60.89366340637207
63.01275634765625	55.57868576049805
79.42865753173828	71.44488525390625
78.41762781143188	66.81074666976929
77.66322326660156	71.75245666503906
53.681602478027344	47.407920837402344
61.02620315551758	56.942665100097656
77.61294794082642	74.79430341720581
62.751760482788086	60.495718002319336
74.14776611328125	71.0825548171997
80.0203971862793	79.09391498565674
68.71283721923828	68.5801010131836
57.85260772705078	54.704002380371094
64.02613162994385	59.84911918640137
64.71726179122925	55.697876930236816
73.78812789916992	63.04530143737793
53.53361177444458	53.94489622116089
51.983880043029785	43.932053565979004
79.76057434082031	71.32425689697266
74.78344917297363	77.75346565246582
69.86451625823975	69.11852359771729
68.58816528320312	59.75434112548828
56.53919792175293	54.18704795837402
55.45888900756836	55.42911148071289
69.21810150146484	63.254173278808594
69.22023010253906	57.854591369628906
51.68558692932129	47.45574188232422
66.13856315612793	58.4776668548584
63.81434631347656	60.699520111083984
62.086100578308105	56.836995124816895
61.11846685409546	53.849761962890625
52.24156188964844	54.016876220703125
44.22017431259155	36.75263690948486
59.3320255279541	49.681458950042725
82.76091241836548	81.22683048248291
61.074341773986816	55.67751932144165
67.7514419555664	65.31253051757812
80.57731103897095	71.92532348632812
66.48657131195068	58.56556177139282
68.91522789001465	67.72306108474731
58.64698791503906	58.96354675292969
55.182111740112305	57.60305213928223
50.22014617919922	47.597694396972656
51.673513412475586	46.37306499481201
86.06479454040527	86.48634910583496
57.20631980895996	53.85831642150879
56.819801330566406	49.560543060302734
55.45838165283203	50.1702880859375
68.9285945892334	66.32815361022949
59.37792205810547	58.75285339355469
75.1151123046875	72.14531707763672
61.56038761138916	51.02941703796387
58.99720478057861	52.404717445373535
48.7291202545166	42.77314853668213
69.45262241363525	57.288280963897705
60.68764114379883	53.55559158325195
70.22708129882812	61.514984130859375
64.80810546875	55.12035369873047
74.4240951538086	68.83512020111084
72.97811126708984	61.98503112792969
53.95640563964844	50.5570068359375
61.025742530822754	51.67737436294556
63.113627433776855	59.851202964782715
46.55636262893677	46.24919271469116
57.31842041015625	49.100154876708984
66.48813772201538	68.140305519104
62.08045959472656	56.64406204223633
67.57582187652588	67.82963752746582
91.87873649597168	90.81661033630371
69.41854000091553	60.76903820037842
67.75674629211426	62.42556858062744
65.76069641113281	56.87168502807617
71.25428771972656	62.47120666503906
47.49588680267334	40.479063987731934
61.333434104919434	55.21201515197754
55.63585615158081	47.456910610198975
64.83294868469238	60.156128883361816
72.89393520355225	63.22020721435547
57.573981285095215	52.838669300079346
60.25909423828125	51.07991409301758
63.48148441314697	64.18201303482056
88.3452320098877	84.29810523986816
64.86288642883301	56.58012008666992
83.88605117797852	76.19946479797363
74.54146575927734	68.53681945800781
59.2908296585083	52.69647979736328
67.95804595947266	55.16484832763672
53.428439140319824	42.75191640853882
59.768744468688965	53.43813228607178
59.865989685058594	55.95941162109375
65.61628723144531	65.08707427978516
97.35998153686523	92.90709495544434
65.75709533691406	59.034854888916016
63.02955627441406	50.036895751953125
48.239792346954346	49.569305419921875
61.94377422332764	58.62435817718506
58.964213371276855	54.78331995010376
64.65315532684326	57.38883018493652
53.78332328796387	51.35496711730957
55.917848110198975	49.60296678543091
59.449204444885254	58.780250549316406
48.940229415893555	42.57180118560791
65.26470470428467	61.863325119018555
57.52097702026367	52.63677978515625
51.283607482910156	49.783430099487305
62.25410985946655	59.80062246322632
64.47150421142578	63.34637451171875
52.01235866546631	46.890198707580566
68.46460723876953	61.31505584716797
56.48246097564697	43.7357439994812
68.36743927001953	64.50663757324219
88.81617546081543	87.18676710128784
58.465789794921875	53.8487434387207
56.95077896118164	59.17023849487305
46.37713623046875	45.166696071624756
70.9618992805481	65.55485486984253
67.2855920791626	64.45041370391846
43.51152324676514	40.302711486816406
65.61532402038574	59.152015686035156
62.30487060546875	56.10124397277832
66.21645545959473	62.61515140533447
64.74526977539062	61.339210510253906
61.39731311798096	59.79873847961426
79.69934177398682	69.71498203277588
66.76925659179688	61.43187713623047
65.25069904327393	58.567702293395996
65.57342529296875	66.52816009521484
67.26411437988281	59.639217376708984
86.9832215309143	76.43376922607422
79.12473678588867	70.93125343322754
56.9418306350708	54.39295053482056
79.7488260269165	71.51270866394043
68.63266563415527	63.803189277648926
53.16714811325073	49.24667453765869
73.11526679992676	62.89665985107422
60.67479085922241	60.74995279312134
76.45841121673584	72.54268646240234
60.92131042480469	53.27827835083008
42.63029766082764	43.14800262451172
57.29669189453125	51.92651891708374
58.889617919921875	53.46641540527344
55.551849365234375	46.323638916015625
54.68100929260254	57.22309684753418
60.46603775024414	58.47450828552246
46.49029541015625	45.8563346862793
76.79172134399414	77.36486434936523
60.62439823150635	57.06065845489502
63.56661796569824	56.94049835205078
63.56112289428711	59.6644287109375
75.77616882324219	70.23607635498047
60.48422813415527	59.318275451660156
72.37644958496094	65.4699478149414
63.66334676742554	60.775307178497314
61.08024978637695	59.590213775634766
68.14159393310547	56.32130432128906
58.485992431640625	52.50282287597656
57.51030921936035	61.36069679260254
67.77918148040771	64.36797380447388
67.90100955963135	59.893555641174316
71.22519493103027	68.15771579742432
67.04369068145752	63.62727069854736
60.02564239501953	56.638587951660156
53.15405035018921	53.62498235702515
69.61190032958984	62.857025146484375
62.03903675079346	55.52605390548706
76.94874858856201	74.6132698059082
63.40782928466797	63.228675842285156
95.88101005554199	93.53361511230469
62.65335130691528	59.29954719543457
54.6690559387207	50.61158752441406
52.20508670806885	50.88365125656128
50.55321645736694	49.89442300796509
58.76889419555664	59.756004333496094
95.82139825820923	94.60919427871704
67.48916625976562	60.24901580810547
54.27638244628906	49.74164581298828
100.30008792877197	98.56832981109619
76.1810359954834	67.27341556549072
46.61384582519531	41.3974666595459
93.1336441040039	91.8120059967041
57.37572479248047	46.66258239746094
56.352097511291504	57.560723304748535
57.14936065673828	50.414363861083984
52.34028625488281	53.00705337524414
64.2565689086914	62.49625778198242
68.5660400390625	60.262657165527344
60.31739044189453	59.817291259765625
57.344186782836914	58.511484146118164
73.65482425689697	61.81323194503784
63.058472633361816	60.65419864654541
51.55821990966797	52.013763427734375
58.298744201660156	52.88419723510742
54.954508781433105	49.60436296463013
76.95500373840332	69.6691370010376
71.97386932373047	56.9332160949707
66.59884643554688	59.341042041778564
71.28900909423828	60.70759963989258
57.47451972961426	47.323646545410156
43.9280481338501	44.038020610809326
59.47700214385986	59.847524642944336
76.90710639953613	76.80407524108887
82.1187973022461	77.72126197814941
64.61261701583862	65.40528059005737
51.952125549316406	52.49255561828613
71.05372524261475	73.27145290374756
59.3050422668457	53.85130310058594
61.8686637878418	49.727542877197266
55.59824466705322	55.269264221191406
47.00243425369263	42.57941913604736
80.19741439819336	74.94037055969238
49.19942045211792	41.18790864944458
45.126220703125	37.62129211425781
56.471773624420166	56.15692090988159
79.5991268157959	77.67590284347534
75.72196197509766	73.42278099060059
56.43551731109619	49.69777297973633
63.89875888824463	60.45005512237549
68.09807777404785	59.792656898498535
84.06495475769043	83.56069755554199
68.48552083969116	66.36384630203247
63.631032943725586	63.99012517929077
77.44477081298828	68.51769256591797
78.92263793945312	69.2608413696289
84.89128875732422	75.0194091796875
64.8743577003479	55.30421018600464
66.5421371459961	61.96437454223633
58.05878829956055	54.85514831542969
61.21089553833008	55.599266052246094
66.5148696899414	58.103294372558594
68.38285875320435	65.51608371734619
41.32258462905884	41.884299755096436
70.19902038574219	66.02618408203125
63.975006103515625	53.19895935058594
70.67437171936035	65.34313201904297
66.74946594238281	58.560272216796875
78.80850315093994	74.84139919281006
70.01428985595703	57.50941467285156
63.26825714111328	55.636531829833984
76.25535678863525	64.41787576675415
55.585824966430664	55.30103302001953
59.29372024536133	57.06447982788086
63.097482204437256	54.46235704421997
59.00878715515137	53.04106044769287
78.33112907409668	76.00757217407227
76.21855735778809	74.49750423431396
54.57262420654297	53.35148239135742
57.39314270019531	59.6312780380249
52.9006667137146	50.27642107009888
55.224552154541016	57.67131805419922
66.00794315338135	65.55647373199463
71.85113525390625	69.45484161376953
57.60300827026367	52.582550048828125
50.39626693725586	48.929059982299805
64.68547821044922	59.23543930053711
76.7080078125	73.36100769042969
68.8436279296875	59.878779888153076
57.28113555908203	52.019657135009766
90.36770820617676	78.29955291748047
56.068397521972656	47.035675048828125
50.82454490661621	54.05056571960449
75.86797380447388	71.61455011367798
71.70400190353394	66.91545677185059
63.434749603271484	60.53459644317627
72.54832077026367	58.539846897125244
57.13974571228027	55.55289363861084
64.39737510681152	65.1120376586914
70.92613220214844	71.68954467773438
84.216796875	83.27890205383301
71.97073125839233	66.87697792053223
86.64654350280762	85.97392845153809
54.771597385406494	54.18900728225708
63.50704765319824	60.0766487121582
70.54098558425903	64.75374412536621
63.13772392272949	58.37130546569824
56.317657470703125	52.23548126220703
83.10617637634277	81.37342643737793
59.573795318603516	58.14024353027344
52.420372009277344	53.73419713973999
72.75222778320312	72.37622261047363
58.42737579345703	51.31645584106445
51.495798110961914	51.02419853210449
66.7749252319336	58.22670364379883
73.56232452392578	64.50914812088013
53.56049346923828	47.71348571777344
52.22228002548218	50.12774610519409
67.56895446777344	66.01909637451172
65.21648406982422	60.47966957092285
70.78099822998047	65.0606017112732
55.70966720581055	56.746368408203125
68.28680562973022	59.42286443710327
57.8231258392334	51.595947265625
66.3787612915039	68.24542999267578
50.12232971191406	48.998775482177734
56.84952735900879	50.333112716674805
67.09376525878906	63.5856876373291
63.54576301574707	59.081377029418945
77.14150428771973	66.18634223937988
56.26280975341797	49.33262252807617
62.634586334228516	52.45596694946289
55.99364137649536	57.03702640533447
72.45479965209961	67.23134565353394
54.519615650177	52.221532344818115
50.48436164855957	44.30192947387695
62.791937828063965	56.1572265625
67.11268615722656	68.15396881103516
76.66572761535645	68.34152412414551
64.1469554901123	57.27437496185303
65.1715636253357	64.14946603775024
64.47103214263916	60.90284776687622
57.87685203552246	56.868103981018066
59.90157651901245	57.574509143829346
59.170559883117676	50.094584465026855
46.14747905731201	44.57394504547119
56.66414451599121	53.038461685180664
74.88245391845703	66.17158508300781
75.18279075622559	69.18888187408447
64.42627716064453	63.326480865478516
53.04156446456909	50.60630178451538
54.73125600814819	44.67515468597412
62.60254764556885	60.38825798034668
73.80680465698242	73.81039237976074
59.653321266174316	47.96510314941406
80.16203880310059	84.40314292907715
59.44826889038086	51.326988220214844
73.87362384796143	62.70636034011841
64.97436428070068	53.69960021972656
58.23800182342529	57.312066078186035
68.901611328125	69.51915740966797
50.52838325500488	50.00518226623535
57.221435546875	56.69065856933594
86.41524410247803	81.72085475921631
54.47757911682129	49.022775650024414
62.328758239746094	62.145050048828125
63.999488830566406	56.21503829956055
59.45329141616821	51.97973012924194
62.98350429534912	59.07503032684326
61.988487243652344	54.50763702392578
65.17599678039551	63.96541786193848
87.74056434631348	77.91927337646484
61.80678939819336	54.447059631347656
68.94193172454834	68.0918025970459
69.3293228149414	64.05165100097656
61.25127696990967	60.26690626144409
75.39709568023682	67.5136570930481
57.94968795776367	51.16281080245972
77.77747821807861	64.89656639099121
75.14878463745117	67.70087385177612
74.90372657775879	78.06313514709473
61.06997585296631	52.467262268066406
56.898685455322266	50.341529846191406
64.66941833496094	58.24345397949219
63.02056932449341	61.8567910194397
71.40692710876465	65.00004386901855
87.50949954986572	83.1718692779541
56.25226879119873	52.308937549591064
83.94619846343994	83.39053916931152
62.1937198638916	56.516146659851074
52.24268436431885	49.34754133224487
62.92939758300781	59.084282875061035
66.41902160644531	62.797760009765625
79.23162937164307	75.61418056488037
63.06407928466797	56.227561950683594
78.82311058044434	72.95083236694336
50.05406713485718	48.22324275970459
45.379493713378906	36.20082473754883
66.17707252502441	65.45945644378662
61.405776500701904	53.1445255279541
55.71703338623047	50.66794204711914
70.30198574066162	71.28527069091797
63.94149303436279	61.3905143737793
56.91370391845703	51.31601333618164
58.76057720184326	50.22596597671509
80.97735404968262	79.30225372314453
53.723304748535156	54.44955825805664
52.2038950920105	49.84646129608154
77.62986660003662	69.64056491851807
59.84308624267578	51.87086486816406
58.84627914428711	59.137210845947266
48.13350820541382	49.547812938690186
75.98698425292969	73.45207214355469
86.30237770080566	82.66355085372925
47.28684997558594	39.500518798828125
76.58880615234375	71.73560333251953
77.8760290145874	78.89505863189697
65.31543207168579	60.42251777648926
64.07190704345703	60.75785446166992
64.67328643798828	66.91676330566406
66.83379173278809	58.22613716125488
57.08114433288574	49.08157539367676
60.3112735748291	51.10062217712402
90.03861331939697	85.97531270980835
60.203468322753906	64.53549194335938
76.97820091247559	73.934983253479
57.64546203613281	49.18880081176758
63.15183162689209	63.50105285644531
57.11780548095703	52.95098876953125
71.01754665374756	68.46688270568848
68.86236572265625	65.6834716796875
87.7855110168457	83.94551277160645
63.776100158691406	64.52094268798828
51.271026611328125	48.56162214279175
75.52699327468872	66.21488046646118
57.416404724121094	57.741004943847656
73.6736011505127	62.649736404418945
61.55659580230713	55.83425855636597
63.06529998779297	60.91416358947754
86.01067543029785	83.57172203063965
68.65359306335449	68.75673770904541
71.38336181640625	63.89254570007324
52.72585964202881	46.54954671859741
52.492143630981445	52.03733253479004
56.6441650390625	52.44652557373047
57.625253677368164	44.520724296569824
81.10836791992188	77.67621374130249
56.137367248535156	48.350379943847656
92.88957595825195	87.87605285644531
66.26786804199219	58.816097259521484
55.64513397216797	42.237088680267334
63.73854064941406	56.903385162353516
66.05533695220947	61.332932472229004
65.56360340118408	59.204572677612305
65.3786849975586	60.30161666870117
51.903921604156494	53.918944358825684
72.60429954528809	66.949782371521
52.33909034729004	55.05100107192993
73.56074333190918	58.062262535095215
65.52051544189453	62.0149040222168
69.63483428955078	60.09471130371094
70.66662454605103	67.91339063644409
63.067909240722656	56.06223678588867
67.53556823730469	65.84169006347656
64.34960174560547	52.29695510864258
73.08639335632324	67.85821437835693
78.1092357635498	79.02836799621582
63.72220802307129	59.66811561584473
61.49324321746826	57.68834972381592
58.03170204162598	53.733102321624756
63.57831954956055	58.47966384887695
52.885018825531006	53.801812171936035
65.40574836730957	59.93947505950928
51.91756820678711	45.43804931640625
70.70241594314575	71.20275735855103
48.69089412689209	47.289710521698
37.80699062347412	37.63600158691406
65.2278060913086	54.918731689453125
81.37080097198486	80.86747169494629
68.1667799949646	64.29065752029419
62.11097717285156	55.20783805847168
75.40353870391846	67.14970350265503
59.08839416503906	62.15563201904297
53.72373962402344	50.88404083251953
63.7291374206543	62.33214569091797
57.1660213470459	51.45784664154053
59.9655647277832	51.65560817718506
45.43785095214844	45.48717212677002
63.9007682800293	59.2852087020874
65.31778907775879	61.138001918792725
81.61659049987793	79.01559448242188
75.18951654434204	69.11795139312744
86.4325590133667	82.69176578521729
60.77569007873535	56.99239921569824
61.215816497802734	52.05555725097656
78.08610820770264	72.65039920806885
77.79258728027344	79.05001640319824
61.59877967834473	62.70245933532715
43.274611473083496	46.91169834136963
54.347734451293945	53.8622932434082
71.53416728973389	64.5818920135498
64.71560525894165	60.06118726730347
64.73687744140625	58.32596969604492
66.37319755554199	64.5463171005249
75.11563682556152	67.91021919250488
61.31862831115723	54.68183469772339
58.55675983428955	56.87386465072632
65.33523368835449	56.741539001464844
66.2344822883606	61.962504386901855
77.86982345581055	75.85080242156982
70.11930799484253	63.051438331604004
67.04293870925903	62.962796688079834
61.073654651641846	59.20901298522949
54.06828689575195	55.87946319580078
66.97549438476562	59.959991455078125
65.85700130462646	61.73185348510742
98.8349232673645	89.58929538726807
66.4891357421875	57.83670425415039
76.54911136627197	68.5861029624939
49.07679748535156	49.1757550239563
59.693702697753906	61.143141746520996
53.15664720535278	47.80971908569336
60.37282466888428	60.7415771484375
66.532958984375	68.32893371582031
52.646178245544434	48.906723499298096
48.66619062423706	40.1193528175354
54.80412149429321	51.29028272628784
75.03013610839844	68.67686462402344
63.87164497375488	55.35263442993164
61.04396438598633	53.90742492675781
91.68935966491699	85.17870140075684
70.37356567382812	62.89344024658203
64.50518894195557	65.71195411682129
73.5701675415039	68.49524688720703
75.4465389251709	67.27432250976562
84.2220606803894	81.77610540390015
68.99978828430176	62.78634595870972
60.343003273010254	54.74607610702515
63.00210475921631	68.00435543060303
62.85249328613281	62.08043956756592
67.26491069793701	66.66043090820312
67.99445390701294	68.16000318527222
57.27243900299072	53.47872066497803
59.393014907836914	54.674338817596436
73.72208547592163	70.59179735183716
85.01189136505127	78.58994770050049
57.41741180419922	56.52980041503906
60.12019157409668	54.700854778289795
64.1392593383789	60.311912536621094
48.65104007720947	46.12920331954956
59.461652755737305	50.47682762145996
58.18184280395508	50.59162902832031
70.3403377532959	68.18256378173828
55.248998165130615	52.72977161407471
77.77046585083008	77.86094856262207
57.365485191345215	50.31933259963989
58.265706062316895	48.69800043106079
67.81838989257812	61.57685089111328
61.028533935546875	54.60258483886719
72.11978530883789	60.531736850738525
60.11473369598389	59.80822467803955
69.83439445495605	67.25134372711182
63.13284873962402	54.06470775604248
74.87089920043945	71.32387733459473
47.561156272888184	48.67262077331543
60.25858211517334	54.63124704360962
49.36178731918335	51.35388898849487
59.784053802490234	59.43544387817383
50.81458282470703	52.74894332885742
55.877013206481934	47.20612382888794
63.032718658447266	57.38273239135742
65.39407348632812	60.11375427246094
71.53607225418091	65.51611375808716
67.36529731750488	58.864213943481445
49.91765213012695	46.551798820495605
58.24792194366455	50.0937933921814
43.04954671859741	37.61934566497803
64.1289644241333	60.65116786956787
56.32168006896973	51.01641654968262
66.4969482421875	63.65458679199219
58.21604537963867	53.95510005950928
47.91071319580078	40.83913707733154
69.92879390716553	67.21282768249512
93.08585596084595	88.19791269302368
62.57521724700928	57.57515621185303
84.59843444824219	82.81624031066895
86.75570487976074	83.3041763305664
57.602126121520996	57.74444580078125
59.80849838256836	53.909210205078125
61.381216049194336	59.719040393829346
72.20138549804688	63.91022491455078
110.24713039398193	103.99663209915161
58.05198287963867	54.032440185546875
75.51125621795654	70.38302707672119
54.61691427230835	55.21778917312622
65.96778869628906	66.4932861328125
57.05912780761719	52.473838806152344
82.82343769073486	79.09720849990845
58.90370464324951	56.41946220397949
52.199796199798584	51.615660667419434
49.1095552444458	40.95416498184204
52.586509704589844	46.0997314453125
82.52870559692383	79.64078426361084
67.59652090072632	59.29254341125488
55.02107048034668	52.42042350769043
70.10696411132812	64.84254455566406
77.58709621429443	76.44518280029297
55.79887390136719	53.020198822021484
64.92208957672119	59.30798530578613
68.5934829711914	57.98867225646973
55.87210464477539	52.475242614746094
70.1970443725586	72.6906509399414
72.14964580535889	56.00886297225952
59.70503282546997	59.51049757003784
57.92619228363037	53.222997188568115
70.00164031982422	69.04463195800781
48.67638444900513	40.8591628074646
67.33059597015381	59.97315073013306
65.72685813903809	58.56614017486572
72.46487617492676	67.98532104492188
67.64909362792969	57.922515869140625
67.85641622543335	70.58469486236572
75.67029190063477	71.11708974838257
60.99527454376221	52.41874313354492
57.56004524230957	54.86236381530762
79.90430355072021	77.88586330413818
61.429431438446045	54.01234245300293
61.63725185394287	56.38912773132324
61.43396282196045	59.395578384399414
62.52646446228027	54.146546363830566
60.08327770233154	54.189688205718994
75.09884834289551	74.5616626739502
74.10340976715088	64.68669748306274
55.18537902832031	51.503746032714844
67.76350688934326	61.21676826477051
74.5870590209961	69.82537746429443
65.669846534729	54.82386589050293
65.2783203125	55.580116271972656
67.31455850601196	69.82314491271973
55.6196722984314	54.92545223236084
61.202569007873535	54.10092782974243
68.51223993301392	67.49492645263672
62.534789085388184	61.04880714416504
48.95358467102051	46.152995109558105
67.4228048324585	58.530707359313965
56.36898708343506	57.03796100616455
79.82052612304688	68.41372680664062
71.38468933105469	67.1275863647461
62.52970504760742	52.063690185546875
60.107940673828125	50.44599914550781
52.93968200683594	47.69297122955322
74.29389715194702	71.37427759170532
67.59349966049194	58.42695379257202
79.10330295562744	77.23863124847412
67.96488952636719	59.428714752197266
58.87462520599365	49.944336891174316
76.8595175743103	75.50214147567749
62.61735439300537	54.85131883621216
58.56103324890137	57.772637367248535
57.82545566558838	51.14254903793335
60.307777404785156	63.49152374267578
66.76214790344238	60.1518030166626
55.6809606552124	50.673155784606934
53.553646087646484	45.80608367919922
59.127187728881836	53.275121212005615
73.47044372558594	70.2999496459961
57.16302680969238	52.86138725280762
74.71199035644531	75.51797485351562
64.70351600646973	58.28939723968506
56.608686447143555	54.876577377319336
61.85395812988281	57.49574279785156
68.12144565582275	61.980804443359375
68.8009033203125	71.01734924316406
67.96376037597656	67.97824001312256
61.952735900878906	51.43537902832031
71.88826131820679	63.73252201080322
53.59337282180786	45.459755420684814
62.40633487701416	56.02802896499634
76.90163612365723	76.23719215393066
61.243385314941406	53.37246322631836
61.101966857910156	54.383758544921875
74.65560150146484	73.72428846359253
73.67701148986816	70.67269706726074
62.781723976135254	59.76661491394043
55.158714294433594	50.73981475830078
59.73724842071533	51.864638328552246
85.03152322769165	89.5442419052124
78.53150939941406	72.84553527832031
69.99994659423828	70.1897439956665
61.46223831176758	58.18849563598633
73.80799865722656	72.06939697265625
61.03945970535278	59.93349266052246
56.65517807006836	50.80889892578125
68.75260353088379	58.736701011657715
68.42147827148438	67.73375511169434
76.67693138122559	76.08980655670166
67.33993530273438	65.86644744873047
67.48728942871094	61.7728271484375
82.66976737976074	78.63006591796875
53.93455696105957	47.86575222015381
73.21737957000732	70.96772718429565
77.27381706237793	68.69673252105713
67.52056884765625	59.414344787597656
62.098655700683594	63.79054260253906
52.12664794921875	50.40715026855469
66.95307922363281	65.16767883300781
63.288578033447266	63.729522705078125
60.72597599029541	56.634727478027344
63.506927490234375	46.25591278076172
68.33363342285156	59.98688507080078
61.954121589660645	56.61441993713379
61.737884521484375	56.01971435546875
63.513031005859375	55.924102783203125
63.47105884552002	53.44464111328125
77.66092777252197	75.25850772857666
82.65671253204346	73.88829326629639
58.19402503967285	57.201358795166016
62.105533599853516	54.40058135986328
59.859755516052246	57.88128089904785
74.88558292388916	69.19370174407959
82.36334800720215	86.19600296020508
51.9521369934082	43.25442886352539
55.37207221984863	46.33634948730469
50.11512565612793	44.34580993652344
65.12685108184814	63.22418403625488
59.32658386230469	61.189788818359375
57.72064781188965	58.82093524932861
66.3599624633789	62.77562713623047
45.00809955596924	41.98134469985962
59.077073097229004	57.3205509185791
101.87015056610107	92.96742010116577
73.98437118530273	69.83904933929443
58.334699630737305	61.11037731170654
61.45991325378418	55.94311714172363
92.74292707443237	89.2308783531189
58.200504302978516	51.89971923828125
51.868703842163086	45.49144649505615
62.0009708404541	58.677639961242676
62.888882637023926	56.408400535583496
55.86918592453003	49.925795555114746
79.93916845321655	82.81773900985718
63.7366943359375	58.99445343017578
52.84108829498291	45.23940324783325
56.71067714691162	57.718363761901855
54.71623992919922	50.91118621826172
59.231008529663086	55.41985321044922
89.14111614227295	86.42517852783203
102.75683116912842	105.24923133850098
59.0500545501709	53.305827140808105
57.662044525146484	54.580650329589844
71.24166107177734	71.62190246582031
58.01599407196045	54.26506042480469
71.69355773925781	64.20816802978516
60.80367660522461	52.718894958496094
60.92965221405029	57.2127046585083
77.308837890625	71.73716735839844
53.390464782714844	47.53567600250244
64.67045402526855	63.38694620132446
97.565016746521	98.96954154968262
59.725154876708984	58.89404296875
51.99691104888916	45.5171799659729
59.76603698730469	53.76408386230469
56.10927486419678	49.64254808425903
104.5746374130249	93.18844556808472
69.02493286132812	59.55419445037842
41.802128314971924	40.936551094055176
68.89077615737915	67.01241445541382
37.862345695495605	31.676413536071777
62.68137454986572	54.7559494972229
63.95637035369873	61.0683536529541
54.40471649169922	55.043402671813965
76.19142150878906	64.8754734992981
63.06318426132202	57.143596172332764
70.38300132751465	66.49989223480225
57.59082794189453	55.713584899902344
54.07424831390381	50.77796125411987
65.44148445129395	65.61590099334717
83.25945854187012	76.92268180847168
81.32005882263184	69.70744466781616
78.93886184692383	73.6435375213623
69.1111536026001	62.31276226043701
86.21547889709473	88.78694915771484
60.53204345703125	58.5614013671875
74.55323791503906	68.16940307617188
70.37825107574463	68.03092002868652
54.2453670501709	51.86769676208496
65.60863494873047	57.49030303955078
53.07054376602173	51.05332803726196
63.402557373046875	58.29096221923828
58.85053634643555	47.97400665283203
73.86595344543457	75.52438545227051
84.26474523544312	79.49925804138184
51.01127243041992	47.975741386413574
64.36982774734497	53.051772594451904
58.20268726348877	55.14836502075195
87.28992986679077	83.44703817367554
57.38929748535156	57.3769474029541
57.69617462158203	49.19379806518555
57.462066650390625	54.061424255371094
71.17513799667358	72.81851434707642
68.31678628921509	56.62338066101074
80.4071741104126	73.99647998809814
67.2971134185791	63.21871376037598
68.52197551727295	65.28500556945801
57.57127094268799	47.82553720474243
52.31041145324707	51.54176902770996
52.3656063079834	57.03793144226074
73.53239250183105	74.86307573318481
62.06773376464844	58.149070739746094
68.21971130371094	71.44513702392578
61.659886837005615	55.2146201133728
56.753488540649414	49.19024848937988
60.542240142822266	56.93693733215332
75.05781555175781	72.63746452331543
69.77792930603027	68.41480922698975
82.76540756225586	74.94872093200684
89.64267349243164	85.51572227478027
91.80613994598389	92.34830665588379
61.975290298461914	55.89839744567871
57.05344772338867	49.000675201416016
58.76994323730469	57.984357833862305
59.86334037780762	57.86327934265137
63.801491260528564	62.282631397247314
71.41423988342285	71.33580780029297
64.93243217468262	67.71199226379395
54.1062068939209	50.57135009765625
55.478994369506836	45.859622955322266
82.51794815063477	80.26434898376465
57.94969177246094	54.13471221923828
75.33968925476074	65.95815896987915
63.60263729095459	59.94376182556152
58.46277952194214	56.55759572982788
63.10319900512695	56.883530616760254
61.1833119392395	52.74733543395996
53.249876976013184	47.425254344940186
70.86544704437256	62.34767389297485
61.04514217376709	53.076788902282715
79.91320133209229	79.68679904937744
70.5224609375	62.6403694152832
70.01914978027344	63.93492889404297
66.0610580444336	59.50287628173828
68.10399532318115	66.98419094085693
53.615081787109375	49.29006576538086
76.0277271270752	72.51529693603516
72.28215217590332	63.52682113647461
59.66906261444092	56.23190116882324
62.839847564697266	55.103721618652344
61.615787506103516	56.41075897216797
59.078742027282715	58.63041400909424
63.808589458465576	56.092092990875244
98.03315734863281	95.38794708251953
68.29986572265625	59.64738845825195
58.40848636627197	49.719398975372314
59.65263366699219	56.52937316894531
70.61247825622559	70.99155235290527
64.46632385253906	65.4387435913086
46.76875305175781	41.01081085205078
65.21965789794922	58.30060577392578
73.96168613433838	65.90999507904053
61.99036407470703	62.63883686065674
100.4025526046753	95.295175075531
68.07720947265625	66.01004791259766
54.30385780334473	52.91249656677246
60.37140083312988	53.47700786590576
94.28831100463867	88.57625961303711
62.58522033691406	59.93303298950195
61.342055797576904	58.31512498855591
60.027549743652344	57.867286682128906
63.264058113098145	59.72852897644043
58.09669303894043	53.00852394104004
48.91695737838745	40.49477529525757
69.04717111587524	56.56007623672485
69.83560180664062	61.041099548339844
64.37302207946777	64.09293365478516
69.72514343261719	60.60175323486328
60.0359001159668	57.08100891113281
61.334877014160156	63.47732925415039
46.92763423919678	48.74403190612793
64.64141845703125	65.24901580810547
87.40322685241699	85.95034790039062
56.158334732055664	49.058409214019775
76.43518924713135	67.58030891418457
61.32501411437988	59.047393798828125
63.31512451171875	60.98310470581055
89.21756744384766	88.69721031188965
70.47849035263062	67.37301731109619
63.555686950683594	52.063644886016846
60.272454261779785	55.98376131057739
56.52710151672363	50.50051164627075
67.20567035675049	58.67830562591553
61.308135986328125	55.38611602783203
61.34556198120117	54.13730764389038
66.94048309326172	61.58250045776367
68.15740299224854	67.24752902984619
87.0139012336731	81.97670125961304
50.1946907043457	41.700439453125
49.47893524169922	50.60649108886719
58.95231056213379	56.01772928237915
65.94834804534912	57.574167251586914
57.47989273071289	53.102272033691406
52.62493944168091	41.202698707580566
66.02430725097656	57.34330368041992
55.924163818359375	45.746849060058594
73.76139163970947	73.23343849182129
74.44994354248047	59.73817443847656
55.90808868408203	53.127811431884766
51.13238525390625	47.68028688430786
47.3773627281189	40.0869255065918
70.72619009017944	67.35015869140625
48.87687301635742	43.05660963058472
55.41432237625122	56.44155216217041
57.343929290771484	49.905921936035156
59.80640411376953	51.61132049560547
72.08031415939331	67.93356227874756
58.076454162597656	56.67263603210449
74.37082052230835	66.89328145980835
56.196733474731445	54.92994213104248
97.315673828125	96.3984375
55.26681566238403	56.870320320129395
60.84486484527588	52.670230865478516
73.1395263671875	68.88748931884766
71.33013153076172	66.81588745117188
64.09404754638672	51.93280029296875
59.61798667907715	48.66647434234619
65.69379615783691	62.0079345703125
86.03108787536621	81.38755702972412
56.606266021728516	50.01473617553711
43.710082054138184	45.379371643066406
60.64939880371094	52.53932189941406
