61.25450849533081	59.27936410903931
62.26468849182129	64.03996324539185
71.99234008789062	72.95146179199219
59.26712894439697	66.62928199768066
56.38641357421875	61.67318344116211
55.966026306152344	59.701576232910156
61.64447784423828	67.8048038482666
69.6497712135315	74.26094341278076
67.99574279785156	72.93949127197266
63.70209503173828	66.34409236907959
74.15630722045898	77.3008861541748
69.06727695465088	67.3500280380249
56.40018653869629	60.679344177246094
51.96178436279297	54.66604232788086
62.982383251190186	68.24658966064453
55.02655792236328	66.18895721435547
60.3226318359375	64.20549774169922
46.06010818481445	49.342445373535156
66.14768171310425	72.97788619995117
65.99066925048828	68.19097900390625
65.59282064437866	68.13703107833862
58.49000549316406	60.52757263183594
74.47914123535156	71.28491878509521
52.68834114074707	54.734811782836914
65.1537857055664	66.82234954833984
61.829036712646484	66.38447570800781
60.672977447509766	64.02775573730469
56.51136779785156	59.66563415527344
70.71657371520996	72.85007572174072
60.17192077636719	59.52603530883789
65.66807556152344	65.73333740234375
60.46611022949219	64.57674407958984
67.85401153564453	69.97124481201172
58.447967529296875	63.94007110595703
56.89448547363281	61.732276916503906
58.19288492202759	61.628305435180664
63.23815441131592	66.39078426361084
54.708946228027344	56.956451416015625
65.43769073486328	67.65719604492188
72.15881252288818	70.9171986579895
57.85529708862305	66.47527313232422
59.817134857177734	65.69621276855469
67.12881469726562	68.2861328125
57.48579025268555	59.80529022216797
67.75101613998413	69.94911003112793
61.0283145904541	63.55394697189331
64.48558759689331	64.32444906234741
67.51795768737793	69.82341766357422
53.144989013671875	57.71537780761719
63.131324768066406	63.33589172363281
60.08500099182129	65.2031021118164
60.149704456329346	61.45851945877075
62.90242385864258	68.11639404296875
63.82206058502197	64.86242723464966
58.901092529296875	65.05167388916016
65.5491886138916	64.91827297210693
60.77212142944336	64.43170928955078
55.40422439575195	65.64495849609375
48.71092987060547	53.78130340576172
56.791473388671875	57.93867874145508
61.160807609558105	61.68283939361572
59.985801696777344	62.56303787231445
55.36732482910156	60.84867858886719
68.61328125	68.8416519165039
63.34661102294922	71.11904907226562
67.36809539794922	69.82455253601074
62.36874008178711	63.5234489440918
48.662628173828125	52.666996002197266
53.500465393066406	52.7338752746582
64.63066101074219	73.68216705322266
58.688114166259766	55.703346252441406
65.03569793701172	71.79104614257812
57.11880111694336	65.01741790771484
64.47026824951172	64.60215759277344
58.28502655029297	69.773681640625
74.69485664367676	80.55932521820068
57.536861419677734	58.47114562988281
64.67300415039062	67.32838439941406
72.03107070922852	69.34083652496338
59.825355529785156	62.63307189941406
66.50283718109131	69.78376770019531
56.95055389404297	57.913909912109375
51.09651184082031	58.94499969482422
61.980159759521484	64.11016845703125
61.397315979003906	60.281925201416016
62.9280309677124	70.76901197433472
68.71690320968628	71.73134565353394
68.537353515625	70.45440673828125
62.79053449630737	65.82977342605591
58.81215286254883	58.93901062011719
60.040374755859375	61.03913879394531
68.66761016845703	68.19281768798828
52.28607177734375	54.93370056152344
65.56492614746094	66.365966796875
54.850749492645264	56.891807556152344
61.916961669921875	65.11583709716797
54.94701385498047	59.30562973022461
54.96070861816406	62.68739318847656
65.17413330078125	70.69539642333984
67.42681217193604	70.67410898208618
63.68316078186035	68.7576813697815
59.12135696411133	56.616065979003906
55.72116279602051	56.48149394989014
78.05095624923706	78.87387180328369
64.68095541000366	66.13003492355347
68.06476593017578	74.02690887451172
65.37705945968628	65.06266593933105
61.4970703125	55.50801086425781
68.16958665847778	71.95005941390991
58.66649627685547	66.7982406616211
58.16571092605591	64.75608730316162
69.87341165542603	74.18799591064453
65.8784008026123	67.68174648284912
61.313262939453125	67.33758544921875
52.91761064529419	62.42483997344971
58.15005111694336	62.41826105117798
68.72392272949219	75.02569580078125
72.10809230804443	74.16637420654297
73.08968925476074	73.50214004516602
58.45509338378906	60.898990631103516
65.8475112915039	68.30193328857422
64.7867202758789	72.45837879180908
69.74398756027222	69.74068307876587
65.41421556472778	74.94429302215576
63.09639644622803	65.50959920883179
53.4975700378418	58.37834930419922
59.76622009277344	64.72611236572266
68.29705715179443	71.3593578338623
58.14196014404297	60.80433654785156
63.84161376953125	71.2928695678711
71.68087720870972	74.20689582824707
61.33262300491333	64.82791042327881
68.41117000579834	68.06411790847778
63.52645540237427	66.43996524810791
59.029983043670654	61.556396484375
67.05234575271606	76.27417945861816
66.56710052490234	66.52302551269531
61.905744552612305	68.00882148742676
62.79894256591797	67.25582122802734
67.83952903747559	70.61639213562012
58.08771514892578	60.92195129394531
70.09121704101562	67.72267150878906
56.71124267578125	63.57612228393555
60.457725524902344	66.33934783935547
75.83652019500732	72.8721170425415
56.18316650390625	59.18854522705078
62.61984825134277	66.31186008453369
69.10042476654053	75.8629560470581
52.55872344970703	59.546966552734375
54.789649963378906	59.09882736206055
70.06971073150635	73.31301212310791
65.9881911277771	73.0268611907959
74.1602554321289	76.57630920410156
64.44070434570312	64.46732330322266
54.28662109375	58.24711990356445
71.99300289154053	70.65971374511719
69.748291015625	72.2891845703125
56.92984390258789	59.2460823059082
66.50460815429688	70.33265686035156
60.60685157775879	66.36592769622803
71.73429822921753	72.34378623962402
44.05951690673828	49.878501892089844
64.58918762207031	64.39056396484375
55.778564453125	64.69161987304688
63.628559589385986	63.86532783508301
60.656898498535156	67.96033477783203
66.39869689941406	67.3330078125
56.129738330841064	61.282090187072754
55.76286315917969	63.00376892089844
76.1200361251831	72.15954208374023
61.11175489425659	61.341763973236084
55.41155433654785	58.34576225280762
62.029640197753906	67.71034240722656
66.97543573379517	74.33409118652344
64.08755493164062	68.64912414550781
58.5865592956543	61.97415351867676
59.628150939941406	61.430816650390625
57.86161708831787	63.94333076477051
57.30668640136719	58.75517654418945
60.495506286621094	64.11631774902344
59.76813554763794	64.33715200424194
61.590806007385254	64.13597774505615
75.14966011047363	72.53175258636475
69.41034650802612	70.02695417404175
57.69266128540039	62.932525634765625
62.981685638427734	65.08334350585938
52.59077453613281	59.88876724243164
61.72743606567383	66.029541015625
71.65762424468994	71.57228946685791
61.49714756011963	65.73818778991699
61.74726104736328	62.819984436035156
68.37178659439087	69.89026021957397
53.80415344238281	56.577327728271484
66.19808959960938	68.21037292480469
60.29339599609375	63.1591796875
60.16679763793945	69.53854370117188
58.577423095703125	64.2513198852539
63.09672832489014	65.798659324646
63.748661041259766	73.41535949707031
57.50321960449219	60.628082275390625
65.86688232421875	64.7145323753357
62.75612497329712	67.0093445777893
54.8424711227417	58.17152166366577
60.949256896972656	66.20474243164062
61.11524200439453	69.66326904296875
87.45244979858398	89.43178176879883
60.972869873046875	66.5978012084961
67.6927719116211	65.73362731933594
58.67951583862305	65.6599349975586
55.70195770263672	60.3482551574707
67.69168853759766	67.91242980957031
66.86142826080322	72.67468929290771
56.422210693359375	65.66439819335938
59.91898536682129	59.35717582702637
57.467134952545166	61.57221508026123
54.524559020996094	62.849708557128906
60.42876577377319	67.89967489242554
59.51287841796875	63.94890594482422
58.79074287414551	62.06934213638306
61.192237854003906	63.41537857055664
57.56847095489502	64.75376987457275
63.91250228881836	66.53081512451172
67.54043483734131	71.27766609191895
57.76318359375	61.1842041015625
58.97875213623047	61.934757232666016
57.04804229736328	60.112884521484375
61.76655960083008	63.88151168823242
58.757301330566406	63.16840362548828
59.834843158721924	67.60931396484375
71.47921752929688	71.62593841552734
59.5821533203125	64.1816635131836
63.790303230285645	66.31713724136353
62.727131366729736	68.4177918434143
61.149001121520996	62.469656467437744
64.90705919265747	65.66605997085571
58.029449462890625	64.47301483154297
57.40200424194336	59.99566650390625
62.523210525512695	64.28763628005981
68.87842559814453	69.70665740966797
69.85196685791016	69.99722242355347
58.81848335266113	61.37338829040527
68.53436279296875	70.99702548980713
74.86202430725098	75.01370429992676
67.49064016342163	70.97029781341553
66.40423393249512	68.62417030334473
67.07020711898804	76.08990097045898
60.26496124267578	58.76972579956055
66.29526329040527	69.96818590164185
64.47297668457031	68.06488037109375
72.6060562133789	68.75862121582031
67.32440948486328	68.49151611328125
72.32966709136963	72.14601516723633
64.5444803237915	65.24967384338379
65.41394805908203	66.38009643554688
64.69777584075928	63.93755912780762
57.5816764831543	59.03350067138672
62.79693603515625	65.1666259765625
56.15287399291992	62.079124450683594
58.355445861816406	62.62544631958008
60.293434143066406	67.85487365722656
64.20171356201172	66.56365966796875
60.70440673828125	61.07334899902344
56.63589859008789	63.2751579284668
65.99527740478516	67.51611328125
58.05368900299072	65.43238162994385
68.97326469421387	68.61895084381104
67.06857204437256	69.00404977798462
68.85995483398438	70.71540069580078
68.62458801269531	69.77091264724731
69.11457824707031	72.81056785583496
65.1862964630127	63.866769790649414
61.79405212402344	64.25835609436035
62.55213928222656	65.46055603027344
61.563350677490234	62.064239501953125
67.09271240234375	70.66523742675781
58.10951232910156	63.57989501953125
58.940887451171875	61.69659423828125
63.680274963378906	66.0710678100586
63.38529396057129	64.87831020355225
74.70676517486572	74.81432819366455
55.55645751953125	57.1240119934082
60.840559005737305	65.99331855773926
62.200523376464844	69.44561004638672
65.72587537765503	69.41040229797363
55.892547607421875	56.48676300048828
51.13482141494751	57.49785804748535
59.54924011230469	63.365543365478516
61.899513244628906	65.73200988769531
53.49121284484863	55.225979804992676
58.21105194091797	63.66606903076172
59.45058822631836	65.5949935913086
55.14884805679321	56.310935497283936
54.402588844299316	57.89962291717529
66.91934204101562	69.60722351074219
53.002532958984375	55.80809020996094
60.13570547103882	57.5533390045166
59.75829601287842	64.7806167602539
68.84505271911621	69.68925333023071
64.55806732177734	64.53034973144531
63.79823684692383	65.51113891601562
66.29014015197754	64.37525749206543
60.981101989746094	57.53575134277344
58.270294189453125	63.718467712402344
56.43313980102539	59.56026840209961
67.98048496246338	67.58645534515381
60.166770935058594	64.38197326660156
60.319172859191895	62.80842590332031
63.54984664916992	68.20092010498047
59.9617805480957	62.252281188964844
68.98979949951172	72.85501098632812
58.27211380004883	62.84688472747803
61.8920373916626	63.13729906082153
61.290260314941406	66.9644775390625
58.426170349121094	67.99790954589844
60.183876037597656	61.085105895996094
60.76007843017578	66.4205551147461
64.32278394699097	68.53817796707153
56.77068328857422	60.55525207519531
57.4525032043457	55.88100814819336
62.502379417419434	62.991013526916504
59.674827575683594	65.66703033447266
66.16365909576416	73.34275245666504
54.541465759277344	61.26742935180664
75.93911361694336	78.18138885498047
50.2285041809082	54.113990783691406
57.326170921325684	58.30882930755615
75.07713890075684	78.25199127197266
67.58790826797485	71.22603750228882
65.13719272613525	65.35424995422363
64.62154340744019	69.47556447982788
60.9004020690918	67.50925540924072
57.191200256347656	60.072662353515625
58.329505920410156	62.2802848815918
56.70079708099365	57.42257595062256
58.86779737472534	58.861231327056885
69.97827911376953	75.56314849853516
63.00010681152344	69.03244018554688
67.5177903175354	69.56776475906372
57.592735290527344	63.291831970214844
57.85309600830078	58.67919921875
57.7476167678833	59.22411918640137
58.84680938720703	69.54595947265625
58.341148376464844	63.1180419921875
74.20018005371094	78.83767700195312
67.04969024658203	69.01286315917969
63.38022994995117	63.85008430480957
74.30229187011719	72.95617961883545
57.94468688964844	65.56224060058594
55.413249492645264	59.37229299545288
48.44499206542969	54.73853302001953
75.24524116516113	76.6307544708252
65.31641578674316	67.20771646499634
72.57855987548828	76.2694091796875
69.22874593734741	69.38690996170044
61.56616973876953	62.72351837158203
67.80847930908203	69.69467163085938
68.20959568023682	66.14129066467285
65.98504543304443	65.45550441741943
65.482497215271	68.94317626953125
64.87188148498535	72.42219257354736
69.70246887207031	72.91007995605469
61.021310806274414	65.89172172546387
63.333374977111816	62.162275314331055
63.31440353393555	66.59156799316406
73.53289604187012	79.67095994949341
70.34520721435547	69.4334716796875
69.15891408920288	68.94260358810425
59.19563293457031	65.29934692382812
61.67615509033203	65.88386535644531
72.85710334777832	72.38036108016968
68.81729888916016	70.05622863769531
64.38457345962524	66.02530002593994
57.24121856689453	59.68182373046875
59.924034118652344	64.98261260986328
60.05302429199219	63.94127655029297
58.798072814941406	60.47465133666992
60.60409164428711	69.91427612304688
66.27714538574219	69.85052490234375
67.63969421386719	73.50929260253906
64.11185503005981	64.00825309753418
61.030357360839844	65.7484130859375
62.009727478027344	65.66531372070312
55.685638427734375	55.281620025634766
62.35506820678711	64.48170375823975
64.98616933822632	65.70295000076294
62.863203048706055	68.82807970046997
61.610482692718506	61.41380167007446
60.94217300415039	61.64366149902344
57.48236131668091	62.85080051422119
53.696712493896484	61.43971252441406
57.85409927368164	63.36388397216797
55.44413757324219	56.412147521972656
64.10185146331787	62.82333469390869
55.79933166503906	58.226104736328125
62.81800031661987	65.50366830825806
61.366729736328125	62.193031311035156
55.14900255203247	54.24507665634155
70.04016780853271	70.00790405273438
58.763328552246094	60.388916015625
43.065521240234375	48.72334289550781
62.12050914764404	68.31933498382568
60.26828384399414	65.709876537323
60.91524124145508	66.81068515777588
54.782691955566406	61.129173278808594
53.076210021972656	56.88532638549805
60.44061040878296	61.269357204437256
61.78060340881348	65.18370008468628
67.94998931884766	71.66413879394531
61.59175109863281	66.45801544189453
67.54180908203125	66.08175659179688
64.86802768707275	71.06578016281128
53.48445510864258	55.22220993041992
65.77584075927734	66.26095581054688
62.44224548339844	63.78517150878906
71.39888048171997	77.92214584350586
57.10701513290405	62.70565223693848
67.63711452484131	69.9456467628479
65.3197021484375	64.81769561767578
69.00560855865479	74.2144775390625
63.32490539550781	67.71025848388672
65.4998779296875	69.15711212158203
60.47834396362305	61.887237548828125
69.97224569320679	71.17812395095825
51.026817321777344	54.94072723388672
54.877159118652344	58.190345764160156
54.5678129196167	57.21702432632446
70.79093170166016	70.462158203125
57.524024963378906	63.16780471801758
51.393531799316406	57.58091735839844
53.5706787109375	60.06947708129883
68.95317077636719	72.75750732421875
53.594181060791016	59.56372833251953
48.18108367919922	53.29043197631836
54.32204818725586	59.95203399658203
77.45294380187988	77.24686431884766
52.677330017089844	59.42151641845703
59.1380500793457	60.74807357788086
50.386207580566406	55.89092254638672
65.48570251464844	70.51935577392578
66.31873321533203	71.95783233642578
56.59855842590332	59.69987869262695
55.496803283691406	61.989173889160156
66.43495178222656	68.41062927246094
66.8904037475586	71.42056274414062
57.08319091796875	60.444114685058594
65.85539388656616	72.89580631256104
61.951887130737305	70.7256932258606
64.83251953125	66.60047912597656
57.80263423919678	57.330918312072754
47.332115173339844	48.94731903076172
67.33771514892578	68.85951232910156
57.329891204833984	56.798362731933594
61.58487319946289	65.46708679199219
61.257948875427246	66.22221946716309
64.43895721435547	69.0600357055664
61.46995544433594	62.34579849243164
66.17720794677734	70.68275451660156
69.55064392089844	70.21785736083984
63.307565689086914	67.38415431976318
73.62459468841553	74.18558406829834
67.14051818847656	68.90994262695312
58.8946647644043	64.62115478515625
79.2428207397461	79.73807334899902
56.65677738189697	59.04466438293457
63.563658237457275	64.74089813232422
64.10126495361328	71.0365982055664
61.79023742675781	63.284507751464844
68.79672145843506	67.02494859695435
59.89974594116211	60.71635437011719
55.44951629638672	55.069610595703125
65.48695278167725	61.777719497680664
63.30517578125	67.40743255615234
62.97814178466797	67.28669738769531
59.9786696434021	65.30250692367554
63.38172149658203	64.68257141113281
66.39845848083496	69.85002994537354
68.80815124511719	71.38544464111328
67.7040023803711	74.34639930725098
69.17131614685059	72.884934425354
63.41477966308594	68.57622528076172
52.07386779785156	52.925025939941406
68.31411743164062	73.39920043945312
60.220951080322266	61.85117721557617
71.49247455596924	74.1739501953125
69.88166809082031	74.73502159118652
60.71746349334717	61.87182426452637
62.93687438964844	62.51387023925781
57.58101272583008	58.870731353759766
74.6454381942749	76.16067409515381
60.905014514923096	64.18614149093628
60.20229721069336	65.29350280761719
70.32170104980469	72.28903484344482
55.333438873291016	57.125057220458984
60.76983642578125	66.06224060058594
49.47848129272461	53.99277114868164
53.18992614746094	57.997772216796875
57.96686553955078	63.62083435058594
60.705345153808594	62.6892204284668
67.3403549194336	72.30103302001953
72.96100616455078	71.1700439453125
66.36992740631104	71.83428239822388
67.7691650390625	72.81002712249756
59.68666934967041	59.5292387008667
72.25457382202148	76.44090557098389
60.07118225097656	60.776336669921875
56.69692897796631	57.26976728439331
69.10957336425781	75.6156063079834
61.516963958740234	64.44783782958984
63.639198303222656	62.094444274902344
66.26050615310669	68.41637563705444
66.44706773757935	71.48756504058838
60.26301574707031	63.49184799194336
64.43290042877197	67.18016910552979
54.999671936035156	61.91197204589844
56.53129196166992	60.64183807373047
71.94915771484375	66.88838958740234
67.39907741546631	75.80380439758301
67.67032623291016	65.47258758544922
64.01989603042603	65.38820028305054
53.54255676269531	57.344459533691406
66.24943542480469	66.39012908935547
62.00527811050415	61.35969829559326
59.07472229003906	68.18213510513306
60.96995830535889	64.16101884841919
54.22215270996094	54.55241012573242
71.30937099456787	75.09594917297363
60.38165283203125	67.35175323486328
61.136165618896484	65.03274536132812
58.04364013671875	62.05571746826172
58.889780044555664	59.393858909606934
67.32210731506348	74.13021469116211
63.26657295227051	69.62314653396606
75.72418165206909	75.58053636550903
55.44662857055664	59.209999084472656
65.85382747650146	68.75251007080078
54.59820556640625	60.653358459472656
63.58440017700195	70.78317260742188
80.1229395866394	80.70982599258423
63.80561828613281	70.5983657836914
65.314697265625	67.81867980957031
60.44346237182617	62.60108184814453
66.05788993835449	66.03299045562744
55.663333892822266	65.1428451538086
58.00205993652344	56.14335250854492
56.26809310913086	62.21980667114258
52.45762634277344	53.76338577270508
70.16603946685791	76.99199676513672
59.906070709228516	62.04297637939453
58.78883361816406	62.95703125
59.23359680175781	65.17221069335938
59.87601089477539	63.10151672363281
64.66668701171875	66.04005432128906
64.04877710342407	68.60523748397827
66.76925659179688	69.696533203125
59.97245979309082	63.11456251144409
67.39147138595581	68.93411064147949
57.05364990234375	60.980018615722656
61.526784896850586	64.37268161773682
69.04098510742188	71.05387115478516
59.53451633453369	58.39055061340332
68.16918754577637	71.30488729476929
63.73939514160156	65.6747055053711
71.70474243164062	74.21363353729248
52.15725326538086	54.40022277832031
61.72252607345581	63.6566219329834
65.55354309082031	68.2149429321289
63.13535499572754	64.68577480316162
72.52819347381592	77.10453128814697
53.220962047576904	61.67528486251831
57.648101806640625	61.267913818359375
65.628830909729	70.8925609588623
60.37035369873047	65.96659851074219
62.18524932861328	64.36892700195312
71.71893453598022	74.25199127197266
62.68099784851074	63.86931896209717
57.1869535446167	65.73237705230713
59.983081340789795	63.22403526306152
56.30763626098633	58.64167022705078
51.61477279663086	53.243438720703125
57.02232599258423	63.07552671432495
64.31440734863281	66.62704467773438
64.31800842285156	68.88757228851318
57.00616455078125	63.079341888427734
57.993961334228516	63.487213134765625
67.35207939147949	69.21811580657959
60.654380798339844	64.63106536865234
60.62483215332031	65.39385986328125
61.59649658203125	63.846649169921875
74.0571813583374	68.74332618713379
66.61758422851562	70.20936012268066
59.5833740234375	58.597434997558594
59.65669631958008	61.861351013183594
48.41575241088867	51.58460235595703
63.80475616455078	71.18112182617188
57.70028305053711	61.93437194824219
66.02813673019409	72.84932041168213
61.26761054992676	66.13716316223145
56.18351125717163	61.06356954574585
54.12615966796875	58.08525085449219
70.24821281433105	71.67993307113647
58.49297332763672	59.70476531982422
59.508155822753906	62.796142578125
56.06517791748047	62.01038360595703
64.45723724365234	70.27597045898438
62.15583801269531	65.11776065826416
63.41741132736206	60.65464973449707
62.080801010131836	60.74423789978027
68.79076385498047	64.51565551757812
66.7540979385376	70.94384670257568
71.14325094223022	72.13508892059326
76.96908473968506	73.82035255432129
52.29212951660156	58.954166412353516
52.57862091064453	53.70295715332031
46.86357498168945	47.954368591308594
67.08219909667969	72.090576171875
62.33857583999634	66.62170314788818
66.60881805419922	66.2866439819336
56.55767822265625	58.322166442871094
65.13112545013428	68.42083930969238
60.31494379043579	64.40931701660156
57.594539642333984	62.09613800048828
71.94557046890259	75.02265644073486
62.74293899536133	67.74380493164062
64.11016845703125	63.35123062133789
64.76618957519531	64.30792236328125
56.38401794433594	58.15771484375
70.65144348144531	73.92335510253906
64.7720775604248	67.17282199859619
61.865116119384766	67.09559631347656
71.50030660629272	74.57062911987305
65.1251893043518	67.60739135742188
59.90020751953125	62.896541595458984
66.91509485244751	65.2078423500061
54.466060638427734	55.712066650390625
54.34668731689453	55.43763732910156
62.422210693359375	65.30484771728516
53.5675163269043	57.15349578857422
54.11012649536133	63.953330993652344
59.16342830657959	67.79635620117188
57.084110260009766	60.299137115478516
63.55358123779297	65.57426452636719
69.55691528320312	70.66267204284668
77.31548881530762	71.93039035797119
64.22830152511597	66.04412269592285
66.96251106262207	69.65291690826416
55.49533462524414	65.73406982421875
56.573768615722656	59.530372619628906
63.558753490448	67.85045528411865
62.61589813232422	67.75389099121094
64.05885457992554	65.77253723144531
61.833412170410156	67.4738998413086
62.692490100860596	64.450843334198
57.033878326416016	63.79330062866211
72.23669528961182	74.24712467193604
63.67457342147827	66.97581481933594
67.75356101989746	73.91217041015625
63.42460870742798	67.75676679611206
66.07296180725098	71.48636770248413
75.57676792144775	77.26811408996582
57.1723837852478	64.25514936447144
63.003265380859375	64.31016540527344
68.20049858093262	71.99170017242432
65.38958644866943	68.02423238754272
66.21583557128906	69.72366285324097
65.46840476989746	72.34634399414062
68.25639152526855	75.49064826965332
61.65708923339844	62.41259765625
65.63764142990112	68.22924757003784
66.88147830963135	70.3890609741211
64.21052551269531	69.12124633789062
72.22068786621094	73.25954818725586
58.236419677734375	66.25013732910156
65.0196304321289	68.08361864089966
52.44390869140625	56.22399139404297
66.05319929122925	72.55928134918213
55.85720872879028	56.246463775634766
62.43296432495117	65.79686737060547
50.97064971923828	55.53841781616211
66.5561842918396	73.49894714355469
65.26373291015625	71.35855102539062
64.68901062011719	66.4222240447998
61.632644176483154	67.32354927062988
65.86227416992188	69.58186340332031
59.42496299743652	61.182363510131836
61.421226501464844	65.50544738769531
64.03486633300781	64.69633483886719
60.29294729232788	61.7591028213501
71.91602325439453	73.57658386230469
67.48101854324341	70.67680406570435
66.37884521484375	69.23104095458984
60.910728454589844	61.82298278808594
63.90872001647949	72.21577644348145
58.038856506347656	63.91712951660156
55.56755065917969	56.33784484863281
58.8152174949646	64.0815052986145
56.640743255615234	62.067752838134766
61.956350326538086	65.2946834564209
66.71277809143066	69.89480781555176
58.431854248046875	61.410545349121094
59.13253355026245	58.85398721694946
62.49117851257324	66.40131568908691
58.18382549285889	63.194419384002686
65.85287475585938	72.13182067871094
47.190086364746094	48.47162628173828
57.940937519073486	62.09754180908203
63.93143081665039	66.89056396484375
63.32968711853027	69.49803829193115
60.19929885864258	62.32501983642578
71.59105682373047	72.59185791015625
52.7929573059082	56.73656463623047
52.52532196044922	58.999717712402344
59.72918701171875	60.06040954589844
62.80950736999512	66.08970737457275
62.62471008300781	63.904327392578125
70.5312967300415	75.37954807281494
61.594552516937256	66.26760864257812
59.10350561141968	62.24599885940552
76.22369384765625	74.49081420898438
62.664788246154785	66.45123481750488
69.70671033859253	75.61660242080688
58.41815948486328	61.08845138549805
57.667198181152344	61.984161376953125
61.99912643432617	58.72764587402344
54.308868408203125	58.30613708496094
67.59878540039062	70.7957992553711
62.04927062988281	69.56015014648438
63.59301567077637	71.09413719177246
65.25029754638672	66.98141479492188
74.51484680175781	76.74471282958984
65.9839940071106	68.34441947937012
69.72455549240112	70.33794450759888
66.86810159683228	74.33910942077637
68.34724426269531	66.12029266357422
68.74233913421631	74.65875148773193
65.73169040679932	64.42604684829712
55.58207702636719	56.83576583862305
53.86106872558594	59.96375274658203
67.20633697509766	66.33780670166016
60.406394958496094	65.6568374633789
59.88172912597656	63.6241455078125
59.76744842529297	61.2032356262207
58.01803207397461	59.801422119140625
66.74531650543213	67.57224369049072
72.11463928222656	73.31304931640625
56.570892333984375	63.59437561035156
59.26687574386597	65.17528438568115
62.360825538635254	63.558621406555176
58.99116134643555	62.20463943481445
64.35978698730469	66.39262390136719
66.39026069641113	72.17947196960449
71.2283182144165	72.00844764709473
61.2171630859375	57.786102294921875
68.21806335449219	67.88140106201172
62.266357421875	65.02264404296875
54.48151397705078	54.099212646484375
69.77843475341797	68.77320861816406
63.79009294509888	64.0356502532959
62.96376037597656	63.478904724121094
64.88611650466919	67.22251796722412
65.05206298828125	68.622802734375
63.47289276123047	68.66184282302856
62.23206329345703	66.1055679321289
67.05599212646484	68.33534240722656
58.25519561767578	62.65024185180664
54.81619834899902	62.88463497161865
55.355712890625	60.930034160614014
64.4272232055664	66.0386962890625
62.068023681640625	68.4201889038086
69.26895141601562	71.75007820129395
71.06051635742188	76.53977966308594
67.56983947753906	67.42942810058594
62.23991012573242	66.41585540771484
57.837833404541016	61.744964599609375
56.91615343093872	63.31927299499512
61.11705923080444	67.10965919494629
64.21774387359619	66.91148281097412
61.03017282485962	59.73681592941284
69.8763427734375	66.288658618927
63.14371919631958	66.2256031036377
61.87126159667969	65.09529113769531
50.143611907958984	58.02717590332031
54.90314865112305	59.08740997314453
60.34412384033203	66.5909423828125
64.06326198577881	69.65837144851685
56.81431579589844	63.954811096191406
54.39482116699219	58.67340087890625
53.90454864501953	59.17779541015625
59.56008529663086	62.741756439208984
61.189453125	67.76837158203125
59.15215873718262	64.67659950256348
70.54941415786743	75.11748218536377
73.18719291687012	76.13348579406738
65.10586547851562	71.55449676513672
62.52427291870117	69.55030822753906
68.57517099380493	75.73226165771484
47.337120056152344	53.42401123046875
55.87480926513672	61.291988372802734
69.15257930755615	69.29701805114746
66.52270603179932	67.03072929382324
55.68342590332031	62.02522277832031
51.0635871887207	59.25768280029297
56.58738708496094	67.18012237548828
54.23844623565674	55.00208616256714
61.40215301513672	66.16062927246094
66.76172637939453	68.61900329589844
61.1691370010376	64.4963207244873
57.85117149353027	61.08979940414429
57.57825469970703	62.42708206176758
56.402310848236084	61.15303945541382
63.2021369934082	65.60214233398438
55.852142333984375	60.83998107910156
52.35953140258789	51.304901123046875
67.39494228363037	69.70340585708618
57.6667857170105	60.280059814453125
62.99530792236328	64.61207580566406
59.95050048828125	65.93006896972656
60.71563720703125	63.2283935546875
57.31394577026367	62.21863555908203
67.01979875564575	72.54937648773193
58.40818786621094	59.711517333984375
74.87908744812012	74.7311840057373
59.31425094604492	64.12345123291016
57.11273956298828	58.9234619140625
54.96879959106445	59.01417541503906
62.87699890136719	61.77717590332031
71.30106925964355	73.61748695373535
67.15048027038574	70.40177249908447
60.47679138183594	63.483482360839844
60.98188781738281	65.30795288085938
57.22574234008789	60.51853942871094
60.910438537597656	64.36451721191406
66.2120590209961	66.42856693267822
59.53281784057617	61.68562316894531
72.15811729431152	71.55374050140381
72.46160745620728	74.40417051315308
60.635939598083496	67.04239797592163
63.68094205856323	67.17495918273926
57.70467758178711	63.88897705078125
68.49285936355591	68.77356004714966
61.747032165527344	63.57802200317383
58.22596549987793	59.75029945373535
63.59589672088623	63.811614990234375
69.59637451171875	72.62957763671875
57.53594207763672	69.46055603027344
58.387413024902344	66.2221450805664
68.94690799713135	70.64214134216309
57.49131774902344	60.45384216308594
57.4322624206543	66.29127502441406
65.94291114807129	70.46781063079834
51.13964080810547	53.637916564941406
58.71978759765625	63.95259094238281
51.17546844482422	54.319087982177734
59.740867614746094	67.05755615234375
61.078433990478516	64.26354217529297
59.825439453125	64.98734283447266
61.0903434753418	65.89529418945312
52.69457960128784	55.629109382629395
66.70189666748047	68.3415756225586
56.03152656555176	58.636045932769775
64.56978607177734	66.20028686523438
66.11090850830078	68.78046417236328
64.91775369644165	70.92789316177368
51.44255018234253	59.01394557952881
50.83612823486328	55.22978210449219
57.62841081619263	63.97272348403931
67.00261116027832	70.59197330474854
75.14023113250732	74.35913181304932
63.393959045410156	66.38640594482422
62.026817321777344	62.13235902786255
64.34524536132812	69.64982604980469
67.4862289428711	69.74940490722656
60.129798889160156	62.44223403930664
72.90228271484375	77.09329223632812
57.82013702392578	62.216270446777344
66.17005825042725	66.22381687164307
72.03429794311523	73.62583065032959
67.12682342529297	68.65634155273438
52.38435363769531	55.64738464355469
55.08427429199219	55.13159942626953
56.90384101867676	61.02245235443115
66.72918891906738	68.02402639389038
57.4497184753418	60.994529724121094
57.79240322113037	62.828248500823975
56.253793716430664	62.89963388442993
66.64591979980469	66.45089721679688
65.23103332519531	72.9646224975586
66.77758884429932	67.73903846740723
61.78675079345703	63.49613952636719
67.6893982887268	71.50894117355347
64.87889099121094	61.644615173339844
57.60659408569336	65.07142639160156
66.95134162902832	73.14637660980225
62.6909065246582	67.82367706298828
57.48363494873047	57.54801940917969
69.13507032394409	69.58185768127441
70.4618911743164	73.82315063476562
60.02246856689453	65.61307525634766
53.72685241699219	59.2205810546875
76.19163513183594	85.87981224060059
60.96850776672363	64.27389478683472
62.635653018951416	66.00114297866821
52.131771087646484	55.89134216308594
51.04090881347656	54.779937744140625
60.05291748046875	70.41913604736328
64.85407161712646	68.1950011253357
65.74338483810425	70.68240451812744
63.125304222106934	65.91970682144165
68.42308187484741	76.24802589416504
66.10152435302734	66.39722442626953
61.75242614746094	60.91673278808594
62.23117446899414	65.12590789794922
57.21218490600586	60.187713623046875
56.54884338378906	67.63014221191406
75.30231857299805	70.42689514160156
57.116180419921875	66.69901275634766
64.76043891906738	69.04524421691895
63.20521259307861	66.0197982788086
60.46910095214844	60.229888916015625
61.519126892089844	64.90595245361328
62.67162036895752	63.60046720504761
55.46880769729614	61.309208393096924
63.103344440460205	66.79639434814453
55.39185190200806	57.18584632873535
66.38053894042969	66.33213806152344
55.077701568603516	60.80414962768555
60.6100959777832	67.6988754272461
60.108964920043945	61.53979682922363
53.989376068115234	62.922332763671875
65.74547481536865	71.5931625366211
66.28019714355469	69.89190673828125
62.65312957763672	68.26823425292969
54.581329345703125	59.51250457763672
68.79928779602051	67.62428283691406
69.29287004470825	72.35512447357178
75.6011381149292	72.33922004699707
71.25267028808594	75.24058532714844
67.06795406341553	67.52581787109375
71.28099203109741	64.83294010162354
50.28798294067383	53.575687408447266
62.49943161010742	66.96617889404297
62.540217876434326	66.23366689682007
59.94676208496094	61.317190647125244
64.94319820404053	64.8831639289856
57.48998260498047	62.609153747558594
55.743717193603516	60.36927032470703
61.20431041717529	67.98326110839844
67.15255165100098	74.10033988952637
60.70787048339844	57.73363494873047
52.7524299621582	55.632904052734375
54.4882698059082	59.749507904052734
59.054298400878906	58.2188720703125
67.27700757980347	71.92285108566284
67.43463134765625	66.89788055419922
54.201727867126465	61.20656776428223
68.59461975097656	66.55259704589844
62.199023723602295	64.94811201095581
65.3084192276001	69.3771276473999
57.09954833984375	61.74034881591797
59.419227600097656	62.050289154052734
55.870070457458496	56.56573677062988
67.7114782333374	67.46964168548584
65.13002014160156	63.958580017089844
63.469642639160156	60.542537689208984
64.78982543945312	68.45370483398438
63.99803066253662	63.640429973602295
67.40843296051025	69.10417079925537
55.739620208740234	61.96494674682617
76.43061447143555	76.17925930023193
61.90463304519653	67.39691734313965
66.516845703125	68.23160552978516
60.179779052734375	63.48514938354492
65.1068344116211	69.66172742843628
60.450931549072266	65.6627254486084
61.66685485839844	64.85545349121094
56.915855407714844	63.1700325012207
67.91835165023804	69.12952995300293
81.79571151733398	77.32150077819824
73.82179927825928	68.4805383682251
63.8759765625	66.84037017822266
57.968780517578125	56.524513244628906
71.56993103027344	75.75906372070312
53.9145622253418	56.55341720581055
74.46685028076172	73.08195495605469
64.72995185852051	67.42346048355103
59.743961334228516	64.54168653488159
64.48285675048828	65.38246154785156
60.726463317871094	65.24742126464844
65.01575517654419	73.13593482971191
69.19699716567993	72.7245740890503
69.32472229003906	69.1453857421875
67.05307102203369	67.64698934555054
64.65920162200928	68.32884979248047
57.14330196380615	57.96460151672363
64.95758056640625	68.11698913574219
63.01886749267578	70.44913482666016
65.82171821594238	69.61779928207397
51.28756141662598	58.22735023498535
66.16748046875	70.62955474853516
76.29504919052124	74.430739402771
72.90703582763672	74.5928726196289
