52.90165901184082	50.05128479003906
54.35691833496094	56.50575399398804
52.67865180969238	65.93695640563965
60.50411796569824	69.00235176086426
62.57406044006348	68.08856344223022
55.1411190032959	46.332565784454346
50.055264472961426	59.770933628082275
54.95510673522949	49.68829011917114
56.66679859161377	62.105584144592285
36.321181774139404	41.96304988861084
51.48296356201172	59.693779945373535
51.9842529296875	54.72545623779297
54.402174949645996	57.389678955078125
57.93986463546753	61.30825996398926
52.33720779418945	56.80658721923828
42.14849853515625	45.4721794128418
32.591182708740234	40.70703125
39.60692596435547	51.41360092163086
70.08742332458496	74.50039100646973
46.81812572479248	45.0889892578125
56.97268581390381	61.77469825744629
48.511598110198975	56.37156438827515
54.00707674026489	57.61084985733032
55.73827886581421	63.70835781097412
61.27032279968262	52.90564727783203
46.27231979370117	50.395307540893555
61.17435836791992	63.15575695037842
56.857309341430664	62.83038139343262
52.34674644470215	59.11170244216919
49.71760654449463	59.68699550628662
47.602081298828125	48.64628601074219
41.45180654525757	45.31108045578003
41.565391540527344	50.58484649658203
43.245094299316406	48.30448532104492
44.57103729248047	53.682334899902344
57.35926628112793	56.97148323059082
54.6321907043457	58.1557674407959
50.2950439453125	57.02076530456543
45.78227996826172	56.053192138671875
46.9307656288147	51.76110649108887
49.17924642562866	50.46228218078613
72.02343463897705	78.09870958328247
46.07284355163574	47.73579740524292
31.651832342147827	37.36422634124756
33.200833320617676	40.397807121276855
42.576393127441406	52.62554168701172
46.54827117919922	54.447731018066406
42.280887603759766	53.753623962402344
35.630671977996826	45.21264362335205
41.103089332580566	54.45167112350464
