40.7376446723938	42.248106479644775
41.09586238861084	42.16043758392334
53.31840181350708	53.671876430511475
62.26243495941162	62.37027168273926
42.440799713134766	41.17103576660156
39.16824293136597	43.55032253265381
47.62913370132446	49.527831077575684
48.28624248504639	46.91294288635254
47.2316780090332	47.646636962890625
52.505903244018555	59.22271728515625
38.06073474884033	38.668192863464355
33.71154499053955	32.493141174316406
51.989197731018066	55.4476261138916
45.11544418334961	45.26572799682617
39.51023006439209	46.657790184020996
29.77125835418701	30.900967597961426
51.857994079589844	53.892269134521484
62.71872329711914	60.02203035354614
58.1395263671875	59.250152587890625
44.60991668701172	46.5595703125
