76.17241621017456	72.3565845489502
71.99869537353516	72.0197925567627
60.06814384460449	61.344690799713135
56.259498596191406	53.11759948730469
64.71158504486084	65.11315822601318
60.01233673095703	56.01530885696411
74.69058990478516	71.79235935211182
56.76666212081909	56.48782396316528
52.0548791885376	53.90341901779175
58.694955825805664	58.69287347793579
66.85063362121582	71.5716552734375
57.746286392211914	62.052974700927734
70.32159233093262	75.4061107635498
69.4293737411499	72.08189964294434
79.2414379119873	80.94136619567871
63.84699869155884	63.78977966308594
57.57646608352661	54.28974723815918
51.0272798538208	50.35370635986328
82.68498229980469	87.48764991760254
55.49463748931885	54.64592933654785
55.81022071838379	56.419185161590576
68.22492122650146	69.1225528717041
59.58346223831177	56.10723352432251
63.78002166748047	61.428022384643555
64.6172423362732	69.83349752426147
74.92199897766113	73.9053201675415
78.20776462554932	77.00177669525146
53.49983882904053	53.511361598968506
58.72341728210449	56.14799451828003
70.89042663574219	72.32260322570801
48.77644729614258	48.78109931945801
66.48424625396729	66.798996925354
62.51174354553223	58.09182357788086
68.94337463378906	73.3308334350586
41.858163356781006	41.87084913253784
59.28286600112915	58.582672119140625
83.7085747718811	84.11509943008423
52.69057559967041	51.49937438964844
73.58747243881226	74.6960997581482
59.94172811508179	62.228360652923584
63.957279682159424	69.85761499404907
59.31441307067871	58.04138660430908
75.83119058609009	83.41680097579956
63.73047637939453	69.85943412780762
71.15062189102173	73.64636039733887
65.39505004882812	67.91996955871582
74.42861366271973	75.23284721374512
77.21124029159546	79.19356727600098
69.13167476654053	68.9051342010498
81.76071166992188	80.84175109863281
68.37061882019043	71.81517601013184
53.901286125183105	52.424774169921875
70.96788930892944	67.28018236160278
54.870615005493164	58.153578758239746
84.7243480682373	79.7087631225586
40.620798110961914	40.64202404022217
80.09892177581787	79.46778154373169
58.04957342147827	56.434385776519775
59.36455726623535	58.132286071777344
64.32924842834473	59.93477439880371
57.89100122451782	57.44962120056152
86.56858777999878	82.71346950531006
66.12735748291016	68.96506309509277
65.99606990814209	72.91891574859619
71.46572971343994	69.54770565032959
66.97480201721191	65.73644971847534
56.14985704421997	56.15220022201538
61.494529724121094	57.92141532897949
74.05484676361084	73.42527866363525
71.10312128067017	73.81173133850098
80.60140609741211	80.86519241333008
53.412248611450195	51.206979274749756
76.96062469482422	79.20748329162598
61.47595405578613	57.762956619262695
58.12633514404297	58.259806632995605
68.52582454681396	71.20919704437256
67.80644464492798	70.18533563613892
63.873353004455566	62.616262435913086
66.55018043518066	65.92518758773804
60.9662504196167	62.659385204315186
61.50969171524048	57.88601875305176
67.08329677581787	68.82723808288574
61.40821838378906	60.504987716674805
60.4132022857666	66.82095909118652
61.717238903045654	63.28070068359375
68.00889492034912	65.1069164276123
68.10873651504517	72.65330600738525
65.89193820953369	66.03518486022949
65.36017656326294	64.38409280776978
63.76333808898926	61.47035837173462
49.43759250640869	49.90668296813965
55.20548343658447	54.850192070007324
65.76352119445801	65.41876792907715
47.83972978591919	47.92043209075928
51.93230867385864	52.87762212753296
68.23363542556763	64.56639003753662
44.77673292160034	44.79975700378418
57.146355628967285	55.966548442840576
49.121829986572266	54.319759368896484
79.69293117523193	80.11544227600098
56.80798530578613	57.314491271972656
64.44329023361206	65.25860548019409
69.68350410461426	63.407368659973145
61.67305326461792	60.178582191467285
69.81412696838379	70.20046806335449
58.58362913131714	57.72876834869385
76.11729431152344	74.61399126052856
58.198981285095215	57.3579216003418
64.76066637039185	62.108219146728516
60.81810665130615	62.55308389663696
61.97445869445801	59.435529708862305
63.33263683319092	60.27911567687988
80.99970245361328	82.5885181427002
56.045546531677246	57.645673751831055
75.75673484802246	78.41060829162598
82.92310619354248	81.12822532653809
57.53606986999512	58.55144262313843
58.62603187561035	57.35130310058594
65.32806253433228	62.37749624252319
68.0837631225586	67.64162540435791
63.101057052612305	62.90738868713379
64.745924949646	64.97169399261475
65.8121166229248	68.18709468841553
58.46757411956787	50.59771537780762
41.479538440704346	41.47835397720337
67.3632287979126	66.4915943145752
54.403014183044434	55.63140869140625
59.14410591125488	56.0752534866333
54.54550790786743	54.5617995262146
64.99604845046997	64.53225803375244
71.84365749359131	72.77234554290771
52.61453151702881	50.56565761566162
68.43441677093506	67.56398296356201
59.1364688873291	58.6742148399353
59.98802947998047	60.47806692123413
61.97798824310303	63.53416299819946
76.12958335876465	74.75301933288574
67.20610618591309	66.11387729644775
58.237083435058594	60.25364542007446
58.05619239807129	59.64032173156738
53.42622184753418	59.71661567687988
68.14195966720581	67.4489049911499
75.21929740905762	70.83883762359619
68.4685754776001	62.06303596496582
55.33526611328125	53.62034606933594
73.30827236175537	73.91156196594238
70.0662612915039	71.89226627349854
73.11450004577637	74.17062950134277
53.00766849517822	49.55113363265991
86.32072448730469	83.40357780456543
50.60259819030762	51.06402397155762
72.25563049316406	72.78584480285645
53.83519649505615	53.60686540603638
81.26451206207275	83.0250244140625
71.10820770263672	70.06588935852051
68.05801296234131	63.362064361572266
60.09677267074585	61.766218185424805
81.93371772766113	78.06200981140137
56.1011438369751	55.034963607788086
62.743072509765625	69.03826713562012
71.26983642578125	75.56010246276855
66.33438920974731	62.056313037872314
82.41072654724121	86.32787990570068
80.00178337097168	81.58459663391113
60.656867027282715	55.89604377746582
58.160033226013184	58.54481649398804
68.47590446472168	69.60042476654053
73.59657287597656	79.25237131118774
64.18931722640991	60.36999750137329
65.00678157806396	62.88717555999756
57.30253601074219	56.68133544921875
54.35927391052246	56.54449939727783
65.54336500167847	62.83832502365112
72.20244359970093	76.90942573547363
71.24878597259521	74.99539136886597
76.45364570617676	83.50996971130371
57.49794816970825	59.05665063858032
63.92486572265625	63.91458034515381
66.5534119606018	62.4195613861084
63.42641544342041	62.941283226013184
72.2729139328003	74.00041246414185
62.08517551422119	66.65075778961182
77.90959167480469	76.0521068572998
50.150251388549805	50.14613151550293
57.735108852386475	59.402183055877686
68.85898494720459	69.72013282775879
73.66023063659668	81.59144020080566
58.51907730102539	53.20734786987305
59.748759269714355	60.07943916320801
59.77393198013306	62.2173285484314
73.13918113708496	71.73316955566406
64.6690845489502	71.11225128173828
64.45767879486084	61.235408782958984
58.3571720123291	57.92925834655762
78.98710012435913	72.32887744903564
74.0833568572998	75.01484870910645
69.16421413421631	75.22510528564453
75.22195339202881	78.79998207092285
63.21958065032959	63.50120544433594
70.73092460632324	75.06244468688965
68.99069786071777	72.1098804473877
67.91813850402832	68.14611911773682
55.22305488586426	58.359904289245605
67.33781671524048	66.22689199447632
58.97336006164551	56.62123680114746
61.370978355407715	63.05617332458496
66.67321014404297	73.06636047363281
61.14229679107666	61.013145446777344
53.198676109313965	55.015870571136475
74.33157873153687	74.25108575820923
68.00404214859009	63.536152362823486
60.7990608215332	58.630741596221924
51.680232524871826	49.575294971466064
64.00773811340332	59.601362228393555
66.60184574127197	67.18501329421997
84.48092603683472	89.52381658554077
67.5523910522461	66.93653869628906
70.48510551452637	73.94820213317871
70.31243753433228	65.14829874038696
77.076669216156	80.00811672210693
60.67237901687622	61.85421180725098
66.31428718566895	64.47530269622803
59.24050521850586	56.29429244995117
68.32086324691772	66.48796701431274
67.5382833480835	67.66387987136841
65.80042362213135	63.21075439453125
70.82264757156372	71.55895900726318
75.08743286132812	74.57219123840332
72.2716236114502	76.13523006439209
60.99393367767334	61.164679527282715
64.6587610244751	62.37626075744629
57.24894046783447	57.917375564575195
74.43125247955322	76.6622543334961
55.23831367492676	55.56357765197754
57.238237380981445	55.66392660140991
75.77359676361084	79.33759212493896
75.47646045684814	75.87357234954834
78.68828773498535	78.3299617767334
73.77482414245605	75.38723945617676
74.24479484558105	73.11474800109863
45.86084318161011	44.897149085998535
73.49536657333374	74.79715919494629
58.62430000305176	58.44275522232056
70.17744541168213	70.63018798828125
80.2661075592041	80.79527044296265
82.48717546463013	76.33899879455566
75.677086353302	79.45625400543213
70.88023567199707	71.42790412902832
61.47043704986572	68.4565486907959
64.0444564819336	62.97898864746094
64.83112335205078	68.42475891113281
74.460768699646	69.89147186279297
66.41247367858887	61.32173538208008
60.984978675842285	61.8205189704895
74.01094627380371	75.93626403808594
62.751755714416504	65.47924041748047
63.518975257873535	62.141324043273926
69.49400424957275	69.4997501373291
59.862613677978516	60.279295921325684
60.02265453338623	57.380547523498535
60.522432804107666	57.93650007247925
52.72388458251953	52.36269950866699
72.53826713562012	71.08463287353516
83.87830924987793	86.46503448486328
57.24857139587402	54.76247262954712
71.60487174987793	71.23542785644531
55.30173301696777	55.31317710876465
60.15262269973755	61.63960933685303
47.98644018173218	47.986629009246826
65.8593692779541	63.877607345581055
55.918195724487305	53.19568490982056
49.591933250427246	48.928101539611816
46.44376230239868	47.91737651824951
70.02642154693604	71.72425746917725
64.88850593566895	66.63984775543213
80.80358505249023	81.15729331970215
69.88068580627441	72.0611629486084
49.60557174682617	49.71985101699829
58.44668388366699	60.417542457580566
80.86592102050781	82.28214454650879
67.29520988464355	71.07148218154907
78.6497974395752	80.39752960205078
63.796358585357666	58.47661542892456
69.67144966125488	73.34004402160645
60.97677993774414	57.183006286621094
62.92128038406372	64.25768995285034
82.7439284324646	86.30509996414185
73.25812339782715	73.46327304840088
70.54154396057129	74.03689384460449
70.17820835113525	72.44393825531006
59.666199684143066	60.28347969055176
55.89317798614502	56.47135257720947
63.40529251098633	58.64489936828613
77.2060432434082	72.156005859375
59.26993131637573	56.77121114730835
59.95826768875122	63.248085021972656
53.39273500442505	51.678932189941406
59.76673221588135	61.60780048370361
53.45829677581787	55.22261095046997
70.71980476379395	73.70974540710449
57.37882137298584	58.145036697387695
88.76536560058594	89.77565002441406
57.72120475769043	54.75338935852051
74.26948547363281	80.29623985290527
53.89366149902344	53.12644958496094
53.446799755096436	54.45624589920044
58.194944858551025	57.97739839553833
75.45011043548584	73.5666561126709
75.1219425201416	72.10283708572388
68.77455806732178	72.08667659759521
54.88422775268555	54.882296562194824
51.284162521362305	51.26251173019409
64.51228523254395	66.69163370132446
67.06195020675659	66.72270059585571
61.98402643203735	59.17964172363281
74.83257579803467	73.50648307800293
78.36367607116699	82.68185234069824
76.93360090255737	76.63636016845703
55.824832916259766	55.31878471374512
53.238450050354004	53.23025321960449
68.07385921478271	67.39916324615479
68.47203731536865	70.2980899810791
68.14799308776855	72.25088596343994
64.24560499191284	61.9669075012207
62.8315372467041	64.16223096847534
68.53075504302979	74.50976371765137
61.74025535583496	63.08157444000244
53.08351278305054	51.453317642211914
47.80798101425171	47.79688739776611
58.64470624923706	55.63151264190674
47.723201751708984	49.15772867202759
72.82136535644531	72.47563362121582
63.068437576293945	58.43360424041748
63.80595016479492	61.99144887924194
76.9097671508789	74.25742149353027
63.5846529006958	58.816221714019775
51.158729553222656	51.14945125579834
71.15096807479858	66.3611011505127
69.05104637145996	70.3352222442627
66.22632026672363	69.85249996185303
57.14451456069946	58.94543981552124
63.878278732299805	64.23120975494385
76.28343200683594	78.89399814605713
58.83787155151367	60.75767993927002
68.29641008377075	68.93652486801147
55.59689712524414	56.28877401351929
64.21355247497559	67.61837959289551
74.3181848526001	81.59658432006836
61.88809776306152	60.08366632461548
65.72229194641113	63.39007043838501
53.941643714904785	51.24364185333252
56.469932556152344	57.93219566345215
55.8071231842041	56.4379358291626
83.18378448486328	80.46228218078613
72.40291595458984	69.87143516540527
76.3727855682373	77.75244235992432
72.99486637115479	73.60007286071777
51.839988708496094	53.66924285888672
62.67351722717285	65.15818691253662
64.9484167098999	65.94976902008057
55.95032501220703	55.36269760131836
63.58938694000244	61.410322189331055
58.878577709198	57.53359794616699
58.343989849090576	57.016133308410645
52.96438407897949	55.33871412277222
55.51622486114502	56.44310188293457
63.19305419921875	69.31458950042725
74.918701171875	73.67860221862793
64.95788717269897	64.65885782241821
72.25919246673584	76.1365795135498
64.25717353820801	66.30390167236328
51.69060945510864	51.686094760894775
55.37107229232788	57.37679386138916
69.7193431854248	74.83649253845215
67.56817054748535	65.2042179107666
70.24991035461426	72.11107730865479
67.3457407951355	61.80308675765991
68.53329277038574	63.37217903137207
77.05339622497559	82.36416435241699
56.851853370666504	57.470362186431885
61.11213207244873	61.80454730987549
52.52915382385254	54.89191389083862
59.36850357055664	62.71117973327637
70.32740211486816	77.954843044281
65.60354709625244	61.68614864349365
59.11841011047363	58.1473274230957
53.710166931152344	54.95905923843384
70.28185272216797	72.02893209457397
55.98333740234375	59.34432601928711
73.914794921875	70.09502410888672
71.77991390228271	70.60403347015381
50.60265827178955	50.57835531234741
53.215322971343994	57.234503746032715
58.19061326980591	59.629998207092285
59.831881523132324	61.81447505950928
60.69070816040039	56.79954385757446
68.52210187911987	64.99438333511353
71.26757955551147	71.90740060806274
79.79850769042969	84.32198095321655
56.1279296875	54.17802810668945
60.322996616363525	60.58211088180542
63.100632190704346	60.24705791473389
83.90741443634033	85.82227802276611
57.20697784423828	59.61690616607666
75.78743267059326	72.06944799423218
61.36925554275513	64.46517276763916
72.61544609069824	70.99396324157715
75.18367767333984	75.78017234802246
67.22305870056152	65.19033908843994
63.22385787963867	60.85690498352051
60.235981464385986	60.475337505340576
60.956963539123535	60.21632623672485
50.647539138793945	50.64721727371216
77.59518241882324	73.60687065124512
59.57407236099243	58.163475036621094
68.1749439239502	67.9644775390625
67.8359603881836	64.74879264831543
62.16257572174072	59.86745357513428
63.27201843261719	64.80050086975098
60.24152183532715	62.44077444076538
64.002854347229	61.43671417236328
51.75592660903931	51.76090049743652
66.53161525726318	69.00717258453369
56.92303276062012	55.684770584106445
64.06968116760254	64.85103607177734
62.085898876190186	62.8473801612854
40.67169141769409	40.679643630981445
53.40685415267944	55.17473030090332
63.425469398498535	63.39914798736572
59.39335823059082	61.71741962432861
78.19678354263306	79.54815912246704
61.849493980407715	56.4017391204834
74.2507152557373	75.71682929992676
63.881704330444336	61.67187309265137
55.956716537475586	54.94689464569092
67.48539590835571	71.69218444824219
58.104190826416016	53.292579650878906
50.27915954589844	53.003339767456055
66.83135986328125	64.29788112640381
56.96578025817871	57.7938175201416
64.85730743408203	58.40526580810547
62.05436038970947	59.94677495956421
70.2785325050354	72.50746536254883
67.22173500061035	73.4706039428711
55.1931095123291	55.20266532897949
66.44458484649658	67.86441707611084
64.72739219665527	62.01218605041504
60.7600212097168	62.8356409072876
62.863746643066406	60.88784408569336
85.9587631225586	88.33558654785156
56.77724504470825	59.419349670410156
67.76677131652832	70.59574127197266
56.86208724975586	57.57579803466797
59.16568565368652	63.25050973892212
65.21554756164551	66.41462802886963
59.69581127166748	56.47489070892334
72.81713104248047	71.72831726074219
52.14115524291992	51.94599533081055
72.04125022888184	65.54987525939941
56.653961181640625	54.915733337402344
70.46433877944946	72.00774145126343
60.98956632614136	61.83837604522705
71.54235696792603	68.94060516357422
74.28282976150513	75.78209924697876
72.03131198883057	73.23616981506348
70.35311365127563	70.72595167160034
62.13270664215088	60.30629825592041
56.344289779663086	54.46084022521973
62.744011878967285	60.11171817779541
67.86626434326172	74.30193853378296
65.42001342773438	63.73572778701782
62.92388439178467	65.04811000823975
56.833906173706055	57.904396057128906
64.23498344421387	65.19264364242554
43.367538928985596	43.3822717666626
60.948912620544434	58.67661380767822
71.54946756362915	70.03646612167358
49.82047462463379	49.82559013366699
79.44844770431519	85.53250694274902
61.105592250823975	61.199289321899414
47.64966011047363	47.64351844787598
65.33429718017578	65.86217308044434
67.7206563949585	63.32611560821533
66.51519775390625	66.64042472839355
59.99936103820801	62.79991149902344
48.28446865081787	48.26713562011719
55.93222904205322	53.39785051345825
56.124606132507324	57.99710750579834
62.58941459655762	63.06314277648926
64.71471929550171	64.56504201889038
65.53401947021484	71.39840126037598
66.39144086837769	65.37141609191895
75.86442470550537	74.94681358337402
65.70835733413696	62.59029150009155
75.0078330039978	72.87464332580566
72.76890754699707	78.74638557434082
58.63977098464966	59.30212211608887
63.12460470199585	60.362727642059326
72.62630653381348	75.99092102050781
72.32641410827637	73.1709451675415
77.3492431640625	81.61578178405762
51.7017936706543	51.68954849243164
78.67765617370605	83.48367118835449
74.53163146972656	76.96110725402832
51.199130058288574	50.800785541534424
50.87399482727051	51.03950214385986
81.33420753479004	81.61572074890137
77.54324913024902	73.55152702331543
65.1416187286377	60.40972137451172
54.043739318847656	52.761587619781494
64.99917030334473	63.28299522399902
73.05619812011719	71.62916421890259
59.226646900177	61.6395320892334
73.26254367828369	73.82452487945557
70.3901195526123	69.55047607421875
46.904407024383545	48.4978666305542
65.19062995910645	68.08746337890625
67.406014919281	70.44470071792603
64.03579711914062	61.97941780090332
66.89855098724365	64.08586978912354
84.47530889511108	80.71115303039551
65.32979011535645	64.77550506591797
74.84491157531738	76.22048330307007
69.67701196670532	71.03423070907593
64.68624114990234	58.69112968444824
68.61378622055054	73.76209545135498
66.90308570861816	70.03013610839844
55.092716217041016	52.754387855529785
59.95833206176758	56.222538471221924
59.33540344238281	59.793429374694824
61.25432825088501	62.747421741485596
62.22947120666504	61.53170108795166
73.3014760017395	75.34062337875366
57.903146266937256	58.313730239868164
54.79276180267334	54.67421531677246
71.21615409851074	74.16875267028809
62.319345474243164	64.4194393157959
81.3309760093689	76.9095606803894
61.98383331298828	60.97640037536621
76.44572162628174	80.1627025604248
64.11218118667603	58.83749485015869
77.59333276748657	80.39794063568115
61.79038381576538	64.70883750915527
74.11271667480469	72.59213447570801
60.70570135116577	58.9566445350647
58.117748737335205	58.71226787567139
60.96029806137085	61.24097728729248
76.58718633651733	74.2827091217041
42.985408782958984	42.97827911376953
87.21759223937988	84.67424583435059
61.96068477630615	61.03882026672363
62.60386562347412	61.64649724960327
79.84420967102051	78.09918022155762
67.54151821136475	71.84871673583984
56.015167236328125	56.026010513305664
81.62301635742188	84.4533462524414
62.6667537689209	64.12414598464966
57.362473011016846	57.88978672027588
71.76592254638672	71.87826633453369
57.23872232437134	56.15819978713989
72.49285697937012	71.0539722442627
65.34059858322144	66.1699891090393
60.15053749084473	60.03247261047363
61.14579200744629	68.45410823822021
58.833126068115234	59.81664705276489
64.044508934021	66.47814273834229
74.08139991760254	72.26993751525879
81.75854682922363	81.57751083374023
75.13062953948975	79.18217658996582
76.7868185043335	76.32366180419922
54.503864765167236	55.367098331451416
72.61370658874512	73.69513893127441
55.396984577178955	53.71575450897217
61.659358978271484	61.159857749938965
86.62372016906738	90.61458969116211
72.21121215820312	72.47165870666504
64.41232204437256	66.60700798034668
73.27275276184082	69.92372035980225
79.85935735702515	79.66268825531006
66.32769107818604	69.65295314788818
58.921364307403564	57.82882118225098
66.57424306869507	65.80289554595947
69.41826438903809	66.68730354309082
82.53493309020996	80.35202980041504
56.86096000671387	55.44427299499512
51.27052402496338	51.53447914123535
60.98581552505493	63.07431221008301
78.71027755737305	79.42666339874268
54.522769927978516	51.331485748291016
74.16558742523193	77.44795322418213
62.980812549591064	55.07866430282593
77.73556709289551	80.2686619758606
62.2738037109375	61.38772201538086
64.31236457824707	70.62189435958862
65.30835628509521	64.7895336151123
77.45992183685303	79.42190647125244
55.77796983718872	53.515631675720215
73.85664939880371	71.24447822570801
54.204418659210205	54.24381065368652
51.43489408493042	50.34650945663452
67.69963264465332	63.326077461242676
61.957290172576904	62.76533031463623
63.33732748031616	64.05943536758423
67.90423393249512	73.12742042541504
73.54994773864746	72.68442630767822
56.00842094421387	53.78220891952515
62.18238973617554	61.992098808288574
56.26334238052368	57.67312431335449
63.31831455230713	56.66863441467285
65.10231018066406	64.31139945983887
79.03905487060547	82.01138877868652
70.8266830444336	75.54386138916016
68.02769660949707	67.60311126708984
75.1594705581665	77.56244945526123
61.528706550598145	60.129690170288086
84.32897281646729	79.85041618347168
62.26944351196289	67.29996299743652
65.44258117675781	64.52527523040771
65.62307929992676	64.51557970046997
60.59445762634277	60.18957281112671
60.22757005691528	62.49989032745361
78.22432613372803	75.00482225418091
66.25163078308105	68.69088172912598
67.49326229095459	67.61460304260254
65.39625644683838	66.78761959075928
61.76113176345825	65.15764045715332
74.61825370788574	73.77272129058838
53.7114372253418	52.959465980529785
58.75612545013428	58.77044486999512
64.90866088867188	64.80214643478394
60.88929891586304	60.66779136657715
84.28769445419312	85.90683031082153
61.837873458862305	64.33923244476318
67.14215898513794	63.656248569488525
75.93624925613403	76.00680494308472
62.416497230529785	63.06296968460083
59.15824842453003	57.796196937561035
61.07457160949707	62.20975399017334
64.46821022033691	64.59742069244385
51.600276947021484	51.41852951049805
56.30918025970459	56.31009101867676
62.78275966644287	58.74472618103027
60.1335768699646	59.484392166137695
48.795772075653076	47.81313943862915
65.08002519607544	64.3623218536377
65.20445823669434	66.40851020812988
62.63870429992676	61.610469818115234
64.99824571609497	62.19473648071289
67.85246849060059	67.39573001861572
52.965641498565674	52.942111015319824
92.83859252929688	92.44251823425293
52.45443391799927	52.17085790634155
52.52297830581665	52.54753875732422
58.31179475784302	58.058109283447266
57.63241910934448	55.01545429229736
62.741525173187256	59.720787048339844
61.17505073547363	59.182448387145996
61.510854721069336	62.31868028640747
37.890069007873535	37.894811153411865
64.61064291000366	59.80433464050293
64.98387336730957	68.08187961578369
82.65798044204712	84.01748609542847
65.00491142272949	67.1846866607666
45.181602478027344	43.72602844238281
59.84919548034668	57.3613166809082
66.72443389892578	63.61500263214111
66.16754055023193	70.7614517211914
77.27282810211182	75.01352405548096
54.25430774688721	53.18021297454834
56.19415283203125	55.46586227416992
63.7844181060791	66.97914123535156
74.10340690612793	79.6094126701355
49.94543123245239	49.90868282318115
67.88008213043213	72.80608177185059
71.71108818054199	71.32829475402832
60.65491724014282	62.69402360916138
63.35034799575806	59.56584978103638
73.23433876037598	72.96080112457275
60.35036087036133	58.089515686035156
76.74789953231812	84.01461172103882
68.78855037689209	64.92129421234131
48.20241451263428	49.92764949798584
60.72282600402832	57.744157791137695
50.28110647201538	50.27967309951782
78.78662109375	79.96496772766113
66.64789009094238	64.13805484771729
53.19760322570801	50.66385555267334
74.3989691734314	73.4862608909607
61.070066928863525	61.43779134750366
62.02854251861572	61.47881841659546
55.31272888183594	53.1273889541626
61.746721267700195	63.081536293029785
56.21070861816406	52.711265563964844
60.29423904418945	60.929677963256836
60.979206562042236	55.47699165344238
75.05269145965576	76.05852222442627
62.25919532775879	62.256826400756836
58.39063882827759	57.866329193115234
57.0445818901062	55.49263000488281
59.622382164001465	60.40290594100952
55.06409454345703	52.52386665344238
69.59025382995605	70.44084072113037
64.6091480255127	59.066734313964844
81.72849798202515	74.00382137298584
59.53458595275879	57.58352565765381
61.00505590438843	61.74136781692505
70.03834390640259	67.20002508163452
72.71963596343994	71.53519630432129
73.34213256835938	74.7514820098877
65.98718070983887	67.67267608642578
67.08832740783691	67.21057891845703
78.8924789428711	80.53904914855957
73.10073804855347	69.95517587661743
63.11671257019043	57.24050331115723
79.84555721282959	76.14672660827637
57.14366912841797	58.537405014038086
55.1712646484375	53.79715347290039
64.4073314666748	68.07576084136963
64.0281229019165	63.435131549835205
55.5873441696167	57.028029441833496
59.96322250366211	58.161529541015625
73.99391174316406	75.87615013122559
56.24831676483154	57.69134521484375
63.76080513000488	61.605424880981445
69.83955574035645	66.98212623596191
65.07071685791016	61.94660568237305
65.11999607086182	59.923810958862305
64.83674383163452	66.16132164001465
59.90752696990967	58.4236478805542
62.843024253845215	60.52329111099243
59.585230350494385	60.82739782333374
62.655136585235596	62.5772066116333
70.79341888427734	73.42042446136475
50.44111633300781	48.151535511016846
67.45789527893066	71.16407585144043
51.196967124938965	50.800841331481934
62.24678564071655	63.112680435180664
60.838937759399414	57.446810245513916
65.71215629577637	71.3805103302002
67.33740234375	67.29536533355713
51.19536209106445	51.55118179321289
69.22754859924316	71.3060131072998
76.5831470489502	76.37965202331543
70.03657627105713	69.10757637023926
63.47855567932129	61.01048946380615
61.800642013549805	64.61401462554932
66.63578033447266	60.77702522277832
57.090357303619385	55.900869846343994
59.42151689529419	59.47565460205078
71.10923767089844	71.43125057220459
57.93065929412842	59.43548583984375
58.09312391281128	55.468979358673096
64.99558925628662	62.7015323638916
55.0462589263916	57.84510326385498
60.51061820983887	61.70570182800293
56.74107885360718	56.72808122634888
79.17112827301025	80.86169576644897
61.504417419433594	62.45025014877319
63.203558921813965	62.888875007629395
56.13467788696289	56.1055212020874
63.91034555435181	65.6620774269104
63.48197937011719	63.43838310241699
55.79853916168213	55.78812789916992
57.37228345870972	55.94236135482788
57.64068031311035	60.282480239868164
67.7102518081665	72.65656471252441
70.88328409194946	71.04519844055176
58.90497922897339	58.29701900482178
64.46853542327881	62.224005699157715
76.15279912948608	78.90405797958374
65.0676441192627	65.89491891860962
73.0567216873169	68.43961429595947
64.47628974914551	59.983582496643066
49.474220752716064	49.48230171203613
77.81522941589355	81.81855583190918
66.0208797454834	65.86154365539551
75.45757484436035	79.87728881835938
65.13138771057129	65.12086391448975
62.45036602020264	57.846388816833496
74.0447473526001	75.06484985351562
44.88931655883789	44.898338317871094
65.09772300720215	66.77886009216309
61.95975351333618	59.881582260131836
63.55175495147705	60.28585910797119
59.48585557937622	60.24473190307617
59.52134656906128	59.563605308532715
64.5893611907959	60.94785690307617
72.22503662109375	76.02543830871582
64.55353546142578	63.843788623809814
67.6411828994751	64.57480001449585
61.73422050476074	67.06350803375244
74.18625831604004	78.34410190582275
56.36880874633789	58.31234931945801
62.14628076553345	60.53916120529175
57.1699333190918	58.905725955963135
58.6542763710022	56.36796569824219
63.08258056640625	65.26488304138184
60.60440969467163	58.32987070083618
64.44184827804565	61.91467094421387
76.54276466369629	79.90472316741943
82.98442649841309	82.76661920547485
70.054368019104	68.85526084899902
69.02031898498535	67.28662061691284
62.60711669921875	63.67606163024902
72.0366382598877	72.04387664794922
66.07985496520996	64.54027652740479
59.093244552612305	58.979759216308594
58.80824089050293	57.72114276885986
77.63834953308105	80.070556640625
54.60272789001465	53.67411136627197
53.397751808166504	53.90467643737793
54.93997383117676	56.826733112335205
64.90887451171875	62.755494117736816
65.10044860839844	63.13078451156616
74.63326930999756	73.69010925292969
65.92160224914551	67.46286869049072
63.78709316253662	61.81795692443848
65.62408447265625	60.69124460220337
74.74320888519287	78.41410160064697
53.054901123046875	53.01241493225098
62.139092445373535	60.987120151519775
57.93990135192871	59.56490516662598
59.01419019699097	61.849971771240234
56.10393524169922	56.83062553405762
54.98963642120361	55.00857496261597
74.11724090576172	71.44307613372803
61.74380350112915	59.054277420043945
57.601829051971436	60.21416759490967
60.023194313049316	61.45086336135864
67.80347347259521	69.69675540924072
59.5828914642334	58.088029861450195
65.76337480545044	62.31790781021118
56.870506286621094	54.2961540222168
61.722740650177	62.72172403335571
62.85304498672485	61.10236072540283
58.48885917663574	56.697396755218506
73.83038520812988	75.79431056976318
70.92203617095947	73.03778648376465
69.12854719161987	65.68690395355225
71.56337785720825	77.19029092788696
66.55788230895996	70.07711219787598
60.68256378173828	61.78757667541504
61.91408729553223	64.92675733566284
59.67392921447754	56.68898963928223
69.06635427474976	64.40927124023438
63.0698618888855	59.033257484436035
64.12037801742554	58.623175621032715
52.71744918823242	52.93690538406372
79.61669826507568	79.43666172027588
79.25195217132568	80.4984188079834
62.89376640319824	61.5365424156189
63.48160457611084	61.39617204666138
67.35980033874512	63.03757190704346
54.18151044845581	54.19471979141235
64.49339389801025	65.43245887756348
73.20025444030762	72.24156379699707
60.45437812805176	58.73788356781006
68.13223361968994	65.98511695861816
68.53284358978271	66.81998491287231
67.3325252532959	75.62016487121582
57.02657461166382	56.66905117034912
53.179192543029785	54.41499710083008
70.30056238174438	72.81529378890991
58.11981201171875	56.69719219207764
50.87185764312744	50.896748542785645
74.43533134460449	80.87278175354004
69.85080814361572	68.050217628479
68.42410898208618	71.24396467208862
56.45224714279175	53.950364112854004
71.776780128479	66.41550350189209
75.55860042572021	75.29615879058838
54.87254190444946	52.5400071144104
60.05891275405884	60.62106943130493
71.60073947906494	72.13148641586304
56.04824638366699	57.68844509124756
69.92387294769287	74.89842891693115
44.79520797729492	44.80011749267578
72.53262996673584	71.33771419525146
62.46634769439697	61.36782217025757
79.91575241088867	74.59143447875977
63.266984939575195	59.21378517150879
67.3682541847229	62.813880443573
67.99212455749512	67.91345119476318
60.63445472717285	59.514604568481445
62.75357151031494	58.270368576049805
65.4317078590393	67.23752546310425
75.63583374023438	79.8178768157959
60.66622066497803	59.76887369155884
53.396721839904785	51.7144832611084
75.61306953430176	75.91866970062256
64.23848104476929	61.287137031555176
60.36036968231201	57.10963249206543
64.27639818191528	64.60692501068115
74.08889770507812	71.34768009185791
73.21225643157959	72.03210353851318
62.164283752441406	62.1030478477478
70.65059614181519	76.42278051376343
57.10289525985718	57.06407403945923
73.39033603668213	73.30546379089355
53.974504470825195	51.34713649749756
60.406670570373535	58.73843193054199
60.33018493652344	59.997419357299805
58.45367431640625	59.37603950500488
56.62562370300293	56.28329277038574
56.981796741485596	58.955636501312256
74.12257194519043	72.66819953918457
55.76258039474487	53.331679344177246
65.6078052520752	65.8898401260376
55.560303688049316	54.55556297302246
62.63926362991333	63.8072509765625
64.48978614807129	65.04151725769043
50.789852142333984	48.20997714996338
69.10652160644531	77.14667701721191
72.48702239990234	68.4868950843811
60.31686305999756	61.28750801086426
48.519779205322266	48.53322458267212
67.46480464935303	62.15493202209473
61.13503646850586	56.98787784576416
59.93802070617676	59.95704174041748
62.17136907577515	60.33701705932617
76.53343200683594	79.05255317687988
80.18094635009766	80.2653636932373
62.01704120635986	62.941755294799805
81.35658073425293	81.13444519042969
61.847028732299805	68.64021301269531
68.73425960540771	68.15292358398438
64.56536769866943	70.40948390960693
71.18788242340088	65.97125053405762
62.99032211303711	57.971792221069336
72.19183444976807	71.75961494445801
60.81280851364136	59.058427810668945
72.5644063949585	74.942307472229
58.859596252441406	64.08016204833984
72.6223087310791	72.7902603149414
63.85505819320679	61.63712024688721
44.64603805541992	44.65931701660156
71.4080286026001	71.21224403381348
61.087069511413574	59.130921363830566
67.423743724823	68.29884338378906
57.58238410949707	53.01374959945679
59.75098133087158	59.84143257141113
60.611209869384766	58.11622142791748
67.12366676330566	65.6301097869873
56.79030895233154	52.18867301940918
60.69225311279297	59.505961418151855
58.37401723861694	59.66407108306885
65.26871538162231	64.50262498855591
67.43380546569824	62.937445640563965
59.83464241027832	57.36487865447998
47.94150352478027	47.951271057128906
62.94508123397827	62.492234230041504
64.79512214660645	64.84426975250244
70.22499084472656	68.70367527008057
68.01397657394409	65.08652591705322
62.07146644592285	58.78805637359619
62.29126453399658	61.04498863220215
57.90092086791992	53.849449157714844
70.218825340271	70.37898063659668
66.83159112930298	67.4246301651001
59.699007511138916	58.07762289047241
73.59864234924316	77.26460933685303
72.72969198226929	69.32453393936157
56.0605525970459	57.23410606384277
65.83549451828003	64.09227561950684
45.94822311401367	45.95763444900513
77.49328851699829	77.63624668121338
59.80270719528198	59.803415298461914
61.384878158569336	62.64059066772461
66.8068528175354	62.530137062072754
52.534531116485596	52.54122591018677
58.120460987091064	58.68096113204956
54.81478214263916	54.82193183898926
56.546220779418945	54.63386058807373
63.27216100692749	63.21127462387085
75.95779418945312	80.52900314331055
59.59927225112915	57.64373159408569
75.02947044372559	78.9378662109375
64.10350799560547	58.83750343322754
76.66625261306763	73.33208322525024
49.18889379501343	49.19223690032959
63.70209503173828	64.00876665115356
75.67136287689209	75.21276950836182
62.94192123413086	61.336029052734375
70.72033882141113	69.72782135009766
76.62396430969238	77.84791469573975
69.28600311279297	71.56149864196777
84.19818210601807	83.02220058441162
64.36593532562256	63.75445365905762
77.90056562423706	73.89816188812256
65.4956603050232	66.74184465408325
63.222413063049316	60.674147605895996
59.577282428741455	57.823516845703125
62.66618251800537	65.7003927230835
80.98551750183105	79.8193302154541
62.35433006286621	65.5038914680481
70.58854007720947	69.56581354141235
79.85888671875	82.76168060302734
63.77084398269653	67.67319536209106
70.88574409484863	73.10129642486572
65.3458342552185	64.49501609802246
