68.07140350341797	65.12770652770996
49.46694374084473	49.90734100341797
57.903504371643066	61.76961421966553
59.06426429748535	61.30866050720215
54.986701011657715	56.71045780181885
54.1072940826416	55.63884258270264
52.27636528015137	50.79701328277588
61.507384300231934	64.44934320449829
60.15781879425049	61.333746910095215
56.57210826873779	56.24372959136963
62.786011695861816	66.2529468536377
45.66726064682007	45.94391441345215
58.50424289703369	63.31094741821289
62.29067325592041	62.27917671203613
72.03685569763184	70.04421043395996
59.84388828277588	61.10809326171875
57.458600997924805	59.88942623138428
52.369890213012695	54.13113594055176
60.16978454589844	61.67932748794556
43.04065704345703	42.52796649932861
59.464603900909424	59.07497978210449
46.73914432525635	50.58297300338745
63.04007625579834	68.51216650009155
53.62330436706543	54.7111701965332
52.111144065856934	54.22429084777832
56.27711772918701	59.26506996154785
52.95193672180176	52.48245716094971
60.61617851257324	58.87526512145996
63.01206111907959	62.107038497924805
55.66225528717041	52.258057594299316
57.66510772705078	62.04472589492798
51.30332946777344	50.81876754760742
60.14512062072754	61.02503299713135
56.2664794921875	56.041972160339355
68.40971183776855	69.34773349761963
63.08155059814453	61.915435791015625
51.8156623840332	53.06374549865723
67.55406856536865	68.72651100158691
60.39026737213135	62.37297534942627
58.83927774429321	61.56163549423218
54.16905641555786	57.58786869049072
60.65574645996094	59.21975612640381
60.72335720062256	58.0649471282959
54.15428638458252	55.20350456237793
56.56073808670044	53.452778816223145
57.221999168395996	56.89827919006348
57.31855869293213	61.32748603820801
64.7426986694336	66.51658535003662
66.6117696762085	68.17257070541382
56.812124252319336	59.388322830200195
43.78554725646973	43.75522756576538
61.23728656768799	59.33708095550537
59.61038112640381	65.81575870513916
63.039058685302734	61.31469106674194
58.06154251098633	61.250736236572266
68.86874628067017	68.75787305831909
53.10719966888428	53.01912784576416
52.882704734802246	56.71126365661621
48.88583183288574	54.455556869506836
63.50633239746094	66.31709432601929
56.897921562194824	55.960144996643066
53.650840759277344	56.85956954956055
50.281381130218506	47.595794677734375
63.59905242919922	67.57260131835938
50.97075939178467	48.172197341918945
53.98641300201416	54.48206377029419
59.12516117095947	58.017539978027344
60.79183578491211	64.15018558502197
61.387696266174316	63.230695724487305
53.61891174316406	59.67871284484863
66.47776126861572	66.89559936523438
54.33053398132324	60.507421016693115
54.52150821685791	53.142290115356445
53.68663215637207	53.47336006164551
54.53467845916748	53.807005882263184
56.040334701538086	58.57114315032959
54.35501718521118	56.461894512176514
62.97055244445801	64.4429874420166
70.78775596618652	69.34304809570312
56.20197296142578	60.09988307952881
62.85066604614258	65.97320556640625
62.356520652770996	62.67870235443115
62.1360068321228	67.04798221588135
57.941077709198	61.01806402206421
61.271361351013184	60.711565017700195
56.07883644104004	58.219496726989746
70.94519233703613	70.34741020202637
48.51705837249756	53.87354135513306
49.43692684173584	50.881614685058594
51.965975761413574	53.288021087646484
55.29353713989258	58.87107181549072
46.089749336242676	46.34663200378418
46.15086507797241	52.846641540527344
64.927659034729	63.887648582458496
52.89437389373779	51.39670419692993
61.40185070037842	60.826152324676514
56.02594709396362	60.30299520492554
54.06987190246582	59.47230339050293
44.84741449356079	42.80185031890869
58.68911933898926	61.368950843811035
