59.816551208496094	60.74281692504883
55.52352046966553	58.7528133392334
53.66878128051758	57.37084197998047
57.191043853759766	56.061279296875
54.04097366333008	53.648162841796875
41.77267837524414	47.80856704711914
66.729660987854	67.74716329574585
50.76313018798828	56.360050201416016
64.91507577896118	67.31960105895996
52.00732231140137	54.309000968933105
56.56974792480469	59.798526763916016
71.36165571212769	72.85202407836914
50.23578596115112	54.1224570274353
50.55017852783203	51.983787536621094
44.784409523010254	50.54772901535034
51.31493282318115	54.133543968200684
59.004356384277344	61.26698303222656
61.668686866760254	65.29963493347168
54.47183609008789	60.88919639587402
61.5451397895813	67.9806604385376
61.539649963378906	65.85616111755371
56.39051055908203	58.06979751586914
63.03184986114502	51.78927421569824
67.51306772232056	63.585700035095215
45.12216567993164	49.57489776611328
44.9978141784668	48.18623733520508
43.51460409164429	45.471885204315186
51.756473541259766	57.76748275756836
55.230820655822754	59.02153301239014
44.66460371017456	49.95875692367554
48.14533996582031	51.45056915283203
62.36178016662598	64.3733139038086
64.59503173828125	58.30803871154785
57.74336624145508	60.675453186035156
57.98207187652588	62.749709129333496
72.55555629730225	74.25178527832031
56.7180871963501	61.61085605621338
69.30815696716309	72.44885444641113
54.809593200683594	58.97760009765625
57.62549591064453	60.35129165649414
53.37197923660278	56.1613187789917
56.746917724609375	57.76503372192383
64.38849592208862	54.51374387741089
46.92386245727539	49.73827362060547
52.549036502838135	57.13052415847778
59.39558744430542	62.732276916503906
48.138267517089844	51.373104095458984
55.69786834716797	55.54929542541504
55.86927652359009	56.66773796081543
55.82874298095703	55.83951950073242
48.76160669326782	57.72668170928955
53.84083557128906	53.93759250640869
40.15817213058472	45.23558473587036
60.83827209472656	64.0844497680664
51.63922691345215	54.78351402282715
50.13479995727539	52.327972412109375
50.99118375778198	55.45817518234253
57.737091064453125	63.105133056640625
44.530144691467285	47.05996561050415
59.325695514678955	61.792967319488525
49.485618591308594	49.66791534423828
55.48451471328735	57.5709171295166
57.34913492202759	60.60004949569702
56.54132080078125	59.83513641357422
54.088868141174316	55.481383323669434
57.29011917114258	60.99679946899414
58.728721618652344	63.494200229644775
61.26855182647705	66.04699230194092
64.54071998596191	64.11898136138916
60.73873043060303	69.62811470031738
46.738094329833984	56.01490783691406
66.48139142990112	69.8583312034607
50.336021423339844	53.7863655090332
48.24617004394531	51.60450744628906
50.87752914428711	49.72787857055664
56.232919692993164	60.07981252670288
54.12721252441406	58.92073440551758
55.73539733886719	47.96373748779297
58.96294403076172	62.38582229614258
53.02222442626953	54.928443908691406
55.39519929885864	56.989688873291016
46.385066986083984	49.605764865875244
57.920437812805176	61.07697868347168
50.227627754211426	55.3990364074707
62.91250228881836	57.713863372802734
55.483888149261475	57.42552852630615
52.39344263076782	56.85588312149048
63.67935848236084	64.32687377929688
60.32883310317993	47.908926486968994
56.26168251037598	61.40302038192749
55.13497352600098	57.13416337966919
52.73667526245117	68.36946105957031
52.61730194091797	54.19682693481445
66.75442314147949	65.93827199935913
53.79492950439453	57.973960876464844
61.70712661743164	65.86551666259766
57.037635803222656	59.73176574707031
65.33232688903809	70.01789808273315
59.94892930984497	62.305681228637695
71.89485311508179	78.39537334442139
60.935462951660156	64.41046857833862
50.52057647705078	56.62152862548828
60.90867614746094	64.47769927978516
65.07218170166016	68.48063659667969
57.19535207748413	59.78999662399292
59.57301330566406	62.94673538208008
50.30158233642578	59.988731384277344
62.671448707580566	68.97428798675537
63.04506540298462	53.61319541931152
49.14412450790405	50.92844581604004
57.910377502441406	59.3583345413208
41.296650409698486	46.117494106292725
66.25992584228516	69.02587890625
49.13514709472656	54.520999908447266
71.59146738052368	75.85136032104492
64.89256286621094	66.77190399169922
62.68731880187988	63.60554838180542
48.20384693145752	51.90244960784912
52.95914840698242	56.929229736328125
53.175453186035156	55.870887756347656
46.10016632080078	43.302371978759766
56.98787975311279	62.77357292175293
50.28647232055664	52.27880096435547
51.506606101989746	52.3887825012207
48.087711334228516	53.3527717590332
48.9766731262207	62.96053504943848
48.28247833251953	54.335914611816406
58.106374740600586	66.95101261138916
53.09699249267578	57.21422576904297
57.968149185180664	64.9258279800415
50.31571340560913	52.971134662628174
58.042510986328125	59.53841018676758
51.24021816253662	56.55576705932617
56.58049011230469	50.79254150390625
60.82016372680664	60.85832977294922
61.93194389343262	66.4417028427124
53.97142791748047	56.37662124633789
52.012664794921875	57.15428924560547
49.67728614807129	55.17863750457764
57.19231367111206	61.85559797286987
53.7560601234436	58.41074275970459
39.335304260253906	44.66376876831055
64.10834312438965	64.66605186462402
49.1416015625	50.82081985473633
58.71615219116211	63.097801208496094
48.111610412597656	50.40116882324219
58.76982116699219	56.662044525146484
58.40849304199219	55.884636878967285
54.60842514038086	60.13683319091797
52.6845588684082	55.096336364746094
50.028350830078125	54.94236755371094
57.05259847640991	62.39427137374878
55.99195909500122	59.11659336090088
46.70697355270386	51.54146337509155
56.40460968017578	61.08522033691406
61.373826026916504	64.29851531982422
42.97874069213867	47.30764150619507
42.38474750518799	45.64803457260132
52.544800758361816	56.83533954620361
43.046648025512695	43.04186296463013
60.632643699645996	65.86606502532959
56.68566131591797	62.354835510253906
58.42470645904541	64.20364379882812
57.70151901245117	60.50959396362305
55.73432922363281	59.53476619720459
47.41766357421875	52.39583206176758
54.00022888183594	55.477115631103516
58.79204750061035	63.913508892059326
65.15605115890503	65.14837741851807
60.2319450378418	62.33763122558594
53.08210277557373	55.398300647735596
56.246864318847656	59.077552795410156
44.627288818359375	42.674407958984375
61.77887725830078	66.80458641052246
57.27894115447998	63.67952823638916
58.674349784851074	62.09758758544922
50.825459003448486	56.57873821258545
46.93797016143799	53.10640573501587
45.938271045684814	48.14989376068115
61.23383712768555	67.51011657714844
64.97813558578491	68.84577798843384
58.019630432128906	60.87201690673828
67.25868225097656	71.71224737167358
61.491050720214844	61.803059577941895
57.643866539001465	63.07938575744629
57.966652393341064	58.36923265457153
50.16139221191406	54.52490234375
49.89648914337158	52.355544090270996
48.20796060562134	52.08370113372803
48.73410415649414	52.057823181152344
51.16263389587402	56.0113000869751
70.179762840271	72.38096714019775
51.89957141876221	56.525912284851074
61.47696781158447	57.51371955871582
56.15625762939453	61.624935150146484
56.23979043960571	62.69511651992798
56.530189990997314	60.420427322387695
50.66456747055054	56.972185134887695
49.924095153808594	52.4874267578125
52.757530212402344	55.77109909057617
49.53853702545166	59.7387638092041
55.535558223724365	58.10517883300781
53.78601837158203	58.309295654296875
51.10787582397461	57.52214813232422
51.847912311553955	57.3728084564209
53.4745831489563	55.460447788238525
51.756529808044434	58.14753532409668
47.252273082733154	51.71869373321533
52.9583158493042	55.874473571777344
48.14609909057617	50.986915588378906
58.51266431808472	49.032784938812256
59.40356969833374	59.763680934906006
45.569522857666016	55.476776123046875
57.153587341308594	59.90391540527344
59.9296875	61.9125862121582
55.325927734375	56.771331787109375
44.85307693481445	52.35394287109375
46.192933082580566	49.85733938217163
52.68655776977539	57.28510856628418
52.349205493927	58.258553981781006
56.76116466522217	61.03611946105957
60.73932695388794	64.12793111801147
52.17948532104492	52.93391418457031
50.10163736343384	52.11891984939575
52.411888122558594	55.32048797607422
53.79401397705078	57.195308685302734
66.36682367324829	70.01807641983032
61.268752098083496	65.2243881225586
54.79212188720703	57.154151916503906
60.27851104736328	66.6092300415039
43.42548751831055	47.45709228515625
70.54641723632812	73.88998985290527
62.96049118041992	67.1979284286499
47.55787467956543	53.56507873535156
53.085227966308594	55.77183532714844
43.66879653930664	50.12880754470825
51.11302900314331	53.75650072097778
49.906890869140625	55.70294952392578
51.066566467285156	52.15001678466797
43.41961669921875	46.551048278808594
64.62885856628418	66.25821113586426
42.987107276916504	47.744367599487305
64.85778760910034	60.83547830581665
54.32022142410278	59.125877380371094
60.00587797164917	62.42410182952881
57.88146114349365	62.39268779754639
58.11844825744629	64.99092864990234
55.456642150878906	57.73504638671875
58.250000953674316	63.708266258239746
62.44697952270508	64.8880615234375
62.75269031524658	69.93098258972168
58.6866569519043	58.259033203125
49.92864227294922	52.40835189819336
54.72614240646362	58.36917972564697
56.44028663635254	61.712149143218994
58.47545623779297	61.926246643066406
55.58749008178711	47.4694561958313
61.069297790527344	64.59266662597656
56.67103815078735	61.056334018707275
43.318267822265625	48.06975841522217
53.25954008102417	53.56059169769287
61.48136329650879	66.96178579330444
62.97849941253662	62.43954277038574
65.41619825363159	68.20784568786621
63.03873538970947	67.99400281906128
53.56251764297485	52.650330543518066
59.34692859649658	66.47990226745605
50.8848876953125	43.86820983886719
61.57486152648926	67.55288887023926
46.1894416809082	56.77274131774902
55.84888458251953	62.643348693847656
46.276352882385254	54.763115882873535
49.17897605895996	54.208173751831055
55.51886749267578	59.20262908935547
48.817200660705566	55.33223628997803
51.97340393066406	54.46068572998047
56.625783920288086	62.93974590301514
54.32383060455322	61.757686614990234
45.71987819671631	49.818339824676514
61.88051509857178	62.894436836242676
60.55574893951416	60.55833339691162
58.76783466339111	61.13157320022583
55.03460693359375	61.95744705200195
56.910152435302734	60.78636169433594
52.06357479095459	55.20733833312988
66.15653276443481	64.58879232406616
53.14816904067993	58.63561248779297
62.85192108154297	68.45418548583984
49.00641632080078	53.821983337402344
57.22153663635254	62.646193504333496
44.268842697143555	49.804192543029785
55.63643026351929	62.15529441833496
51.094369411468506	51.088125228881836
60.04381513595581	65.51135873794556
54.98040962219238	57.134841442108154
51.97770023345947	58.63328266143799
57.5137882232666	60.56614637374878
52.876853942871094	54.721866607666016
51.8440637588501	56.72000980377197
71.42917013168335	76.6851282119751
61.00950050354004	62.1193323135376
48.692543029785156	51.91316080093384
57.68747520446777	59.87705898284912
50.74980640411377	65.93703651428223
67.34858512878418	59.30458068847656
54.48162841796875	52.9329833984375
45.77550029754639	50.75071430206299
59.355491638183594	59.75937223434448
54.45804405212402	55.88111686706543
55.266845703125	57.84670448303223
47.67752265930176	52.4428768157959
53.05999946594238	54.7706995010376
56.676456451416016	59.77835464477539
57.946807861328125	60.69416046142578
47.21605062484741	48.23674821853638
50.78915786743164	53.625606536865234
48.03844928741455	52.03722381591797
65.91865539550781	69.04589653015137
58.397149085998535	63.33937883377075
65.96481323242188	73.89543056488037
52.90721893310547	54.658103942871094
63.494269371032715	67.20837545394897
59.869338512420654	65.08405494689941
66.3891077041626	68.71209573745728
45.34351444244385	46.84361553192139
66.32768154144287	70.35171604156494
48.68182373046875	53.43168640136719
40.836310386657715	45.3406286239624
56.18015956878662	56.1799750328064
47.16179704666138	55.53277635574341
53.43292856216431	52.59729528427124
63.89557647705078	67.44017791748047
58.060367584228516	62.371498107910156
54.78032112121582	58.655385971069336
59.40008544921875	60.66593933105469
40.1365761756897	52.75614070892334
53.89649963378906	57.33468246459961
48.80442142486572	52.26640319824219
46.32438898086548	51.297728061676025
52.05024719238281	47.30715560913086
42.723976135253906	42.5288143157959
52.84630250930786	56.240442752838135
55.809776306152344	59.710235595703125
54.59595251083374	59.46808433532715
52.481971740722656	56.247215270996094
56.561784744262695	61.23509883880615
55.82304000854492	61.933406829833984
47.44471740722656	51.1851601600647
56.74340629577637	57.82519483566284
57.36931610107422	63.59049987792969
59.37525177001953	61.36882019042969
54.45114517211914	60.86323547363281
59.31671762466431	62.89523506164551
58.68578481674194	58.020867347717285
48.04592943191528	50.7452187538147
58.0125617980957	56.57234191894531
53.779361724853516	56.02120876312256
53.44750356674194	57.57557773590088
53.0851993560791	57.35693693161011
64.67592573165894	65.24434900283813
56.88241672515869	60.70454025268555
52.93034029006958	53.368868350982666
50.63548564910889	54.804625511169434
59.897074699401855	65.3917064666748
43.219483852386475	48.96031618118286
50.29966735839844	54.94085884094238
47.08528137207031	53.396671295166016
52.569337368011475	55.87556791305542
49.023834228515625	52.8124885559082
54.70476531982422	56.86799240112305
54.063682556152344	62.973856925964355
56.39049196243286	60.27935600280762
55.47128629684448	58.06815814971924
63.09783172607422	64.47321319580078
51.201419830322266	55.008548736572266
62.96122598648071	67.40143632888794
56.2125244140625	57.61736297607422
50.562164306640625	64.35921478271484
56.684603691101074	59.721885681152344
49.125709533691406	55.330963134765625
66.3511734008789	69.88571119308472
50.118812561035156	53.104896545410156
53.00836944580078	70.1881332397461
65.7990493774414	67.01778411865234
66.61613464355469	68.75962734222412
60.887627601623535	66.50923728942871
51.35402870178223	53.22484588623047
59.601890563964844	50.24658966064453
58.3172664642334	66.6617431640625
36.431461334228516	38.271727085113525
55.81877136230469	46.81322479248047
61.32636070251465	66.96539878845215
51.38926696777344	51.880940437316895
57.93168497085571	63.14132022857666
49.84926986694336	52.98875427246094
63.94117736816406	65.6986312866211
55.33169746398926	62.12181043624878
57.09571838378906	64.14993286132812
55.45572519302368	59.971879959106445
62.906453132629395	64.3957142829895
53.4421968460083	58.94961357116699
46.996978759765625	48.28803634643555
51.8696403503418	56.22270584106445
54.85787773132324	60.373610973358154
55.41537380218506	59.94002437591553
61.11042022705078	64.50928688049316
63.24308109283447	56.208951473236084
47.67302083969116	50.43280792236328
45.92435884475708	40.432283878326416
62.43003225326538	69.10182237625122
60.50111675262451	62.36027383804321
61.55719470977783	66.7076325416565
43.66126251220703	46.9676399230957
49.38160514831543	64.49212789535522
53.993896484375	60.346134185791016
55.38095998764038	60.362242698669434
50.59285020828247	49.11010265350342
50.69132137298584	54.852633476257324
58.605865478515625	57.62837219238281
58.9452018737793	63.116085052490234
58.3232421875	57.57742691040039
45.20657205581665	38.61299991607666
49.804161071777344	54.712005615234375
64.50729417800903	68.34996843338013
57.78324890136719	59.456783294677734
52.70416021347046	53.54456329345703
51.739349365234375	44.959693908691406
55.69807434082031	57.52446365356445
50.82949113845825	54.81991624832153
55.62934875488281	59.64767837524414
46.83772420883179	50.95909357070923
43.66786193847656	46.77297592163086
56.66621017456055	62.81665802001953
49.518752098083496	54.958739280700684
48.12718963623047	57.717148780822754
54.91754913330078	55.51322937011719
49.89826154708862	51.42289590835571
52.41534185409546	58.107858657836914
65.52424430847168	72.20690727233887
46.56624698638916	49.66131019592285
46.80171203613281	50.05719757080078
58.311187744140625	60.454925537109375
53.66908645629883	60.98052215576172
71.43885135650635	73.78568887710571
47.04856872558594	51.65268325805664
74.35768938064575	78.20523881912231
55.29875993728638	60.145893573760986
61.22414588928223	66.92416191101074
44.59496259689331	50.98244524002075
52.1573486328125	58.74848556518555
45.76874256134033	51.3288631439209
54.59743881225586	59.4603271484375
53.176673889160156	53.941837310791016
61.47336387634277	62.44101047515869
56.662187576293945	60.15494346618652
69.40655708312988	72.86909580230713
54.041987895965576	60.00144672393799
55.563284397125244	61.790459632873535
52.2249698638916	54.053558349609375
46.129249572753906	51.14872741699219
55.006489276885986	56.043800354003906
52.84927749633789	57.53258514404297
65.17620706558228	72.80404472351074
57.33396863937378	64.13520956039429
66.47952461242676	66.214346408844
54.18492126464844	60.51753234863281
67.5860071182251	69.93664741516113
56.37825679779053	63.780170917510986
41.247653007507324	46.002718448638916
53.49846649169922	55.82762145996094
51.75321865081787	54.20871877670288
61.92516803741455	66.69386959075928
54.314881324768066	53.26017093658447
70.81163120269775	76.09619235992432
62.5806999206543	64.7236557006836
66.63827705383301	64.79326629638672
53.04978942871094	55.757537841796875
53.80663299560547	55.549644470214844
58.838945388793945	64.52955436706543
65.86424255371094	71.68571472167969
44.152191162109375	43.40227508544922
57.45293045043945	72.41299438476562
54.689332008361816	57.95578622817993
57.29801559448242	60.424705505371094
60.85369110107422	65.20319938659668
53.48572826385498	59.26221513748169
57.17937088012695	60.77288055419922
64.7731761932373	68.11529445648193
53.60827970504761	53.78293991088867
48.80937194824219	49.004119873046875
48.514713287353516	52.22852325439453
56.803269386291504	44.7146315574646
53.2274169921875	56.19668960571289
49.39272928237915	55.61476421356201
46.9090461730957	55.913108825683594
58.09705924987793	62.88978052139282
59.089622497558594	62.73150873184204
58.61648750305176	61.09352684020996
61.446170806884766	65.02044677734375
59.80008316040039	67.65098571777344
58.50011587142944	60.90678691864014
59.525203704833984	63.95761489868164
65.37555694580078	68.9863109588623
50.04313802719116	54.88175678253174
59.98579788208008	50.65348815917969
67.43656921386719	70.89585876464844
74.82041358947754	75.01026248931885
60.1387996673584	60.708741188049316
53.61017990112305	57.701568603515625
64.02346801757812	66.07568359375
63.26520538330078	66.26531982421875
50.989707469940186	54.69029760360718
57.628700256347656	62.39130401611328
68.34701585769653	71.90475368499756
58.16974496841431	59.27699947357178
49.72623252868652	55.64365339279175
58.842586517333984	47.769325256347656
58.19674301147461	62.104095458984375
58.66044044494629	60.626463890075684
48.67710256576538	53.03388977050781
49.77435779571533	53.34793996810913
59.58686828613281	61.87244415283203
57.16963195800781	49.129058837890625
59.00258159637451	64.72962999343872
62.28899574279785	67.3553237915039
70.56069850921631	74.14618492126465
58.476834297180176	63.22460174560547
65.62448120117188	72.49113464355469
65.97320508956909	67.59445238113403
56.49644994735718	59.71387767791748
51.20909881591797	52.81328582763672
57.151132106781006	61.62475633621216
61.72976303100586	64.28014373779297
55.804686546325684	62.05325126647949
56.764190673828125	60.82642364501953
57.5106897354126	61.607285499572754
59.16764259338379	64.09156799316406
53.631614685058594	57.387319564819336
53.933884620666504	57.26194381713867
51.29783630371094	65.0227279663086
53.60530757904053	58.99368095397949
61.664448738098145	64.39219522476196
54.98659372329712	54.02652168273926
48.728394985198975	51.79453992843628
55.79893732070923	57.895957946777344
63.39665365219116	67.4906530380249
46.03684997558594	49.96527099609375
51.25324583053589	52.55597257614136
57.63077926635742	59.671165466308594
60.875630378723145	64.29037570953369
56.75085639953613	60.81749725341797
59.94524955749512	61.925597190856934
64.34036254882812	67.34148979187012
47.510186195373535	50.01685571670532
50.53204536437988	45.05795955657959
65.0073094367981	62.43031597137451
45.72795104980469	52.180904388427734
51.4195556640625	63.11111831665039
52.49880790710449	55.08028984069824
50.731292724609375	61.27978515625
43.78479719161987	49.225979804992676
55.52817344665527	59.93588924407959
61.83285999298096	65.7823395729065
56.53517246246338	62.289329528808594
55.586402893066406	57.01736831665039
46.32017517089844	49.15410614013672
50.23655605316162	51.09650659561157
45.91166687011719	46.395538330078125
66.79966020584106	70.89183139801025
51.51051330566406	50.395999908447266
46.577274322509766	48.019657135009766
59.22336387634277	61.83373260498047
58.18083953857422	62.03462600708008
49.050350189208984	51.622222900390625
62.46763515472412	64.62879180908203
55.69468688964844	57.86552810668945
56.25516700744629	62.38803577423096
55.18692064285278	54.26852512359619
44.72826671600342	49.21476459503174
48.14871597290039	50.922176361083984
65.85730934143066	67.34191846847534
66.51512718200684	64.13795614242554
61.43137979507446	63.386701583862305
62.4853892326355	64.788827419281
56.27755165100098	60.163424491882324
55.03160095214844	59.1026611328125
43.83851671218872	46.98103857040405
51.642847537994385	55.73879909515381
52.00338649749756	57.072561264038086
54.36474609375	62.18536376953125
57.7754545211792	59.3755578994751
48.52308654785156	52.36337661743164
58.15169334411621	61.39457702636719
75.96315860748291	74.18071937561035
56.4890022277832	56.11395263671875
63.5740385055542	63.86832618713379
54.78758239746094	58.08889389038086
52.86918497085571	57.83166217803955
51.25839948654175	52.954142570495605
53.08949279785156	54.324031829833984
52.16199493408203	54.63260555267334
57.58445739746094	61.8320426940918
66.75064182281494	70.75974369049072
49.208008766174316	52.760536670684814
59.9210205078125	51.37653732299805
47.61383676528931	50.16682577133179
51.768394470214844	53.125083923339844
54.095680713653564	60.0901403427124
51.825347900390625	55.19459915161133
69.6987533569336	73.49660396575928
49.60453748703003	53.9911208152771
55.407867431640625	65.49864959716797
55.28588104248047	55.185150146484375
53.95124816894531	56.37073373794556
50.22139358520508	53.701290130615234
44.106319427490234	44.099266052246094
63.47798824310303	64.09567356109619
41.56012010574341	47.52217245101929
51.71659851074219	59.57339096069336
44.882643699645996	48.449410915374756
50.33400344848633	53.61415100097656
52.042442321777344	60.33135986328125
53.907875061035156	61.19290542602539
64.29988098144531	69.69786071777344
64.721107006073	68.3548436164856
31.744588375091553	29.840766429901123
52.48422861099243	56.05691051483154
65.02948760986328	69.49398040771484
51.68708801269531	54.00891876220703
47.62821292877197	46.889000415802
48.4108510017395	51.30992937088013
69.65226173400879	72.82876491546631
63.66903734207153	63.674654960632324
54.01601028442383	56.788185119628906
64.62994194030762	65.88689231872559
44.379058837890625	45.09809112548828
50.90845489501953	51.380531787872314
59.56470489501953	64.08475399017334
62.15959930419922	66.27536010742188
41.04683065414429	43.91043758392334
77.3451976776123	78.21198463439941
53.15333604812622	56.34466743469238
58.39716625213623	56.06230974197388
54.29585409164429	58.334672927856445
58.39638948440552	66.33750057220459
61.08217763900757	65.93025970458984
55.52893781661987	59.96168613433838
63.22654151916504	65.70275259017944
59.773582458496094	60.01783752441406
57.46479606628418	55.30553197860718
48.88429641723633	54.938682556152344
50.13222885131836	52.65890884399414
57.764370918273926	60.87297821044922
57.24516296386719	64.23786926269531
57.31697082519531	62.64966011047363
71.36417198181152	71.07836723327637
60.37797975540161	66.44338989257812
55.4824161529541	60.44023513793945
46.07079362869263	52.52633857727051
52.645273208618164	59.14176940917969
47.42309093475342	54.143171310424805
49.872803688049316	55.21262216567993
46.73101043701172	51.363216400146484
45.67879104614258	50.526405334472656
57.44722938537598	56.16126537322998
52.333274841308594	54.5937385559082
61.27781295776367	64.10546875
62.702531814575195	65.62161922454834
54.2706241607666	49.420533657073975
56.0391263961792	45.18765306472778
60.82991695404053	66.51640176773071
55.0882043838501	58.804763317108154
53.09708023071289	58.462303161621094
47.53699493408203	51.28399658203125
49.489577293395996	43.35816192626953
50.85518264770508	54.581321716308594
61.30414867401123	63.563246726989746
63.057403564453125	66.86477565765381
51.19673156738281	54.74689865112305
57.50419616699219	61.38629150390625
47.92781925201416	53.0995397567749
52.16426086425781	55.17876434326172
54.371113777160645	59.43778038024902
58.09202527999878	51.08610391616821
58.624892234802246	65.81649112701416
68.65260124206543	71.33785247802734
45.4776496887207	49.15328598022461
61.65338897705078	64.02604675292969
54.52625799179077	54.51026964187622
48.663339614868164	51.70103359222412
58.96188735961914	65.64266967773438
70.24097299575806	72.54957389831543
47.3245849609375	60.07890319824219
62.48455238342285	63.291133403778076
54.392791748046875	59.09144592285156
53.413673400878906	50.279239654541016
51.1987419128418	48.283204555511475
46.1451416015625	48.927513122558594
69.37417507171631	71.37136936187744
64.60148477554321	69.2995433807373
51.315025329589844	57.76803970336914
65.68364667892456	68.65912628173828
49.688289642333984	53.641197204589844
64.24100971221924	66.85750484466553
63.2581901550293	62.37655258178711
65.76365661621094	55.272308349609375
51.56382369995117	54.27878189086914
61.44042205810547	64.3321304321289
43.58979797363281	48.032649993896484
47.015167236328125	54.08104133605957
59.126220703125	64.9447021484375
60.422096729278564	66.61150217056274
51.520437240600586	52.858537673950195
58.01682472229004	61.995649337768555
52.143203258514404	57.66184186935425
59.873443603515625	65.34661865234375
66.89968872070312	71.03689575195312
51.577232360839844	54.256874084472656
54.76291036605835	58.060800075531006
62.549560546875	66.3904881477356
59.888062477111816	63.166494369506836
54.76878547668457	61.07465887069702
57.76702117919922	60.01770782470703
52.07127380371094	52.104759216308594
65.3898720741272	67.24191331863403
57.53872632980347	62.20306205749512
58.32837677001953	62.07557678222656
58.328070640563965	63.16460132598877
54.60731220245361	58.43880271911621
44.212027072906494	49.2996883392334
53.162784576416016	58.64509582519531
55.98967361450195	58.553199768066406
66.2724666595459	61.9435658454895
59.93653345108032	66.47575616836548
50.949466705322266	54.80523681640625
51.299227237701416	57.011610984802246
55.78555917739868	57.44918203353882
63.80643939971924	65.80606269836426
45.95366668701172	50.30375671386719
46.74824142456055	52.79263687133789
51.17158269882202	55.00858783721924
47.744333267211914	60.32275629043579
62.12843132019043	62.13759708404541
58.768808364868164	61.63574981689453
48.54141139984131	54.20314645767212
61.8262939453125	66.98665618896484
60.460365295410156	53.769065856933594
57.48918056488037	61.112106800079346
51.58451843261719	56.89274311065674
59.18011474609375	62.01055908203125
59.32997417449951	61.73149108886719
47.58006429672241	50.838082790374756
65.45611381530762	66.00064277648926
57.3424072265625	59.892619132995605
50.0552978515625	54.55062770843506
61.65502882003784	63.61955165863037
46.76366424560547	46.753440856933594
54.06253910064697	55.91395664215088
57.899065017700195	63.11228275299072
48.30522537231445	53.029685974121094
58.52942371368408	59.49112129211426
55.22583818435669	61.17569875717163
52.535810470581055	57.19834327697754
52.107906341552734	57.68288803100586
49.88465642929077	54.45140981674194
53.73392581939697	59.287757873535156
54.01233673095703	55.910911560058594
46.019981384277344	50.22779846191406
65.00419616699219	68.59825134277344
50.721221923828125	55.33671951293945
54.18325424194336	57.66217803955078
46.805564880371094	50.547096252441406
54.872180461883545	58.26969814300537
58.71481418609619	64.67326164245605
65.41257333755493	70.46989345550537
59.47334146499634	63.799070835113525
61.09469652175903	63.599252223968506
51.776180267333984	57.61665344238281
44.63584518432617	50.21955490112305
54.53630828857422	59.538692474365234
45.54956388473511	39.24132537841797
52.438236236572266	53.8838996887207
43.578460693359375	44.32272672653198
46.91965103149414	50.42615509033203
49.25200653076172	52.4454345703125
63.5785231590271	63.57094383239746
43.910160541534424	47.75586271286011
61.38359832763672	65.04999542236328
63.39157676696777	70.23650550842285
59.960025787353516	58.905609130859375
59.28117513656616	60.560636043548584
48.29676055908203	52.14177322387695
52.06837606430054	64.65921020507812
51.44020080566406	55.58173370361328
71.54576301574707	69.88966464996338
71.83369445800781	75.26159477233887
48.38024139404297	53.85624408721924
69.99626159667969	69.93539428710938
42.80282211303711	52.51722717285156
67.37912559509277	68.66300678253174
51.07334899902344	54.48834228515625
56.070369720458984	60.48735809326172
57.34696340560913	55.60902500152588
59.198116302490234	62.68600082397461
56.77725601196289	45.13234329223633
68.37655544281006	58.73883247375488
49.61747741699219	51.840068340301514
50.18058776855469	53.34799671173096
52.50139617919922	59.42576217651367
50.3101167678833	54.188353061676025
50.35196352005005	54.94948196411133
51.039021492004395	56.253806591033936
55.81816482543945	57.65586471557617
58.54545593261719	58.63609313964844
51.53303623199463	55.60466766357422
61.64561319351196	66.76508331298828
59.33353805541992	61.484771728515625
62.678043365478516	62.68241500854492
54.9042272567749	59.48748970031738
63.754377365112305	64.31805610656738
54.405052185058594	56.14258575439453
49.0176887512207	52.654808044433594
51.97697734832764	49.47072505950928
56.514122009277344	58.814998626708984
50.920188903808594	53.568336486816406
53.252503871917725	59.070417404174805
52.550650119781494	58.15714502334595
46.46916389465332	46.773536682128906
51.89388656616211	51.21560287475586
53.54375457763672	57.98172378540039
51.006019592285156	55.369441986083984
64.14690399169922	67.98236846923828
52.228341579437256	55.86873531341553
58.86484909057617	59.99125671386719
59.39814567565918	59.33905601501465
69.78303623199463	72.77562618255615
58.081817626953125	61.01458740234375
52.49926567077637	63.287343978881836
66.79734706878662	68.57526540756226
50.24899387359619	52.32297992706299
45.82148265838623	49.834999084472656
63.574074268341064	64.91148376464844
44.250972747802734	49.66532564163208
50.698204040527344	52.753761291503906
63.77443313598633	66.0655746459961
44.68730163574219	47.3466682434082
56.907673358917236	58.72402238845825
45.914554595947266	50.0302734375
50.23693084716797	54.54722309112549
51.82666015625	55.76140594482422
77.84662055969238	77.6531753540039
61.934733867645264	62.348493576049805
60.077064514160156	64.56769561767578
64.44471073150635	64.13107252120972
53.40715456008911	57.34365892410278
33.8450927734375	38.407649993896484
53.46005916595459	58.54753494262695
52.37411880493164	55.88017654418945
63.48808479309082	69.33493137359619
49.427852630615234	52.9766960144043
60.68858337402344	64.31675720214844
55.420082092285156	53.30469512939453
46.34139108657837	52.23139238357544
60.82910919189453	48.120357036590576
48.320369720458984	53.53160858154297
60.332828521728516	63.6662392616272
43.341856479644775	50.33011722564697
50.518696308135986	55.50009202957153
63.93923568725586	70.13346099853516
55.96475028991699	59.57254457473755
51.08291244506836	54.28855514526367
60.56075191497803	62.001091957092285
56.24365997314453	56.46876525878906
53.33263921737671	56.8915958404541
58.64160346984863	62.1424355506897
42.63886308670044	45.792630195617676
53.85685157775879	43.29349708557129
53.73253011703491	55.532888889312744
51.91058349609375	54.320709228515625
52.736387729644775	55.129008293151855
56.61195755004883	61.31056213378906
53.315186500549316	60.185699462890625
49.11271667480469	53.56941604614258
55.37999439239502	61.620615005493164
64.71597862243652	65.59492492675781
52.77736949920654	54.210529804229736
49.928685665130615	55.27128744125366
55.79893732070923	59.49440574645996
48.97301006317139	53.70160961151123
60.47120380401611	63.012396812438965
51.93901824951172	53.13018798828125
45.39376926422119	56.96325969696045
54.60183620452881	61.62012577056885
47.32751512527466	52.23838186264038
51.06336212158203	63.14038848876953
55.62725782394409	55.95235872268677
48.57353162765503	52.33073377609253
53.82207107543945	59.90532302856445
57.006446838378906	55.64366912841797
58.18434143066406	59.76245880126953
67.45867252349854	72.45315170288086
62.51865291595459	65.66513729095459
48.50174427032471	56.68117713928223
64.30950164794922	66.16301107406616
49.66838264465332	46.14444065093994
60.18339729309082	59.513617515563965
57.57195568084717	62.505070209503174
58.27741098403931	62.677491188049316
55.070656299591064	58.35017395019531
57.646846771240234	63.251708984375
49.137901306152344	54.425270080566406
49.69768953323364	54.163819789886475
53.52675533294678	56.25566482543945
67.85828304290771	71.6451244354248
52.20921230316162	58.816346168518066
45.18078374862671	49.881051540374756
49.55036640167236	55.13947629928589
59.03816270828247	62.042983531951904
52.613197326660156	57.44784927368164
48.469223499298096	51.560636043548584
52.30522918701172	57.9327392578125
58.07447052001953	62.311676025390625
57.479881286621094	57.82545471191406
54.87071371078491	59.63438129425049
58.97958755493164	62.42552185058594
52.310452938079834	59.59165906906128
55.81423330307007	56.654571533203125
56.15715408325195	62.959564208984375
63.863136291503906	66.23855590820312
47.031524658203125	53.552268981933594
69.5532774925232	68.83172035217285
49.60072469711304	54.21807336807251
54.717185974121094	57.69314193725586
56.840816497802734	56.85493850708008
65.22454738616943	67.38027095794678
76.75910568237305	64.63178300857544
52.367706298828125	56.91114044189453
47.44395303726196	42.01388216018677
53.82618713378906	57.69761657714844
48.32219696044922	53.57565689086914
57.559844970703125	62.740013122558594
67.536940574646	68.12850046157837
56.77584934234619	60.86816644668579
57.18749237060547	61.44973373413086
60.23137664794922	66.48019409179688
57.7534294128418	58.53255844116211
57.51935005187988	61.14561080932617
48.05467987060547	52.97338342666626
47.23209762573242	54.58190155029297
63.79158639907837	70.00301170349121
56.13050079345703	58.06630325317383
56.68440818786621	56.684868812561035
57.576011180877686	60.3455228805542
56.95709228515625	60.69941520690918
49.22037124633789	50.88740348815918
55.04887771606445	58.917755126953125
71.76009941101074	69.90796899795532
49.29653835296631	55.528404235839844
55.2919864654541	61.484880447387695
69.42395687103271	71.91009521484375
58.675249099731445	62.79319953918457
60.79117965698242	62.222171783447266
58.863712310791016	60.56697463989258
45.841304779052734	51.45956802368164
56.763057708740234	60.04910469055176
61.316508293151855	60.27700853347778
53.941407680511475	60.98612880706787
54.00511455535889	57.98873710632324
55.689165115356445	58.27519655227661
54.61617851257324	66.1529688835144
53.611804485321045	59.3484411239624
52.23502063751221	57.99174785614014
55.94164037704468	59.62017202377319
53.3909969329834	56.52463245391846
67.79988098144531	71.93756103515625
52.29847717285156	55.874534606933594
55.32526159286499	63.00066089630127
57.48078203201294	60.1945595741272
61.531471252441406	65.37633514404297
55.35997772216797	55.359046936035156
61.801475524902344	62.874149322509766
61.74874305725098	52.880094051361084
55.15179967880249	61.26728343963623
60.30877876281738	63.59032201766968
58.61598205566406	62.30216979980469
53.92409563064575	58.01719808578491
52.90472412109375	53.12024688720703
53.81071472167969	55.716835021972656
49.504756927490234	53.7475700378418
56.68411445617676	57.967875480651855
46.12897872924805	44.169837951660156
46.25735378265381	50.0198130607605
59.991583824157715	66.43327236175537
48.60949516296387	50.30501842498779
74.77620124816895	77.21710205078125
75.43971061706543	78.9540958404541
74.4378719329834	74.05769920349121
53.31892776489258	42.719520568847656
57.76196336746216	62.58112907409668
49.04542779922485	49.01671743392944
