60.83201217651367	61.959877014160156
53.339619636535645	58.03477764129639
62.48722553253174	76.36303901672363
50.919368743896484	59.25480270385742
42.59229278564453	47.114810943603516
55.51084327697754	58.112525939941406
85.50482511520386	92.45932102203369
47.85172462463379	55.83969497680664
49.416855812072754	57.27095603942871
59.27894592285156	66.46686553955078
63.69224166870117	65.86055660247803
64.22560358047485	62.09182548522949
46.33890628814697	51.44078731536865
94.45411205291748	102.95159339904785
49.4748215675354	53.84734582901001
66.5137939453125	73.95544624328613
66.64625597000122	70.12497615814209
53.73640966415405	61.238046169281006
53.72728157043457	62.573378562927246
70.98017358779907	79.936110496521
54.30639457702637	51.06522989273071
54.424591064453125	60.55007886886597
59.193838119506836	66.71694087982178
46.91852569580078	50.07354259490967
58.32637405395508	61.37694597244263
53.04229927062988	49.20678520202637
50.092044830322266	54.65717697143555
53.997894287109375	58.58475875854492
55.17919158935547	65.52857208251953
53.27200889587402	61.787519454956055
61.49535942077637	72.5042724609375
58.89897108078003	60.912065505981445
38.2869987487793	45.466796875
58.33469867706299	68.98708534240723
51.455628871917725	49.42548179626465
34.52374744415283	41.26703929901123
53.07077980041504	59.49861431121826
84.26278734207153	77.88599634170532
54.21454668045044	59.946993827819824
34.43478345870972	37.03937578201294
81.79832220077515	89.9437165260315
51.68076992034912	54.58204746246338
47.12490463256836	58.080562591552734
52.361831188201904	61.18386125564575
54.77513885498047	59.0339241027832
82.57562828063965	82.20759773254395
57.75607967376709	67.93706703186035
47.50868272781372	53.822052001953125
68.63499402999878	75.70370435714722
68.36812019348145	64.63830471038818
51.809107303619385	60.055020332336426
44.056602478027344	51.46552658081055
57.77232885360718	59.90359354019165
59.2069091796875	55.41621923446655
74.7773208618164	78.57114601135254
52.06348419189453	56.57794952392578
78.72441864013672	75.26319789886475
51.26778793334961	65.38697814941406
27.62317728996277	36.113126277923584
40.171414375305176	41.70439577102661
48.3380012512207	52.66250038146973
57.435428619384766	59.682861328125
64.84023857116699	68.9557056427002
25.509400606155396	32.901724338531494
60.53049087524414	65.65530395507812
42.36936950683594	48.79534149169922
61.38260841369629	55.156620025634766
36.685555934906006	43.114197731018066
61.33821487426758	65.85108280181885
66.57449340820312	66.03721618652344
39.31257247924805	47.44758605957031
45.92820644378662	55.229926109313965
60.2085018157959	67.51349449157715
49.1846923828125	54.94563961029053
48.08476400375366	41.65449571609497
74.4922194480896	78.34746599197388
64.8720645904541	62.69195556640625
35.52182388305664	43.86211395263672
56.973586082458496	64.53373908996582
59.93668556213379	56.85606002807617
46.40531921386719	48.34477233886719
56.28392744064331	62.0849552154541
55.91929006576538	58.15701198577881
56.64464044570923	65.79633903503418
56.13198709487915	64.36530447006226
63.02158308029175	61.42181396484375
60.42796230316162	71.11898803710938
42.64585494995117	48.20406723022461
53.426273345947266	56.83653259277344
56.81947898864746	56.17758083343506
53.280747413635254	58.499703884124756
44.10204315185547	57.17855453491211
29.011077880859375	29.286431312561035
40.49324417114258	49.13426971435547
52.80931758880615	60.3782639503479
58.705482482910156	74.1776180267334
55.26251220703125	53.492448806762695
62.462029457092285	70.86625576019287
55.06753921508789	59.92383575439453
56.56004190444946	54.49464654922485
42.95791244506836	41.40260314941406
55.663697242736816	59.237860679626465
58.886106967926025	66.71801805496216
25.85730743408203	36.50209045410156
108.22424650192261	117.84506034851074
50.24533271789551	47.88469314575195
62.49558448791504	66.93535423278809
95.79691171646118	107.93159008026123
44.77519226074219	50.32600021362305
43.27012252807617	45.69450378417969
51.181344985961914	56.72157287597656
70.13795566558838	62.57415962219238
61.74180316925049	60.144906520843506
61.05825233459473	72.44948387145996
49.73066854476929	48.60682010650635
50.61076498031616	55.75052547454834
53.15807342529297	58.65230941772461
48.22786045074463	54.04300117492676
62.094812870025635	76.9088044166565
73.98871517181396	78.03908634185791
42.56453514099121	37.194419860839844
33.084232330322266	40.10727310180664
50.55779457092285	55.169477462768555
41.6661901473999	42.71343755722046
35.04224753379822	46.81025505065918
46.69534921646118	53.93198347091675
47.24485921859741	53.909993171691895
52.55563259124756	61.446404457092285
61.94769334793091	73.72733068466187
59.665870666503906	58.60210037231445
61.473169803619385	63.930705070495605
38.2262806892395	50.30995416641235
63.79873466491699	70.06368827819824
32.148890018463135	33.723018646240234
41.46887826919556	43.38576936721802
56.045223236083984	67.12059164047241
51.711875915527344	60.34546661376953
56.873939514160156	58.58689498901367
52.68701171875	56.47510528564453
47.86855125427246	56.73370933532715
41.43284606933594	43.86564636230469
64.00387763977051	58.734317779541016
64.11361026763916	68.16824340820312
65.06948661804199	67.28924560546875
74.70588874816895	69.97746801376343
48.208608627319336	49.22017478942871
53.88545036315918	62.5992488861084
43.283751010894775	53.41290092468262
50.34368133544922	54.368629455566406
28.245870113372803	35.3155779838562
47.90058374404907	58.71564531326294
62.20452308654785	75.64064979553223
58.13796043395996	63.11229228973389
58.491891860961914	50.53951120376587
54.604694843292236	61.999573707580566
82.72669315338135	93.29493236541748
108.27880334854126	119.51509428024292
36.01545333862305	43.73244857788086
63.19553518295288	68.40760231018066
37.973666191101074	43.980682373046875
41.73715925216675	50.670026779174805
56.499149322509766	65.87765407562256
45.62165069580078	56.7125244140625
57.03728675842285	51.13511276245117
54.91835594177246	63.95312309265137
47.18254995346069	60.065053939819336
33.928446769714355	36.98433780670166
57.06359100341797	54.20265054702759
55.542991638183594	65.31156921386719
94.55880403518677	106.0401463508606
37.843796730041504	40.10187530517578
39.64519500732422	32.857304096221924
36.55400085449219	44.27489471435547
71.53592443466187	67.74967288970947
76.4486083984375	88.2003402709961
40.596739768981934	47.31410264968872
37.29860734939575	39.81263017654419
57.22171926498413	66.52139282226562
47.641053199768066	58.00503158569336
58.31137180328369	67.64080047607422
62.84133005142212	70.634042263031
56.01848125457764	55.83575248718262
42.13869571685791	48.35880661010742
38.30010986328125	50.32762145996094
50.262322425842285	52.49004936218262
78.2603588104248	80.61375617980957
31.254937648773193	40.82584762573242
35.65987157821655	42.688236713409424
49.01523971557617	46.44577980041504
46.22722864151001	56.79615783691406
80.52781677246094	85.68685913085938
55.26119041442871	63.4085259437561
62.31570243835449	60.2417311668396
61.592864990234375	57.586769104003906
59.12384033203125	63.336151123046875
66.95960426330566	76.48198127746582
53.558448791503906	66.99239873886108
52.51519203186035	58.74567985534668
71.25019693374634	74.68551635742188
50.844383239746094	54.43832445144653
72.11447668075562	69.73091173171997
33.72975397109985	41.333192348480225
51.81515407562256	55.94797468185425
48.37866926193237	53.96075391769409
62.88226127624512	67.31282711029053
71.11988067626953	71.65159606933594
68.27341938018799	77.28303718566895
65.51898956298828	69.36143398284912
42.732720375061035	54.45002555847168
53.439903259277344	63.53716850280762
30.65348529815674	33.4542236328125
61.43035888671875	59.417823791503906
53.68713998794556	55.85599184036255
60.664496421813965	72.96836853027344
57.77486801147461	61.540977478027344
62.212510108947754	69.20693874359131
61.907121658325195	59.94667625427246
40.56286811828613	43.46484708786011
48.10341453552246	52.30298137664795
35.09342670440674	37.919095516204834
47.25113868713379	60.65726280212402
85.87049674987793	99.12590026855469
58.768409729003906	63.280795097351074
53.06308937072754	58.76807928085327
33.57615900039673	41.9045205116272
23.3366539478302	33.648263454437256
72.81033182144165	79.75694465637207
38.289841651916504	40.285027503967285
68.7263593673706	75.36541271209717
57.72094917297363	67.10824728012085
46.25819778442383	48.182106018066406
59.44118642807007	66.08867025375366
82.1242904663086	83.5572338104248
52.731895446777344	57.50096130371094
39.9350323677063	38.95016384124756
65.846755027771	75.9118504524231
68.75935935974121	76.38075256347656
63.986663818359375	77.86502265930176
59.008506774902344	64.27642059326172
64.69161987304688	75.53132629394531
59.59002685546875	66.82415771484375
60.86599159240723	66.11226558685303
35.39408874511719	40.20228576660156
44.69970703125	53.59480667114258
53.55431365966797	56.792564392089844
45.46830368041992	57.329437255859375
54.0413818359375	57.63594055175781
42.296817779541016	47.26095962524414
44.61402368545532	49.773194789886475
76.19346618652344	76.13620948791504
65.86692905426025	72.63415575027466
38.03886413574219	46.0495719909668
32.96650218963623	43.006585121154785
72.57331657409668	78.34551811218262
69.11505699157715	63.25702667236328
56.88490867614746	59.7573676109314
66.25186920166016	72.77543067932129
46.31480407714844	50.488624572753906
38.22532272338867	45.98664855957031
50.76148986816406	56.33773612976074
52.38060665130615	61.4178786277771
57.47608184814453	65.34468078613281
46.11758232116699	50.91709613800049
49.75022506713867	60.32377243041992
69.94830322265625	73.66029167175293
65.41136741638184	74.98441219329834
52.525978088378906	63.037349700927734
43.5996150970459	45.375030517578125
36.758426666259766	43.86591339111328
45.45018196105957	54.362072467803955
53.084341049194336	58.60557174682617
42.97099304199219	47.11627960205078
39.5361385345459	36.5719952583313
59.044870376586914	71.25960731506348
47.098045349121094	57.6085205078125
58.56837463378906	63.828006744384766
60.85744380950928	65.19598484039307
48.96331787109375	60.100746154785156
63.98009634017944	56.32125234603882
47.83561134338379	47.4327507019043
57.89525032043457	57.83511161804199
36.95712423324585	43.320611000061035
61.92308807373047	62.106136322021484
50.803361892700195	51.93397521972656
69.46645879745483	68.66370964050293
44.982091426849365	52.854671001434326
54.701494216918945	55.88902187347412
44.95364189147949	42.332862854003906
55.79596519470215	61.37254238128662
56.86878204345703	59.50028896331787
51.56564426422119	62.15726280212402
49.46165466308594	61.376609802246094
57.53071403503418	66.75998497009277
56.665117263793945	63.76916313171387
55.2413272857666	58.92284393310547
56.36660099029541	58.48530578613281
57.17066287994385	64.22508239746094
39.376662254333496	45.69247102737427
37.774986743927	41.19674062728882
50.94363212585449	57.32814311981201
66.06833457946777	69.57510280609131
61.537858963012695	62.5968074798584
44.73210906982422	48.616058349609375
42.634765625	50.9548454284668
56.425283432006836	60.31923770904541
52.25391387939453	55.60548400878906
60.76377630233765	72.06091213226318
71.24715995788574	65.35382080078125
60.80576133728027	67.67492866516113
38.368892669677734	47.43873596191406
68.09059858322144	76.44509363174438
34.600027561187744	41.55167531967163
70.20484781265259	81.23380136489868
56.41876029968262	62.7235050201416
75.15935182571411	67.79872131347656
34.39016628265381	39.92632436752319
60.44605731964111	69.04310703277588
49.189772605895996	51.88331604003906
40.76432418823242	50.81504821777344
56.242807388305664	62.49834966659546
58.55740785598755	61.35825204849243
71.85842704772949	78.86898803710938
50.606207847595215	55.71521759033203
44.48485565185547	54.833580017089844
54.66748380661011	60.570176124572754
55.41681671142578	60.54925537109375
54.42075729370117	61.28879356384277
61.433006286621094	72.15117359161377
31.481922149658203	41.44563293457031
51.19091606140137	55.21196794509888
61.16598129272461	60.12295913696289
62.19277048110962	69.89571619033813
56.822715759277344	60.47499465942383
43.18976402282715	40.45301818847656
69.62461233139038	81.47016096115112
68.10822248458862	77.16208744049072
71.21382856369019	83.73421478271484
61.29357862472534	70.06084442138672
46.055320739746094	56.85903549194336
50.26314735412598	52.8701114654541
82.18795537948608	77.02850484848022
57.03156280517578	59.662933349609375
58.81258487701416	66.76387786865234
61.848936557769775	61.284042835235596
36.62123489379883	42.79268264770508
46.39108371734619	55.6134238243103
55.73835468292236	64.11784172058105
49.51346969604492	60.62477111816406
98.91194152832031	106.9172592163086
50.38580894470215	55.45633792877197
58.38051080703735	52.41844940185547
59.602980613708496	62.66329288482666
50.855005741119385	58.69402313232422
53.66162300109863	54.609999656677246
47.79827880859375	51.572792053222656
52.413625717163086	52.309814453125
74.88162040710449	72.16279792785645
51.989078521728516	52.84446716308594
50.52078056335449	58.34425592422485
61.29341125488281	68.62582206726074
44.33392333984375	51.55133056640625
54.49755668640137	64.91697788238525
44.751296043395996	48.89572525024414
48.104663372039795	53.383469581604004
55.019492626190186	61.501829624176025
67.97164916992188	65.07675170898438
64.07736349105835	68.6327748298645
56.229183197021484	58.74572038650513
40.353126525878906	41.491607666015625
51.68045139312744	58.06248235702515
66.85826826095581	57.080381870269775
55.662856101989746	51.393707275390625
64.52361488342285	68.67823219299316
54.64836120605469	64.1368579864502
43.668243408203125	48.176612854003906
50.787593841552734	62.63431930541992
53.94324445724487	61.27163600921631
49.88783645629883	54.95659637451172
55.390159606933594	63.44551706314087
53.35132598876953	67.93478488922119
58.510140895843506	60.536333084106445
59.856767654418945	69.59466457366943
58.14861297607422	65.4124984741211
60.1092529296875	59.88546848297119
58.996596336364746	62.39363193511963
25.17380714416504	30.050837993621826
71.43466472625732	82.91966199874878
37.009307861328125	43.66486358642578
50.429344177246094	61.279747009277344
67.05908918380737	70.40364122390747
67.07569599151611	58.47380208969116
57.53861045837402	66.6778736114502
34.617220878601074	44.245652198791504
65.24119663238525	66.61955308914185
80.97615194320679	81.78438091278076
66.69697380065918	72.4013843536377
33.37703323364258	34.51243591308594
65.16630029678345	67.49857521057129
59.774765968322754	57.74083614349365
57.48259401321411	63.42107391357422
65.06635808944702	72.71641635894775
36.532432556152344	41.78578186035156
69.67045783996582	65.88186740875244
44.49924087524414	49.626007080078125
77.22404479980469	88.50682640075684
67.47892570495605	79.39952659606934
49.16290855407715	56.45975875854492
60.34073781967163	62.839046001434326
46.54689025878906	55.461585998535156
41.51463985443115	53.275513648986816
59.09391975402832	60.95925331115723
56.85284614562988	53.761229515075684
38.0208625793457	48.32929229736328
40.304627895355225	44.001595973968506
78.54161024093628	82.07830810546875
61.71743202209473	63.98827075958252
38.27820825576782	46.120957374572754
51.829776763916016	59.95924949645996
49.648027420043945	58.89753818511963
63.60818862915039	68.14894199371338
46.98609209060669	42.86245107650757
46.43711042404175	54.67407560348511
45.62100410461426	43.745765686035156
42.76213216781616	38.97939682006836
51.71070575714111	56.330881118774414
62.790404319763184	73.87753248214722
28.503108024597168	29.700571060180664
46.433170795440674	50.72576093673706
32.82034397125244	33.722232818603516
45.18598175048828	56.80424880981445
62.50620365142822	65.93669128417969
55.9047737121582	57.13322353363037
58.74145269393921	68.58193159103394
71.4909725189209	66.17318630218506
36.44540023803711	43.71528244018555
65.91377401351929	67.78787136077881
38.493080615997314	43.51688003540039
40.14759635925293	53.87225389480591
37.680908203125	44.43184280395508
51.34056854248047	63.21524429321289
59.875584840774536	65.87837934494019
42.106956481933594	51.4203987121582
58.19786834716797	59.46308135986328
37.19122838973999	45.56771183013916
63.567655086517334	70.65641832351685
51.68485450744629	55.59420204162598
47.34835338592529	53.179999351501465
51.483598709106445	59.19841718673706
55.16714286804199	63.66385746002197
56.51560306549072	69.25684976577759
29.645244598388672	33.44130611419678
61.843156814575195	52.16440677642822
70.3736400604248	64.64348793029785
75.61038017272949	70.7037353515625
71.65776252746582	74.07081604003906
37.514737367630005	40.936577796936035
62.26378536224365	62.1256685256958
57.39971685409546	66.74054098129272
56.690311431884766	55.36172866821289
44.61804389953613	56.734466552734375
35.02809476852417	42.089004039764404
43.11294937133789	47.57489013671875
38.79045057296753	40.66175842285156
42.422616481781006	44.008787631988525
51.74857139587402	55.89336395263672
60.119858741760254	66.18236541748047
39.64203667640686	43.086872577667236
48.61527490615845	61.70999097824097
61.39936447143555	66.32658243179321
51.73759460449219	57.290374755859375
55.69252109527588	59.4176459312439
36.51847457885742	43.62388610839844
71.07703399658203	75.14378929138184
43.33021545410156	44.020599365234375
52.21727514266968	63.54129123687744
74.53538227081299	80.93986988067627
64.52684211730957	60.4573917388916
49.987308502197266	61.67582321166992
58.39891290664673	62.99381160736084
74.19110298156738	84.97195243835449
47.78633499145508	60.48515701293945
57.83730697631836	49.14175987243652
66.90307807922363	57.17521619796753
76.12435913085938	88.69338512420654
62.674644470214844	57.89932727813721
57.936086654663086	63.88676643371582
54.860873222351074	66.00884437561035
55.06084966659546	51.207035064697266
71.72236061096191	68.4732723236084
47.17783737182617	58.547149658203125
43.44338893890381	47.54389762878418
44.906009674072266	53.388755798339844
70.74495697021484	76.10401821136475
66.85330104827881	72.12210273742676
51.07270812988281	65.3134994506836
67.79687213897705	77.70051670074463
55.01356601715088	61.029725074768066
38.684513092041016	44.58050537109375
45.56853103637695	47.375675201416016
64.01968955993652	59.44973373413086
54.921770095825195	64.92043161392212
54.457831382751465	63.293800354003906
64.3893871307373	71.69805335998535
45.49295139312744	55.83919715881348
47.57312250137329	50.881638050079346
56.82928943634033	64.69425249099731
39.70219039916992	43.43364715576172
62.12446689605713	64.62938690185547
61.746774673461914	67.3238582611084
50.29947853088379	57.85824394226074
45.61338806152344	51.6622428894043
61.525893211364746	56.75616455078125
39.46195602416992	42.83022689819336
45.63077926635742	41.798744201660156
48.83029317855835	60.269858837127686
51.338478088378906	56.89010238647461
50.40611457824707	55.11465549468994
61.02424621582031	68.84783792495728
52.018028259277344	57.07355880737305
58.680657386779785	69.70922803878784
35.48136281967163	42.337400913238525
42.57258605957031	52.902313232421875
51.70666694641113	56.5804386138916
34.03741121292114	37.66686010360718
30.61113452911377	39.7668981552124
47.47542858123779	47.20136642456055
53.53872871398926	63.93856716156006
66.71101427078247	79.91046142578125
55.41671276092529	67.99493312835693
69.67237567901611	76.89344882965088
35.790321826934814	44.1020073890686
51.161705017089844	64.26658630371094
51.73211717605591	56.8646035194397
56.90482711791992	59.0298957824707
51.84409809112549	51.814401149749756
71.9073166847229	79.31893825531006
60.5452766418457	73.38202857971191
60.70521354675293	57.45298147201538
42.061798095703125	51.148555755615234
65.01935577392578	60.6119327545166
52.7982234954834	59.676170349121094
55.23802947998047	56.48213195800781
58.55937194824219	63.14840316772461
34.783382177352905	31.848546028137207
28.60473346710205	36.06141948699951
73.05584907531738	65.17981719970703
74.7375340461731	76.00485277175903
42.21769332885742	46.409645080566406
50.829345703125	55.123714447021484
67.1621561050415	73.89404439926147
62.98609781265259	70.91392660140991
42.77651309967041	45.70937395095825
56.32921314239502	61.394790172576904
26.947916507720947	37.52243757247925
57.943748474121094	66.66147708892822
42.146498680114746	40.69452953338623
37.96428680419922	44.47612380981445
30.460813999176025	37.36206674575806
43.48739242553711	54.288551330566406
37.446441650390625	40.086849212646484
70.3161449432373	79.10328483581543
33.10919237136841	39.50074052810669
43.58224105834961	41.82307434082031
57.79892635345459	62.18389177322388
41.04720067977905	52.006625175476074
69.92996406555176	81.21553802490234
55.72129154205322	58.80059623718262
47.956021785736084	53.29999923706055
46.66516923904419	50.784257888793945
59.39298152923584	56.65277099609375
47.68458604812622	49.060157775878906
48.405723571777344	57.874149322509766
57.78164863586426	65.85591316223145
54.80699920654297	65.44894409179688
36.62345838546753	44.164902687072754
63.537282943725586	67.41923332214355
56.969748973846436	62.01337909698486
40.15531539916992	45.83588409423828
46.172475814819336	44.54754638671875
60.31865119934082	69.20391082763672
63.77450942993164	75.50579071044922
71.42768859863281	69.51969909667969
57.153892517089844	65.70981407165527
107.2399263381958	99.85718536376953
59.37859535217285	73.56252098083496
50.74058389663696	54.85053062438965
48.06513214111328	51.42003631591797
63.70755195617676	68.5065746307373
45.63955879211426	53.95500326156616
32.703622341156006	41.54870128631592
52.84102821350098	63.15248680114746
42.28106498718262	44.195587158203125
53.7054443359375	55.91368865966797
34.964778900146484	40.44754123687744
52.49483871459961	62.17726993560791
48.197922706604004	56.61142873764038
48.34302520751953	52.42314147949219
47.278127670288086	49.998199462890625
38.865885734558105	39.95686721801758
43.1729850769043	43.880924224853516
67.31331634521484	79.8042459487915
65.77466487884521	73.48491668701172
58.131775856018066	61.3633918762207
83.69293022155762	91.8131160736084
38.383251667022705	43.602179527282715
60.32174777984619	66.22480058670044
56.68593215942383	59.090017318725586
54.79092597961426	65.20407676696777
70.07404613494873	76.10042667388916
45.56307935714722	50.06462001800537
58.23649787902832	63.35767412185669
50.79773807525635	53.95127820968628
46.2265625	55.581993103027344
52.074663162231445	60.70489168167114
70.67175102233887	75.27332496643066
60.7510199546814	55.90481901168823
56.518043518066406	64.2259669303894
50.53759145736694	58.66661596298218
40.278900146484375	37.56221008300781
58.78690242767334	61.31578826904297
58.74364709854126	55.278400897979736
42.878732681274414	45.208984375
58.06843137741089	69.54128170013428
64.92146015167236	61.46350288391113
72.068528175354	84.37236642837524
41.85318470001221	46.49662971496582
46.95228958129883	59.91423797607422
63.30010986328125	66.67503356933594
55.75147247314453	60.33880615234375
48.954898834228516	52.17333984375
44.35871124267578	56.39327526092529
47.980384826660156	60.075096130371094
54.841421604156494	65.43609809875488
58.38851308822632	54.02398729324341
56.368340492248535	61.74532604217529
51.66809844970703	56.140663146972656
46.94664001464844	50.271034240722656
49.987403869628906	62.57107162475586
48.433448791503906	61.00919723510742
66.29637908935547	70.00198173522949
51.50603485107422	58.15569305419922
62.740041732788086	59.699907302856445
36.09663009643555	35.8734245300293
34.63626003265381	38.597044944763184
56.88524580001831	62.3227915763855
38.81262969970703	47.13900375366211
30.020453453063965	41.333889961242676
57.43490219116211	71.85829162597656
74.3408145904541	73.50901222229004
44.54014778137207	52.872276306152344
43.605918884277344	43.766361236572266
62.03685140609741	71.8519377708435
51.94846200942993	54.047922134399414
37.104671001434326	41.32752227783203
67.55606031417847	70.46956586837769
58.537818908691406	61.711795806884766
58.62169075012207	71.81912040710449
52.88471603393555	60.9738507270813
43.965787410736084	54.39443492889404
61.16423177719116	59.28415775299072
40.054673194885254	45.090758323669434
61.647061347961426	61.05449199676514
65.67845344543457	66.42697334289551
56.44477844238281	67.14752197265625
69.4638729095459	66.66288042068481
43.90495300292969	53.44052314758301
52.32922887802124	61.60638761520386
57.203054428100586	64.41492557525635
32.10835266113281	38.315757751464844
36.49703598022461	43.3321418762207
55.85306739807129	57.783764362335205
77.77868127822876	78.49737596511841
66.9600043296814	64.4634690284729
51.3637113571167	49.08716583251953
35.6363263130188	39.226341247558594
53.17831039428711	59.13365364074707
45.889034271240234	56.35993194580078
63.74061059951782	70.96112823486328
48.7503547668457	57.980642795562744
57.1228985786438	70.42770624160767
45.13920450210571	51.14561080932617
59.28551626205444	55.47439765930176
52.54412269592285	62.65523099899292
57.837082386016846	64.7519588470459
68.04881525039673	67.16975355148315
50.88504981994629	52.141966819763184
50.94639587402344	55.7431697845459
32.843255043029785	42.7343225479126
55.90143966674805	58.686553955078125
59.157257080078125	68.65196228027344
42.698158264160156	55.8552131652832
45.811280250549316	54.21448230743408
85.88462591171265	83.78905010223389
61.36727714538574	68.92573356628418
44.67803621292114	58.40364217758179
57.914615631103516	59.88743209838867
82.34449577331543	88.15330982208252
32.000365257263184	35.78429698944092
48.15469408035278	61.30979633331299
50.12147855758667	57.699045181274414
75.48196220397949	83.0035400390625
54.69144344329834	59.53074073791504
46.06317901611328	53.25384521484375
49.7562689781189	52.91745185852051
70.33576011657715	77.99006652832031
46.06612777709961	57.225955963134766
72.46711874008179	78.64160299301147
62.11261796951294	67.83657217025757
41.07280349731445	49.352935791015625
58.27767848968506	68.18920135498047
59.61422348022461	59.80170440673828
57.19056177139282	52.92871713638306
57.637176513671875	65.01217603683472
58.56880187988281	61.650917530059814
51.47527885437012	54.39671516418457
61.488948822021484	63.73135757446289
56.19602823257446	56.06465721130371
44.98824119567871	55.75615406036377
55.70203399658203	56.489272117614746
50.294556617736816	53.31261157989502
73.04765510559082	76.37119102478027
49.523529052734375	54.17280721664429
42.33102607727051	44.51072645187378
63.870832443237305	57.55999565124512
37.86306667327881	44.50282144546509
58.151153564453125	59.500919342041016
47.57785606384277	55.95943737030029
55.57201051712036	66.16824245452881
45.685020446777344	57.28191375732422
44.725823402404785	41.49872970581055
53.948612213134766	59.08011436462402
55.31570529937744	58.657386779785156
45.74465274810791	49.305710792541504
57.95751953125	60.230621337890625
45.58881139755249	54.619646072387695
44.08158874511719	48.84295701980591
38.479103088378906	43.590782165527344
43.9865608215332	47.97984313964844
52.50724983215332	59.56999969482422
68.4076714515686	75.53565835952759
50.39578914642334	56.81045722961426
38.987178802490234	51.188899993896484
58.417877197265625	63.44685745239258
36.903361320495605	42.532936096191406
55.38291931152344	56.06136131286621
63.331581115722656	68.52801704406738
51.65425777435303	53.90842914581299
43.17026138305664	47.37000846862793
39.63217878341675	38.53312826156616
65.686598777771	76.12828302383423
49.642963886260986	54.989739418029785
53.82560729980469	48.79795455932617
56.75338840484619	59.12866258621216
70.86964416503906	68.78846168518066
54.49346160888672	57.252586364746094
56.07481527328491	63.920637130737305
59.29145669937134	70.06170082092285
57.79129600524902	68.40560817718506
64.67157220840454	69.40242004394531
40.2216899394989	44.419301986694336
68.54128789901733	66.83853721618652
61.732492446899414	70.08063316345215
48.40330505371094	51.13235855102539
55.572829246520996	61.49363040924072
54.01107883453369	50.19223642349243
51.22367763519287	60.60678720474243
62.76290559768677	69.3027663230896
44.53511953353882	51.19741916656494
54.62064170837402	64.08920860290527
66.97828102111816	69.21891212463379
67.15031623840332	59.117886543273926
63.02842664718628	70.33315086364746
37.28904104232788	40.155715465545654
49.1785888671875	58.476417541503906
47.62852478027344	50.076263427734375
38.7664794921875	46.195125579833984
53.98855018615723	56.509865283966064
63.29367685317993	68.7027039527893
50.38812875747681	61.389949321746826
58.242387771606445	63.01921463012695
49.216739654541016	57.42035675048828
55.87834024429321	65.78251504898071
63.64991855621338	60.02941703796387
61.37374019622803	68.91849374771118
45.852264404296875	56.13577651977539
54.60301876068115	61.44681453704834
45.73579216003418	49.10977077484131
38.74455499649048	46.61869716644287
78.97392082214355	82.39097785949707
61.68838310241699	72.34175872802734
58.605441093444824	55.6550989151001
73.96269845962524	77.87298488616943
39.30813217163086	37.235557556152344
36.05622863769531	38.56727600097656
55.69053411483765	60.075130462646484
56.1412353515625	58.31787872314453
50.24483013153076	58.435120582580566
72.03680992126465	71.87788581848145
57.51817226409912	53.92232322692871
49.09696578979492	58.54308605194092
67.01715660095215	64.07732486724854
65.15446543693542	67.36689805984497
61.81875038146973	52.67824602127075
45.72060441970825	51.18796348571777
49.10454559326172	60.551116943359375
48.58694553375244	58.61956596374512
50.95552921295166	61.03833198547363
64.49981784820557	73.70369577407837
67.8865180015564	64.82807350158691
63.556509017944336	60.36403226852417
57.06112051010132	51.560009479522705
61.717437744140625	69.79833126068115
51.17344665527344	54.86546325683594
59.82685661315918	63.554770946502686
51.81318283081055	62.6053352355957
97.5615906715393	97.82735681533813
40.6320686340332	51.706356048583984
54.241294860839844	58.71403694152832
46.79364013671875	58.01593780517578
37.56065511703491	42.99630832672119
71.12581729888916	67.40141868591309
57.783472537994385	65.77484178543091
52.99867248535156	61.562103271484375
42.07172870635986	51.30375862121582
58.00276279449463	56.431671142578125
68.98616981506348	72.40378475189209
51.78093433380127	48.74657440185547
56.529624938964844	58.55061721801758
57.45417547225952	50.87347984313965
39.864349365234375	48.25516986846924
51.23420333862305	57.05620193481445
67.43507194519043	83.45990180969238
38.32955884933472	42.81208801269531
58.7502326965332	60.436155796051025
54.54619646072388	57.33126497268677
36.643271923065186	44.1819224357605
58.89028072357178	63.197078704833984
52.90902328491211	54.36940383911133
38.51209259033203	42.111587047576904
81.93466186523438	80.56359767913818
54.52088689804077	62.66707897186279
49.3330192565918	53.00597667694092
36.946311950683594	49.247642517089844
51.36350870132446	58.874290466308594
54.06467962265015	65.83527946472168
46.45158386230469	49.63985824584961
52.43243360519409	63.80565643310547
54.94988822937012	55.932936668395996
58.53722906112671	70.08347368240356
43.040809631347656	52.73150634765625
54.52057647705078	65.2243423461914
61.27356719970703	64.39217376708984
49.25124549865723	53.49639272689819
84.28690910339355	91.62935972213745
64.3325138092041	79.43205833435059
57.445472717285156	52.64681339263916
84.1860580444336	74.94079399108887
45.29114532470703	56.50437545776367
54.36627388000488	62.765368938446045
68.04105377197266	76.43423652648926
57.26030874252319	66.9269642829895
39.374656200408936	42.924553871154785
56.06906032562256	58.11753845214844
61.33987903594971	75.75395107269287
48.62842559814453	53.57992649078369
43.842973709106445	49.02266502380371
44.03556823730469	44.342994689941406
53.81343078613281	58.886791706085205
63.807087421417236	66.10810947418213
59.86869812011719	62.658610343933105
57.43728303909302	64.81414747238159
51.18193817138672	55.5575737953186
52.79819440841675	51.631768226623535
50.0338134765625	61.10985565185547
74.8413724899292	82.18579959869385
38.812705993652344	49.88083076477051
59.553494453430176	72.52982139587402
63.224828243255615	71.361825466156
54.199310302734375	57.343379974365234
49.510677337646484	51.99659729003906
45.17736053466797	54.44684028625488
30.505741119384766	36.96660614013672
39.58162879943848	44.210336208343506
40.92080307006836	51.633750915527344
36.06088209152222	37.59420156478882
32.13734436035156	38.90677499771118
69.16495370864868	79.93736410140991
61.75410747528076	68.22992134094238
57.10270690917969	64.87750244140625
70.04793405532837	67.53489685058594
69.78055000305176	81.93116426467896
40.952070236206055	48.29202318191528
54.146583557128906	58.007933139801025
53.68533182144165	55.3344783782959
45.640316009521484	51.92042541503906
82.65839862823486	79.52832221984863
43.850135803222656	38.89295959472656
69.68634796142578	78.62619209289551
58.988619327545166	59.98333024978638
51.0443902015686	63.739161014556885
72.67880058288574	79.09513092041016
61.029396057128906	64.36110734939575
59.344778060913086	63.0698823928833
63.321027755737305	63.083505630493164
57.9094033241272	59.98703384399414
53.11378002166748	62.120962142944336
53.4642276763916	48.07255268096924
59.91790246963501	55.87905693054199
39.44275665283203	47.18339538574219
50.40969371795654	55.15408992767334
64.01427412033081	61.8573317527771
40.07609558105469	48.288780212402344
46.53950500488281	50.70268249511719
82.6891222000122	90.01623249053955
65.18861389160156	73.62425422668457
49.162466526031494	55.97778367996216
79.19208240509033	71.9087381362915
37.466679096221924	36.722766399383545
32.94978618621826	40.49154758453369
41.49033164978027	55.06719732284546
47.87336826324463	55.24760723114014
57.15517997741699	59.92380142211914
55.1297550201416	63.55003309249878
52.21220302581787	63.36111831665039
65.48500347137451	69.8946533203125
54.23915100097656	58.041561126708984
50.306304931640625	59.407493591308594
64.4410457611084	73.82281494140625
61.335566997528076	62.535552978515625
48.48989486694336	60.26192092895508
48.50969314575195	52.732110023498535
59.95946550369263	55.62740993499756
38.930137634277344	42.48931121826172
49.032020568847656	49.0017204284668
51.44352149963379	61.659759521484375
37.95283508300781	46.38821792602539
50.34853935241699	60.112762451171875
47.466068267822266	56.58092975616455
36.639179706573486	42.71754312515259
65.19722604751587	59.67246437072754
60.94803810119629	57.93368148803711
64.80650520324707	76.77741432189941
63.86327505111694	74.95322513580322
75.57269096374512	86.47749423980713
82.86241626739502	88.08724403381348
53.622915744781494	65.64503574371338
53.85061168670654	62.30593013763428
73.42073011398315	79.69364643096924
47.710609436035156	52.862730503082275
56.42230939865112	60.41494703292847
47.08251476287842	51.2926082611084
41.29737710952759	48.217864990234375
52.70881652832031	55.43243408203125
67.1176700592041	60.64677572250366
49.94192600250244	55.68519592285156
56.28604030609131	63.58820199966431
51.95910930633545	57.61645460128784
45.03469467163086	54.42649841308594
51.83559036254883	54.72810363769531
43.10226631164551	53.92424154281616
34.47794198989868	37.53124284744263
43.08669638633728	51.96663808822632
59.196577072143555	59.06248474121094
47.56884002685547	44.51731824874878
85.06852626800537	79.83225965499878
60.677785873413086	71.98869228363037
62.96381616592407	59.99529504776001
38.161277770996094	40.56220626831055
46.80174922943115	48.995036602020264
36.96453094482422	39.846473693847656
57.720115661621094	58.87724304199219
59.35111427307129	71.02795600891113
39.737167835235596	47.58627271652222
57.94822692871094	62.71826171875
35.9004545211792	36.083065032958984
58.67668628692627	73.15365791320801
31.78669548034668	40.05236053466797
34.40143823623657	41.34964466094971
83.03398275375366	79.82274580001831
49.316091537475586	47.369465827941895
63.801790714263916	76.46081352233887
51.7457160949707	54.32444763183594
63.23284149169922	68.73905181884766
24.880088806152344	32.45208787918091
44.30708026885986	52.90371894836426
52.52807807922363	53.69997978210449
56.56502342224121	64.46856689453125
70.9023904800415	62.82720947265625
48.09727096557617	59.957828521728516
60.49100399017334	57.35150909423828
71.60950946807861	68.81737518310547
50.837032318115234	63.410438537597656
50.91928958892822	62.1567964553833
56.438727378845215	62.643795013427734
63.461586475372314	60.712350368499756
45.44853591918945	53.36540222167969
34.31968402862549	40.13788461685181
41.26142501831055	47.582107067108154
49.958205699920654	44.42478847503662
90.8161973953247	92.8297815322876
