86.91282844543457	86.39032459259033
35.68359375	34.25577163696289
56.423927307128906	62.69273328781128
46.19635772705078	48.204087257385254
46.102264404296875	46.851783752441406
53.12350082397461	52.88321304321289
46.59321928024292	44.49780750274658
62.48976230621338	67.50437307357788
51.59858703613281	55.26392364501953
45.99995040893555	49.20954513549805
38.01912784576416	41.55378484725952
42.825934410095215	41.439574241638184
45.508811950683594	46.976829528808594
53.19391107559204	57.404377937316895
54.415924072265625	52.6823844909668
54.52732849121094	53.32816696166992
45.34485626220703	42.360939502716064
43.504998207092285	45.40809631347656
52.56265354156494	51.249521255493164
44.13868713378906	43.70451498031616
43.24025869369507	42.19331216812134
58.18419647216797	59.11608123779297
48.74863386154175	47.68511438369751
71.97252750396729	72.1597671508789
49.38785362243652	54.202383041381836
51.35588502883911	54.69270038604736
48.390376567840576	51.28958702087402
39.17298603057861	39.70246410369873
54.41693878173828	53.93165969848633
46.54300785064697	48.331299781799316
50.07883358001709	52.355934619903564
62.21356773376465	66.7868800163269
49.96082305908203	54.61172103881836
55.309776306152344	56.37271499633789
54.00905084609985	52.09973859786987
66.53645896911621	67.56012964248657
43.577651023864746	42.63692378997803
47.147217750549316	52.5980544090271
47.423248291015625	52.790958404541016
43.65449142456055	45.75520324707031
37.565282344818115	41.41424560546875
67.86650657653809	73.62735748291016
47.95698547363281	49.306217193603516
68.58692121505737	67.07159328460693
49.2008957862854	48.95033931732178
71.16465711593628	77.21551036834717
41.930015563964844	48.297611236572266
46.76173210144043	45.94804763793945
57.086557388305664	52.1337833404541
53.24816131591797	54.521453857421875
63.39458417892456	64.06271886825562
61.48046636581421	62.04698324203491
47.926066875457764	51.27784967422485
58.60463905334473	62.82236576080322
49.493606090545654	50.96711778640747
56.87020015716553	56.76977729797363
60.8263635635376	59.83741807937622
53.2428092956543	52.5433464050293
55.92325258255005	57.86394786834717
45.506104946136475	51.91961860656738
53.944332122802734	57.907676696777344
36.56203508377075	37.24761486053467
45.41343593597412	47.73446035385132
55.058837890625	58.55978775024414
49.597649574279785	52.91525840759277
55.7062668800354	56.8697190284729
47.291072368621826	48.69203233718872
59.5853385925293	63.037078857421875
82.84664011001587	84.57903289794922
46.527974128723145	51.268890380859375
47.74104118347168	45.7715368270874
55.273791790008545	59.244306564331055
45.4520959854126	44.95975399017334
58.39614152908325	61.98867416381836
41.74884080886841	39.290207862854004
41.2499794960022	42.756893157958984
43.00795269012451	47.30094051361084
47.84998035430908	49.830559730529785
45.218475341796875	49.935672760009766
99.17211151123047	96.2385458946228
49.537269592285156	46.067237854003906
41.04704189300537	43.76404666900635
40.69892978668213	43.63160419464111
49.483428955078125	57.64319610595703
47.34410762786865	53.388237953186035
37.825758934020996	42.16842174530029
52.917152404785156	51.99239492416382
34.812415599823	35.784146785736084
63.63357067108154	62.68519401550293
39.92933750152588	40.73288440704346
50.93968200683594	47.85615158081055
48.53877639770508	50.442508697509766
46.01238489151001	48.822335720062256
45.50358486175537	50.34864902496338
42.042771339416504	46.094643115997314
54.38103675842285	54.58091068267822
51.17674207687378	49.17078495025635
53.38422775268555	55.74388885498047
80.27476739883423	78.50936651229858
42.59111499786377	45.78443908691406
41.436936378479004	41.97016525268555
71.00868129730225	67.2706151008606
46.858314514160156	46.8115348815918
42.75010395050049	45.19796371459961
52.11652755737305	52.54247283935547
81.85236358642578	80.04702043533325
40.47539567947388	38.399603843688965
55.17764854431152	54.11327505111694
51.18996000289917	57.01914882659912
53.1269736289978	50.59303379058838
63.229116439819336	71.84359931945801
50.34351348876953	53.13192367553711
45.17274618148804	48.277843952178955
49.15183925628662	51.54348278045654
50.30184745788574	49.45304203033447
56.27964162826538	55.79607582092285
49.13928985595703	52.643558502197266
57.86496877670288	64.3863673210144
44.49275493621826	49.90185356140137
50.013381004333496	49.997599601745605
44.226970195770264	43.244457721710205
58.920578956604004	59.20264005661011
51.24192237854004	50.51135540008545
57.6331787109375	58.062782287597656
59.97786521911621	59.87347602844238
42.294649600982666	42.672194957733154
43.21882629394531	45.65576124191284
41.9640679359436	42.52789926528931
55.544071674346924	54.59623956680298
97.04504156112671	95.18787956237793
37.807777404785156	39.316314697265625
46.01423740386963	49.53339338302612
57.576727867126465	54.44862413406372
39.474228858947754	43.25852108001709
84.03610038757324	86.4466724395752
56.23002243041992	56.76148986816406
53.91674041748047	58.0164680480957
58.5747184753418	63.29988098144531
54.88996982574463	57.55842208862305
60.77478790283203	57.17708730697632
46.94133138656616	51.527153968811035
57.541913986206055	60.064263343811035
40.407179832458496	43.74759292602539
50.918017864227295	49.69506597518921
49.22883987426758	55.15534973144531
62.09270238876343	65.33277797698975
40.173211097717285	42.19472408294678
46.80136489868164	50.648353576660156
62.38343048095703	66.18386840820312
38.658631801605225	42.38056945800781
39.78816366195679	42.653202533721924
46.717217445373535	47.022167682647705
50.11166763305664	47.14830017089844
43.10557556152344	41.40700912475586
47.248724937438965	48.947388648986816
49.08762216567993	53.6239709854126
42.18010711669922	43.784420013427734
47.34822082519531	46.8876838684082
40.42745304107666	41.070393562316895
45.588369846343994	48.37639760971069
36.38700771331787	40.415757179260254
47.402466773986816	48.842195987701416
57.39840602874756	57.06588935852051
49.38739776611328	52.49947738647461
44.48632526397705	43.481592655181885
67.36324167251587	63.57480812072754
51.00457763671875	50.54681396484375
41.47891330718994	46.165228843688965
63.31726026535034	63.19553518295288
54.877532958984375	53.55088663101196
43.195698261260986	43.25648736953735
59.21982955932617	56.059356689453125
52.98188018798828	55.295562744140625
65.2240834236145	62.45859718322754
63.72639846801758	61.8296012878418
37.88185787200928	40.817049980163574
61.91102743148804	62.05254507064819
51.38318872451782	52.74179792404175
80.98246192932129	78.24101257324219
64.94221544265747	62.03023338317871
50.66795349121094	50.38740539550781
44.81354570388794	46.176180362701416
49.72163534164429	49.459129333496094
63.01889419555664	62.977495193481445
41.814878940582275	46.18425464630127
42.57332229614258	44.80793380737305
61.62779903411865	69.36344337463379
38.48580551147461	40.55942630767822
41.60365295410156	43.015296936035156
56.13070106506348	59.57782745361328
50.44404745101929	50.975905895233154
77.52416753768921	84.07842016220093
78.26687526702881	76.08706092834473
61.91977834701538	62.23483180999756
38.88288927078247	41.611149311065674
53.69201326370239	53.67782735824585
51.597586154937744	55.461806774139404
47.14826202392578	47.61181402206421
46.7265100479126	44.65546798706055
72.9949164390564	73.75830268859863
52.34480857849121	52.15214729309082
51.28671169281006	53.62967491149902
48.656707763671875	49.073036193847656
47.23212909698486	47.92301940917969
55.856436252593994	57.73010301589966
63.90483999252319	60.79656744003296
51.38140869140625	49.72288513183594
42.45127487182617	47.808509826660156
53.783851623535156	60.151397705078125
47.745275020599365	50.9158616065979
38.3725061416626	43.44327449798584
74.17462348937988	77.14320659637451
49.910094261169434	51.008023262023926
50.14140462875366	47.02948760986328
42.47011470794678	43.93995237350464
46.16513204574585	45.54247426986694
52.842105865478516	52.08653259277344
63.533931255340576	65.74281406402588
49.57876491546631	50.63765096664429
50.63991928100586	47.20664978027344
53.53187608718872	51.31415843963623
76.51653861999512	77.73608636856079
56.10472297668457	52.3383092880249
62.02682113647461	66.5610580444336
35.189666748046875	33.70198059082031
61.97720527648926	63.932790756225586
67.29006958007812	71.03189277648926
54.83949279785156	57.81830596923828
54.52462291717529	58.36148643493652
52.78782033920288	46.3052453994751
51.37611389160156	50.12164306640625
48.568641662597656	48.67658996582031
36.858850955963135	42.5333833694458
61.162139892578125	66.66590118408203
62.15647315979004	64.58135318756104
49.16457653045654	47.25579786300659
60.64381122589111	61.89651679992676
67.36700534820557	68.16061496734619
44.2035026550293	44.5317268371582
55.19207239151001	55.39974403381348
55.86785316467285	58.805946350097656
46.42340087890625	47.3204231262207
44.30646467208862	43.58886480331421
60.749244689941406	63.32569599151611
44.43298625946045	43.759235858917236
58.86835527420044	62.3435754776001
55.88969564437866	55.36978054046631
39.478981018066406	42.71235942840576
48.14508056640625	49.53385066986084
43.33714008331299	44.29115390777588
53.77510070800781	56.41442108154297
64.86795902252197	68.50123405456543
46.538291454315186	52.23672962188721
79.77816200256348	79.01526546478271
47.610008239746094	45.68002367019653
95.66322898864746	96.55521011352539
42.676697731018066	44.28181457519531
44.97430372238159	39.143272399902344
51.920021057128906	46.36106872558594
55.99586868286133	58.01097106933594
45.56978130340576	43.246323585510254
51.33137512207031	51.19440460205078
75.7629017829895	77.62152051925659
47.08563232421875	48.43888854980469
62.139549255371094	66.08737182617188
44.5486364364624	48.424856185913086
49.731775760650635	51.130462646484375
51.555792808532715	54.116432189941406
54.02212715148926	59.67208671569824
54.18349838256836	53.35002517700195
45.106566429138184	48.11365461349487
65.9142394065857	66.02915382385254
57.6185188293457	55.49821472167969
48.03574991226196	47.96635150909424
36.1936354637146	38.333434104919434
58.13018989562988	59.73527526855469
45.58824157714844	47.10720443725586
50.64567565917969	54.69475173950195
54.03060531616211	55.66228103637695
52.37376880645752	53.74374008178711
73.34319877624512	73.23899173736572
51.208587646484375	53.02766036987305
42.912667751312256	39.55994749069214
48.37853384017944	47.09040355682373
50.57383108139038	54.65931177139282
42.94067907333374	42.00475311279297
45.87337875366211	49.51817321777344
70.62847709655762	71.76005744934082
41.31613826751709	44.11663055419922
68.74851036071777	71.87320709228516
41.46533155441284	43.23108625411987
53.66993427276611	52.10190773010254
59.29831123352051	58.799437522888184
38.13245153427124	42.281134605407715
59.19190979003906	61.43180847167969
59.550140380859375	58.31906509399414
43.83033895492554	44.681429862976074
69.14804315567017	77.63341665267944
60.952327728271484	59.99279022216797
51.91303634643555	56.95857238769531
62.24475860595703	63.974976539611816
53.81652069091797	53.850830078125
61.641815185546875	60.31886291503906
49.809691429138184	47.826722145080566
44.902339458465576	48.64179086685181
55.0432333946228	55.07489204406738
39.099609375	36.835747718811035
47.48687744140625	48.21501541137695
48.381004333496094	49.51445770263672
43.330010414123535	48.476670265197754
48.139676570892334	48.54210901260376
58.544883728027344	58.76669883728027
60.63462448120117	57.08026885986328
37.157958984375	38.2696533203125
53.54891920089722	56.68031597137451
52.83881378173828	52.27119445800781
95.67675590515137	102.2087516784668
58.781086921691895	57.33335065841675
36.865363121032715	37.678245544433594
42.233588218688965	46.28246784210205
54.33448266983032	51.793142318725586
52.35879898071289	51.90666580200195
79.47936820983887	80.99854850769043
57.419387340545654	61.11537265777588
39.74977159500122	44.59845733642578
39.7692346572876	42.11874437332153
40.54457759857178	43.855061531066895
45.11838150024414	45.307525634765625
70.7125997543335	72.22131443023682
42.289292335510254	43.430943965911865
54.05363845825195	59.79362487792969
48.79486083984375	48.57145690917969
56.866302490234375	56.54049301147461
43.493788719177246	48.43038368225098
52.87819957733154	52.0547194480896
47.37327718734741	49.22753858566284
51.46281814575195	52.20653533935547
46.50649642944336	47.11632537841797
55.395572662353516	55.532169342041016
44.7399525642395	48.27428579330444
79.3871898651123	81.10262489318848
47.669172286987305	50.36790370941162
90.59401512145996	94.53104019165039
36.32377624511719	39.88282012939453
44.499521255493164	44.40299606323242
41.25904846191406	42.418006896972656
48.80233812332153	47.15402841567993
41.087982177734375	44.33858871459961
69.39387321472168	66.95343971252441
48.832215785980225	50.0425705909729
48.142913818359375	46.09097671508789
44.543375968933105	43.73559045791626
48.32802867889404	48.75101566314697
43.7454137802124	44.0408411026001
43.02278423309326	47.130372047424316
46.98445987701416	42.35704755783081
67.26318359375	67.67916870117188
47.13611888885498	45.57149028778076
47.08290910720825	47.34951210021973
53.148396015167236	51.50080156326294
49.38924980163574	55.36838722229004
51.35022735595703	50.44960403442383
52.97238540649414	49.75037384033203
42.02583694458008	42.09266662597656
64.42281341552734	63.99873352050781
61.517189025878906	63.215309143066406
57.922019958496094	57.73102569580078
42.74037408828735	42.135884284973145
96.61014413833618	97.81177282333374
41.58842182159424	42.856234550476074
54.881256103515625	52.00608825683594
62.94309425354004	62.809794902801514
62.97087383270264	61.19148063659668
65.20380973815918	63.5976505279541
52.38558483123779	52.052085876464844
57.132476806640625	57.98246765136719
58.67378616333008	62.777896881103516
61.814781188964844	58.610159397125244
46.83427047729492	50.260637283325195
42.768433570861816	46.78010559082031
52.079458236694336	51.594223976135254
68.42534065246582	67.86561584472656
58.758285999298096	63.815370082855225
56.73949432373047	57.694889068603516
48.48760414123535	49.30154800415039
76.37692451477051	74.64411735534668
58.064979553222656	60.45975875854492
75.32885026931763	75.4411187171936
45.025920391082764	44.243309020996094
46.22858905792236	46.08138370513916
75.31227111816406	71.28012180328369
52.82901620864868	50.20934343338013
44.31623458862305	39.71177673339844
54.8720645904541	57.045745849609375
53.30515766143799	53.32974720001221
37.74291229248047	38.06088638305664
43.99391174316406	40.16645431518555
47.26239013671875	49.46210861206055
45.45984363555908	47.188788414001465
67.29077816009521	61.96171760559082
42.88351488113403	47.34404420852661
51.13455581665039	54.85398864746094
54.9199333190918	56.09142303466797
41.095656394958496	40.42579936981201
52.5081205368042	57.58164882659912
57.6514892578125	61.29925537109375
48.72013854980469	48.51695251464844
65.481614112854	65.19896507263184
45.648430824279785	48.65087699890137
56.753814697265625	60.75653076171875
37.97902011871338	37.08867597579956
51.36734390258789	51.26591110229492
46.31906318664551	45.79882621765137
62.083208084106445	62.51849412918091
48.02391958236694	44.67407989501953
41.38038635253906	48.10878133773804
45.74694061279297	47.096683502197266
49.733301639556885	53.829017639160156
42.45508050918579	46.682106494903564
41.07874774932861	41.62580108642578
45.47718143463135	42.30033874511719
44.088502407073975	46.639148235321045
41.13071537017822	42.11865234375
39.5855712890625	41.190253257751465
55.88243865966797	51.58274602890015
42.25713872909546	43.06095552444458
51.323646545410156	52.72716522216797
71.50459289550781	69.63669776916504
53.98707580566406	58.1123046875
58.12049102783203	56.95866537094116
55.816585063934326	58.00769233703613
42.3984260559082	45.94397735595703
52.12544059753418	57.83833980560303
45.8488564491272	46.83901596069336
55.88495635986328	62.03834915161133
44.1492919921875	46.70810794830322
57.87803649902344	57.2259521484375
40.58431339263916	46.30554914474487
57.05963897705078	59.74934768676758
48.054107666015625	46.64137649536133
56.52460479736328	56.40550231933594
46.66649866104126	52.60362720489502
45.65159225463867	44.5695915222168
55.85095167160034	53.6436824798584
48.19252967834473	53.705692291259766
56.64573287963867	61.985008239746094
49.73568105697632	54.59742450714111
49.073394775390625	54.76271057128906
43.46868896484375	47.50430774688721
41.150633811950684	44.430962562561035
48.53497934341431	50.06215047836304
44.96682071685791	49.08978080749512
50.374908447265625	48.159061431884766
52.434425354003906	52.647735595703125
32.56394958496094	36.69098997116089
55.30282020568848	53.613290786743164
54.46206521987915	54.25997257232666
56.09267234802246	60.54628944396973
56.04479217529297	58.9724006652832
73.10350227355957	74.25889587402344
58.16445779800415	65.97984409332275
47.55170822143555	50.17905807495117
39.35868453979492	43.14036989212036
50.11566162109375	48.50067138671875
55.739527225494385	62.54330253601074
47.191978454589844	45.7266731262207
43.17954635620117	47.137924671173096
53.29471445083618	52.080761432647705
48.98561096191406	48.85963821411133
48.83223581314087	46.341965198516846
62.422637939453125	58.98289680480957
68.53330278396606	68.92572069168091
56.098928451538086	61.040711402893066
40.11126708984375	45.13980960845947
65.52507877349854	65.42511177062988
41.76410675048828	41.67477560043335
42.220162868499756	44.75327110290527
50.2638373374939	50.696964740753174
43.82262325286865	43.12433338165283
47.18869113922119	54.0194034576416
48.14398193359375	45.861778259277344
44.5925726890564	43.33368539810181
64.27504920959473	68.72639608383179
56.447418212890625	54.40059280395508
49.44519805908203	48.38349533081055
67.5851058959961	73.3672571182251
51.50130224227905	54.60853958129883
47.4779691696167	54.55157661437988
48.18862295150757	47.87587881088257
50.63183641433716	50.87564706802368
62.25661277770996	62.30233669281006
60.66151285171509	60.739871978759766
52.935020446777344	52.77245330810547
64.49740648269653	68.65432834625244
47.569469928741455	50.256370544433594
44.509479999542236	48.24989938735962
63.09721612930298	59.18098497390747
40.74143314361572	39.26272439956665
47.48301696777344	49.29676055908203
44.9660325050354	45.080941677093506
46.24552774429321	45.566697120666504
41.6650972366333	45.13851070404053
45.362486839294434	49.67434787750244
76.19564723968506	72.78465127944946
74.51899909973145	77.54749488830566
58.4344482421875	57.3796501159668
46.90351867675781	47.797471046447754
106.26305103302002	111.85983657836914
52.39343214035034	52.541683197021484
54.76644039154053	55.1671838760376
52.412784576416016	54.88071823120117
53.852452754974365	56.97879695892334
45.84419250488281	52.837093353271484
41.067503929138184	43.504817962646484
50.05238056182861	50.642844676971436
65.5733642578125	62.05107307434082
48.484954833984375	45.90919494628906
42.05685377120972	45.248619079589844
43.55101013183594	46.06582260131836
50.778865814208984	49.97606706619263
47.864840507507324	46.72522830963135
42.23365783691406	40.15168762207031
46.24677276611328	46.226248264312744
58.10687065124512	65.83065986633301
34.94055938720703	38.50923252105713
60.476226806640625	61.62995910644531
48.98036813735962	46.07969427108765
62.09337615966797	61.50070571899414
46.51654624938965	50.102128982543945
44.730231285095215	43.610466957092285
60.19862747192383	63.3488130569458
65.39896965026855	67.5283670425415
41.407118797302246	39.99708652496338
45.49585771560669	49.19623613357544
48.82073163986206	48.12322425842285
33.249516010284424	33.99626874923706
52.88555288314819	53.66947031021118
52.16115713119507	51.353939056396484
38.64576435089111	39.26231384277344
48.86253356933594	52.25531482696533
57.21566390991211	53.7129020690918
49.06278991699219	50.76224899291992
55.25766372680664	55.35890579223633
45.42121982574463	45.61075687408447
77.14039850234985	76.32153224945068
79.53401899337769	82.35333919525146
53.19777297973633	54.78622388839722
48.05503177642822	48.79800271987915
41.31854581832886	40.96061372756958
60.21770000457764	62.54481315612793
60.28244590759277	58.71023368835449
49.52748489379883	47.46116638183594
61.33111572265625	55.4383430480957
65.1955018043518	67.57341957092285
50.263671875	54.48548126220703
39.29478454589844	42.401981830596924
48.38334655761719	47.01750946044922
60.270111083984375	65.25018310546875
42.21198749542236	47.00195789337158
52.4016900062561	52.52326488494873
45.99236297607422	46.857544898986816
52.358641624450684	60.14432716369629
46.785186767578125	48.509613037109375
71.59881448745728	71.0858383178711
45.088515281677246	43.73980951309204
73.1513843536377	75.57195281982422
61.55816078186035	59.80595111846924
49.06206512451172	50.860557556152344
50.01350784301758	48.64162826538086
45.65332794189453	52.172943115234375
61.16496133804321	63.924460887908936
54.52932834625244	51.16757392883301
66.89432716369629	67.21320533752441
51.83172607421875	53.1406364440918
63.713011741638184	64.79581356048584
38.82532787322998	40.062095165252686
61.66861581802368	64.92942237854004
49.812583923339844	48.820350646972656
34.26335096359253	39.26658296585083
40.55302810668945	36.98768997192383
52.92364454269409	56.06954526901245
52.58957862854004	54.62843894958496
66.97510528564453	68.41068077087402
44.78690958023071	45.80109167098999
40.02341938018799	41.5548734664917
71.66435241699219	71.88260078430176
64.62210988998413	69.31228113174438
45.00920104980469	48.4863600730896
46.551873207092285	47.38576126098633
53.778470516204834	53.196791648864746
39.759575843811035	41.14752674102783
74.47544956207275	72.63927507400513
63.48200225830078	62.26194381713867
60.237441062927246	57.6793098449707
80.45531272888184	85.53829908370972
39.679012298583984	43.92800045013428
54.433509826660156	58.853538513183594
53.258052825927734	55.69274139404297
56.46988105773926	57.9671630859375
53.776710510253906	52.70234298706055
60.918914794921875	60.17758226394653
38.97525119781494	44.78464651107788
79.55279541015625	78.56362056732178
45.83866024017334	47.753671646118164
65.19539022445679	68.53137159347534
43.729637145996094	48.82185173034668
41.00049304962158	47.3135461807251
58.61424255371094	54.803372859954834
45.1356897354126	50.43393516540527
69.53776550292969	70.75839233398438
49.553951263427734	52.473751068115234
44.989105224609375	41.83537292480469
63.764541149139404	64.41127109527588
36.22984457015991	38.01261234283447
48.32826614379883	51.13392353057861
48.160919189453125	49.305832862854004
42.35115909576416	43.1885461807251
52.763487339019775	59.962106704711914
40.11305236816406	41.96041202545166
58.444905281066895	54.844114780426025
48.26868152618408	48.332688331604004
50.22460079193115	51.7691855430603
55.468502044677734	61.40374183654785
45.651432037353516	44.56336212158203
54.93020248413086	58.39219093322754
49.69950866699219	47.76673889160156
47.048980712890625	47.306132793426514
47.1599006652832	47.54160404205322
34.73347187042236	39.285284996032715
64.63382148742676	63.37420034408569
39.92789554595947	43.46524429321289
46.79639148712158	49.66531229019165
61.070088386535645	63.6786675453186
40.0725793838501	39.31221151351929
35.46594190597534	38.413118839263916
43.48854207992554	42.1806116104126
41.520721435546875	44.574517250061035
60.209871768951416	62.48086357116699
47.168212890625	44.53395462036133
56.224365234375	59.95489501953125
61.236878871917725	60.236427783966064
44.3071231842041	42.48313522338867
75.32103538513184	72.16064453125
33.104933738708496	32.797943115234375
38.3131742477417	39.10272216796875
37.13211441040039	38.93547058105469
55.750813007354736	56.82419013977051
68.22956085205078	70.2639102935791
50.305830001831055	52.02398872375488
50.937801361083984	53.270087242126465
58.71145248413086	59.383137702941895
39.3070912361145	39.77147436141968
56.10189485549927	54.79444885253906
64.08128261566162	66.83186531066895
73.48898887634277	73.03879737854004
55.48192501068115	58.730764389038086
52.793053150177	58.834280490875244
39.53862762451172	40.849180698394775
38.03253173828125	40.29187774658203
44.25737476348877	47.773009300231934
46.22602939605713	46.459550857543945
82.77040243148804	84.2908787727356
50.66332244873047	51.44078016281128
49.22621297836304	52.41396903991699
44.28227519989014	45.339725971221924
49.60100841522217	50.063292026519775
59.48696708679199	59.23329019546509
60.962255001068115	60.97135305404663
39.996262550354004	44.48943614959717
59.9556770324707	57.641380310058594
43.5243239402771	47.970603942871094
37.861998081207275	40.90401363372803
49.025630950927734	47.182785987854004
74.15748023986816	76.49830627441406
63.37475395202637	59.41799354553223
42.589709758758545	45.46478891372681
44.825448513031006	45.40568542480469
67.29005432128906	68.45941162109375
41.87352514266968	44.347023010253906
46.57292175292969	45.86453104019165
55.83647346496582	59.41390800476074
60.12321472167969	61.46733093261719
56.72254943847656	58.27672004699707
36.48412609100342	35.36083269119263
41.2685112953186	42.952054500579834
53.424299240112305	51.69980192184448
39.868075370788574	38.45709180831909
62.56392002105713	61.05440616607666
52.65824890136719	55.41624450683594
62.214147090911865	61.65754795074463
40.51992130279541	46.193275451660156
55.965166091918945	58.8433313369751
49.35498046875	56.0340690612793
38.419724464416504	41.38901424407959
58.56731414794922	62.61341094970703
63.05459690093994	60.55026340484619
60.32687187194824	62.076783657073975
40.29979419708252	43.525540351867676
56.7439079284668	55.99910259246826
39.566943645477295	41.309446811676025
60.453038692474365	66.10716104507446
55.87559127807617	61.41028594970703
50.260252475738525	50.91600847244263
44.761905670166016	48.32954978942871
51.73625183105469	54.016014099121094
39.163466453552246	44.34534406661987
52.215776443481445	53.188276290893555
63.98717403411865	65.82752227783203
49.739980697631836	46.44761085510254
39.44281768798828	37.723140716552734
47.069772243499756	45.86437749862671
127.71103525161743	127.47107458114624
60.43378448486328	62.16524362564087
51.46131134033203	53.56559753417969
49.883750915527344	48.326820373535156
43.66411209106445	42.48694610595703
49.081143379211426	49.799293994903564
83.38764953613281	87.36837959289551
49.289710998535156	47.41332244873047
52.65162992477417	52.93416738510132
49.78105926513672	51.28181457519531
46.065284729003906	49.916913986206055
43.543410301208496	46.5247220993042
48.86862564086914	50.78155517578125
50.02862501144409	53.20341396331787
47.754146575927734	54.08858299255371
35.95200061798096	41.050795555114746
43.96742486953735	45.65230321884155
42.28120422363281	45.738162994384766
47.29437017440796	50.14415502548218
46.71756458282471	49.70930862426758
66.67144203186035	65.79961252212524
47.73307800292969	47.818634033203125
41.92955780029297	42.06852960586548
43.075735569000244	47.19267225265503
129.28734970092773	126.68173599243164
54.62885284423828	58.65510559082031
44.8725700378418	46.73870086669922
51.37120771408081	50.197524547576904
54.84003686904907	54.87322521209717
35.672776222229004	39.82945919036865
78.15190887451172	76.77203178405762
46.618271827697754	44.64009475708008
51.24409484863281	54.52759027481079
60.99489688873291	62.534613609313965
41.570228576660156	43.783650398254395
42.65792894363403	45.45957851409912
54.27563810348511	51.31220579147339
69.54856204986572	70.45076942443848
48.89770460128784	53.497976303100586
42.66683101654053	39.86978101730347
63.87502956390381	65.2600531578064
36.332016468048096	39.93294668197632
39.14907693862915	38.49245309829712
54.26762056350708	50.13764953613281
39.10019063949585	45.0212607383728
84.38398933410645	85.08350944519043
52.821434020996094	54.61884307861328
47.587894916534424	44.34208297729492
42.677284240722656	44.241929054260254
40.29456424713135	46.83882808685303
58.21036148071289	60.01772689819336
40.879247188568115	41.85411214828491
44.51820373535156	50.23098564147949
44.8924126625061	47.798447132110596
62.587132930755615	62.89438533782959
62.87137222290039	67.40763092041016
54.00178146362305	55.42108917236328
48.89175033569336	52.64208221435547
43.288941383361816	46.41018772125244
78.1492691040039	75.62197828292847
46.133535861968994	52.71684741973877
47.46234941482544	48.23339223861694
57.126930236816406	59.438133239746094
45.35359811782837	46.518911838531494
51.64679718017578	51.86442565917969
61.063955783843994	59.49828815460205
44.59726810455322	46.46353626251221
37.837608337402344	42.09708786010742
64.53982543945312	64.9273910522461
61.440711975097656	67.01388549804688
81.79993391036987	84.0674295425415
53.678882122039795	52.16722869873047
45.98072814941406	49.5615119934082
54.18402862548828	53.305397033691406
50.7315673828125	51.60404968261719
49.36425733566284	56.994208335876465
52.87716293334961	52.75587558746338
54.0685658454895	60.009178161621094
55.04296875	54.6475715637207
52.29481506347656	59.06290054321289
55.721168518066406	55.47793197631836
63.308866024017334	62.6290225982666
38.94735336303711	40.56191301345825
36.292222023010254	37.80738544464111
43.91453313827515	45.48174524307251
49.558701038360596	48.754313468933105
55.37163162231445	53.659427642822266
47.34184265136719	45.30933380126953
67.68541812896729	69.05171394348145
40.74430847167969	39.95906066894531
42.537543296813965	46.12430477142334
58.14578056335449	59.00357246398926
57.04560327529907	56.97662115097046
44.945855140686035	44.7562780380249
45.835633277893066	45.03500938415527
42.768986225128174	44.523605823516846
57.44883728027344	51.89834403991699
52.67402744293213	59.80753183364868
92.76867628097534	94.70277070999146
56.47786331176758	54.863189697265625
59.32761812210083	63.52869987487793
49.37038564682007	49.67522573471069
63.5332727432251	63.787431716918945
67.58657741546631	70.91446495056152
62.84741401672363	62.14886665344238
49.14394760131836	51.404693603515625
91.11577701568604	90.4751148223877
45.67840528488159	45.8958101272583
62.79242706298828	67.30545043945312
56.72257947921753	58.14773368835449
42.85249614715576	45.831939697265625
60.71828842163086	60.57571792602539
56.34674406051636	60.29347085952759
54.79037094116211	52.588958740234375
48.19068908691406	45.70119094848633
64.5838394165039	66.69064331054688
37.96887969970703	36.422362327575684
46.44061899185181	44.46605443954468
52.62439155578613	48.9578332901001
46.65824747085571	47.41724681854248
54.536346435546875	54.39512634277344
40.04585552215576	43.261027336120605
78.78254699707031	82.45614624023438
50.131184101104736	49.72490644454956
53.69523763656616	58.359246253967285
38.12896013259888	44.12830305099487
85.87285995483398	82.93803215026855
67.30406379699707	60.78495645523071
68.76996517181396	69.03326988220215
61.59344673156738	63.740882873535156
44.823204040527344	42.50372314453125
45.3604941368103	50.55080318450928
61.59589767456055	65.04239559173584
66.85289192199707	65.63072156906128
53.81054162979126	55.22743892669678
39.50737380981445	44.40786838531494
62.16832160949707	65.10366916656494
45.92567443847656	47.72077941894531
36.40986156463623	41.11729145050049
58.105517864227295	59.44772529602051
56.67169952392578	61.479766845703125
48.660512924194336	53.44692420959473
48.45640277862549	48.01376247406006
46.461180210113525	46.877034187316895
43.89209604263306	48.36370372772217
50.39049243927002	46.540454387664795
49.70539093017578	46.66133117675781
50.178306579589844	48.88762664794922
42.38798904418945	39.41492462158203
44.047279834747314	46.496978759765625
65.78610515594482	65.09798574447632
53.708656311035156	58.57858657836914
56.187541007995605	56.486557960510254
51.1201286315918	52.982608795166016
49.623849391937256	53.92977237701416
70.66648864746094	72.28207397460938
48.05867004394531	48.203346252441406
51.32017993927002	50.63146924972534
61.72809648513794	62.74826717376709
61.67957401275635	65.32484197616577
57.34069347381592	58.89429759979248
51.07035827636719	52.874871253967285
58.63638496398926	59.373867988586426
55.75881481170654	60.938920974731445
40.26642608642578	39.735331535339355
71.16230010986328	68.97833824157715
55.86412239074707	58.21850109100342
53.58620595932007	52.972984313964844
48.79026556015015	48.38762283325195
49.59777069091797	49.12026643753052
47.68563365936279	49.16978073120117
48.53939247131348	49.23614501953125
51.78839874267578	52.48358917236328
42.15740203857422	50.86733627319336
46.53583812713623	43.93458700180054
57.80076599121094	57.94989776611328
55.90984344482422	56.541046142578125
48.927860260009766	48.57475662231445
44.275672912597656	45.53725814819336
63.00140190124512	69.23748207092285
41.904964447021484	42.01968336105347
36.488234996795654	40.80273962020874
57.19559669494629	59.90062713623047
66.26350402832031	68.03978729248047
38.53192090988159	38.16378355026245
64.25930786132812	68.8630142211914
40.2584924697876	43.78311824798584
59.82338905334473	67.20171928405762
47.87015771865845	48.56613826751709
45.94587993621826	47.27871036529541
46.76151418685913	48.30259418487549
45.87207794189453	45.61327362060547
52.22995376586914	54.40730285644531
43.247878074645996	46.05417251586914
71.57164096832275	70.29921054840088
58.208913803100586	59.42880821228027
47.660133361816406	50.393531799316406
44.95979690551758	47.597984313964844
60.99599504470825	62.675941944122314
55.04282569885254	54.64495325088501
53.87613296508789	55.58025074005127
44.69262456893921	45.44027137756348
40.68739986419678	45.31708526611328
50.071463108062744	53.572951793670654
41.369914054870605	41.23543453216553
55.77013349533081	55.86698055267334
56.94666385650635	56.24495887756348
68.26477718353271	65.13027048110962
66.90813970565796	68.53080797195435
45.28063201904297	46.31949234008789
55.312278747558594	60.302297592163086
47.27307891845703	47.88331604003906
57.23603630065918	59.55648326873779
56.471426010131836	57.9370493888855
52.79482841491699	56.965227127075195
48.44216537475586	52.10794448852539
35.030293464660645	36.3722448348999
45.78496026992798	47.16669702529907
48.747318267822266	49.56828689575195
48.820472717285156	43.97989273071289
63.79429864883423	63.85774898529053
59.96780872344971	58.25207710266113
57.358222007751465	62.415642738342285
59.16918754577637	58.683231353759766
35.297364234924316	38.66348648071289
52.140350341796875	54.46302032470703
43.48791790008545	47.10517501831055
49.658812522888184	49.62787914276123
37.30136203765869	36.81419849395752
38.71345138549805	45.12126922607422
73.3225474357605	69.09680271148682
46.98745822906494	46.957557678222656
46.63333034515381	50.08914041519165
49.21443271636963	52.08915567398071
51.724552154541016	57.229042053222656
56.67515563964844	58.48645782470703
59.665778160095215	65.86242771148682
57.82347822189331	58.73361825942993
80.2783727645874	84.87334728240967
49.28790044784546	48.120680809020996
52.98170328140259	57.50803184509277
51.854421615600586	58.53330659866333
55.49132537841797	50.03112459182739
46.22304058074951	44.58133411407471
57.44334411621094	60.216827392578125
62.52268981933594	63.369049072265625
72.91708946228027	69.89033699035645
78.63265800476074	78.96893119812012
52.644325256347656	59.532135009765625
41.37484645843506	44.37320423126221
47.969993114471436	49.35610628128052
56.9117374420166	51.95566749572754
40.28708028793335	46.95633840560913
48.09765625	52.023162841796875
42.49990463256836	47.186684131622314
45.382877349853516	44.94789123535156
37.67275142669678	39.88263702392578
51.05664587020874	52.12680387496948
51.59850311279297	55.348350524902344
58.706146240234375	61.02084732055664
104.8138427734375	110.3702163696289
38.2711296081543	39.65958261489868
59.39519119262695	58.864994049072266
62.675994873046875	72.18767547607422
44.47472381591797	42.98259353637695
49.62017059326172	51.14604568481445
46.307289123535156	47.00099563598633
52.08529281616211	52.69530487060547
47.80235481262207	51.262189865112305
43.664710998535156	41.74455690383911
44.870540618896484	48.84248352050781
55.2142333984375	61.03919219970703
46.44657897949219	51.92066192626953
69.96060276031494	73.74823379516602
69.46165609359741	67.04061269760132
48.013343811035156	45.82083511352539
55.86073684692383	55.74811935424805
94.55712985992432	94.82205486297607
44.431153774261475	45.27367305755615
39.59484148025513	43.5265736579895
54.52548360824585	55.36201477050781
44.563087463378906	45.62224245071411
47.85597324371338	43.599276542663574
71.75447654724121	67.88767194747925
47.365025997161865	45.837440967559814
53.98243713378906	60.48683166503906
63.37721347808838	63.39773654937744
45.9485182762146	48.779470920562744
48.08612823486328	53.73546600341797
