47.335166931152344	48.29312324523926
29.910595893859863	33.27850341796875
37.333980560302734	42.96234130859375
34.75685358047485	38.52366542816162
37.413737297058105	42.142478942871094
35.49353313446045	40.192362785339355
38.184593200683594	44.82059097290039
39.3627233505249	43.82432556152344
27.373783588409424	30.270822048187256
38.26325225830078	41.000328540802
39.13829565048218	43.74203586578369
35.38952350616455	38.132503032684326
37.14592123031616	40.496214866638184
35.636590003967285	39.1444673538208
39.46741533279419	42.03959035873413
40.69708299636841	44.06897592544556
41.55657196044922	44.07596206665039
34.29663848876953	37.23470592498779
37.746009826660156	40.580284118652344
33.53246212005615	37.168967723846436
40.40217876434326	43.73757839202881
28.356539726257324	32.88585662841797
32.244155406951904	34.44398880004883
37.084227561950684	40.03670024871826
31.166329383850098	33.655242919921875
38.11991214752197	40.102858543395996
34.270955085754395	39.598008155822754
34.499053955078125	37.33047962188721
37.01772212982178	38.676390647888184
31.68870210647583	34.85011339187622
45.69938278198242	47.211607933044434
42.20694065093994	46.422908306121826
47.44139862060547	51.3802604675293
37.84526205062866	41.227919578552246
40.84752035140991	43.13441848754883
42.60755968093872	45.37741041183472
35.791136264801025	38.06527376174927
39.34160900115967	46.2773323059082
29.661721229553223	33.31065273284912
39.473623752593994	42.91244077682495
33.552589416503906	32.918246269226074
28.62858533859253	31.6860032081604
30.836371421813965	32.184654235839844
38.948678970336914	43.28071689605713
50.47364616394043	52.80460166931152
35.10007953643799	38.663909912109375
36.43601703643799	39.242774963378906
40.60972452163696	44.269564628601074
34.573044300079346	37.54074573516846
39.62859392166138	44.9356746673584
37.272231578826904	41.01647615432739
45.44675302505493	47.57177495956421
38.512298583984375	39.603089332580566
36.593533515930176	40.17582035064697
26.792967796325684	33.49631595611572
38.92698669433594	40.14997863769531
34.98833084106445	39.54233694076538
38.44520568847656	41.73894262313843
43.644203186035156	45.98422336578369
34.222800731658936	36.892971992492676
44.598487854003906	47.677452087402344
33.245850563049316	33.79712390899658
38.40238666534424	44.0040807723999
30.527167320251465	32.48979091644287
40.94504165649414	45.76483917236328
33.91725158691406	36.56732940673828
36.06188106536865	38.65132999420166
39.36036014556885	42.60478353500366
33.49954843521118	37.223665714263916
37.76985549926758	42.12444305419922
35.60335636138916	38.943331718444824
33.506134033203125	35.220038414001465
36.89026737213135	39.68910598754883
37.056427001953125	41.133599281311035
29.846525192260742	32.63137102127075
32.05956697463989	35.940680503845215
38.051246643066406	37.61522674560547
40.002811431884766	41.929744720458984
38.84468746185303	39.182125091552734
31.773128509521484	36.64351940155029
38.35731887817383	41.881446838378906
34.647743225097656	35.920509338378906
44.20464324951172	45.55588150024414
38.82053470611572	40.89170026779175
43.65151119232178	46.49172306060791
42.28166198730469	43.19661998748779
28.656649589538574	32.95712184906006
31.784111976623535	36.52697420120239
30.336432456970215	33.025145530700684
27.090371131896973	30.22309398651123
35.647644996643066	37.728463649749756
40.29797554016113	45.34012794494629
41.07334613800049	46.333502769470215
40.20854473114014	43.415205001831055
42.29175567626953	44.06724548339844
32.98658847808838	36.921210289001465
31.413028240203857	33.845226764678955
36.413580894470215	39.007118225097656
41.654579162597656	42.774009704589844
33.396427631378174	36.06437683105469
38.72060251235962	41.576171875
31.520602703094482	33.84143829345703
34.02960205078125	38.187140464782715
37.46076059341431	40.20343351364136
32.02102184295654	30.515730381011963
35.16502380371094	37.80212688446045
39.45732831954956	42.29675245285034
24.28873062133789	25.582852363586426
37.733619689941406	41.361785888671875
31.366074085235596	34.91356611251831
39.02522659301758	40.42460250854492
35.09807634353638	37.270122051239014
37.77583408355713	41.20535945892334
37.14326477050781	38.9822359085083
40.22242784500122	42.98416757583618
33.43285322189331	39.01614427566528
39.65822696685791	43.22707271575928
29.524083137512207	31.984614372253418
35.76554489135742	38.162715911865234
31.72875690460205	30.12218475341797
29.75918197631836	33.304633140563965
38.6057767868042	42.12173366546631
38.82066822052002	43.18096160888672
33.38302230834961	36.83664608001709
38.57859659194946	42.715643882751465
43.13174486160278	44.5305552482605
40.22148132324219	40.56120300292969
32.829411029815674	36.912925243377686
45.30615234375	46.48063659667969
41.719135761260986	44.53271484375
31.47516918182373	34.31447696685791
31.635193824768066	34.558067321777344
35.888465881347656	38.1897668838501
27.378642082214355	32.164509773254395
35.152119636535645	39.07817077636719
47.109275817871094	46.99103546142578
33.47783899307251	36.33427286148071
36.33466339111328	38.916054248809814
32.759230613708496	36.38041019439697
34.7030029296875	35.83756637573242
31.80781602859497	34.95077610015869
37.00699710845947	40.09353733062744
40.84005260467529	42.842926025390625
45.48230743408203	46.72437286376953
38.7065167427063	42.429752826690674
36.25308275222778	39.44349765777588
41.823280334472656	46.69538116455078
55.93673515319824	57.525306701660156
40.163944244384766	42.84701156616211
37.16859769821167	41.667285442352295
40.70050048828125	45.007813453674316
31.044631004333496	33.00875186920166
28.306326866149902	31.383321285247803
34.588491916656494	38.278746604919434
43.249192237854004	45.9838342666626
42.94248819351196	45.80780744552612
32.647318840026855	36.03096008300781
29.596701622009277	31.361595153808594
44.230106353759766	45.29092025756836
31.222844123840332	34.83029079437256
34.35620069503784	36.35265350341797
31.709072589874268	36.77229404449463
40.328375816345215	45.24399662017822
33.84188175201416	37.51126956939697
50.62390899658203	52.57543182373047
42.053704261779785	44.09535312652588
37.19835376739502	41.861294746398926
41.001952171325684	43.459410667419434
37.48910665512085	39.642860412597656
36.74925899505615	40.15458059310913
36.9816370010376	39.34721374511719
35.064544677734375	37.174198627471924
37.876380920410156	41.11913537979126
32.60087251663208	34.22344207763672
40.64565992355347	43.85710859298706
36.3925518989563	40.11272048950195
37.09018802642822	41.166683197021484
38.108126163482666	43.25085639953613
31.742351055145264	36.14078998565674
30.479109287261963	33.2401704788208
40.509188175201416	42.907981395721436
40.25104808807373	43.29555416107178
37.91613817214966	41.97630786895752
39.26491069793701	41.47408962249756
35.54508876800537	36.96628475189209
41.21068096160889	43.50875186920166
38.65795421600342	40.650710105895996
36.06767749786377	37.94387340545654
32.81990051269531	35.702736377716064
35.567891120910645	40.44865036010742
36.070770263671875	39.078423500061035
39.13795185089111	40.5924711227417
45.196868896484375	49.43315410614014
35.62473392486572	34.984806060791016
32.19073534011841	35.648295879364014
36.107726097106934	40.366241455078125
26.422150135040283	25.512089729309082
37.3597936630249	41.88607883453369
36.181809425354004	43.49376916885376
36.32406568527222	39.00686740875244
29.138267040252686	31.246105670928955
33.38312864303589	36.92932844161987
37.55251169204712	41.63049554824829
39.08991003036499	41.682486057281494
43.55792999267578	47.55506134033203
41.23874759674072	44.17172861099243
36.746620178222656	41.35358428955078
42.219295501708984	47.118568420410156
41.63466024398804	44.17055368423462
34.07365083694458	37.698326110839844
22.193419933319092	28.09657096862793
31.415390968322754	33.38335418701172
43.79698181152344	47.90680694580078
30.14707088470459	34.72881317138672
42.467801094055176	42.78054857254028
36.99170780181885	42.13982391357422
29.712809562683105	33.34130048751831
39.88425350189209	44.03224468231201
41.83238124847412	43.551100730895996
37.55918598175049	40.05428409576416
37.15697479248047	40.70199680328369
43.024725914001465	46.22790336608887
34.190101623535156	39.202377796173096
33.07596302032471	34.573622703552246
44.52066421508789	46.971192359924316
30.94047451019287	33.747658252716064
33.079421520233154	36.154866218566895
37.635193824768066	40.8507080078125
35.9451789855957	40.0494384765625
44.04357147216797	46.13082218170166
33.3372802734375	36.68804168701172
38.959296226501465	40.06010341644287
33.991618156433105	35.60445785522461
32.69129276275635	35.242332458496094
33.397467613220215	35.323662757873535
36.70199155807495	39.82677936553955
40.02216053009033	43.77392578125
47.40520095825195	49.63287353515625
44.514305114746094	48.293174743652344
43.233402729034424	47.95648813247681
39.11803150177002	40.73137378692627
43.35854244232178	48.19440412521362
39.06040668487549	40.581990242004395
35.10104036331177	36.096837520599365
30.55856704711914	34.46199893951416
37.12897491455078	37.59791564941406
42.56256866455078	46.11268615722656
34.21079921722412	36.86407470703125
34.61608600616455	36.13850498199463
43.79517459869385	48.67307996749878
43.44645023345947	47.61061763763428
45.84033203125	47.07049560546875
38.229248046875	41.87333297729492
36.95901012420654	40.83176898956299
36.97434616088867	40.78758239746094
44.88543748855591	46.983710289001465
48.838165283203125	49.782325744628906
39.021334648132324	41.63063907623291
34.791767597198486	36.626460552215576
41.75379180908203	45.83910369873047
35.55720520019531	37.085872650146484
34.657562255859375	37.42372512817383
35.39058303833008	36.4238977432251
31.870556831359863	34.99080276489258
33.593316078186035	37.89759922027588
43.162628173828125	46.673919677734375
36.31284999847412	39.005126953125
31.531174182891846	33.39463710784912
34.11948251724243	37.95187330245972
32.97274875640869	37.98819065093994
43.26976013183594	46.836273193359375
37.850311279296875	40.491172790527344
33.76080274581909	37.17249393463135
32.069000244140625	37.86716938018799
35.202378273010254	37.912376403808594
31.501147270202637	27.734639167785645
38.40790510177612	39.296653747558594
40.904808044433594	45.41409492492676
43.88177490234375	46.86468505859375
34.46339130401611	39.573116302490234
37.68533420562744	41.94100856781006
45.41399335861206	47.16510820388794
40.527771949768066	42.811434745788574
50.7301139831543	56.11349105834961
39.480369567871094	41.112656593322754
41.64180374145508	44.668609619140625
41.30833196640015	44.8836407661438
30.758554458618164	33.66232395172119
33.314083099365234	38.13683223724365
36.634846687316895	39.48298358917236
32.544273376464844	36.15330791473389
34.93750858306885	38.033804416656494
26.836247444152832	31.105875968933105
37.97629117965698	42.85348415374756
39.97390937805176	43.4294056892395
37.18953037261963	39.198575019836426
31.80976390838623	34.72207546234131
46.39387607574463	49.83523368835449
37.15849733352661	39.92823028564453
33.3868932723999	36.30759143829346
40.01710224151611	44.952406883239746
34.43954372406006	37.41495895385742
32.98874378204346	34.247939586639404
38.18415832519531	42.442556858062744
44.523460388183594	45.892494201660156
38.06123495101929	43.02338457107544
45.03749084472656	47.706504821777344
41.465088844299316	44.51300525665283
34.908623695373535	36.991188526153564
40.019843101501465	43.612664222717285
33.94958209991455	34.970375061035156
34.70500659942627	38.16411209106445
31.588773727416992	34.12731885910034
42.70787000656128	45.72033214569092
39.988815784454346	42.941967487335205
34.420936584472656	38.431217193603516
28.658621311187744	32.55676984786987
38.28499889373779	39.14253902435303
36.786826610565186	39.273375511169434
31.294121742248535	33.33283185958862
33.47405385971069	36.70095348358154
37.920363903045654	42.565269947052
34.35979175567627	37.76502990722656
37.48048400878906	41.05382013320923
43.52862310409546	43.59141492843628
40.48055362701416	42.935357093811035
40.32654047012329	42.49890995025635
32.10792112350464	37.721487522125244
35.63203430175781	37.118492126464844
33.02207279205322	37.542789459228516
30.489208698272705	34.812564849853516
36.52591609954834	39.02242183685303
33.69817113876343	36.50768804550171
34.44751739501953	37.78343200683594
36.62737274169922	40.091617584228516
36.28652286529541	42.33255100250244
35.50823211669922	38.948471546173096
26.686832427978516	31.24636936187744
39.23254346847534	41.35773229598999
29.581823348999023	32.981014251708984
37.08963060379028	40.74856615066528
32.172138690948486	35.445289611816406
37.13060760498047	39.77485656738281
39.78515625	41.63935422897339
35.67476177215576	40.88679599761963
26.99387788772583	25.69802761077881
38.31008577346802	41.13730001449585
35.954569816589355	39.15604305267334
40.42803955078125	42.40915298461914
32.843565464019775	36.51207733154297
36.02843761444092	39.96110439300537
34.143181800842285	35.514344215393066
41.15426731109619	44.1313362121582
40.55899906158447	45.56989145278931
33.54605484008789	36.71571350097656
33.91015625	36.56731414794922
31.958377361297607	35.387115478515625
35.392069816589355	35.75335693359375
36.581711769104004	41.3743371963501
33.258559703826904	35.50178527832031
40.57480716705322	42.07738494873047
38.53813552856445	42.50888442993164
27.78117084503174	31.022892951965332
41.34695100784302	44.36740064620972
29.975833892822266	32.79170274734497
42.75938415527344	44.85936641693115
33.262447357177734	36.30817794799805
33.61193895339966	36.56190872192383
37.1896390914917	39.18313121795654
30.72932481765747	35.3611946105957
31.839603424072266	35.297478675842285
36.42707061767578	39.303382873535156
40.52067708969116	40.489925384521484
39.61408710479736	43.074371337890625
39.590054512023926	40.42279529571533
37.41981506347656	41.21539258956909
39.34826374053955	44.39382982254028
34.9749641418457	41.036410331726074
40.7655987739563	43.621670722961426
33.635066986083984	37.94783306121826
33.40621089935303	34.99877071380615
33.79189395904541	37.695496559143066
39.7227087020874	44.91456985473633
31.922593116760254	35.612244606018066
36.69280242919922	39.285118103027344
37.973549365997314	41.395880699157715
38.330806732177734	39.31745529174805
35.679259300231934	40.78145503997803
35.7859468460083	40.6552734375
29.40401792526245	34.31252717971802
39.38648223876953	42.12566375732422
42.08820724487305	45.220130920410156
36.641639709472656	38.50880527496338
40.777610778808594	43.635520935058594
45.41787528991699	47.852617263793945
36.3940315246582	38.092589378356934
34.47399663925171	37.80166292190552
33.02043914794922	35.76970338821411
39.79389953613281	42.1475944519043
32.52608776092529	35.69068908691406
36.94832229614258	40.84804153442383
38.554465770721436	44.9112606048584
27.70715045928955	28.704691886901855
44.102173805236816	48.08271789550781
43.244266510009766	47.46659851074219
46.976741790771484	52.023719787597656
36.52550458908081	41.728620529174805
21.32866621017456	28.03471088409424
28.600871562957764	32.433059215545654
31.266870498657227	33.7310266494751
37.27169752120972	40.05383062362671
35.40160274505615	39.683369636535645
38.83583211898804	41.012691020965576
32.839962005615234	36.516178131103516
40.72258758544922	44.06648254394531
35.3557014465332	39.22395706176758
36.5603141784668	39.260948181152344
39.426063537597656	41.72267246246338
35.14884853363037	40.0713415145874
35.27874135971069	39.06766986846924
47.234527587890625	50.13534927368164
39.513474464416504	43.014649391174316
43.741862297058105	50.36135959625244
37.64900207519531	41.470298767089844
40.60927677154541	44.535956382751465
37.36810827255249	41.25230932235718
37.682281494140625	40.088287353515625
40.997108459472656	45.99913501739502
37.82969284057617	41.169273376464844
35.911993980407715	39.16888475418091
36.84024906158447	38.61215543746948
28.642277717590332	30.842301845550537
34.09580612182617	36.30849552154541
39.01092529296875	42.696876525878906
36.58212900161743	37.46903848648071
37.26173686981201	40.6129846572876
35.67587184906006	38.07418155670166
43.924012184143066	46.063353538513184
39.407594203948975	42.28473615646362
33.253220558166504	36.04306125640869
30.142318725585938	33.808104515075684
35.66861629486084	38.35043907165527
39.08056974411011	43.36514949798584
32.35218048095703	36.46854877471924
35.78317213058472	40.58377933502197
30.334702491760254	33.78377437591553
35.24783420562744	37.96753692626953
39.53791809082031	40.25367736816406
38.39513397216797	41.62099742889404
31.591215133666992	35.289610862731934
41.91683053970337	44.160940647125244
50.514678955078125	54.18973445892334
40.48557186126709	42.592599391937256
40.84761714935303	43.21506214141846
38.373268127441406	43.54767894744873
37.6741247177124	41.65425968170166
34.97963333129883	39.45797824859619
30.519272804260254	31.564879417419434
38.0681676864624	40.86684322357178
38.886651039123535	41.88188314437866
38.94752502441406	42.699851989746094
36.68978834152222	38.82473039627075
47.71319341659546	47.325068950653076
34.33882999420166	36.24099254608154
36.86824893951416	39.578925132751465
29.158027172088623	30.512136936187744
38.242618560791016	40.775084495544434
39.3164587020874	43.53863716125488
37.32899856567383	39.28169345855713
30.35830020904541	34.55336332321167
40.09254455566406	43.745816230773926
35.30836772918701	38.724117279052734
47.77703046798706	52.478689670562744
29.676320552825928	29.63243007659912
45.24247074127197	48.19157361984253
35.12763977050781	38.47873592376709
32.17357158660889	34.68134641647339
37.503089904785156	40.50383758544922
37.23277187347412	40.04978084564209
40.70826721191406	42.17862319946289
37.57304048538208	41.27163505554199
40.099350929260254	43.03865718841553
44.29696083068848	47.3505334854126
33.78124237060547	37.694878578186035
36.93896484375	41.195122718811035
36.951324462890625	40.38646697998047
42.62437438964844	44.14154815673828
30.355055332183838	33.55361223220825
31.149437427520752	34.31000471115112
35.77140808105469	38.32300662994385
39.648444175720215	43.3630051612854
45.17683267593384	49.19455862045288
31.858416080474854	34.9932541847229
36.846938133239746	38.76101732254028
35.31327152252197	39.09403324127197
34.68051624298096	38.20249271392822
41.43441867828369	45.0400972366333
34.77043914794922	36.664146423339844
38.10779857635498	42.99732971191406
35.97076416015625	39.72181701660156
42.26828050613403	45.646408557891846
30.46574878692627	33.03830623626709
27.09463119506836	30.607407093048096
40.61906385421753	44.458807945251465
36.75054407119751	39.61823320388794
34.86837100982666	36.77934265136719
38.84957408905029	40.92768907546997
38.10058832168579	38.39380598068237
36.83708143234253	40.6566047668457
34.1737174987793	37.431610107421875
41.16829776763916	43.974595069885254
34.99944591522217	39.556729793548584
43.291945457458496	45.66574811935425
48.319570541381836	48.67829132080078
38.55723428726196	42.4037709236145
36.24917507171631	38.90554904937744
33.703468322753906	32.082218170166016
40.86448001861572	41.32588577270508
43.68220591545105	45.41118669509888
33.53694820404053	37.51901149749756
41.475762367248535	45.80327129364014
43.8251519203186	47.389068603515625
29.945220947265625	33.88600826263428
31.0748553276062	35.42916774749756
35.419562339782715	40.738128662109375
36.04303789138794	40.38953256607056
34.53725337982178	38.695549964904785
39.639512062072754	43.54495191574097
43.65504455566406	46.41361904144287
33.04554748535156	34.64051055908203
29.205482482910156	29.864770889282227
41.25602102279663	46.4610333442688
38.41105604171753	41.633469581604004
37.37571430206299	41.4733772277832
40.8185510635376	45.07564115524292
42.29789733886719	44.950050830841064
29.595366954803467	33.29720735549927
42.26629638671875	44.48061752319336
39.55329179763794	42.85140132904053
36.89732313156128	39.28294515609741
34.024834632873535	37.216758728027344
37.3364782333374	43.46158981323242
37.83441925048828	40.3324499130249
34.07778596878052	38.31892442703247
24.983768463134766	22.76132822036743
42.556419372558594	46.95626449584961
34.21602964401245	38.18784236907959
32.88529872894287	35.24841785430908
34.8663330078125	40.152907371520996
33.275330543518066	34.190932273864746
36.72087383270264	39.01052904129028
40.15880584716797	41.70256042480469
43.13655090332031	48.280025482177734
37.05307102203369	38.74979543685913
32.05674362182617	33.96440124511719
35.22584915161133	39.441421031951904
33.3242712020874	38.059547424316406
39.499492168426514	42.8785514831543
37.46274995803833	39.760292530059814
38.52697277069092	41.787906646728516
34.23933792114258	38.189414978027344
35.25408124923706	38.89535617828369
29.89494037628174	35.05096435546875
28.736492156982422	30.436752319335938
30.247631072998047	33.34930419921875
31.90187168121338	35.149245738983154
47.947349548339844	50.78563213348389
37.217716217041016	39.76739501953125
33.422072410583496	37.25068759918213
35.945472240448	39.88080930709839
27.66442108154297	32.03921127319336
39.19706869125366	40.82877826690674
35.50802707672119	38.99147129058838
31.385672092437744	34.67318773269653
28.694465160369873	31.849262714385986
37.877869606018066	41.45844221115112
38.21129512786865	42.5245246887207
37.610286712646484	40.4144983291626
43.03638219833374	46.94579076766968
34.41592454910278	35.55515956878662
40.200523376464844	42.65068435668945
52.26008462905884	54.76594638824463
39.555084228515625	42.78583908081055
34.566752910614014	34.02606964111328
33.47129678726196	36.93009090423584
33.87476348876953	35.25039196014404
31.598896980285645	35.63272762298584
39.851070404052734	40.48668670654297
33.912940979003906	37.65941619873047
34.32190656661987	38.30661058425903
37.161741733551025	40.71178960800171
36.39030647277832	40.35194206237793
33.12828063964844	35.889039039611816
36.560569763183594	36.94170665740967
26.833560466766357	31.456186771392822
43.88674545288086	46.90871810913086
39.068307399749756	42.16291427612305
43.87980651855469	46.98030090332031
40.909310817718506	44.63802433013916
42.397178649902344	45.34255313873291
36.20771884918213	37.72616624832153
35.78826189041138	36.31174564361572
41.3433952331543	44.46968078613281
33.48860836029053	37.06478404998779
29.342845916748047	33.77937698364258
43.8013596534729	49.83822679519653
34.32985305786133	36.731746196746826
43.47250270843506	43.14584827423096
30.63829469680786	33.07021951675415
31.237984657287598	35.68612575531006
36.37165832519531	38.102195739746094
41.49208068847656	45.8441162109375
44.078773498535156	46.07286834716797
40.48617696762085	42.65127658843994
36.163458824157715	38.093905448913574
33.306663513183594	34.51192808151245
43.714494705200195	47.8757381439209
39.287437915802	43.72444200515747
35.64831495285034	36.03678226470947
31.188889503479004	34.65432071685791
35.94686985015869	39.25175905227661
33.206470012664795	37.06130266189575
30.113987922668457	32.69481182098389
33.519721031188965	36.105873584747314
35.27867031097412	38.00228977203369
28.505847454071045	32.38644361495972
36.775797843933105	39.798142433166504
39.26599884033203	42.18203353881836
40.780738830566406	43.76626968383789
35.81218242645264	39.182891845703125
39.18871307373047	43.72188091278076
45.29667377471924	49.45069456100464
29.901206493377686	32.888596057891846
43.09280490875244	44.77543544769287
30.091572761535645	34.15617370605469
36.99906921386719	40.39924335479736
39.772705078125	42.495277404785156
29.74604845046997	32.3701548576355
38.811829566955566	42.67349338531494
30.545223236083984	33.07971954345703
31.13943099975586	37.3685884475708
40.30998373031616	43.01688194274902
28.04798698425293	28.057491302490234
37.680588722229004	41.52028942108154
45.95745038986206	49.43258333206177
32.94357776641846	36.12594509124756
40.3594970703125	42.87821578979492
47.27069854736328	51.1793212890625
35.98107051849365	40.879974365234375
43.770904541015625	46.02970218658447
35.32061290740967	38.457627296447754
39.43492126464844	44.16945219039917
35.97054958343506	39.63324689865112
39.619481563568115	42.94804239273071
36.54075908660889	40.91146373748779
29.638014793395996	32.40722036361694
36.74695873260498	39.657328605651855
42.43113040924072	43.94458866119385
35.869540214538574	38.61250019073486
43.575077056884766	46.11216354370117
30.764119148254395	33.411744117736816
26.674437522888184	27.63479232788086
31.937711238861084	33.60387086868286
40.06124210357666	43.05498790740967
33.60072326660156	38.44049835205078
32.757622718811035	37.07897186279297
31.023261547088623	33.35709095001221
36.70795440673828	41.72679901123047
35.414156913757324	42.146324157714844
34.08984375	38.29387378692627
34.198265075683594	37.52973937988281
44.783973693847656	47.00336456298828
39.82174587249756	41.5537691116333
46.50273513793945	49.79633712768555
32.351951599121094	36.7059326171875
39.805981159210205	41.788416385650635
46.36838912963867	52.205101013183594
43.826805114746094	48.0366096496582
42.50575590133667	42.695523262023926
41.75072193145752	45.48948383331299
39.63025665283203	42.368629455566406
33.56928300857544	36.7047119140625
26.840941905975342	26.561665534973145
40.2306604385376	44.097092628479004
42.31062698364258	45.73126983642578
33.864317893981934	38.470916748046875
41.029995918273926	45.31687545776367
30.935208320617676	36.086700439453125
34.80392408370972	37.678425788879395
28.785958290100098	33.024773597717285
40.86173629760742	43.79707717895508
30.801773071289062	35.72706127166748
44.12481689453125	46.84652328491211
47.77151584625244	50.8634033203125
41.080413818359375	43.79423904418945
28.57801914215088	27.723288536071777
35.73661422729492	37.87752914428711
41.147690773010254	44.49079465866089
31.145816802978516	33.018879890441895
37.805641651153564	43.569979190826416
34.399940967559814	39.11881923675537
33.256659507751465	37.172579765319824
34.25949811935425	36.56975507736206
35.02199935913086	39.243659019470215
33.35116624832153	36.52645969390869
32.69876956939697	35.054545402526855
41.26753234863281	44.8771333694458
35.771610736846924	38.31005811691284
39.247398376464844	42.920851707458496
29.670555591583252	32.613372802734375
34.83308792114258	36.02162837982178
32.09713649749756	36.08321237564087
41.04389190673828	41.02885437011719
35.76799154281616	37.25556564331055
36.944382190704346	37.403526306152344
32.47694778442383	38.309157371520996
43.74802017211914	46.675193786621094
45.09599733352661	46.74363327026367
29.2134428024292	33.579421043395996
39.1724967956543	43.506577491760254
40.18314266204834	43.82522535324097
37.410630226135254	39.51188564300537
39.83100414276123	41.104854583740234
43.94139862060547	48.75328063964844
37.988253593444824	41.87831211090088
38.31055450439453	41.548133850097656
36.9343843460083	40.89225769042969
43.50932264328003	48.772215843200684
51.22602844238281	57.21806335449219
45.06629467010498	47.639784812927246
38.35105800628662	42.6555757522583
29.374305725097656	33.89032745361328
46.75414323806763	48.42067909240723
51.53755187988281	54.39505577087402
41.65590000152588	45.763046741485596
48.129310607910156	52.84292221069336
30.705597400665283	34.66519117355347
40.6629900932312	44.02442216873169
33.82176208496094	36.11210489273071
38.91051769256592	39.91506576538086
41.55477285385132	47.322922229766846
33.08242893218994	36.93929958343506
43.24931335449219	46.90083312988281
35.58597183227539	36.62173080444336
30.18079662322998	33.0096960067749
36.284523010253906	37.10394287109375
37.39962339401245	42.0943546295166
39.625638484954834	43.42794227600098
30.91277027130127	33.77653408050537
31.108758449554443	35.70574998855591
33.978145122528076	37.52671718597412
28.950794219970703	33.47826862335205
37.62359619140625	40.21548080444336
31.39268159866333	32.26499557495117
31.51220989227295	34.1476674079895
40.12948513031006	42.295517921447754
36.779887199401855	38.771371364593506
40.87483072280884	43.49433994293213
33.219420433044434	37.58289813995361
34.638099670410156	36.41968536376953
39.99149036407471	44.982513427734375
40.899474143981934	43.55374050140381
36.70429229736328	40.37798023223877
38.35114288330078	40.87679386138916
41.67198181152344	42.24761915206909
39.674180030822754	41.89368009567261
28.49644184112549	31.256368160247803
34.9491491317749	36.02552890777588
29.93997573852539	33.669114112854004
41.6347131729126	44.641639709472656
35.87785243988037	38.611533641815186
43.342140197753906	47.23721933364868
41.971336364746094	45.323631286621094
29.406070709228516	32.48717546463013
36.17588806152344	39.59342288970947
46.49163818359375	49.940372467041016
34.126158237457275	38.61007261276245
37.69699764251709	40.52581071853638
35.268672943115234	40.83759307861328
27.813697814941406	27.439533233642578
37.35581874847412	41.322383880615234
23.403472900390625	31.032109260559082
37.6643500328064	39.97626543045044
52.40277719497681	55.07003927230835
29.59212303161621	33.55374574661255
36.701170921325684	39.72444248199463
44.14118957519531	45.76948547363281
40.05316972732544	43.328818798065186
39.184882164001465	41.99195575714111
30.52489471435547	35.921173095703125
38.93988800048828	41.90302276611328
34.0068564414978	39.800169944763184
41.44771194458008	43.52980041503906
35.30643939971924	38.037611961364746
37.05961608886719	39.76930618286133
39.28693389892578	43.08729553222656
38.36769104003906	41.56710720062256
37.03435134887695	39.65464782714844
36.113101959228516	41.56943607330322
42.47285079956055	44.7088508605957
38.57313537597656	42.0479736328125
45.03048324584961	49.59230041503906
32.88404846191406	35.16302490234375
49.08674621582031	50.791717529296875
37.964163303375244	41.234328269958496
37.210304260253906	40.416916370391846
36.49837589263916	41.78200435638428
29.259164333343506	32.3118577003479
38.854050159454346	39.77070665359497
34.014206409454346	36.916232109069824
40.26617193222046	43.67355966567993
41.45462703704834	44.142452239990234
34.215728759765625	38.05290699005127
43.01006317138672	44.393776416778564
32.732887268066406	36.09788417816162
28.32880973815918	32.397732734680176
27.6807804107666	30.817992210388184
38.19223928451538	40.96427869796753
31.39804172515869	35.544273376464844
33.250935077667236	37.840073108673096
31.229581832885742	33.72678852081299
38.33008575439453	43.35010242462158
39.29110288619995	42.03511095046997
34.362701416015625	37.594390869140625
40.46005153656006	44.523178577423096
41.68813705444336	45.08152914047241
36.931869983673096	40.79480218887329
38.27865648269653	41.29703998565674
35.65092372894287	38.083740234375
45.137701988220215	48.005067348480225
34.36025619506836	39.080260276794434
38.13848876953125	40.72298812866211
30.44431972503662	34.34645748138428
33.79155111312866	36.526413440704346
30.5954909324646	33.487935066223145
39.44571256637573	42.26180076599121
40.4293532371521	43.33717346191406
31.042386054992676	33.50645446777344
40.851712703704834	43.873390674591064
41.58855056762695	44.924500465393066
35.79288196563721	40.5789794921875
32.12228727340698	36.151061058044434
34.88034725189209	38.34492206573486
44.342262268066406	47.97282791137695
34.20381689071655	37.013874530792236
37.47269058227539	40.45365524291992
35.13770771026611	41.03242206573486
39.800042152404785	41.28669261932373
37.51679992675781	41.17660903930664
41.80488586425781	46.03584671020508
36.793304443359375	42.31066417694092
33.678765296936035	37.733588218688965
34.83138370513916	37.802550315856934
35.593666076660156	37.00090026855469
43.011192321777344	43.96553039550781
38.22268056869507	39.66657543182373
49.28253936767578	51.73758029937744
33.885321617126465	38.153239727020264
35.36630630493164	37.480934143066406
36.44444274902344	38.79994869232178
31.119205951690674	34.16664123535156
34.32819223403931	37.1324987411499
31.766421794891357	36.054909229278564
34.275715827941895	38.3309326171875
22.983276844024658	27.890326976776123
38.37889766693115	41.87069034576416
33.00252437591553	35.845866203308105
38.8377046585083	43.191115379333496
44.69706106185913	44.637366771698
34.51030731201172	37.05844163894653
35.11178493499756	38.4173059463501
37.63439607620239	41.98229265213013
32.53216552734375	35.64778232574463
34.784971714019775	32.50902843475342
34.386558532714844	39.243995666503906
47.358055114746094	50.00396728515625
38.80110836029053	43.68871355056763
31.573634147644043	35.41901779174805
36.505096435546875	40.8528528213501
38.49117136001587	43.17973327636719
33.08593273162842	33.849196434020996
31.437249183654785	33.852004051208496
37.03587102890015	40.99137878417969
29.368502616882324	31.7598557472229
42.003334045410156	47.29594802856445
41.2970085144043	42.644283294677734
32.599571228027344	34.89794158935547
37.07535457611084	40.35016918182373
33.24412536621094	36.093666553497314
41.49402713775635	45.35519361495972
48.088096618652344	51.04905700683594
36.63485765457153	41.133790016174316
45.38889932632446	49.70611095428467
26.962105751037598	28.688335418701172
33.721128940582275	35.36031198501587
35.499449729919434	36.19643497467041
33.833367347717285	37.86079502105713
39.16439723968506	43.595704078674316
39.101600646972656	41.267765045166016
31.99559497833252	34.160353660583496
50.31962585449219	52.18596649169922
32.30881929397583	35.631728172302246
37.09713077545166	40.182217597961426
28.831435203552246	32.151432037353516
42.491177558898926	46.220675468444824
34.62220287322998	36.154160499572754
42.73900556564331	47.218650817871094
35.59410905838013	38.53045129776001
48.97850799560547	55.72959899902344
37.78350830078125	39.55554151535034
36.25557804107666	39.91080379486084
33.41933727264404	37.852500915527344
34.16871643066406	37.121517181396484
31.333812713623047	34.139442443847656
40.57112121582031	44.938716888427734
38.744479179382324	41.78002166748047
30.39436388015747	33.67061376571655
32.347044944763184	36.21068477630615
32.37560749053955	34.45463275909424
36.14687442779541	38.21331024169922
33.15263843536377	35.86497402191162
38.22707462310791	42.31414031982422
39.140708923339844	41.41065073013306
40.533212184906006	42.46652269363403
36.98085021972656	40.1446008682251
46.451324462890625	49.737342834472656
33.07988405227661	37.94595241546631
36.550941467285156	37.5876989364624
35.541157722473145	39.705448150634766
45.73762893676758	46.49604797363281
47.00221061706543	48.89429569244385
38.12751817703247	40.40831470489502
33.12717819213867	35.95521640777588
33.42677021026611	36.949965476989746
35.17940664291382	38.84906005859375
29.89220952987671	32.29253149032593
41.38386917114258	44.410675048828125
45.291189193725586	49.10260820388794
38.154876708984375	41.251667976379395
37.26264667510986	39.09189319610596
37.99706268310547	39.97806930541992
41.83540964126587	47.08559989929199
43.478413581848145	48.79207420349121
31.489150524139404	36.4870023727417
37.015727043151855	40.72135257720947
39.53305721282959	41.502010345458984
41.13951873779297	43.55510330200195
35.24535417556763	38.1732702255249
38.14216661453247	43.35086631774902
40.798617362976074	43.47829484939575
38.31455850601196	41.373947620391846
37.57027816772461	39.40333557128906
38.44604015350342	40.099746227264404
32.93101739883423	32.99648952484131
37.57848358154297	43.04487705230713
34.696051597595215	37.8548583984375
40.12186288833618	44.717278480529785
32.91131114959717	35.26413059234619
37.46293544769287	39.70150709152222
43.670143127441406	47.20729064941406
33.95299196243286	36.87323331832886
35.48429203033447	37.78750705718994
34.60459899902344	37.61724853515625
35.53612041473389	39.81116485595703
35.452171325683594	38.91468143463135
35.668272972106934	39.67880630493164
39.4531626701355	42.0592737197876
35.95731067657471	38.987053871154785
40.17857360839844	41.8325309753418
31.435806274414062	35.832165241241455
43.592018127441406	46.37786102294922
41.590453147888184	42.723023414611816
51.84749126434326	53.35805416107178
29.234251976013184	34.07695770263672
37.51639652252197	40.174530029296875
40.748619556427	45.36246347427368
38.5884165763855	40.72073841094971
36.489062786102295	40.48320293426514
40.34757900238037	44.253355979919434
36.89405059814453	42.28700256347656
32.61309814453125	36.42524814605713
45.27023696899414	47.0386962890625
34.0422043800354	33.86924648284912
36.77187633514404	41.31708383560181
27.17604160308838	30.19640064239502
35.21430587768555	41.725722312927246
35.265480041503906	38.32661485671997
40.10179138183594	43.034271240234375
31.883700370788574	35.51488494873047
40.1546516418457	42.072707176208496
37.68317413330078	41.252614974975586
33.75617265701294	36.686015129089355
35.30620193481445	37.11606311798096
38.409549713134766	40.068790435791016
39.89514875411987	43.8650426864624
31.78640842437744	35.812079429626465
38.9614143371582	40.32071304321289
40.30020809173584	43.20374917984009
41.012277126312256	44.50272083282471
38.841888427734375	43.1705436706543
