82.12331199645996	81.89250755310059
93.29829454421997	97.70105123519897
112.08683776855469	113.32605171203613
90.36947441101074	92.34857320785522
83.36292457580566	82.81572532653809
80.94787788391113	84.66644096374512
91.88393354415894	92.366623878479
106.06188297271729	108.90332508087158
96.64980459213257	99.06532955169678
86.14585876464844	87.5053482055664
103.96614217758179	110.31962823867798
92.88643169403076	93.7911787033081
98.28887844085693	103.99073791503906
95.17737865447998	96.99591159820557
95.69603538513184	97.47356605529785
95.24046421051025	102.73416709899902
77.44938468933105	79.51077461242676
80.0289626121521	81.60168743133545
100.7999439239502	104.9520616531372
87.60069465637207	87.57707405090332
106.64791107177734	113.97257232666016
83.06973838806152	84.43108177185059
107.22082614898682	107.0378565788269
84.67516422271729	81.66270017623901
92.91129541397095	95.41883039474487
112.41536378860474	118.96724224090576
91.2806396484375	94.97341346740723
88.68661308288574	89.48771095275879
95.13609313964844	93.65206813812256
83.72153568267822	87.27842712402344
86.53441143035889	88.60429286956787
107.36479377746582	107.14227199554443
86.29633140563965	91.25255584716797
94.9753589630127	96.5357780456543
90.78565979003906	90.10047912597656
89.31663036346436	90.63276863098145
96.15180683135986	98.19587230682373
92.49992084503174	94.8977861404419
102.3457670211792	103.20096015930176
111.97838592529297	112.47946166992188
99.54437255859375	99.15050268173218
81.72733354568481	85.97447347640991
88.14472961425781	88.88830375671387
79.10703992843628	80.22390508651733
106.7648754119873	106.2943058013916
93.19110870361328	91.55152130126953
93.28397846221924	92.0425033569336
94.8685097694397	93.09321641921997
69.76157522201538	76.41224813461304
94.17922782897949	94.65904426574707
93.23163509368896	91.82543706893921
110.14957809448242	110.11455059051514
93.1867504119873	94.50760459899902
83.27602434158325	83.72928047180176
98.82637023925781	99.49652862548828
112.23307991027832	110.45307302474976
81.09089040756226	84.76434087753296
90.93927764892578	98.70857429504395
83.70960521697998	85.80399084091187
82.40345764160156	84.93709373474121
82.20474243164062	82.88551330566406
101.32384300231934	101.36986970901489
91.26879596710205	94.30813312530518
106.71746921539307	109.74907398223877
107.14780616760254	117.42411613464355
93.51268005371094	98.21460103988647
82.70115852355957	85.97120475769043
82.2041072845459	84.16415691375732
94.36789417266846	90.65540599822998
93.22789096832275	97.42268133163452
78.94679069519043	79.742751121521
90.53068256378174	96.89256525039673
79.74172306060791	86.01499795913696
102.28949737548828	104.79971504211426
90.40496301651001	97.25444984436035
104.77072143554688	107.15005493164062
77.21624946594238	79.8035798072815
104.48764085769653	108.13154697418213
111.19922733306885	109.2121467590332
106.17275714874268	106.52713775634766
107.89243698120117	114.81600379943848
84.20811653137207	82.68249320983887
96.79196119308472	97.27054595947266
97.19558906555176	98.73037719726562
78.83963108062744	77.96330881118774
90.45464086532593	98.3805947303772
110.89979839324951	113.8580904006958
85.0252251625061	88.9706220626831
95.1668643951416	99.5061993598938
108.45634603500366	108.11407661437988
84.3099136352539	82.62572956085205
111.11501455307007	114.54785585403442
81.53473091125488	85.7629222869873
92.11160087585449	97.50888729095459
75.3911304473877	76.6692066192627
79.6738657951355	80.94821357727051
70.90486335754395	75.7111988067627
90.74112224578857	94.32850742340088
107.75671195983887	111.72130870819092
89.0614070892334	88.23109245300293
95.32264232635498	96.26216983795166
79.96558332443237	79.46704196929932
106.41449737548828	107.21302795410156
101.19934844970703	102.18766021728516
88.64498853683472	90.9424991607666
92.16753959655762	90.77313423156738
92.72699117660522	99.16261911392212
78.34221839904785	81.5984058380127
94.15680599212646	95.57131052017212
84.01974678039551	92.16989135742188
87.98131275177002	88.32166767120361
91.94410037994385	95.08262348175049
91.46495819091797	93.79554748535156
89.07229042053223	93.4548110961914
64.69526481628418	67.81951904296875
86.60554361343384	88.3373441696167
94.15762424468994	101.35789346694946
108.27719449996948	109.69148397445679
99.88231754302979	98.7158055305481
71.56912994384766	74.36071586608887
111.0250015258789	115.1024169921875
90.34563970565796	92.1221776008606
103.97956085205078	107.97714233398438
87.89908790588379	97.09336376190186
93.57948303222656	97.31685161590576
78.99662017822266	80.5605411529541
89.76663303375244	93.98316287994385
95.16295194625854	95.83545684814453
89.83267021179199	87.97752571105957
79.65310478210449	82.8874740600586
103.00528049468994	106.37714624404907
87.04864597320557	86.93084859848022
110.46795654296875	112.74417877197266
74.40254402160645	79.92490196228027
92.66139364242554	93.28743124008179
104.38012599945068	112.63020133972168
86.29595899581909	89.6034164428711
88.33930921554565	91.42471027374268
78.49023199081421	83.2791600227356
97.99501991271973	93.32646179199219
96.29029512405396	97.15330839157104
93.49320030212402	96.28407669067383
79.82692623138428	83.05793809890747
105.30666255950928	104.9009256362915
107.92854499816895	104.5289478302002
76.80792045593262	81.5111837387085
102.20743560791016	102.37161254882812
99.45819616317749	107.64481925964355
78.58707618713379	83.62451362609863
100.63813495635986	94.34858083724976
92.03575277328491	99.72667598724365
88.68728351593018	95.88581943511963
109.39334869384766	110.64421844482422
88.02053785324097	92.98407649993896
83.65388345718384	87.43804121017456
97.43885898590088	98.75418281555176
89.3653736114502	92.79212951660156
83.39226770401001	88.69262981414795
86.31705665588379	93.54917907714844
96.95836067199707	98.97277927398682
95.14060020446777	96.07671976089478
79.51034545898438	81.80756950378418
90.72428607940674	103.84246778488159
95.74072265625	95.91765594482422
86.01136207580566	86.54756927490234
76.28590154647827	82.3084921836853
87.99688911437988	96.50913333892822
96.51556491851807	100.48059225082397
91.19364166259766	91.27455139160156
101.92083263397217	105.18964004516602
89.09735298156738	89.08038330078125
97.18010187149048	98.24685573577881
94.20119619369507	101.7819652557373
103.27669906616211	105.72585105895996
94.98232841491699	99.53660202026367
83.91929054260254	85.74744987487793
77.6997299194336	80.40517616271973
97.99234390258789	103.61497211456299
109.09095764160156	113.31553649902344
81.8644642829895	84.5033597946167
88.46536254882812	93.58740234375
99.90702629089355	100.65205144882202
104.28813457489014	104.527512550354
107.79098653793335	106.94101572036743
95.9197587966919	96.05710506439209
100.21961975097656	103.05333709716797
93.73556709289551	96.64557075500488
100.0257740020752	102.97221660614014
105.5502462387085	106.02506351470947
88.56268119812012	92.17034721374512
90.03901863098145	93.90549659729004
111.18690490722656	112.61899709701538
83.76556396484375	87.50674438476562
102.88916015625	104.4038200378418
94.67736053466797	93.60666179656982
100.76559638977051	104.48787689208984
97.31421947479248	101.87065267562866
87.24968814849854	89.63540887832642
92.05198764801025	100.37219047546387
81.11682796478271	80.28702020645142
76.93096160888672	77.9428882598877
102.41984558105469	101.89323425292969
82.05996465682983	84.93080377578735
85.6948070526123	91.14432334899902
100.90205383300781	100.36760330200195
115.44831991195679	117.79717683792114
95.68919467926025	97.00798225402832
84.89653015136719	84.89475727081299
100.86708164215088	104.98116779327393
79.54070091247559	79.13969421386719
87.54302215576172	92.57119560241699
115.3012204170227	118.50928544998169
86.00299644470215	88.43694877624512
77.99292087554932	84.17840814590454
106.32962036132812	111.71052551269531
92.45521354675293	101.47338390350342
100.81299591064453	99.90023040771484
79.22633171081543	80.77722930908203
102.3780312538147	102.72157335281372
99.9881944656372	102.20518779754639
104.46624755859375	106.92744445800781
101.92601680755615	101.05715274810791
97.36879062652588	100.6210412979126
81.61311197280884	86.47987365722656
88.64335441589355	85.9303150177002
89.19871616363525	87.94585371017456
86.09951734542847	92.12049722671509
101.2123703956604	100.83784818649292
93.68368244171143	95.72935724258423
89.4891152381897	93.23800134658813
89.17839622497559	87.97680473327637
104.1088514328003	102.85751438140869
104.50765228271484	106.49475860595703
82.7757625579834	84.86093330383301
83.89542293548584	89.79719352722168
99.47783422470093	101.65329504013062
77.28973197937012	77.46431112289429
97.75530338287354	96.51504278182983
88.24061393737793	92.78771781921387
96.42362880706787	97.88641262054443
91.82764387130737	92.41827344894409
97.47859954833984	97.89121913909912
102.12810516357422	111.14059209823608
100.88122749328613	102.4816312789917
91.33554697036743	93.2435131072998
88.52388954162598	92.01442909240723
97.306960105896	99.19789791107178
100.6165623664856	99.27738189697266
106.2706298828125	109.46258544921875
96.81829833984375	92.82978630065918
90.15510940551758	89.9527702331543
107.22228050231934	101.65061092376709
84.73945617675781	83.10266971588135
84.37181949615479	86.52727031707764
101.01664733886719	100.21456909179688
85.24773406982422	84.91862297058105
104.73514795303345	104.67426204681396
106.9303846359253	104.62350273132324
81.655517578125	83.78469657897949
97.91907024383545	104.03234100341797
103.69572639465332	104.75944232940674
85.95789527893066	85.03034019470215
83.47773599624634	81.80131006240845
105.44759368896484	109.9869966506958
77.25759315490723	86.51493072509766
107.72714519500732	103.88556861877441
102.50535011291504	102.6872968673706
94.96850395202637	98.39112854003906
97.0018081665039	101.78734588623047
92.41264486312866	94.50879716873169
95.57878112792969	98.96505737304688
92.90526866912842	93.01036834716797
84.18553066253662	84.53004598617554
97.21727514266968	100.74858665466309
94.31878900527954	99.49303388595581
80.88497924804688	87.53798627853394
86.89164733886719	86.43141746520996
84.57571220397949	87.90047264099121
96.87699031829834	101.70436382293701
85.90685272216797	88.32009887695312
78.44439792633057	83.23687839508057
86.91110134124756	88.3854808807373
93.42133951187134	100.73719930648804
91.0477499961853	92.17039251327515
81.56049156188965	83.26529502868652
96.35215854644775	99.56569004058838
72.08654594421387	76.0121841430664
85.05853843688965	89.59467315673828
95.01237630844116	99.39489841461182
80.44741868972778	86.14294958114624
79.57354068756104	81.08110284805298
69.47440958023071	69.20426225662231
75.4823670387268	78.4187593460083
100.97233200073242	103.87009048461914
81.52263450622559	80.9289722442627
79.71136283874512	82.53230094909668
92.13640451431274	92.56927013397217
103.35618591308594	104.12542724609375
91.14196062088013	94.40646600723267
95.04656267166138	104.84079170227051
92.2017297744751	90.81811332702637
100.8963680267334	100.37532711029053
98.78179264068604	103.71587419509888
83.8099536895752	85.61004638671875
110.03916549682617	112.32541179656982
85.40347480773926	87.3939733505249
88.71473121643066	92.29475212097168
87.94661617279053	91.2770528793335
98.34671020507812	100.70217800140381
91.95760345458984	94.34499549865723
85.83465099334717	94.65765237808228
103.75740146636963	98.53940486907959
75.09033966064453	79.6940860748291
92.90528869628906	100.76270771026611
105.86726951599121	106.19589519500732
104.02758121490479	106.20982074737549
98.30755615234375	98.73882293701172
97.7201738357544	101.62780666351318
86.08480739593506	85.01670551300049
92.66312217712402	93.53697395324707
79.63940620422363	82.49220037460327
98.50858926773071	99.48664665222168
74.9147253036499	84.01928520202637
117.28175354003906	124.24336242675781
69.56146001815796	75.18034267425537
100.55247497558594	104.32457733154297
117.3359489440918	120.64679145812988
103.6168441772461	104.20769500732422
87.68470573425293	87.89871025085449
99.71018981933594	101.2140884399414
81.12561464309692	87.81774044036865
82.07762956619263	85.99415349960327
77.27620124816895	80.80989074707031
80.30501747131348	79.12934970855713
93.31995296478271	95.36004638671875
110.16017150878906	114.41531562805176
99.51621770858765	106.86844635009766
88.83906269073486	92.12762308120728
86.80522727966309	92.73637390136719
88.8900146484375	88.15971565246582
72.33515071868896	74.51229763031006
87.6467113494873	98.16422653198242
86.91769695281982	90.04079246520996
87.70428657531738	92.46878814697266
111.89233303070068	116.47806644439697
102.79199886322021	99.00631809234619
101.75600624084473	100.04528903961182
101.6273193359375	105.32871913909912
83.92956447601318	82.00045490264893
70.3897476196289	76.04739189147949
110.58078861236572	122.28832626342773
92.84811305999756	94.41242790222168
119.8559045791626	123.03614616394043
90.2491021156311	88.01270484924316
80.95428276062012	83.1777982711792
99.98441219329834	101.72410726547241
96.69472312927246	96.37748622894287
109.48499298095703	108.25381469726562
83.2499828338623	85.6964898109436
109.8268461227417	114.37972068786621
89.88519859313965	92.75820922851562
75.27323913574219	76.93045234680176
82.83698844909668	83.33612251281738
91.79997205734253	93.48913669586182
101.84808349609375	104.2076416015625
99.65428590774536	101.32579565048218
106.12954330444336	107.84989929199219
84.2226791381836	87.20642280578613
86.75181865692139	94.83310413360596
81.1714038848877	85.13646793365479
88.8809118270874	89.04765701293945
100.19378185272217	100.64389228820801
98.42817735671997	98.16446447372437
91.61692333221436	98.56605434417725
85.77386522293091	91.34214210510254
90.78165435791016	89.36890983581543
98.11750173568726	99.81778717041016
99.18473863601685	102.29911947250366
79.49763679504395	83.31340599060059
79.84110832214355	86.7169132232666
92.39122772216797	95.456711769104
79.77070808410645	80.9369330406189
88.77676963806152	91.52339744567871
102.62808322906494	103.68148517608643
89.66391134262085	90.14907932281494
103.77571105957031	107.66239643096924
98.73961687088013	99.85085248947144
85.37931156158447	84.16888666152954
93.47129154205322	93.80109882354736
85.42784261703491	90.39400339126587
83.33337450027466	87.35263633728027
80.58071899414062	88.66101264953613
99.87493896484375	99.25081634521484
95.78150463104248	97.33957099914551
84.71513223648071	83.73852300643921
89.58808660507202	90.15684032440186
82.92090892791748	82.47354793548584
108.22887897491455	110.67081928253174
83.47331142425537	86.15405368804932
72.91020011901855	75.02643013000488
96.83853149414062	98.8666353225708
109.23927307128906	107.1516342163086
89.61582279205322	92.5085859298706
96.88297033309937	102.35489130020142
87.86412143707275	88.02591848373413
77.21662902832031	79.23607635498047
102.30905055999756	103.68834257125854
102.96334838867188	102.51676940917969
96.45015096664429	103.98388910293579
92.53590965270996	91.19349813461304
88.9779281616211	92.53717231750488
88.75654792785645	89.11775207519531
84.60083103179932	87.56384134292603
85.90997314453125	89.3774642944336
99.37365531921387	104.24224376678467
94.57050228118896	96.6699628829956
88.26079416275024	91.71972131729126
99.66358947753906	103.32171726226807
109.29400634765625	116.82463073730469
120.43786716461182	120.25075912475586
90.83568000793457	95.42170667648315
107.10088920593262	108.62692546844482
112.0462646484375	115.72624206542969
81.15754508972168	81.82677268981934
100.35417938232422	97.73878574371338
91.18384122848511	92.47556447982788
105.65102291107178	104.85519790649414
106.3231143951416	106.32836151123047
82.5465931892395	81.67706346511841
83.11382055282593	84.68320274353027
104.25189876556396	111.82717227935791
85.86735534667969	88.8467845916748
82.62050914764404	81.98608875274658
81.56304359436035	81.64329528808594
98.84366369247437	99.91693830490112
91.294180393219	94.76145124435425
86.67605686187744	86.5570273399353
77.30879068374634	79.44856309890747
110.92691802978516	110.98406982421875
89.93717670440674	91.97979545593262
92.46897888183594	93.88402462005615
75.444580078125	80.53678894042969
97.35523223876953	98.0495810508728
110.06707048416138	110.42063999176025
90.63739013671875	90.40382194519043
101.56277465820312	108.14408111572266
95.34731388092041	93.90653228759766
100.04352807998657	102.5592827796936
92.13578939437866	92.09311723709106
76.23190498352051	74.62835884094238
86.43653869628906	86.59850120544434
85.92599725723267	83.68019771575928
101.93247413635254	106.76597881317139
87.76268291473389	87.64784717559814
91.69375419616699	97.91755056381226
105.2550630569458	107.46653938293457
106.67256116867065	110.0449275970459
83.94291687011719	91.12222480773926
100.46090841293335	104.82155084609985
108.86777400970459	115.49514770507812
105.88304042816162	104.596266746521
81.63935041427612	87.81056928634644
95.56522941589355	104.37452411651611
79.00547790527344	79.70007133483887
109.05983257293701	114.63972902297974
96.53011322021484	104.42745208740234
86.38125562667847	89.35947179794312
111.92181587219238	109.9304723739624
85.93739891052246	88.22859191894531
87.13950300216675	89.06417560577393
89.30542182922363	85.34262752532959
110.67299938201904	115.56571769714355
86.98148345947266	92.01558494567871
82.63683271408081	82.45071125030518
83.34569025039673	86.08154916763306
94.82457733154297	92.02493286132812
94.44354772567749	99.07113790512085
91.49411201477051	94.71557378768921
105.36887168884277	106.23597621917725
94.43798732757568	97.07238864898682
73.19464874267578	71.79377746582031
94.57562255859375	100.95419311523438
100.96477746963501	99.56827640533447
110.80776643753052	111.5505838394165
86.59662342071533	90.69626712799072
92.00367736816406	92.24962615966797
96.47445774078369	93.4274320602417
102.19004249572754	95.71683025360107
106.22713470458984	108.65035247802734
81.90287017822266	89.3763370513916
105.37368679046631	109.81824779510498
120.29350328445435	120.97770166397095
90.55284690856934	89.04303932189941
92.64866638183594	95.74091339111328
75.81475114822388	79.3539662361145
83.96622276306152	84.49697685241699
84.6375904083252	90.18540573120117
97.57143878936768	100.95747089385986
96.79730224609375	101.81167602539062
78.40014839172363	82.33697319030762
90.53493976593018	95.15421867370605
96.79507541656494	102.98146152496338
103.88494110107422	106.42752075195312
99.24846649169922	102.10431957244873
88.02882385253906	87.03799343109131
83.33064270019531	89.35539293289185
97.35320949554443	101.61952209472656
108.89071846008301	108.51493787765503
88.34984111785889	88.16753196716309
102.84580993652344	106.6982421875
85.52202844619751	92.27226495742798
82.41902160644531	82.34937858581543
105.65950775146484	106.93733406066895
71.07820701599121	75.31331634521484
88.25745916366577	87.90652179718018
104.4764404296875	102.24781799316406
103.06909465789795	107.99018859863281
85.40984344482422	87.49443054199219
97.4844160079956	97.78875017166138
91.2729902267456	89.15356254577637
86.70407152175903	89.03534126281738
84.56073188781738	85.42157936096191
82.68261909484863	87.74664115905762
84.68807029724121	90.12710380554199
75.56955814361572	76.55000829696655
93.55716943740845	96.08975410461426
94.14776802062988	95.80177116394043
76.45053958892822	80.39761638641357
86.22176933288574	88.45792770385742
75.08699226379395	77.09730529785156
103.74329566955566	104.53978252410889
98.96610260009766	104.56331491470337
110.06376314163208	110.12522459030151
94.19559717178345	96.17438077926636
116.98359680175781	116.80534362792969
94.65359687805176	95.58029365539551
109.23103094100952	118.3315658569336
102.46647644042969	105.33306884765625
87.74780511856079	94.14611530303955
80.11324310302734	86.8000717163086
103.56646919250488	107.10574913024902
83.90014457702637	82.62300109863281
80.94128656387329	86.61746263504028
91.12593269348145	89.16937065124512
82.7164535522461	89.46832466125488
86.36675024032593	89.76424646377563
93.18633985519409	98.98858118057251
94.12803411483765	98.74086141586304
88.82594013214111	94.3165078163147
86.66330051422119	89.39554023742676
89.15032196044922	90.87360191345215
102.80340766906738	105.58023357391357
100.0654067993164	104.18673706054688
98.96806287765503	103.15173864364624
99.5438003540039	101.92347717285156
101.89946842193604	100.2677354812622
86.90271949768066	91.53252983093262
87.5727367401123	89.30023956298828
113.82420349121094	117.5513596534729
85.4047703742981	86.07282400131226
95.99393939971924	100.40057563781738
96.2328987121582	99.16121292114258
94.85713768005371	98.86501979827881
80.50720882415771	79.18038082122803
81.48030853271484	82.30425453186035
103.42410945892334	102.18824672698975
87.74674415588379	89.88178825378418
97.70921230316162	106.5549373626709
85.06939172744751	88.13555717468262
78.89472198486328	81.62132549285889
83.71589469909668	89.25597381591797
90.89553833007812	100.66462707519531
87.46793222427368	86.48340082168579
105.20680046081543	107.87146759033203
87.109450340271	86.52855587005615
83.00114727020264	89.61864709854126
84.01765251159668	89.76613092422485
75.08296394348145	77.48064994812012
70.4329662322998	73.6310806274414
91.85689640045166	93.36635541915894
90.15680932998657	90.65443706512451
87.64850807189941	90.75005435943604
98.0525312423706	98.03042793273926
93.87825965881348	102.7661247253418
99.81466054916382	101.09677791595459
74.63140773773193	77.2096643447876
86.9771728515625	89.00726985931396
83.17023277282715	83.25513696670532
94.9136152267456	97.35743188858032
103.33451986312866	106.27130270004272
91.98384952545166	94.36994218826294
101.08263397216797	104.12857818603516
81.27482032775879	80.03850269317627
92.34535217285156	100.17456436157227
79.11092376708984	83.32026672363281
103.67111778259277	105.71215915679932
94.85851335525513	92.92396593093872
87.31942176818848	90.03645992279053
83.76024055480957	86.74833869934082
86.51278495788574	98.50738906860352
93.60875129699707	93.94201469421387
93.00206184387207	92.9026870727539
106.20396137237549	104.0899658203125
89.76305627822876	96.56417942047119
93.02731609344482	92.59099769592285
93.97236633300781	97.5957384109497
89.50502014160156	85.7828369140625
90.71064233779907	92.99309492111206
103.02366971969604	101.07282400131226
100.03017997741699	101.96167278289795
105.45717000961304	108.50294065475464
73.46674871444702	80.91052341461182
84.01432991027832	87.40630292892456
75.34212350845337	75.82636785507202
83.81566619873047	88.2738208770752
103.28529453277588	110.80030632019043
102.59887933731079	103.76078367233276
81.02620697021484	81.5310001373291
88.11229705810547	91.87795400619507
85.28106451034546	90.76343536376953
87.4311933517456	95.08439922332764
104.7209587097168	112.04000759124756
92.54729461669922	98.47975158691406
96.84031963348389	96.74275159835815
103.54743194580078	101.52755689620972
84.27504253387451	82.6591796875
95.81837940216064	101.11789751052856
89.6145076751709	92.89434909820557
103.22337913513184	108.89616298675537
89.63928937911987	90.98383331298828
100.41524648666382	100.97920417785645
86.73385047912598	90.9547290802002
87.94691276550293	87.60978889465332
85.00850057601929	88.05975198745728
85.91553974151611	86.4077558517456
71.87753438949585	75.14977884292603
91.11371612548828	94.10282135009766
97.84434795379639	94.91415452957153
84.3877592086792	86.30082035064697
77.70384407043457	78.4049973487854
94.37873077392578	95.69175720214844
97.937171459198	103.16951036453247
100.87702751159668	107.30094861984253
97.34850311279297	96.82038116455078
93.22115898132324	94.27701091766357
80.00715684890747	90.90311813354492
89.06678009033203	89.27446174621582
91.07507467269897	93.04330682754517
93.59422874450684	95.0460147857666
96.0489273071289	102.75112915039062
81.60639381408691	89.04803466796875
93.94593524932861	100.962571144104
69.96673631668091	78.06258487701416
96.89533996582031	99.75573348999023
92.47719669342041	98.40627765655518
96.28999042510986	102.90823411941528
96.74779510498047	97.37013244628906
84.36057472229004	91.75317192077637
113.9908447265625	113.63190460205078
83.56043815612793	87.91643714904785
104.55273342132568	103.04253196716309
106.80918407440186	109.5003719329834
100.13476848602295	103.3565845489502
73.82436561584473	78.29638481140137
104.06006813049316	110.20066022872925
106.81375980377197	108.6593656539917
85.29770946502686	87.6349549293518
98.91978740692139	101.2502613067627
100.1202621459961	102.84523105621338
85.81596326828003	88.66715908050537
106.02907419204712	108.85748863220215
78.99450635910034	82.31011295318604
111.77286386489868	109.39210653305054
78.6248083114624	77.6168155670166
104.31610584259033	110.89839935302734
88.85757207870483	87.74876832962036
90.40129280090332	91.28546333312988
86.23081493377686	88.32226848602295
95.13747119903564	100.7523193359375
94.49931287765503	98.82235813140869
103.35458278656006	102.15038537979126
91.14228630065918	92.3990306854248
95.16303253173828	99.77485370635986
93.58006191253662	92.65316152572632
99.4916296005249	96.53492641448975
83.90320873260498	81.9438533782959
95.94333171844482	96.72573566436768
89.76857948303223	94.93219947814941
100.54580926895142	98.42259407043457
83.57189702987671	84.80194139480591
77.45855712890625	81.47925567626953
95.27571201324463	97.40522146224976
102.16621541976929	105.84419250488281
94.02835369110107	95.61501884460449
87.81612873077393	86.7398157119751
92.94302129745483	92.84587240219116
91.2165002822876	92.1026554107666
108.45595359802246	108.98264217376709
100.82661151885986	105.4111647605896
85.85317897796631	85.97870635986328
92.79090690612793	92.25704669952393
83.64743518829346	89.51937198638916
88.57081031799316	95.8066635131836
58.51715898513794	60.456716537475586
88.55450963973999	87.36362981796265
82.57010173797607	84.20767307281494
84.29010581970215	92.33132791519165
96.81588506698608	101.33537292480469
104.50038242340088	110.35668468475342
76.12477922439575	78.60382747650146
75.58138847351074	76.58512687683105
98.18276977539062	97.47444200515747
88.5201416015625	91.10386848449707
90.3402042388916	90.71086692810059
91.71093082427979	95.18005561828613
84.00741004943848	89.36227226257324
86.40978145599365	92.32275390625
95.77640056610107	96.41766262054443
104.44366693496704	100.89612007141113
106.46173858642578	111.21898651123047
77.35884046554565	79.93205070495605
75.73881483078003	80.00436544418335
87.7702465057373	86.90421867370605
92.38023853302002	94.49536037445068
100.10348081588745	102.23080158233643
105.28797054290771	111.85570430755615
82.4420166015625	86.58160400390625
84.78776454925537	87.61570739746094
101.76579236984253	101.06605005264282
88.42239189147949	91.12959480285645
111.6331958770752	113.74276399612427
95.91924142837524	99.97621822357178
89.2467622756958	92.39756202697754
98.10007667541504	99.7593936920166
85.88274145126343	86.58754205703735
88.11458110809326	85.59620428085327
79.51815605163574	83.52199745178223
79.39169883728027	80.13860893249512
91.01637268066406	92.88946723937988
91.6680474281311	89.0717568397522
84.37113761901855	87.38442993164062
87.25869512557983	92.41115713119507
87.70549964904785	91.73085594177246
98.27425861358643	104.4055404663086
92.26630210876465	97.89349794387817
95.26710033416748	93.495032787323
97.12622165679932	96.95372343063354
83.76997375488281	87.08334159851074
85.76375770568848	89.17636299133301
109.36809062957764	113.6810131072998
98.38826179504395	99.72604036331177
81.66244268417358	84.44273471832275
87.40917301177979	90.88016319274902
100.91834926605225	105.4565019607544
90.6978850364685	90.18505144119263
101.06652545928955	103.94696521759033
89.87156772613525	93.58074378967285
103.10660457611084	103.50845956802368
90.13224792480469	94.03690910339355
84.22944831848145	89.06407928466797
77.43511390686035	83.19120025634766
81.61071681976318	85.64996290206909
97.49404716491699	104.4467830657959
87.24682426452637	86.97217035293579
80.82109308242798	84.42855787277222
75.99575853347778	78.34680891036987
108.10267448425293	111.10311698913574
85.89087009429932	93.96763134002686
85.80577611923218	90.17397880554199
97.07512855529785	103.4832673072815
91.72133922576904	93.05895900726318
101.99446296691895	102.14795970916748
98.41372156143188	97.54766321182251
98.582603931427	101.94451856613159
83.10575866699219	88.86142158508301
112.32293128967285	114.83304977416992
112.74287271499634	115.87382364273071
106.3902816772461	106.37142181396484
90.72824096679688	92.88489437103271
101.9731822013855	101.8176212310791
82.919105052948	84.71099758148193
95.6993236541748	96.65966701507568
93.40954399108887	97.15616226196289
113.63159942626953	118.18159484863281
88.190833568573	87.85156869888306
80.43525695800781	82.68671607971191
75.10989952087402	81.12973117828369
94.5771894454956	98.27032279968262
92.30298042297363	99.15098762512207
97.64010620117188	103.83702087402344
96.2359299659729	94.22628927230835
102.08164930343628	104.40507173538208
104.18067932128906	105.53739166259766
96.15684700012207	99.2455825805664
85.28073692321777	94.76285362243652
84.27408790588379	81.76266622543335
97.18383979797363	98.09958171844482
99.27859783172607	98.43931674957275
97.74977397918701	102.62051296234131
89.15109014511108	89.51940298080444
91.20842456817627	95.63218832015991
104.72460651397705	112.49647331237793
96.53926086425781	99.47264862060547
90.22329139709473	88.22479248046875
98.90397882461548	101.99034690856934
100.63546752929688	104.20387363433838
91.83413743972778	93.1757640838623
77.92397499084473	79.62976932525635
83.1119213104248	84.65353393554688
86.97073173522949	90.93914222717285
98.14950275421143	98.8508939743042
73.87066650390625	77.00471544265747
92.27644443511963	90.46170473098755
105.18229722976685	109.81568098068237
94.55044746398926	97.32808637619019
89.93009757995605	96.978506565094
93.26884460449219	96.06288528442383
98.86631774902344	97.9017105102539
97.10498237609863	97.10779666900635
83.40151405334473	84.82842063903809
95.50895500183105	97.77538871765137
94.98574542999268	96.94850063323975
94.20555400848389	98.03195714950562
72.1804347038269	71.97336435317993
86.82957458496094	85.01140594482422
104.55337285995483	102.87163496017456
80.58853340148926	87.74599361419678
82.98095941543579	81.59376430511475
83.50710105895996	89.41878700256348
105.16872024536133	108.11763095855713
88.6406602859497	90.0086317062378
86.47347450256348	90.62725067138672
104.65494537353516	103.85526752471924
92.76400566101074	101.25725078582764
101.27553939819336	103.81549835205078
99.13366413116455	105.60013389587402
80.44523048400879	85.72189521789551
97.52897500991821	100.00419616699219
91.48580646514893	90.07586431503296
100.6482515335083	101.51742792129517
81.75761222839355	83.6136827468872
100.27256202697754	101.95545101165771
96.08224868774414	102.98420333862305
95.11338806152344	101.38900756835938
95.2093152999878	98.59280395507812
95.2580623626709	99.08714962005615
77.80286407470703	80.50163841247559
94.58404731750488	103.66831398010254
107.23408508300781	107.54635620117188
91.34481287002563	90.63503456115723
98.45065355300903	97.11093664169312
89.69556283950806	87.83547019958496
84.88620805740356	88.51654815673828
97.83517360687256	102.53997707366943
94.72676086425781	101.8379716873169
104.33363199234009	106.60951852798462
79.82937049865723	81.91500568389893
90.6827163696289	94.13677740097046
88.7153549194336	90.33762836456299
80.32084131240845	87.37262058258057
93.7424168586731	96.81008911132812
109.91103172302246	117.1195650100708
104.7561149597168	109.64013862609863
73.70790243148804	75.01518154144287
90.66668128967285	94.8189525604248
99.09371662139893	96.72463703155518
105.91470050811768	105.93487787246704
101.94552183151245	106.05036735534668
85.41019916534424	88.58927059173584
94.95295429229736	99.98620700836182
103.83291721343994	105.69178819656372
83.42004299163818	86.01390361785889
101.44053077697754	105.00450420379639
92.74194145202637	98.64975357055664
95.70286464691162	96.1578950881958
92.75502157211304	92.03085565567017
103.82028007507324	107.55632019042969
78.57827568054199	82.76526832580566
89.87595558166504	90.3330888748169
98.88774108886719	103.27598571777344
97.78565883636475	97.04988956451416
85.92629098892212	87.04213571548462
97.8046875	97.72166585922241
88.54042625427246	91.38514709472656
88.90331840515137	91.54983329772949
91.45257568359375	101.52798843383789
89.21110773086548	91.24736022949219
99.12722873687744	99.2270040512085
93.52200031280518	95.68357181549072
88.60335636138916	91.7501573562622
89.90942573547363	90.71685791015625
114.11025619506836	116.06007242202759
87.30672454833984	89.86914825439453
98.54788208007812	99.26701354980469
94.02281284332275	91.30233001708984
90.79611253738403	94.30226278305054
98.89326095581055	101.80601119995117
79.12564659118652	86.6067066192627
107.41826629638672	112.92050170898438
85.70831108093262	84.77166604995728
108.69890213012695	110.54924011230469
83.82118034362793	85.73921012878418
69.20990753173828	72.62568855285645
85.2746753692627	95.00682067871094
87.014328956604	91.7626485824585
97.93030786514282	103.07083702087402
95.76028966903687	98.21007585525513
94.17643547058105	98.04482460021973
108.1841049194336	116.84778594970703
99.99802303314209	97.9588041305542
73.75839281082153	76.54408121109009
79.85222005844116	80.21156311035156
93.71393394470215	92.74534606933594
87.11956739425659	88.52243661880493
87.60886573791504	92.93018531799316
101.5157413482666	103.17276191711426
81.63569641113281	86.35100555419922
93.81664848327637	92.60829401016235
89.023362159729	86.83549737930298
72.09857034683228	75.71548223495483
96.23481273651123	99.17210292816162
98.47553825378418	102.18017578125
87.24205684661865	89.00995445251465
109.13903522491455	116.0487813949585
101.50807189941406	105.55458068847656
106.34291410446167	108.71241331100464
89.79960536956787	91.54588031768799
88.21273612976074	95.21724128723145
111.71655893325806	111.19569540023804
87.45018768310547	88.76451873779297
98.23130702972412	101.58401393890381
97.5726089477539	98.24484252929688
102.72583723068237	102.07991123199463
107.29817199707031	111.84455871582031
95.54725885391235	96.13061714172363
79.75144386291504	82.17617225646973
101.42850971221924	100.29401111602783
100.29660129547119	97.27201747894287
94.68464374542236	95.66732978820801
99.1823902130127	104.94429111480713
101.5716290473938	106.54709100723267
74.38743782043457	78.4559555053711
102.35583543777466	102.19104051589966
82.7060317993164	88.26507186889648
81.6259994506836	84.67611646652222
89.05768775939941	94.12943458557129
90.77421569824219	94.03265380859375
85.86824226379395	86.77140712738037
70.15982294082642	72.20239114761353
95.68533420562744	103.39862155914307
99.05916595458984	99.28073120117188
101.63934898376465	105.63638305664062
95.93367099761963	94.65873527526855
78.25254249572754	81.33147192001343
94.76993751525879	98.23989486694336
85.33619213104248	87.17828941345215
99.86412048339844	97.40200996398926
83.30356073379517	85.6952919960022
96.94657516479492	98.9635272026062
73.2334041595459	72.21096611022949
75.66275596618652	78.2629451751709
100.75181865692139	100.4274320602417
76.57545328140259	82.07176733016968
88.86623287200928	89.84134864807129
96.57916212081909	93.11401128768921
94.0666275024414	91.51904296875
84.50473976135254	89.92311382293701
97.65636682510376	98.30873107910156
95.40152263641357	99.24847316741943
89.73968648910522	94.01790142059326
80.49842834472656	86.41854858398438
103.71627235412598	103.08069038391113
82.06779670715332	86.36183166503906
99.05230712890625	103.54192924499512
107.28199481964111	110.69924259185791
88.4997091293335	94.72503185272217
113.24974060058594	123.66571044921875
108.48302364349365	106.20459794998169
97.99713182449341	104.87777423858643
81.90340232849121	82.76680183410645
111.6741304397583	109.7723503112793
92.1139144897461	95.05375957489014
104.74282455444336	108.70190238952637
104.21826124191284	105.97471475601196
96.3591513633728	93.8969054222107
96.21166753768921	100.04188299179077
86.06256294250488	87.64551544189453
97.33786201477051	98.5819091796875
98.92381286621094	105.38301277160645
96.8355941772461	100.00970554351807
98.9692211151123	98.9032530784607
100.2900767326355	103.44792366027832
88.36783695220947	88.20493602752686
90.0464940071106	90.46436071395874
85.97753667831421	89.10361289978027
88.34489917755127	92.1292314529419
81.7198691368103	84.03231906890869
85.43451118469238	87.08589363098145
80.97898292541504	87.09118556976318
101.23889923095703	105.2413740158081
