58.27801322937012	60.06899642944336
54.15703773498535	55.838823318481445
56.533945083618164	54.55293846130371
58.72255897521973	53.44379425048828
56.78997802734375	57.87031650543213
48.624755859375	50.457441329956055
64.59837341308594	66.8283920288086
59.3778018951416	56.142757415771484
67.3050184249878	63.804264068603516
58.4899787902832	55.762046813964844
59.376874923706055	60.9213924407959
65.05138206481934	60.705461502075195
46.22693061828613	49.47042465209961
43.454795837402344	46.88821792602539
44.31714057922363	48.59292984008789
48.77975797653198	45.07772397994995
57.81341743469238	57.80635070800781
57.31351089477539	58.973445892333984
65.57012176513672	61.49183654785156
64.09630012512207	62.95210838317871
59.190185546875	62.053035736083984
56.537315368652344	53.757070541381836
67.38126373291016	51.944671630859375
54.83520030975342	53.93162822723389
42.311439514160156	46.049986839294434
41.52335023880005	44.37959384918213
41.07654094696045	40.320754051208496
53.721038818359375	56.609825134277344
55.24819040298462	49.503846645355225
42.882418632507324	44.36681270599365
46.79949188232422	49.16552925109863
62.511229515075684	59.48647499084473
59.93598937988281	48.72556686401367
58.0444393157959	55.444684982299805
59.314621925354004	60.71797847747803
68.96995544433594	68.64989471435547
57.618985176086426	55.10366916656494
61.40022659301758	61.85719299316406
49.17011833190918	54.26861000061035
56.64011192321777	56.638240814208984
56.156015396118164	51.90474033355713
57.03416919708252	53.38376522064209
64.43801021575928	53.70930337905884
47.480369567871094	48.35128211975098
47.077749729156494	52.588303089141846
58.09333896636963	59.66269397735596
59.04334831237793	55.35841941833496
60.421616554260254	57.3371000289917
50.5018835067749	53.62628412246704
52.42057228088379	53.99883842468262
44.09736156463623	49.77166175842285
57.88778305053711	59.40933609008789
38.140151500701904	43.366026878356934
57.62743377685547	59.96036338806152
46.08837127685547	43.943382263183594
59.81942939758301	56.61522674560547
51.55418395996094	51.515464782714844
50.268259048461914	52.55767250061035
41.22855186462402	44.00198936462402
51.10293531417847	51.84759187698364
50.45565748214722	52.93046712875366
51.96420669555664	53.6693959236145
59.52229022979736	59.37362861633301
56.90467643737793	56.695335388183594
52.51173973083496	50.95372200012207
47.17881774902344	52.38615417480469
51.510568141937256	54.183212757110596
55.37899971008301	58.79944324493408
65.75475311279297	60.40699768066406
56.697715759277344	62.24811553955078
44.25317859649658	48.700246810913086
59.81787872314453	61.99277114868164
58.424835205078125	55.81048393249512
41.090683937072754	44.7420072555542
53.319597244262695	51.698387145996094
51.51308822631836	52.00215148925781
47.5045166015625	50.521230697631836
50.28762245178223	40.554656982421875
65.45155334472656	64.73542785644531
53.48288154602051	51.415008544921875
56.250179290771484	53.297661781311035
41.773314476013184	44.120869636535645
49.0602445602417	53.91022205352783
44.276058197021484	46.55779266357422
69.3237476348877	62.89278602600098
52.75363063812256	53.4998459815979
56.3211669921875	53.740962982177734
64.39297580718994	63.804524421691895
64.91567802429199	46.35763645172119
48.08591365814209	50.02143430709839
51.06389236450195	52.84073543548584
54.50931930541992	63.03643798828125
48.64039421081543	46.53830623626709
66.91256618499756	63.13267993927002
53.046770095825195	56.530202865600586
59.356332778930664	60.47365951538086
52.52661895751953	53.86002731323242
65.70795392990112	62.15697526931763
54.92562961578369	55.36941146850586
70.93843936920166	70.48155975341797
51.50955581665039	55.34001922607422
52.99991798400879	56.03701972961426
56.313565254211426	57.282599449157715
55.35219383239746	58.126224517822266
50.54213809967041	51.83269500732422
61.692426681518555	60.2244987487793
51.82206058502197	60.17607021331787
57.484012603759766	61.437167167663574
51.182676792144775	39.47993230819702
42.86208248138428	45.790931224823
55.84738254547119	54.446868896484375
44.073482036590576	44.667237281799316
61.72364616394043	59.14801597595215
49.32455635070801	53.45709800720215
75.50678825378418	69.30855560302734
65.08587455749512	60.149728775024414
58.31640148162842	58.22621250152588
43.024911880493164	47.749948501586914
47.14766788482666	46.006760597229004
41.59882593154907	47.95495939254761
45.095126152038574	41.66938304901123
53.40273380279541	55.45950412750244
47.50125789642334	46.800201416015625
43.32324981689453	42.9658842086792
42.17463684082031	49.18993949890137
53.16900396347046	60.9165678024292
43.21292209625244	47.867491722106934
55.30492401123047	54.870330810546875
53.16739082336426	54.46157455444336
58.53675079345703	61.77459716796875
52.732688903808594	52.56137990951538
50.03378105163574	47.718512535095215
53.30554008483887	57.191452980041504
50.596755504608154	38.16218852996826
53.13338899612427	54.254562854766846
59.620216369628906	57.639862060546875
56.521162033081055	55.973716735839844
62.02327537536621	59.34868144989014
42.77253341674805	46.080562591552734
54.89048528671265	57.331706047058105
47.065086364746094	48.82580757141113
41.676109313964844	42.8464879989624
59.64662170410156	54.297542572021484
52.07822799682617	61.323699951171875
51.959455490112305	53.35403251647949
51.01126670837402	48.8994083404541
59.726755142211914	53.567081451416016
57.165374755859375	53.6535120010376
51.422258377075195	55.679603576660156
54.43157958984375	50.914363861083984
54.952606201171875	56.85970115661621
56.437106132507324	59.71925067901611
52.78439521789551	53.22408199310303
44.71761226654053	49.38124179840088
51.91474914550781	55.93078422546387
58.00690841674805	58.631815910339355
47.286787033081055	44.33891296386719
44.24296188354492	45.35328435897827
47.797035217285156	48.66844034194946
45.1943154335022	41.918128967285156
55.549224853515625	55.92440414428711
48.07975959777832	54.7738037109375
59.82120895385742	61.01465606689453
55.95021057128906	56.05800819396973
59.862712383270264	59.93462562561035
52.02624320983887	54.473384857177734
52.85807991027832	49.33607482910156
55.96414136886597	59.63290023803711
65.80513143539429	59.02832221984863
50.64034080505371	50.398990631103516
47.85275936126709	49.68611717224121
48.052024841308594	47.134955406188965
43.28514575958252	40.45071029663086
54.434428215026855	56.9629430770874
51.798086166381836	54.686923027038574
53.45697784423828	54.978546142578125
48.70799541473389	47.81046390533447
38.29777479171753	44.13468360900879
54.781785011291504	51.29786014556885
60.10993194580078	60.557796478271484
61.456807136535645	58.000306129455566
52.737173080444336	54.724313735961914
67.49869537353516	64.67174577713013
62.90174865722656	61.62853240966797
53.712989807128906	56.17292022705078
56.77984428405762	51.21345853805542
56.818267822265625	55.38461494445801
47.01771259307861	48.99256229400635
47.135775089263916	46.131516456604004
46.26841878890991	47.544105529785156
48.22160720825195	51.92165756225586
67.9482421875	65.9012222290039
48.259361267089844	53.18855285644531
52.890000343322754	50.76340675354004
52.05936813354492	52.68296241760254
49.2139368057251	55.19870662689209
53.52938938140869	52.571420192718506
45.09078025817871	49.17582035064697
49.89773941040039	54.65933418273926
47.23177242279053	51.564748764038086
48.06532382965088	55.96234321594238
60.1115608215332	58.670413970947266
49.931800365448	53.16060256958008
46.7157096862793	52.474788665771484
47.61180877685547	49.48248863220215
50.019883155822754	45.4236798286438
50.41795492172241	53.47443723678589
46.89345359802246	47.42506504058838
55.53583383560181	52.622055530548096
48.07723617553711	48.076921463012695
46.54423952102661	40.99132537841797
63.15860176086426	59.71304893493652
44.908172607421875	54.74853515625
56.61232566833496	54.15073585510254
60.396841049194336	56.548044204711914
52.55805015563965	51.19159698486328
39.184144020080566	48.741233825683594
44.66347694396973	46.378774642944336
61.54972457885742	60.070125579833984
49.10279941558838	48.86478662490845
58.41225814819336	59.856346130371094
63.38109016418457	56.47055149078369
45.340928077697754	45.37497425079346
49.692392349243164	49.04759883880615
44.42751216888428	45.08360767364502
46.703407287597656	49.91362953186035
71.22527503967285	64.59747219085693
59.84445381164551	56.27799034118652
58.6413459777832	57.1706485748291
58.61921310424805	63.571449279785156
51.16212844848633	50.363773345947266
69.15664672851562	66.08667755126953
50.92815399169922	54.59075927734375
45.131450176239014	44.39375972747803
49.54772758483887	50.753591537475586
39.42798137664795	46.16650104522705
46.870107650756836	47.78035640716553
51.208791732788086	52.57814025878906
47.62440490722656	45.48350429534912
41.10347080230713	41.57443618774414
64.42933654785156	65.47418212890625
47.450965881347656	46.572327613830566
56.30825757980347	50.572922229766846
50.173665046691895	54.15617609024048
53.63460874557495	54.731656551361084
51.14207172393799	56.71731948852539
54.142016887664795	57.2927131652832
56.08526802062988	57.41678810119629
48.81833028793335	52.99838924407959
55.46512413024902	58.89912986755371
57.30299758911133	60.2117805480957
54.813486099243164	51.23341941833496
50.02291488647461	50.96397399902344
50.96982955932617	52.09845542907715
50.26151418685913	54.003382205963135
54.15677833557129	52.93150520324707
46.90552616119385	40.318763256073
63.02959442138672	59.14504051208496
54.83316421508789	55.7319598197937
40.86217403411865	41.80208683013916
47.59358882904053	50.914411544799805
63.887603759765625	63.31277084350586
56.23521900177002	52.98348903656006
58.90000629425049	58.024685859680176
54.95754623413086	59.926605224609375
48.60025405883789	48.600311279296875
53.72456741333008	53.96343994140625
50.043439865112305	39.53286838531494
61.948843002319336	58.442487716674805
39.8685884475708	47.98753261566162
52.095909118652344	52.14492416381836
39.66592788696289	42.41671085357666
40.460692405700684	44.29199171066284
46.406766414642334	48.81013584136963
45.37345886230469	45.500946044921875
47.99951648712158	48.38262176513672
46.75468826293945	51.48767137527466
50.6141357421875	58.01964569091797
46.10426902770996	47.47902870178223
60.07537841796875	54.69440937042236
58.581703186035156	56.389949798583984
52.97335195541382	53.71700716018677
47.2139253616333	47.50813579559326
62.49940538406372	64.26413154602051
56.18803405761719	58.067832946777344
60.49177408218384	56.31504678726196
52.90270280838013	53.457298278808594
63.398597717285156	66.88467407226562
51.2735538482666	50.17030906677246
51.31421661376953	51.608741760253906
40.892311096191406	40.72659969329834
49.911251068115234	56.17671012878418
50.885924339294434	48.183926582336426
51.96841907501221	56.58086109161377
50.196866512298584	52.63770341873169
52.16024923324585	53.29316711425781
50.42924165725708	50.92837190628052
47.84724140167236	48.31611442565918
52.29527473449707	55.37036895751953
68.8801212310791	65.91951274871826
55.17575740814209	58.90052795410156
45.778255462646484	46.182565689086914
54.118905544281006	53.87793207168579
47.39995002746582	61.19603633880615
67.7821044921875	54.49726486206055
54.381752014160156	49.92539405822754
40.512681007385254	43.157410621643066
57.404818534851074	57.098623275756836
55.18200397491455	54.59820556640625
49.84366416931152	51.95950508117676
44.91613483428955	42.57841110229492
54.24918746948242	57.030582427978516
52.118202209472656	49.81673240661621
61.18202018737793	60.910600662231445
47.82996654510498	47.110114097595215
51.66555404663086	50.5924072265625
42.57461595535278	46.70340871810913
61.73238754272461	60.950440406799316
59.46023941040039	58.83039855957031
61.07732820510864	64.74632835388184
50.91376876831055	49.44551467895508
58.41261577606201	60.25752925872803
57.469072341918945	58.31950569152832
68.69879102706909	69.2646861076355
44.60590839385986	44.31412696838379
66.78828430175781	65.0406141281128
53.1833438873291	55.51059150695801
48.61015319824219	45.44983673095703
54.04208469390869	47.23963260650635
40.361127853393555	47.34506130218506
46.430702209472656	46.51031017303467
53.782883167266846	56.43607807159424
59.39589881896973	58.86049270629883
53.36442565917969	56.139060974121094
58.604018211364746	58.09298515319824
40.4978609085083	48.59058380126953
52.7164306640625	56.14734649658203
50.995421409606934	48.620195388793945
52.000335693359375	49.92918682098389
48.34503364562988	45.01187038421631
44.48875856399536	42.15662240982056
47.62358331680298	47.29553842544556
57.18644714355469	60.34663009643555
54.419556617736816	56.4974946975708
47.21693515777588	47.065598487854004
58.826276779174805	60.20400953292847
57.35893249511719	56.60646057128906
45.1010799407959	46.13814353942871
51.1012396812439	53.79489612579346
53.10556411743164	58.543813705444336
56.89412593841553	58.103379249572754
56.54267692565918	59.84382247924805
53.16856670379639	51.523038387298584
56.86019325256348	56.19982433319092
43.87604093551636	43.15685224533081
62.93334197998047	55.39472579956055
46.93108081817627	48.341989517211914
53.74859619140625	53.03199768066406
45.692955017089844	48.99659872055054
61.44775199890137	61.48234176635742
50.123586654663086	52.7388334274292
54.021806716918945	50.016655921936035
47.357120513916016	49.03894805908203
55.75855255126953	53.12033128738403
41.891798973083496	41.27877712249756
54.906890869140625	54.32579946517944
49.895416259765625	53.69510078430176
52.888522148132324	48.38233470916748
46.205403327941895	46.01121425628662
47.05081272125244	51.72821617126465
57.4300422668457	58.07061004638672
57.96208095550537	57.275309562683105
53.73623847961426	49.7121524810791
57.86252403259277	59.73300361633301
56.385772705078125	59.70249938964844
60.6588716506958	62.37956523895264
50.85838508605957	51.052717208862305
47.9862585067749	57.35833740234375
53.22246980667114	52.764525413513184
58.66135025024414	58.4630069732666
68.48278903961182	69.44028759002686
53.426029205322266	50.160353660583496
56.57583045959473	65.67268180847168
59.06340980529785	55.26979064941406
67.62967681884766	64.91941833496094
51.859344482421875	56.37613296508789
49.56671190261841	46.53848171234131
52.73744869232178	36.65093231201172
52.298980712890625	62.51835346221924
32.620322704315186	31.7438006401062
50.34921455383301	39.60328674316406
53.98011016845703	58.75226593017578
43.10067176818848	41.66370391845703
51.22004747390747	51.96722412109375
54.20929527282715	55.06158256530762
53.30477714538574	54.75096130371094
47.74246120452881	52.28743505477905
52.738054275512695	63.04804801940918
54.592180252075195	54.051218032836914
60.82135200500488	58.087257385253906
54.38579559326172	53.73579406738281
47.503695487976074	45.603426933288574
47.0167236328125	51.19619178771973
48.36430788040161	47.438332080841064
52.170756816864014	53.558165073394775
57.841970443725586	58.709778785705566
62.84653854370117	55.116241455078125
42.24187469482422	41.80359363555908
41.37491226196289	34.61548566818237
58.27836799621582	63.975770473480225
63.36496162414551	60.968231201171875
60.74177074432373	63.55577373504639
42.97152328491211	42.921692848205566
46.806461811065674	55.28288412094116
47.769378662109375	49.97027778625488
51.404704570770264	57.28400802612305
43.035640716552734	38.406784534454346
49.456358909606934	50.41138410568237
53.72527885437012	51.901588439941406
55.11815643310547	58.380088806152344
57.39280128479004	51.62152862548828
43.12216758728027	32.31232404708862
45.008116722106934	49.63996696472168
70.24085330963135	66.97318840026855
59.92175102233887	60.48476600646973
48.087849617004395	48.728628158569336
44.06495761871338	35.49551868438721
61.08798408508301	56.27687644958496
53.2405948638916	56.571688652038574
52.449668884277344	50.38527488708496
46.555986404418945	49.13374900817871
42.29054546356201	40.38373947143555
53.59228706359863	58.56038475036621
45.57106018066406	48.529991149902344
39.075515270233154	45.20834922790527
57.355539321899414	51.58868980407715
51.962294578552246	51.06292724609375
50.028347969055176	47.62289047241211
65.38841247558594	62.51296615600586
46.765499114990234	48.5845947265625
41.258331298828125	40.898345947265625
54.20642280578613	54.01878547668457
47.55341720581055	49.68469047546387
69.03482866287231	67.51925611495972
46.82749271392822	45.17520618438721
70.44914245605469	69.26270914077759
50.228339195251465	52.05566740036011
60.5499382019043	61.405029296875
36.613476276397705	40.33461093902588
51.13663673400879	59.346078872680664
43.785014152526855	47.528350830078125
49.09962844848633	50.037729263305664
52.32483100891113	50.31529426574707
52.81233358383179	53.19680166244507
53.80354309082031	54.95192337036133
64.99541473388672	65.65765380859375
50.46671390533447	50.763258934020996
53.48085880279541	54.967360496520996
56.06078910827637	52.15201473236084
49.40509271621704	49.56463575363159
52.388338565826416	51.612085819244385
49.52456474304199	51.64204216003418
54.5353569984436	58.40867328643799
58.15359401702881	59.1542911529541
67.28607177734375	59.453758239746094
54.264020919799805	54.849918365478516
70.91574811935425	68.66308736801147
64.9000768661499	63.13506317138672
37.704551219940186	40.66512107849121
54.6983642578125	54.32089805603027
58.84702110290527	53.51201581954956
56.368032455444336	57.803839683532715
49.32868957519531	47.00095176696777
75.27613544464111	70.71995639801025
59.595436096191406	60.438886642456055
62.384796142578125	57.11623191833496
50.97923469543457	52.57594299316406
51.74428939819336	50.635637283325195
52.484248638153076	54.53244638442993
67.96574592590332	66.49234771728516
40.87741184234619	34.70137882232666
53.14075469970703	64.95282554626465
59.56769847869873	56.03190994262695
50.643327713012695	51.5361213684082
60.051517486572266	59.63945770263672
55.726492404937744	57.58195209503174
51.62285614013672	52.777931213378906
59.51606750488281	59.78643798828125
40.21018981933594	40.392255783081055
50.343955993652344	48.77035331726074
49.043643951416016	49.61686134338379
54.124674797058105	37.8362774848938
54.5504674911499	49.70482921600342
47.726683616638184	49.28352355957031
44.644795417785645	50.055192947387695
56.472046852111816	55.73728036880493
56.55776309967041	53.763787269592285
55.11393642425537	54.459837913513184
55.91560935974121	55.29754829406738
53.70324897766113	57.35810852050781
51.41867017745972	51.012866497039795
48.26867866516113	54.62165451049805
62.9833402633667	64.4484486579895
46.98779582977295	46.15203380584717
59.55770301818848	43.630866050720215
67.95176696777344	70.34822273254395
68.87160968780518	66.57013511657715
62.29776382446289	59.094337463378906
48.455148696899414	51.92669677734375
59.8394136428833	59.33068370819092
60.59886932373047	60.77688789367676
47.53963613510132	45.06432247161865
60.108381271362305	59.56014060974121
66.09322834014893	63.84611415863037
57.47336483001709	53.897555351257324
53.34357404708862	50.837708950042725
55.84431266784668	38.45072078704834
61.29616355895996	60.17514610290527
55.387725830078125	56.55351257324219
44.13304281234741	44.646382331848145
45.92978620529175	46.554800510406494
56.28577995300293	55.350894927978516
55.493568420410156	45.073302268981934
56.32995414733887	60.91983890533447
66.47972869873047	69.16057586669922
70.32401275634766	70.2177963256836
51.322364807128906	51.571449279785156
62.61760139465332	68.43798637390137
61.74170684814453	64.08376979827881
49.15997362136841	50.58615779876709
52.12019348144531	51.67473793029785
53.6338677406311	53.15700101852417
63.14132881164551	65.41191673278809
61.07215118408203	57.74972152709961
50.027509689331055	49.2491512298584
51.41578674316406	53.624446868896484
58.67564010620117	66.06425476074219
57.23589897155762	51.859965324401855
49.35831928253174	50.40418100357056
47.3622522354126	55.65133094787598
54.506224155426025	56.28610801696777
63.62595558166504	61.84895896911621
52.01804304122925	49.19083547592163
45.25390625	53.32730770111084
55.28458595275879	56.090707778930664
59.55805206298828	56.57631492614746
41.90776062011719	45.54953384399414
41.269965171813965	41.240830421447754
53.108238220214844	56.893805503845215
59.544342041015625	63.11386489868164
51.15904140472412	49.022637367248535
57.41957092285156	56.64824676513672
59.46638107299805	58.14421844482422
48.45409870147705	48.74082088470459
49.812599658966064	44.060248374938965
67.08317565917969	69.41560363769531
43.513278007507324	45.128417015075684
48.01753091812134	56.0013952255249
50.639892578125	50.71913146972656
53.496952056884766	60.032094955444336
39.28867816925049	40.30804634094238
57.19644546508789	59.86249923706055
58.83656358718872	61.969465255737305
52.789011001586914	54.01288032531738
55.089345932006836	56.37593078613281
45.680405616760254	46.491122245788574
49.663025856018066	49.313461780548096
47.07142925262451	46.643649101257324
68.87947845458984	70.56371307373047
49.51447105407715	49.80813217163086
46.89505863189697	44.56904125213623
55.90214395523071	54.47563934326172
58.31954383850098	58.3934268951416
49.03164482116699	46.13784885406494
58.33357810974121	58.696189880371094
51.20229148864746	52.17074775695801
50.640578269958496	61.10691261291504
48.62168788909912	46.03208065032959
40.750794410705566	42.47358798980713
45.213990211486816	47.358710289001465
69.18362617492676	69.8428201675415
62.373597145080566	57.12772274017334
66.31279277801514	63.06417369842529
64.82454776763916	63.76492404937744
58.337523460388184	56.28426551818848
50.058563232421875	54.31746482849121
42.63381004333496	45.37724494934082
48.29488277435303	46.50364875793457
43.03980827331543	47.81302452087402
57.41154098510742	59.686753273010254
45.01594066619873	46.628780364990234
50.33881187438965	50.38264274597168
59.97034454345703	61.28212356567383
73.36969184875488	70.33563995361328
54.55257797241211	49.34758186340332
62.28980255126953	57.07415056228638
49.199026107788086	49.292409896850586
55.85544729232788	52.61380100250244
43.96270751953125	46.78853988647461
51.6804084777832	49.83774375915527
48.97923946380615	48.619041442871094
60.399627685546875	59.49217987060547
73.38650035858154	66.71869611740112
51.2687873840332	51.74904823303223
55.67361259460449	43.91249942779541
44.078431129455566	43.5086727142334
49.58810234069824	48.54899597167969
48.19432258605957	53.03641319274902
51.00461769104004	54.69682502746582
66.06412506103516	64.92986297607422
45.01526594161987	47.822786808013916
46.22694110870361	53.708805084228516
58.7775936126709	56.00970268249512
56.86296844482422	53.80912399291992
46.00015926361084	50.12754821777344
43.38314151763916	40.162413597106934
64.98822784423828	58.81309509277344
37.582640647888184	41.1945104598999
50.989224433898926	50.846510887145996
42.81390047073364	40.97693586349487
50.99069023132324	50.51596641540527
42.71382236480713	49.45668983459473
55.27914619445801	55.13462448120117
58.29641532897949	58.33070182800293
62.85870838165283	65.94837856292725
34.011924266815186	25.031657218933105
54.27648067474365	54.39108371734619
65.22602844238281	63.026336669921875
47.33276081085205	47.767066955566406
45.3026008605957	43.12787055969238
48.56205940246582	50.073814392089844
62.645912170410156	60.41939163208008
61.72984313964844	61.61541748046875
49.579782485961914	49.99851036071777
60.14153480529785	61.704678535461426
49.474016189575195	47.005494117736816
45.81341743469238	44.66808319091797
64.85746765136719	61.048770904541016
60.97253608703613	61.985246658325195
40.69933891296387	41.483845710754395
78.88974905014038	70.4559097290039
51.08688831329346	53.68033409118652
50.81933069229126	47.14482402801514
53.58869647979736	59.6789493560791
60.23838138580322	60.81412220001221
57.686126708984375	60.08032035827637
47.0363712310791	49.91771697998047
57.509013175964355	61.29116916656494
62.672624588012695	62.54843330383301
57.411240577697754	54.89471101760864
53.63089370727539	55.63116645812988
51.218828201293945	50.8765811920166
61.89695358276367	62.18079376220703
57.94326210021973	60.054250717163086
55.84780168533325	54.68089485168457
67.54008293151855	63.6705207824707
58.52935791015625	60.44337844848633
51.364845275878906	57.373504638671875
41.256378173828125	42.376280307769775
59.48680114746094	63.21704864501953
48.646018981933594	48.454959869384766
47.25132942199707	50.40143013000488
44.600624084472656	46.00711727142334
49.14652061462402	48.50332832336426
43.34617614746094	43.00045967102051
44.55424404144287	49.50194549560547
56.60458946228027	57.56385612487793
63.020851135253906	62.67873764038086
53.54215669631958	47.81337070465088
51.23598575592041	39.59007978439331
61.190659523010254	62.44325828552246
55.49897050857544	57.093329429626465
57.72206497192383	61.20872497558594
47.20099925994873	49.77254676818848
48.07212829589844	39.63047742843628
54.0717887878418	53.791391372680664
56.96915817260742	52.78025817871094
58.59668827056885	57.78766441345215
50.20480155944824	53.800432205200195
53.92276954650879	54.58166313171387
43.11195373535156	47.44503974914551
55.16070556640625	54.02687072753906
53.916603088378906	57.77229690551758
55.11103105545044	47.19233179092407
56.048739433288574	59.5849084854126
62.70609664916992	60.860015869140625
46.600111961364746	52.95480012893677
63.8250617980957	56.29092979431152
46.1568546295166	47.232351303100586
42.305163860321045	47.742995262145996
57.43605995178223	64.41955375671387
65.7593355178833	65.27270221710205
42.64338684082031	51.95284080505371
54.6224250793457	51.96237087249756
50.84596824645996	51.91564750671387
56.4246883392334	53.54340934753418
52.32147216796875	46.6757869720459
43.670016288757324	44.83649826049805
61.62160110473633	60.69449996948242
57.78755760192871	61.928086280822754
49.96866989135742	51.760236740112305
55.18666696548462	52.193077087402344
42.92611598968506	44.7194709777832
59.11773681640625	58.888468742370605
53.249656677246094	55.543941497802734
62.8860387802124	50.460814476013184
48.98140525817871	47.84566783905029
61.19901084899902	59.49074745178223
36.90843200683594	45.04940414428711
47.42138910293579	51.90223264694214
56.266902923583984	60.80402183532715
66.47206211090088	66.0673999786377
50.56353044509888	49.78695726394653
54.90113830566406	56.756675720214844
58.2322473526001	58.045867919921875
52.15511512756348	50.69442558288574
58.609113693237305	61.05812644958496
51.87428283691406	52.361698150634766
48.77718448638916	49.970566272735596
56.60470676422119	59.644195556640625
60.408058166503906	56.668975830078125
56.147419929504395	57.95484447479248
61.07490348815918	57.76742362976074
52.20728635787964	48.02539825439453
66.48187208175659	62.23172950744629
60.72229766845703	61.434603691101074
57.12739562988281	57.97193431854248
55.286537170410156	56.267616271972656
53.09319448471069	53.939902782440186
42.72054719924927	41.67742919921875
48.05768394470215	52.56491661071777
53.528818130493164	53.27391242980957
57.58348083496094	50.45465612411499
57.274457931518555	64.01079368591309
51.10993766784668	54.281667709350586
51.84051275253296	54.968989849090576
60.73421573638916	59.8104887008667
60.62394428253174	59.16964530944824
42.686917304992676	49.18136215209961
48.20783615112305	51.77328872680664
50.0759859085083	49.68108367919922
36.889302253723145	45.207680225372314
54.40778732299805	51.13292217254639
54.45706367492676	54.85592842102051
46.9759464263916	53.753652572631836
59.66040802001953	61.477272033691406
59.455644607543945	53.34185600280762
55.32014465332031	59.052072525024414
51.59008264541626	50.89358472824097
60.53240203857422	61.12343788146973
52.29291582107544	55.79318284988403
43.36902141571045	42.06242084503174
60.13774871826172	56.07460021972656
44.598984718322754	47.35874652862549
48.51302623748779	51.303510665893555
65.91666889190674	56.09954833984375
46.17528533935547	43.8123893737793
49.587388038635254	50.43640613555908
59.889381408691406	59.95069885253906
45.50899887084961	46.04887676239014
50.657405853271484	51.60178184509277
60.77734565734863	57.2473783493042
51.61278247833252	50.203622817993164
59.51690483093262	58.80033874511719
50.96083164215088	52.22165584564209
57.15754318237305	55.01742935180664
59.655818939208984	53.53849983215332
42.447898864746094	44.19888782501221
60.11600875854492	62.19482421875
48.66550254821777	51.88554382324219
55.789050579071045	56.480204582214355
47.67828369140625	49.56682777404785
51.5364933013916	54.15658473968506
54.13079071044922	58.201988220214844
62.24704170227051	65.76149082183838
54.69425916671753	59.77228260040283
65.57250881195068	61.415363788604736
55.171640396118164	56.91339111328125
44.019630432128906	45.399993896484375
48.73219871520996	52.892412185668945
41.05453968048096	33.83161544799805
51.76370429992676	49.13652992248535
39.154205322265625	36.41795635223389
47.622193336486816	48.16278076171875
54.42832851409912	58.4381799697876
65.49385786056519	58.91996955871582
42.32004642486572	44.10865783691406
62.63353157043457	61.602962493896484
61.06553649902344	57.31005668640137
49.4695930480957	47.619378089904785
63.105804443359375	61.25048065185547
44.32537031173706	46.972723960876465
49.35444402694702	55.79959154129028
45.014522552490234	46.10054397583008
69.93641662597656	66.29219055175781
66.87824249267578	66.48507118225098
41.450294494628906	45.768943786621094
64.93995666503906	64.38592529296875
41.131510734558105	48.94347381591797
60.482683181762695	56.779489517211914
42.53152084350586	46.05574893951416
55.675180435180664	53.01719856262207
58.602829933166504	55.38317012786865
56.603891372680664	56.57709503173828
52.55188179016113	40.61157703399658
68.83787536621094	58.48607635498047
44.236626625061035	45.560317039489746
48.867502212524414	50.65643310546875
50.70918846130371	54.74572563171387
45.7891845703125	50.97201347351074
43.80392551422119	43.004255294799805
48.95935821533203	51.82835245132446
51.440185546875	51.70437812805176
57.92522621154785	59.421546936035156
51.62460708618164	47.909507751464844
56.60670280456543	61.27297115325928
58.98928642272949	54.313791275024414
69.45678520202637	67.70290946960449
54.00130271911621	47.971062660217285
66.52538299560547	67.07396697998047
53.755348205566406	52.38035774230957
44.33167362213135	47.89583873748779
44.29471015930176	43.50615978240967
47.24962520599365	47.22548961639404
60.48177909851074	56.26805305480957
51.41561031341553	55.42068958282471
52.30570650100708	51.25733804702759
49.21247148513794	49.35491132736206
47.408108711242676	44.57844257354736
52.76341390609741	57.5148811340332
56.855289459228516	50.07118034362793
66.93849086761475	61.57270908355713
52.20677375793457	54.75407600402832
60.05607604980469	58.79714584350586
54.1710319519043	56.04018020629883
68.3698959350586	66.90522289276123
49.29908227920532	47.93524932861328
60.93210983276367	62.003299713134766
65.03927898406982	63.36026859283447
48.116698265075684	49.375648498535156
44.93316173553467	42.94808387756348
55.93733835220337	56.27610111236572
40.797691345214844	45.779099464416504
49.50595664978027	51.43645477294922
57.24595069885254	55.23948669433594
50.136823654174805	48.61176109313965
56.05000114440918	58.43600368499756
43.161746978759766	47.43856716156006
49.209723472595215	47.10015296936035
52.838510513305664	55.59554672241211
72.696533203125	69.21734809875488
57.599589347839355	54.24853467941284
56.81480598449707	61.70657157897949
64.15445232391357	57.44521999359131
45.471795082092285	50.744232177734375
37.576927185058594	37.70730972290039
51.860755920410156	51.42853546142578
45.662715911865234	47.27622127532959
67.2995777130127	66.15688133239746
45.4103479385376	46.65285015106201
54.0384578704834	57.11348533630371
50.811384201049805	47.579936027526855
41.68806552886963	45.66170692443848
54.86397743225098	45.438904762268066
48.000823974609375	47.827308654785156
55.53384780883789	54.84110498428345
35.892436504364014	40.417938232421875
50.244550704956055	52.741456031799316
66.99071502685547	66.6137752532959
51.33880853652954	51.486138343811035
57.25102615356445	54.22141456604004
56.91237449645996	56.95305824279785
57.49087142944336	56.32674980163574
50.46762466430664	56.96505546569824
58.99372673034668	56.05733108520508
34.21788454055786	38.695785999298096
56.906002044677734	47.403645038604736
59.09207344055176	55.236648082733154
52.382497787475586	54.30386924743652
52.2283616065979	51.35415267944336
57.915510177612305	60.16450881958008
54.564064025878906	55.30693817138672
51.780229568481445	51.40877723693848
52.780734062194824	56.91061496734619
62.667856216430664	62.51543998718262
50.79089641571045	49.495849609375
51.25938320159912	51.82479286193848
48.61598491668701	49.70316410064697
50.6099271774292	52.552146911621094
55.27298927307129	56.558918952941895
55.25387477874756	48.94014883041382
41.30074501037598	50.03931999206543
47.03240966796875	51.271148681640625
41.52320861816406	37.89719820022583
51.66830539703369	59.009127616882324
48.221282958984375	46.607890129089355
44.63221073150635	45.70895195007324
54.47017478942871	59.39747428894043
64.66836261749268	60.694580078125
51.68938064575195	52.11981010437012
60.957783699035645	62.94473838806152
59.80251693725586	57.994364738464355
44.20910835266113	47.53030300140381
69.39436531066895	64.32848167419434
42.16829824447632	39.070663928985596
54.921630859375	55.08714199066162
60.01109981536865	58.53523826599121
60.467652320861816	56.72093105316162
49.675283432006836	49.57283973693848
54.997724533081055	59.43097114562988
50.00972557067871	49.96231269836426
44.02956962585449	44.09693717956543
57.98716163635254	56.80314922332764
66.46888160705566	63.847801208496094
54.37689781188965	57.12268352508545
41.90373420715332	40.27903079986572
46.72337532043457	52.92297840118408
55.502845764160156	54.964231967926025
54.318294525146484	55.90678596496582
45.11042594909668	45.21792411804199
47.59937381744385	51.52976417541504
58.341413497924805	62.121042251586914
61.28931427001953	56.97014808654785
53.81836462020874	54.09890842437744
54.631587982177734	57.68227958679199
51.58161115646362	55.39203214645386
52.209542751312256	51.08065176010132
50.42998695373535	55.41939353942871
56.87742805480957	58.33276176452637
45.990986824035645	47.28542232513428
76.29222106933594	71.66226053237915
47.143282890319824	48.03887367248535
56.472086906433105	58.27731513977051
54.87691354751587	53.26041793823242
62.63803482055664	64.47488403320312
68.16840934753418	58.37905311584473
48.02431297302246	52.16796684265137
45.44482231140137	35.834457874298096
51.699485778808594	50.91112518310547
49.38556480407715	51.92826461791992
54.64629936218262	54.8822078704834
70.50954580307007	69.60832786560059
54.38441848754883	53.59637260437012
60.237470626831055	62.592201232910156
57.57603740692139	61.73931694030762
54.73695945739746	53.24443817138672
61.28917694091797	61.417083740234375
49.195388317108154	50.75581455230713
46.64854431152344	48.24327278137207
58.286354064941406	58.465189933776855
54.2160701751709	53.617910385131836
51.21939659118652	49.0238094329834
57.92225360870361	54.8854284286499
57.952476501464844	60.67027282714844
50.58573913574219	50.89261245727539
54.785173416137695	53.840572357177734
74.21307563781738	67.24925422668457
47.96431875228882	50.70621728897095
59.14067459106445	55.44745635986328
66.02354431152344	66.12274169921875
55.024653911590576	56.8917760848999
59.87011528015137	58.44934272766113
55.45425796508789	57.83116149902344
46.44277095794678	48.32641410827637
60.5022087097168	59.97642517089844
56.01535415649414	51.705936431884766
56.93167018890381	56.66297245025635
53.02912712097168	50.802550315856934
52.331725120544434	50.757553577423096
48.348506450653076	59.93423557281494
50.66544532775879	49.181532859802246
48.82468223571777	51.36929512023926
56.37266159057617	60.492637634277344
51.80383253097534	51.578720569610596
62.57536697387695	65.55667877197266
51.47493553161621	50.9183464050293
48.91026496887207	50.285019874572754
57.06982421875	57.75740051269531
56.0259952545166	57.080525398254395
53.11300849914551	51.39460372924805
51.94924306869507	51.00654458999634
53.54615879058838	42.920618534088135
46.432204246520996	50.770745277404785
56.061997413635254	57.860830307006836
50.46389579772949	50.71386909484863
48.28120517730713	50.60286045074463
46.421974182128906	46.02838897705078
49.42829704284668	50.48724174499512
45.26180362701416	49.241140365600586
50.77600955963135	48.94087791442871
51.72517204284668	44.04488468170166
44.901156425476074	43.74460697174072
57.865962982177734	61.47451400756836
46.50267028808594	42.82366943359375
67.94213104248047	64.36852264404297
70.28116607666016	71.45257568359375
79.2365255355835	76.91028594970703
43.924086570739746	34.208876609802246
52.923407554626465	55.52445840835571
45.053678035736084	41.17048501968384
