46.398582458496094	42.744056701660156
27.38744354248047	28.64536476135254
35.032127380371094	38.33389377593994
33.856003284454346	29.727749824523926
34.28057098388672	37.784332275390625
39.72741365432739	37.691428661346436
41.818450927734375	37.50088405609131
36.22064208984375	34.92414474487305
21.898926258087158	19.76250457763672
40.67338418960571	36.883360862731934
42.61584281921387	37.858147621154785
32.80777072906494	30.809712409973145
36.417609214782715	38.2798547744751
35.77124834060669	38.778090476989746
36.628990173339844	35.289084911346436
45.1344108581543	43.609371185302734
38.803653717041016	36.73635959625244
33.51240634918213	35.29726505279541
44.766737937927246	41.65018558502197
29.71073055267334	26.93035125732422
39.795387268066406	40.661895751953125
28.919780731201172	28.233322143554688
30.242671966552734	27.96203327178955
34.97004985809326	32.62351989746094
26.0595645904541	28.104878425598145
31.580768585205078	31.13897705078125
31.26375961303711	30.722925186157227
27.403939247131348	28.1405611038208
32.602603912353516	33.15260410308838
24.97921657562256	27.286394119262695
40.93711853027344	38.03126525878906
33.37901592254639	34.056854248046875
44.168792724609375	45.295546531677246
37.33952283859253	38.568501472473145
39.62933349609375	41.61140441894531
41.95636749267578	44.40929079055786
40.52319526672363	39.212703704833984
41.014625549316406	43.424842834472656
30.216880798339844	29.423433303833008
37.72047519683838	35.582435131073
38.14558029174805	35.8173713684082
22.274192333221436	25.152420043945312
28.910083770751953	26.801198959350586
42.25193405151367	39.15309143066406
44.10506820678711	42.3557243347168
33.79244613647461	35.057342529296875
34.68975067138672	29.32468032836914
38.058533668518066	38.23996305465698
32.845115661621094	32.627440452575684
31.97538185119629	35.0527868270874
38.008575439453125	38.68229627609253
46.637107849121094	43.308326721191406
33.10105895996094	31.947601318359375
34.194923400878906	32.400306701660156
26.419670581817627	29.508471488952637
34.237074851989746	36.15846920013428
40.60418128967285	37.77832746505737
37.90688753128052	39.331676959991455
43.975544929504395	45.165504455566406
29.55336856842041	26.00181770324707
49.90653991699219	49.388723373413086
33.5079460144043	33.475006103515625
39.43836975097656	34.83647155761719
26.430313110351562	26.961098670959473
40.60481929779053	41.68995952606201
27.57718276977539	30.730090141296387
32.3636474609375	30.287832260131836
39.08397674560547	35.18949508666992
30.319340229034424	29.0203595161438
36.321510314941406	41.07601547241211
30.74677085876465	24.822813034057617
38.35810899734497	34.258809089660645
32.605751037597656	29.200592041015625
36.40882873535156	37.43193817138672
24.105969429016113	24.417895317077637
26.136677742004395	30.71041774749756
48.22409248352051	42.97628116607666
31.715850830078125	30.856891632080078
36.18969678878784	35.427608489990234
30.46853542327881	29.21894931793213
42.148404598236084	41.83328723907471
35.400002002716064	37.624473571777344
43.704917907714844	43.814812660217285
33.43775510787964	35.06208896636963
38.7286376953125	37.2277946472168
38.48078155517578	38.18328857421875
31.217817306518555	31.190031051635742
34.948974609375	36.410865783691406
23.222275257110596	24.951427459716797
30.28340721130371	28.196744918823242
39.482738971710205	42.4664306640625
36.056249141693115	41.89498472213745
41.50043869018555	40.595890045166016
40.855738162994385	39.72855281829834
45.174593925476074	37.82132434844971
30.204903602600098	25.583544731140137
23.711219787597656	25.653496742248535
39.57469940185547	36.980438232421875
37.20044803619385	36.38788318634033
32.87509059906006	27.91167640686035
34.45115327835083	34.188170433044434
27.66251850128174	26.659581184387207
26.902347564697266	25.48293685913086
33.15332889556885	33.3232307434082
27.545170783996582	27.171046257019043
29.526443481445312	32.74027347564697
44.5057897567749	40.56113147735596
19.933095932006836	22.366031169891357
35.4832649230957	35.61416530609131
36.32066631317139	31.004642486572266
37.69530487060547	37.31060314178467
33.9538836479187	30.870492458343506
31.636890411376953	31.09002685546875
26.917621612548828	27.980392456054688
44.89520311355591	44.62650537490845
26.948664665222168	27.977288246154785
32.233890533447266	27.910703659057617
27.707326889038086	28.67510986328125
42.1263313293457	34.68183135986328
41.49583911895752	37.20749759674072
28.77492904663086	29.172748565673828
34.07423400878906	34.19828796386719
32.94707489013672	37.61907958984375
27.61285972595215	30.905651092529297
43.34098148345947	44.009310722351074
47.00124263763428	43.14472198486328
40.02818012237549	40.30670928955078
32.26571559906006	27.11615753173828
42.57618999481201	42.414015769958496
45.235023498535156	44.34218406677246
28.727092742919922	28.620363235473633
27.841712951660156	26.68758773803711
31.32166290283203	27.659217834472656
22.867931365966797	25.549148559570312
34.50329542160034	35.301270484924316
46.21622371673584	46.43550968170166
37.40805149078369	37.94024705886841
31.66022777557373	31.913776397705078
29.090560913085938	29.808557510375977
38.52536487579346	35.198089599609375
29.11743450164795	26.559185028076172
35.154964447021484	36.5701789855957
32.46973419189453	26.735877990722656
46.7978401184082	43.715867042541504
45.00864505767822	40.827980041503906
30.103614807128906	28.906834602355957
38.13529968261719	38.008010387420654
57.355231285095215	54.17190408706665
44.107852935791016	43.07859420776367
28.825209140777588	32.176480293273926
33.981590270996094	34.52889633178711
30.257019996643066	28.578600883483887
27.589885711669922	27.694024085998535
38.23329210281372	37.79530048370361
38.9677619934082	41.10307693481445
44.243788719177246	43.50264549255371
28.411823272705078	28.708434104919434
28.60088539123535	25.628950119018555
43.76653289794922	43.65667247772217
31.28850555419922	29.61189842224121
35.12218952178955	31.556957244873047
29.996787071228027	30.913172721862793
27.0954532623291	29.665531158447266
30.47287368774414	31.017086029052734
51.538930892944336	50.61779594421387
41.80511474609375	42.12912368774414
44.207923889160156	42.895713806152344
37.732505798339844	34.79619216918945
40.174370765686035	38.51140546798706
35.186429023742676	35.92697858810425
39.44529342651367	38.398651123046875
33.77365779876709	30.98617172241211
38.209547996520996	40.57724952697754
26.79854965209961	25.672568321228027
34.88536834716797	33.090548515319824
27.23733901977539	32.31587886810303
40.94834804534912	33.956711292266846
41.08463525772095	39.53000020980835
27.17025375366211	27.79819679260254
25.479108810424805	25.806135177612305
34.02768611907959	37.02511548995972
32.751808166503906	31.35062599182129
31.46564245223999	31.21182918548584
41.6348991394043	42.20677947998047
39.75950241088867	35.37380599975586
32.362239837646484	31.160137176513672
33.5392541885376	32.09967041015625
34.839134216308594	34.949538707733154
28.68760585784912	29.255764961242676
36.667396545410156	40.168277740478516
33.328590393066406	31.577571868896484
29.552959442138672	31.198745727539062
50.202765464782715	43.40935707092285
31.699891090393066	28.19997787475586
32.81316089630127	31.05813217163086
38.89345169067383	37.17543125152588
20.425037384033203	21.074214935302734
35.867462158203125	35.57044267654419
43.02131652832031	45.705976486206055
33.331172466278076	36.878769397735596
28.38115930557251	25.802247524261475
30.253621101379395	26.788269996643066
31.281256675720215	32.90722608566284
43.11514854431152	42.32576847076416
41.444146156311035	41.243202209472656
39.46288347244263	36.362125873565674
41.55284786224365	41.53319835662842
43.801002502441406	41.645562171936035
42.18599224090576	42.144999980926514
27.761730194091797	25.268122673034668
14.405330657958984	20.74909257888794
32.63405227661133	34.04131317138672
43.597981452941895	40.93392848968506
27.15878963470459	26.647730827331543
34.63413953781128	34.20230150222778
39.91774368286133	37.93433380126953
23.846960067749023	25.004220008850098
40.26534080505371	41.699514389038086
37.31794738769531	36.474021911621094
33.59320402145386	36.248459815979004
31.32270336151123	34.37952518463135
31.144761085510254	33.20146179199219
31.619264602661133	32.94939136505127
36.264068603515625	37.1195068359375
49.356407165527344	45.47935104370117
32.86656141281128	33.170485496520996
31.63611888885498	29.369696617126465
34.61182117462158	32.00595140457153
39.183929443359375	38.45962429046631
41.800293922424316	41.668944358825684
42.15631103515625	37.659423828125
31.11116600036621	31.014892578125
27.457820892333984	24.774484634399414
31.38577699661255	35.33919095993042
33.35097885131836	34.01398468017578
36.12768888473511	35.143609046936035
36.08903503417969	37.36109924316406
44.5695161819458	46.24039363861084
45.091315269470215	43.70694637298584
41.92609786987305	42.879204750061035
33.294586181640625	34.58039855957031
46.03166103363037	44.86913204193115
39.90860462188721	40.917158126831055
33.727314472198486	36.18191480636597
30.017014503479004	28.093594551086426
37.70094966888428	33.0608024597168
48.72502326965332	45.502129554748535
35.12925720214844	32.2195930480957
39.1651496887207	38.224273681640625
43.13675403594971	42.34058380126953
33.3823356628418	33.5695915222168
48.27153396606445	45.82503604888916
39.35610294342041	43.56353759765625
33.49507141113281	37.136916160583496
34.09800624847412	37.17574596405029
45.32099914550781	43.9630241394043
51.708303451538086	52.51845932006836
39.139617919921875	36.6270751953125
34.87276554107666	32.11740016937256
31.687722206115723	31.489195823669434
40.31011962890625	38.63811206817627
33.80152988433838	35.920701026916504
39.880425453186035	40.02960205078125
29.00389862060547	28.892623901367188
34.454776763916016	36.95523452758789
39.37364959716797	40.194419860839844
32.795555114746094	29.722118377685547
25.514144897460938	28.052175521850586
33.66518497467041	34.05853986740112
36.10200500488281	33.25019073486328
43.6757698059082	45.51251220703125
33.46648120880127	33.719040870666504
28.830081939697266	29.98363208770752
36.728675842285156	31.581729888916016
34.816650390625	33.975830078125
28.25247573852539	26.371707916259766
37.425923347473145	36.447815895080566
46.34135055541992	40.57745361328125
43.30948734283447	42.104493141174316
28.660852432250977	28.012435913085938
27.951679229736328	27.522974014282227
49.2085599899292	47.25264549255371
31.260887145996094	33.571441650390625
52.548316955566406	49.94815635681152
35.364298820495605	38.76796007156372
43.722596168518066	46.985389709472656
34.686408042907715	33.281683921813965
29.441547393798828	28.42160415649414
31.827388763427734	30.567203521728516
30.658870697021484	31.0275821685791
34.67974090576172	31.385967254638672
35.39486646652222	36.01332426071167
20.304119110107422	20.86177396774292
28.008264541625977	32.19107151031494
40.331790924072266	38.90161466598511
43.23879623413086	37.43003463745117
24.21833324432373	25.69973373413086
50.59539031982422	46.79902267456055
35.117340087890625	34.489586353302
39.011173248291016	38.357177734375
35.76339244842529	36.590378284454346
28.62913703918457	27.31993865966797
31.044865608215332	30.051867485046387
35.28460741043091	32.474093437194824
50.48807144165039	46.72909069061279
38.6474084854126	39.45624589920044
39.28203582763672	34.34653854370117
39.17131805419922	43.280982971191406
32.072150230407715	32.85682010650635
36.49685621261597	31.280722618103027
25.773537158966064	24.973530769348145
30.755409240722656	30.695817947387695
25.982565879821777	26.056111335754395
35.0612211227417	36.15772247314453
40.68470478057861	38.95712375640869
31.584935188293457	31.01821231842041
31.306300163269043	28.766592979431152
37.06262969970703	33.31812286376953
30.333075523376465	32.79588222503662
27.08425998687744	25.784317016601562
29.834799766540527	31.971700191497803
37.30895519256592	33.10636043548584
25.155823230743408	25.378270149230957
35.52788496017456	33.06434154510498
37.82017946243286	38.09326887130737
33.11102294921875	33.389678955078125
39.57076549530029	39.398536682128906
37.61739253997803	36.94565296173096
36.47782802581787	31.2048282623291
32.88408660888672	36.8311767578125
27.52730083465576	29.472928047180176
40.67207336425781	37.394587993621826
33.90148162841797	35.60413837432861
35.90095138549805	34.946167945861816
32.695698738098145	33.378573417663574
37.19050216674805	38.811248779296875
28.078042030334473	27.263903617858887
23.838117122650146	27.057557106018066
35.74535369873047	32.9931116104126
24.106879234313965	26.990761756896973
38.94173526763916	40.73177719116211
24.42304229736328	27.925206184387207
33.65899324417114	34.124131202697754
42.31997013092041	38.29350709915161
31.872167587280273	28.991482257843018
23.34722328186035	19.406102657318115
35.14129638671875	37.50187397003174
34.59233474731445	37.95646286010742
35.36960458755493	38.746360778808594
33.69357347488403	34.36316251754761
27.014619827270508	26.8247709274292
29.10686492919922	30.283878326416016
45.142398834228516	39.7877311706543
34.84941005706787	36.351609230041504
34.58763599395752	34.934128761291504
27.96192455291748	31.789363861083984
31.65040683746338	29.32715606689453
38.710636138916016	38.94705581665039
30.50324249267578	29.899585723876953
34.790648460388184	34.11704349517822
42.97610092163086	43.31621551513672
44.58691120147705	42.279616355895996
26.973560333251953	28.436626434326172
38.6980938911438	37.31044292449951
27.438091278076172	24.461359977722168
32.656890869140625	33.53638458251953
25.729228973388672	29.932300567626953
28.15260601043701	28.904608726501465
29.189552307128906	30.011098861694336
24.49053955078125	26.35828399658203
24.404708862304688	30.549562454223633
41.445533752441406	38.13560485839844
41.37237548828125	37.09998369216919
41.43388271331787	39.10034894943237
32.22823715209961	31.35530662536621
31.000125408172607	30.246455669403076
28.562092781066895	35.269935131073
28.431455612182617	30.80567169189453
44.68204736709595	46.64323377609253
35.475975036621094	36.263031005859375
28.388797760009766	28.632566452026367
37.218257904052734	35.86738967895508
33.81938552856445	37.08359146118164
28.829100608825684	26.198970794677734
28.19478988647461	31.38155460357666
34.44417476654053	34.76118564605713
37.80223846435547	35.59779453277588
28.006319046020508	29.747591972351074
40.32937240600586	40.60913848876953
31.384955406188965	29.77163314819336
45.12326717376709	40.449934005737305
40.56514835357666	42.57902526855469
29.829609394073486	25.722384452819824
42.75391674041748	41.18070316314697
44.85795593261719	45.633254051208496
35.470252990722656	34.87629699707031
37.71983242034912	40.446444511413574
34.062947273254395	29.880772590637207
44.60797119140625	41.01383590698242
33.427313804626465	30.154154777526855
36.19459819793701	34.384520530700684
32.18268299102783	31.617012977600098
23.724735260009766	25.137208938598633
44.97590637207031	44.359825134277344
44.391197204589844	45.82530212402344
45.58565139770508	46.0495719909668
32.27192687988281	31.569311141967773
16.7226619720459	20.106810092926025
25.161941528320312	25.2064790725708
31.405729293823242	29.87197494506836
33.1859827041626	33.675522804260254
27.89967918395996	26.13682746887207
33.13077449798584	37.074241638183594
34.05628967285156	32.68856334686279
40.50345325469971	40.54701232910156
32.51103973388672	32.35349178314209
28.13527488708496	29.135711669921875
28.967548370361328	27.838436126708984
36.76889419555664	35.5385856628418
32.648983001708984	31.96260690689087
49.32179832458496	46.80733394622803
43.05607318878174	43.335275650024414
46.98644542694092	43.011817932128906
39.91000270843506	39.97691059112549
36.295310974121094	33.942848205566406
33.439154624938965	35.829219818115234
31.583877563476562	32.458099365234375
36.480648040771484	39.639373779296875
39.73116683959961	37.58102035522461
30.207146644592285	31.568976402282715
37.99009323120117	35.40245771408081
24.23975372314453	21.00384521484375
38.95892333984375	38.58744812011719
37.58125305175781	39.59054660797119
39.11494731903076	39.88940477371216
38.547935485839844	35.094285011291504
39.73665237426758	39.3762321472168
32.9816198348999	31.634535789489746
39.02445888519287	38.53791046142578
25.376285552978516	28.476795196533203
39.2022442817688	36.41471862792969
42.63893127441406	41.31682205200195
33.707505226135254	30.65104579925537
28.426966667175293	29.363977432250977
36.65752410888672	39.53588008880615
25.539749145507812	29.33702278137207
36.78994369506836	35.312774658203125
36.22565746307373	32.00375747680664
32.95903778076172	30.343372344970703
26.857707977294922	32.06989288330078
34.463629722595215	35.852131843566895
53.456478118896484	46.64918899536133
36.27065992355347	36.260189056396484
26.220126152038574	23.75669002532959
34.27281856536865	35.59206485748291
38.216407775878906	38.20755386352539
32.08295822143555	29.951683044433594
30.72024917602539	27.749242782592773
41.019020080566406	38.691420555114746
41.274685859680176	43.17746162414551
31.86455726623535	30.490917205810547
42.378249168395996	41.438212394714355
48.039161682128906	44.205851554870605
29.985666275024414	29.983997344970703
33.20087432861328	30.24950408935547
34.44554805755615	28.18131685256958
35.46718215942383	39.757469177246094
33.68327808380127	32.321900367736816
31.851890087127686	32.690863609313965
29.771106719970703	28.047603607177734
40.99493408203125	40.4049072265625
35.17877960205078	39.9195442199707
55.06388711929321	47.98121166229248
23.678954601287842	22.948398113250732
40.933098793029785	41.797990798950195
28.440017700195312	32.28575897216797
25.802593231201172	25.24742889404297
37.07254886627197	33.234469413757324
33.96822738647461	30.261608123779297
40.37515926361084	39.83331298828125
38.2178840637207	39.27756452560425
42.52710819244385	33.95397663116455
41.53103733062744	39.17573308944702
32.90199279785156	27.96787452697754
37.71462631225586	38.64946365356445
34.88608646392822	38.611435890197754
39.78248119354248	41.75037860870361
35.070616722106934	27.982601165771484
27.531795501708984	28.578566551208496
37.5545654296875	40.014076232910156
36.19516372680664	37.389655113220215
38.07668590545654	39.676185131073
30.929040908813477	29.213378429412842
34.303035736083984	35.644848346710205
32.394142150878906	27.873355865478516
29.600479125976562	32.38884353637695
35.54129123687744	36.39148235321045
30.490674018859863	31.554848670959473
36.710330963134766	35.11695861816406
34.40544033050537	34.16268253326416
36.042983531951904	33.05480241775513
31.08672332763672	33.61077117919922
24.116661071777344	24.872514724731445
36.115431785583496	33.58161449432373
34.68140363693237	35.99324703216553
35.27735900878906	37.67848587036133
31.175618171691895	32.88793087005615
33.5491418838501	34.556472301483154
41.710686683654785	44.18299674987793
29.435989379882812	31.78349018096924
36.32619857788086	37.55030822753906
33.70056867599487	35.884342193603516
36.210991859436035	40.92549991607666
53.99354553222656	54.311702728271484
43.80185127258301	43.8596773147583
26.725215911865234	28.810218811035156
33.455708026885986	34.30436372756958
43.459577560424805	37.026023864746094
45.42610216140747	41.847198486328125
29.571796417236328	30.424640655517578
44.195871353149414	43.73663902282715
42.123422622680664	43.84998321533203
27.853446006774902	30.903925895690918
26.796257972717285	26.516575813293457
39.716835021972656	39.273396492004395
38.85667324066162	34.66329097747803
31.177095413208008	32.935577392578125
32.602927684783936	33.501644134521484
39.69564914703369	42.069430351257324
26.83106231689453	27.989717483520508
29.327083587646484	29.365474700927734
49.16641616821289	49.75239372253418
34.84243869781494	34.83357906341553
43.54397964477539	41.56348419189453
43.06313514709473	40.273847579956055
40.751190185546875	41.318817138671875
27.81919002532959	34.148108959198
43.503865242004395	42.6817045211792
37.98835039138794	33.917250633239746
32.66600847244263	33.47025394439697
30.751708030700684	31.105490684509277
38.55239009857178	33.81027889251709
42.25526428222656	40.81788635253906
32.41696834564209	29.91581439971924
20.195805072784424	17.30527925491333
38.37242031097412	36.95224857330322
30.28422260284424	27.342018127441406
36.09919309616089	34.67055797576904
32.523980140686035	33.1276330947876
34.49469757080078	31.956512451171875
40.12059211730957	39.54406261444092
37.74048900604248	35.817131996154785
41.096760749816895	44.67055606842041
36.62165403366089	37.426133155822754
32.346590995788574	34.783902168273926
29.08205509185791	25.88181781768799
34.206390380859375	37.562679290771484
39.85524654388428	40.846619606018066
42.228135108947754	45.39564514160156
36.826297760009766	36.07742691040039
34.553497314453125	35.45077896118164
28.274868965148926	31.567408561706543
30.121692657470703	32.809837341308594
24.009342193603516	28.28040599822998
25.151616096496582	25.55790138244629
29.718177318572998	32.219932079315186
54.37713623046875	51.01810073852539
39.22533702850342	42.93163204193115
33.66158676147461	36.41145324707031
36.32338762283325	30.456461906433105
27.0762939453125	28.221599578857422
46.975098609924316	43.09201526641846
36.78857421875	37.94239807128906
27.379477500915527	26.25293254852295
23.665712356567383	23.825647830963135
36.78075313568115	37.59949445724487
42.765541076660156	36.51908874511719
36.27269744873047	37.242271423339844
44.741543769836426	44.691298484802246
33.27983379364014	35.44235944747925
42.22891902923584	41.029197692871094
51.41173839569092	49.80813980102539
36.4509654045105	40.06176948547363
37.288352966308594	32.938456535339355
30.18890380859375	36.067116260528564
30.80890655517578	26.243247985839844
27.67794418334961	26.925670623779297
45.49061679840088	40.74635696411133
36.4416618347168	36.70928192138672
28.59650230407715	29.37539577484131
38.45494747161865	40.76090335845947
36.14850091934204	37.81790494918823
29.48155975341797	25.548222541809082
42.1437931060791	40.29820442199707
25.579018592834473	25.280868530273438
48.067359924316406	45.60391330718994
40.022735595703125	37.975356578826904
41.72870922088623	41.00226974487305
34.30803298950195	34.699203968048096
37.426377296447754	42.52592182159424
36.90270137786865	30.88479709625244
27.958977699279785	26.912095069885254
34.26421356201172	35.366607666015625
33.83530378341675	36.49346590042114
28.684844970703125	29.537612915039062
37.20858812332153	39.95490312576294
28.12814712524414	29.60720729827881
42.855682373046875	44.17363166809082
29.766783714294434	29.932165145874023
25.6707763671875	25.714998245239258
35.63980007171631	38.35971164703369
43.57756519317627	42.86727046966553
41.725510597229004	45.95740985870361
41.17413520812988	41.65541648864746
31.395092010498047	29.40890121459961
30.958189964294434	34.508023262023926
50.223304748535156	44.88128662109375
38.650569915771484	39.81084108352661
32.24578857421875	29.04441547393799
31.324310302734375	38.070350646972656
32.0910530090332	34.02162837982178
32.604140281677246	30.794114112854004
20.392886638641357	21.709566593170166
30.93669891357422	29.614394187927246
30.021259307861328	31.70555305480957
27.582919120788574	26.59657573699951
40.4708251953125	40.17649459838867
39.1480016708374	37.17843532562256
40.951844215393066	43.86199951171875
33.04426288604736	33.27532482147217
30.439136505126953	30.157054901123047
47.206233978271484	46.78525638580322
26.60793113708496	25.311387062072754
46.33856773376465	42.876620292663574
27.15203094482422	29.18404769897461
35.097599029541016	32.239967346191406
37.86581754684448	36.54451847076416
23.429351806640625	25.20120334625244
31.299445629119873	30.25176763534546
31.18022060394287	34.25139141082764
29.19686794281006	28.219433784484863
41.15493726730347	40.76070261001587
25.358108520507812	24.00957489013672
34.34553146362305	33.71901035308838
43.43483924865723	44.66158866882324
33.49646759033203	31.327638626098633
40.44343900680542	41.30316495895386
41.22256851196289	44.31523418426514
34.19675827026367	36.48522138595581
43.77711343765259	41.292046546936035
37.406253814697266	39.20523452758789
38.59085559844971	41.034393310546875
31.869595050811768	40.34317970275879
38.080527782440186	34.132606983184814
28.801231384277344	28.482213020324707
25.415732860565186	28.929238319396973
38.29505920410156	37.597721099853516
38.527320861816406	34.37023162841797
33.539886474609375	33.74549865722656
52.063334465026855	50.2072172164917
30.77781867980957	28.618427276611328
26.08985137939453	23.566997051239014
28.120319366455078	25.577170372009277
31.42357635498047	32.86279296875
29.849097728729248	32.21325635910034
30.42708158493042	32.62450456619263
26.05737590789795	28.207629203796387
36.46768283843994	39.119948387145996
37.827659606933594	39.04985809326172
40.01095199584961	40.29458236694336
30.01786994934082	31.264283180236816
46.23442840576172	45.73099422454834
30.35769271850586	32.85137939453125
53.69387626647949	47.76543045043945
24.254342079162598	25.100775718688965
36.71789073944092	38.543829917907715
48.37014198303223	51.23430633544922
45.543625831604004	44.936665534973145
44.670042991638184	43.24620723724365
34.82459259033203	35.22420883178711
36.47822856903076	38.15396976470947
34.732112884521484	36.342482566833496
20.017776489257812	20.855980396270752
32.526183128356934	31.055045127868652
44.42317199707031	42.561564445495605
29.890087127685547	28.980981826782227
38.57540845870972	37.47934341430664
27.61617088317871	30.73101806640625
35.700087547302246	33.1282377243042
27.547539710998535	24.454550743103027
40.796607971191406	42.790679931640625
28.440153121948242	34.290245056152344
51.643856048583984	50.08466720581055
49.82352018356323	45.369386196136475
46.32986927032471	44.89954376220703
21.78145980834961	21.59302854537964
36.88297176361084	36.740859031677246
37.249412536621094	34.94522571563721
28.476037979125977	29.18427276611328
30.88752031326294	31.92549705505371
31.22288990020752	32.02327823638916
28.344955444335938	27.80393886566162
25.116966247558594	29.196146965026855
31.102148056030273	31.823558807373047
40.26510715484619	35.929590702056885
32.24864959716797	30.761046409606934
37.97465133666992	37.613407135009766
33.569618225097656	32.2336950302124
27.577932357788086	31.093708038330078
32.867812156677246	30.26686191558838
35.58811855316162	28.577370643615723
33.00253391265869	33.59781742095947
46.13149166107178	42.95065784454346
40.73628902435303	35.90238571166992
30.28422260284424	29.54575824737549
32.0367431640625	37.59687805175781
47.999542236328125	44.42421054840088
51.272892475128174	47.0099310874939
26.75178050994873	23.23708963394165
32.88163757324219	36.40105438232422
44.988746643066406	40.07704734802246
34.49094295501709	34.50468063354492
37.1577262878418	31.462615966796875
46.66658878326416	42.96677112579346
40.48073959350586	38.73749923706055
38.76960468292236	39.86587429046631
37.11740493774414	33.615814208984375
44.3815598487854	45.436864376068115
52.41162300109863	54.881635665893555
42.93925857543945	44.03724670410156
43.407182693481445	50.1810359954834
32.025864601135254	34.73207187652588
47.34463167190552	46.450575828552246
50.146562576293945	49.6465859413147
37.95827579498291	38.2598876953125
46.547667503356934	51.18665313720703
29.134735107421875	27.840763092041016
38.082637786865234	39.80204105377197
33.705787658691406	33.27138900756836
42.406131744384766	38.73045349121094
37.22375154495239	38.42848300933838
39.424259185791016	36.92803955078125
42.077651023864746	46.40697383880615
39.841206550598145	42.663265228271484
31.734527587890625	26.628429412841797
36.57659912109375	36.258198738098145
30.398016929626465	30.045390129089355
40.31533432006836	39.30249786376953
33.119964599609375	33.20734739303589
31.48520851135254	28.865203857421875
34.531368255615234	36.28752422332764
26.155147552490234	27.650632858276367
39.59860610961914	38.977017402648926
34.02428340911865	28.610421180725098
29.515228271484375	29.487802982330322
31.405686378479004	29.281394004821777
30.535094738006592	31.58735752105713
41.28506660461426	39.394798278808594
30.033252716064453	29.186010360717773
38.84926700592041	33.81819534301758
34.05228853225708	38.068270683288574
37.18703508377075	38.087801933288574
36.479000091552734	35.335941314697266
29.792713165283203	31.472675323486328
46.00589847564697	45.023863792419434
39.90236186981201	38.78046369552612
26.433777809143066	26.227829933166504
38.56534957885742	36.495208740234375
27.669124603271484	26.728697776794434
34.892486572265625	33.59400177001953
27.488076210021973	28.555386543273926
38.17429065704346	37.09047794342041
41.58390426635742	43.14436626434326
24.871899604797363	25.377299308776855
29.974491596221924	32.09211826324463
42.712809562683105	42.109256744384766
37.65895128250122	42.37029552459717
32.880260944366455	33.223891258239746
30.923026084899902	31.53867244720459
18.923065185546875	22.686588287353516
27.550907135009766	26.377198219299316
18.670133113861084	24.45999813079834
37.76770830154419	37.8205680847168
51.45272970199585	51.73900508880615
24.966751098632812	21.799535751342773
32.3705940246582	33.105690002441406
41.26205921173096	42.65768337249756
35.72723865509033	33.486061096191406
40.88338851928711	38.73974561691284
32.7050666809082	34.58076858520508
34.891273498535156	35.10904026031494
32.50478744506836	31.541271209716797
40.34201431274414	39.76629638671875
31.855667114257812	30.044509887695312
40.79311752319336	41.35853862762451
37.980262756347656	37.000765800476074
42.365108489990234	40.96095657348633
31.2057466506958	34.27529239654541
34.813854694366455	33.08981657028198
47.13018035888672	43.67398738861084
26.205734252929688	29.417388916015625
44.73494338989258	45.438880920410156
31.141225814819336	35.38521957397461
47.3428373336792	43.7499475479126
31.65515661239624	29.88276243209839
35.652573108673096	38.15499782562256
27.35239028930664	28.611684799194336
23.763365745544434	24.852747917175293
33.19115877151489	35.236263275146484
38.89719009399414	32.586140632629395
38.055076599121094	40.03532409667969
44.82960033416748	43.44491100311279
30.80707550048828	30.23961067199707
42.187957763671875	39.58703279495239
28.643280029296875	28.561532020568848
25.708674430847168	23.55133581161499
28.74728012084961	29.234840393066406
37.06033229827881	39.39537525177002
29.81915283203125	29.093820571899414
38.61797332763672	30.72227954864502
28.418598175048828	28.421283721923828
42.215599060058594	40.73878479003906
34.011452198028564	37.976746559143066
41.52268123626709	40.41047286987305
38.312668800354004	39.57335948944092
39.322669506073	37.601261138916016
35.14837980270386	34.49786424636841
34.5813512802124	32.47345685958862
34.503265380859375	32.77476119995117
53.66766929626465	53.870750427246094
33.95693588256836	32.890953063964844
38.29083251953125	39.388916015625
29.550552368164062	29.457345962524414
26.430697441101074	26.80936574935913
25.31751537322998	25.364418983459473
32.44577121734619	33.50514221191406
36.562485694885254	33.945603370666504
29.549729824066162	29.961190223693848
47.130722999572754	44.27142143249512
36.133930683135986	34.59041118621826
31.011838912963867	30.49088716506958
23.443987369537354	26.62137508392334
31.674845695495605	31.581069946289062
45.331366539001465	45.723289489746094
28.43109369277954	26.35822296142578
39.469176292419434	40.26577663421631
29.746944427490234	28.02681541442871
35.580711364746094	37.50176191329956
29.0360107421875	30.152984619140625
46.81068706512451	44.620296478271484
28.952133178710938	32.196189880371094
23.76128625869751	25.534987449645996
30.752689361572266	30.801298141479492
40.764206886291504	37.96335983276367
45.42402648925781	42.49595546722412
36.627540588378906	38.126444816589355
51.96023464202881	49.676751136779785
37.53005266189575	30.177078247070312
29.446453094482422	26.337453842163086
35.06321716308594	35.72920227050781
27.66602611541748	25.969104766845703
32.084388732910156	32.21963405609131
27.980063438415527	27.272011756896973
30.29295539855957	33.73744583129883
23.74907684326172	27.328442573547363
34.556148529052734	33.04949951171875
27.854724884033203	27.186942100524902
31.084778308868408	34.104297161102295
48.171112060546875	47.82301425933838
29.142823219299316	28.017276763916016
31.57877254486084	32.677894592285156
38.43621492385864	38.694565296173096
28.98824691772461	28.962116241455078
30.22352695465088	29.147005081176758
33.88249111175537	35.28514766693115
49.12152671813965	49.35585594177246
40.15372276306152	39.51484203338623
40.17523765563965	38.166232109069824
35.73154830932617	35.691200256347656
37.05088138580322	38.11970233917236
28.20219326019287	25.942173957824707
27.535236358642578	27.978431701660156
33.60961437225342	34.93851184844971
24.49859619140625	23.66750717163086
42.51573944091797	45.28172206878662
48.402191162109375	42.752394676208496
36.547913551330566	38.726279735565186
34.689056396484375	37.73927021026611
33.02183151245117	36.30578279495239
47.16696739196777	35.37310838699341
47.07179260253906	46.036949157714844
29.023964881896973	31.128273010253906
42.41114616394043	45.65986156463623
34.60364532470703	31.56998062133789
31.344401836395264	32.41264343261719
36.73652648925781	32.51891326904297
37.42756652832031	39.248008728027344
32.341156005859375	31.90211534500122
36.33127498626709	37.17560291290283
34.929786682128906	35.69319152832031
51.641212463378906	48.481069564819336
27.27542209625244	29.3331356048584
40.15129470825195	38.26654052734375
24.655420303344727	27.908525466918945
39.05077362060547	42.03705978393555
27.862205505371094	27.758865356445312
38.000454902648926	39.575984477996826
35.25083541870117	36.121249198913574
47.84086990356445	48.13173866271973
33.02443981170654	27.488868236541748
34.73381805419922	36.610511779785156
31.771094799041748	29.308249950408936
31.758278846740723	33.499351501464844
35.42811059951782	41.363009452819824
47.55735111236572	41.01246643066406
31.95159149169922	33.82301330566406
23.07612895965576	24.1896390914917
30.947994232177734	31.787200927734375
29.659252166748047	28.021469116210938
37.85928726196289	31.731576919555664
26.38947868347168	25.39971351623535
30.605976581573486	33.34384202957153
40.20474910736084	39.109370708465576
44.512537479400635	48.032447814941406
35.21197509765625	34.17041015625
39.784260749816895	42.340962409973145
27.82848072052002	29.069189071655273
44.98927307128906	39.575260162353516
28.961959838867188	32.27013397216797
54.38976287841797	51.00874900817871
47.009117126464844	43.14850616455078
33.85561752319336	36.28038024902344
27.680538177490234	29.327686309814453
28.142623901367188	27.853923797607422
36.88526153564453	35.822463035583496
20.864782333374023	22.697701454162598
42.60952663421631	40.4752779006958
44.60515642166138	45.80378866195679
43.21888732910156	45.3232421875
38.91757583618164	43.61429214477539
35.739131927490234	35.4566535949707
44.73786973953247	43.0274133682251
39.89628219604492	47.300907135009766
34.70003414154053	32.19249629974365
39.404590129852295	41.98014736175537
40.78571319580078	35.73338985443115
50.165794372558594	46.0688362121582
28.221942901611328	29.940024375915527
40.27294445037842	34.43861532211304
42.62429237365723	41.03566646575928
39.29213762283325	34.69794034957886
29.096099853515625	29.935861587524414
39.91702318191528	38.14046859741211
23.66528034210205	24.939825534820557
30.92395305633545	30.31015157699585
25.137020111083984	26.493362426757812
35.514397621154785	37.71171569824219
29.31287956237793	26.304746627807617
30.973116874694824	31.309630393981934
40.523526191711426	42.88433074951172
24.28450870513916	22.56366777420044
35.537967681884766	35.53377914428711
30.051215171813965	33.668097496032715
36.192429065704346	38.399341106414795
39.953887939453125	34.485321044921875
28.300233840942383	29.689411163330078
36.46989107131958	35.51278591156006
28.65270233154297	30.52969741821289
42.80294895172119	43.442710876464844
31.079416275024414	32.95832872390747
40.984459400177	44.00412130355835
36.56058883666992	33.85658264160156
56.11635971069336	48.575767517089844
25.096776008605957	23.813457012176514
35.28471755981445	36.64768981933594
35.15843152999878	36.91513538360596
42.040924072265625	38.44933319091797
36.787075996398926	40.55992603302002
38.64575958251953	38.92670822143555
34.74345302581787	40.73873233795166
34.039146423339844	37.341224670410156
53.43714761734009	48.29122877120972
34.42394542694092	34.55313777923584
26.679158210754395	33.831894397735596
26.8504638671875	27.38541030883789
31.289745330810547	30.300643920898438
31.65473222732544	35.61321258544922
42.79105854034424	44.15711688995361
27.150114059448242	24.630298614501953
41.90904998779297	43.46291732788086
34.15836191177368	38.97518444061279
33.4758882522583	31.05004119873047
34.776504039764404	33.91435146331787
41.38425064086914	42.90405750274658
40.93438148498535	34.13530349731445
26.6217098236084	31.494873046875
39.63880920410156	39.97240447998047
36.67126178741455	34.73114490509033
33.04056167602539	34.217190742492676
37.73895263671875	38.164137840270996
