59.85078430175781	55.5560302734375
52.20039701461792	53.095130443573
49.67384338378906	51.67720413208008
60.3770694732666	60.75554943084717
57.88640069961548	58.62705945968628
60.76156425476074	60.67361068725586
52.34184265136719	50.553789138793945
54.99085521697998	57.31359672546387
62.07689094543457	62.03291130065918
54.06398963928223	53.962806701660156
48.46131610870361	52.637526512145996
53.20224952697754	52.89422607421875
56.06643009185791	58.994561195373535
80.61727523803711	74.21427249908447
40.11996269226074	44.07759666442871
51.68322229385376	49.24647760391235
63.54321002960205	63.914066314697266
56.17460250854492	55.68659782409668
47.95187473297119	47.47468185424805
54.27272319793701	54.372310638427734
54.73574876785278	53.656521797180176
51.77313423156738	52.22251510620117
58.68002796173096	63.660101890563965
56.07542896270752	53.43192386627197
49.76760768890381	51.14582681655884
55.09064340591431	52.066405296325684
44.68025827407837	48.910271644592285
49.08187294006348	43.65427494049072
62.084898948669434	63.86864471435547
60.79158020019531	62.29741668701172
58.41147041320801	61.612778663635254
57.70213508605957	59.14768409729004
54.17841911315918	53.335527420043945
48.35797119140625	49.77876091003418
57.367841720581055	61.87221050262451
52.589149475097656	51.16388702392578
53.58455181121826	51.909470558166504
35.898253440856934	37.71308612823486
63.43909454345703	62.033966064453125
55.21240520477295	56.868377685546875
63.52418899536133	64.21221923828125
33.72279644012451	36.43139600753784
58.66432571411133	60.33243370056152
52.04582977294922	50.24351692199707
53.50091743469238	51.58613204956055
50.67964172363281	49.05780792236328
63.74234676361084	59.90261268615723
49.37644052505493	51.50262403488159
46.36658763885498	50.83571434020996
46.92509078979492	51.25325012207031
51.454811096191406	49.934858322143555
55.378623962402344	54.57574653625488
47.28225231170654	48.06893348693848
46.42155647277832	50.88345527648926
42.60215091705322	45.37877941131592
66.58026695251465	64.70437431335449
46.3751220703125	49.68040466308594
65.8288803100586	66.95747375488281
39.887988567352295	44.121055603027344
48.89618110656738	43.4648323059082
51.98898124694824	55.17729949951172
44.84878063201904	49.13371467590332
52.5944881439209	46.30042362213135
43.20961952209473	47.53670692443848
49.120445251464844	54.4464054107666
55.16519784927368	50.720887184143066
58.51958656311035	58.971845626831055
52.85424613952637	51.1384391784668
52.10563087463379	54.29358100891113
59.1669282913208	58.732298851013184
37.41849422454834	40.839271545410156
49.21632385253906	47.688446044921875
45.98549842834473	46.678361892700195
57.2288761138916	52.86767578125
51.165170669555664	48.74763011932373
45.891597747802734	50.98016881942749
47.80857753753662	48.599802017211914
52.45172882080078	49.51092338562012
64.69327545166016	61.547950744628906
55.26338195800781	60.444780349731445
38.253960609436035	37.940521240234375
50.214202880859375	43.19604778289795
66.01148986816406	64.952392578125
61.842018127441406	62.63762283325195
45.33845520019531	46.73998260498047
49.75733757019043	54.61588668823242
56.01640319824219	53.695640563964844
58.29465866088867	57.12754440307617
41.36814594268799	45.74955654144287
61.77786922454834	51.96489763259888
52.97403621673584	54.20449161529541
51.181663513183594	50.57072639465332
58.32245635986328	61.73872947692871
57.683780670166016	54.52192306518555
53.29365634918213	54.36629104614258
61.345107078552246	61.43752098083496
66.8954029083252	63.79137992858887
48.30165958404541	50.20131254196167
47.35961198806763	49.316285610198975
74.15231323242188	67.75396728515625
42.49852180480957	41.740784645080566
57.66550827026367	60.62373161315918
56.22329616546631	57.53148365020752
55.059611320495605	51.4548659324646
52.59026527404785	56.50261688232422
50.36681032180786	49.391310691833496
55.55445098876953	60.18916702270508
47.20975399017334	52.700772285461426
49.15708351135254	49.127906799316406
39.027525424957275	42.25290632247925
48.245750427246094	45.98573398590088
45.94176244735718	44.34543752670288
60.84415626525879	55.049888134002686
57.114280700683594	52.79965782165527
49.956024169921875	53.36691856384277
39.212496757507324	43.473544120788574
52.392757415771484	53.39241027832031
60.06075096130371	58.33268165588379
58.069132804870605	54.71762752532959
60.89506530761719	61.557294845581055
49.28275108337402	53.34645652770996
51.742966651916504	49.60629224777222
50.66908359527588	51.6246223449707
49.67954158782959	54.38406944274902
53.53479766845703	54.11733627319336
66.65284061431885	70.747727394104
49.88369941711426	49.586992263793945
53.92093849182129	54.53712272644043
59.73672103881836	61.3161563873291
44.86677646636963	48.586225509643555
47.42668628692627	49.65534687042236
45.814212799072266	50.26229667663574
52.21718072891235	51.43731451034546
50.62145233154297	51.52041435241699
58.68136215209961	62.7022705078125
39.10862684249878	35.75688600540161
48.79659414291382	53.56366586685181
50.47921943664551	52.94721794128418
56.729289054870605	55.41059064865112
40.606773376464844	36.156861305236816
53.01231145858765	52.5430383682251
53.68548583984375	54.888240814208984
59.67543125152588	62.59485054016113
63.82232856750488	63.52170753479004
56.80842590332031	55.92765998840332
53.11406135559082	54.30987739562988
52.79290723800659	54.553404808044434
65.32532501220703	60.979562759399414
47.142324447631836	49.16481971740723
47.71376895904541	49.48234176635742
44.47828960418701	46.67673969268799
54.540870666503906	54.809675216674805
54.317007541656494	63.44410228729248
47.10984230041504	46.38893127441406
41.435585021972656	42.799129486083984
62.18954086303711	64.03395175933838
58.284050941467285	53.49598741531372
63.70847511291504	65.86841011047363
53.19572925567627	51.42791271209717
49.82581901550293	52.93658638000488
59.32938194274902	59.92878818511963
68.58763122558594	68.7490234375
51.64322853088379	55.995001792907715
66.22811126708984	65.0063247680664
47.631752014160156	53.087310791015625
46.77778720855713	46.71630859375
39.26118850708008	39.28823375701904
60.97704315185547	62.01698684692383
43.62274646759033	44.399003982543945
56.83049392700195	59.94313049316406
53.87710762023926	54.62196350097656
58.79880142211914	58.19353485107422
68.45610809326172	70.01651000976562
61.8981990814209	64.56125068664551
52.21109962463379	54.56051445007324
64.79940605163574	57.04570198059082
51.45494842529297	53.21766471862793
45.811333656311035	43.80482196807861
44.32264995574951	43.041481018066406
53.85161590576172	54.630849838256836
47.18729639053345	51.03302192687988
53.66732597351074	56.32696723937988
53.17186784744263	57.05031108856201
57.94385623931885	56.051209449768066
41.53983116149902	37.37373352050781
56.85831642150879	57.15960502624512
59.489112854003906	62.511343002319336
49.31147575378418	53.0489501953125
53.67808771133423	55.14741039276123
49.34212303161621	51.705928802490234
47.78060531616211	47.59817123413086
69.21551513671875	68.6235408782959
43.43576908111572	44.98652935028076
61.95366668701172	58.36245918273926
55.52358055114746	55.01756286621094
47.897544860839844	51.909409046173096
50.999616622924805	52.253957748413086
56.98050308227539	55.8998441696167
34.70731830596924	36.33592987060547
58.06178855895996	60.29623603820801
48.151851654052734	48.80949020385742
45.057950019836426	50.17287254333496
45.488975524902344	50.55462646484375
48.993802070617676	55.006346702575684
56.339226722717285	52.71125650405884
60.79745292663574	64.19500732421875
52.27220106124878	51.21671962738037
65.92495107650757	68.21774196624756
61.45928955078125	63.97947692871094
47.334205627441406	47.898024559020996
47.122297286987305	51.40305519104004
45.708563804626465	45.37939167022705
49.295156478881836	49.718759536743164
52.878244400024414	52.862531661987305
52.13015556335449	51.35467529296875
56.509644508361816	60.51498317718506
47.74594306945801	46.5112829208374
58.07537078857422	55.55315399169922
60.551198959350586	58.024465560913086
43.112711906433105	38.4222149848938
66.36442565917969	66.81866455078125
44.01741981506348	47.72678852081299
60.203895568847656	61.183170318603516
42.427663803100586	40.07552146911621
45.97662925720215	44.494686126708984
53.74085998535156	57.462554931640625
53.119680404663086	51.07736778259277
52.026708126068115	54.85401248931885
57.514352798461914	55.096516609191895
45.08429718017578	48.96514892578125
68.87727069854736	66.46557331085205
55.42745351791382	57.445547103881836
49.719242095947266	49.860103130340576
47.8185510635376	48.11814308166504
64.01685333251953	66.01253700256348
67.47541618347168	66.3635482788086
50.90123748779297	50.02898025512695
56.65525531768799	61.03836631774902
69.79908657073975	66.39998531341553
44.70240592956543	43.12836170196533
42.481937408447266	46.24598503112793
49.93624305725098	48.294599533081055
60.59497833251953	63.24672889709473
50.78719711303711	57.458221435546875
48.185691833496094	46.621341705322266
43.90902042388916	48.496103286743164
60.87526512145996	59.54713726043701
49.485225677490234	49.27128314971924
34.795193672180176	31.946125030517578
52.96810531616211	52.64385223388672
50.06237983703613	49.650352478027344
52.43467712402344	51.387285232543945
43.83425712585449	45.58391094207764
60.85309600830078	54.51348876953125
62.774688720703125	61.094038009643555
52.634525299072266	50.330400466918945
51.47120809555054	47.2137975692749
53.276968002319336	58.326948165893555
56.2034969329834	57.334476470947266
59.24723720550537	64.21819877624512
43.0946478843689	45.706383228302
52.10560321807861	53.01619529724121
46.546088218688965	44.66843891143799
59.81754398345947	59.56421375274658
36.63166809082031	41.52396297454834
46.29297733306885	49.52731132507324
63.69411277770996	56.10703182220459
49.172600746154785	49.98002910614014
50.80203437805176	48.31478691101074
43.23977470397949	42.99896240234375
57.49756622314453	53.55823516845703
46.562782287597656	48.14491081237793
52.82979965209961	56.193785667419434
70.70483207702637	69.4965648651123
51.02062797546387	55.20681953430176
59.33639717102051	58.89225769042969
53.01907539367676	54.04840278625488
54.363080978393555	55.03766441345215
58.01327705383301	62.31049823760986
62.74228382110596	63.82569980621338
51.669087409973145	46.5045690536499
55.37351989746094	55.92535400390625
53.821996212005615	59.50092124938965
56.91008949279785	58.91835021972656
50.91013526916504	46.15645980834961
52.91258955001831	54.3129186630249
64.38015174865723	63.097365379333496
52.65604496002197	57.75161552429199
57.62818908691406	55.86792182922363
65.21215057373047	61.89646530151367
49.333505630493164	44.38847351074219
51.06159210205078	51.68614387512207
49.08913993835449	47.35941982269287
40.165306091308594	47.606998443603516
60.112491607666016	62.80484390258789
57.057151794433594	54.48534393310547
57.08488655090332	56.164798736572266
58.18626594543457	56.33265495300293
41.603760719299316	39.900970458984375
40.61235427856445	47.958574295043945
54.50192642211914	58.46607971191406
64.70194101333618	65.37007284164429
41.4255952835083	44.71025848388672
60.50662040710449	59.47914123535156
56.94667434692383	54.8454475402832
54.96096420288086	54.457481384277344
51.29569053649902	57.127747535705566
67.46408271789551	66.46423530578613
49.50407409667969	51.696916580200195
53.85457515716553	54.758901596069336
51.42080307006836	53.47649383544922
50.33945083618164	53.979835510253906
36.27589702606201	33.99534225463867
49.85010623931885	50.6516432762146
48.913397789001465	54.373459815979004
67.18971538543701	73.05487632751465
59.86219787597656	53.03612041473389
43.651007652282715	41.423489570617676
46.68314266204834	48.106985092163086
47.395973205566406	45.738325119018555
50.29390525817871	55.70610237121582
41.573991775512695	44.04784679412842
62.56214761734009	65.49114990234375
55.46741437911987	59.4431095123291
51.6163387298584	55.862056732177734
60.27195358276367	64.60800743103027
44.798970222473145	43.421284675598145
50.268123149871826	50.78039789199829
68.15496826171875	68.33914947509766
56.24420642852783	57.6445255279541
51.89955711364746	49.50885200500488
55.984625816345215	57.06352233886719
48.0303750038147	45.319655418395996
47.51338863372803	51.40390205383301
53.98103141784668	56.128984451293945
48.859296798706055	47.8809700012207
45.83824872970581	47.24748992919922
58.209503173828125	60.38616180419922
42.91149139404297	43.543028831481934
36.01524353027344	41.828413009643555
59.87921333312988	58.18201446533203
49.02933597564697	50.76392650604248
52.23052215576172	50.63551712036133
50.69735527038574	52.63047981262207
53.35639190673828	53.7228889465332
47.749863624572754	50.17829132080078
51.65061807632446	54.88472080230713
54.32418251037598	56.665231704711914
49.63979530334473	51.14182662963867
34.07215976715088	33.34400939941406
45.603041648864746	50.37053108215332
57.728604316711426	53.739097118377686
54.16399955749512	58.87687683105469
55.17906332015991	48.108848094940186
43.46151065826416	41.90805530548096
44.47726249694824	43.93446445465088
47.73886680603027	43.37968826293945
54.05534362792969	58.474164962768555
47.5186824798584	46.42474174499512
46.59128665924072	47.57146453857422
60.96571445465088	61.330275535583496
67.46660614013672	65.95632934570312
48.83957576751709	52.20868158340454
48.19378662109375	47.93766927719116
55.25093078613281	55.16022491455078
57.95005989074707	55.32834434509277
51.20306396484375	50.51648139953613
51.14414691925049	51.23502254486084
47.793283462524414	53.572988510131836
48.57293128967285	53.13429832458496
44.43484306335449	43.85148048400879
63.13560485839844	63.214027404785156
55.712393283843994	53.59853982925415
55.29891014099121	57.491140365600586
50.00539970397949	50.05778503417969
44.825228691101074	44.39552307128906
61.13784599304199	64.73517608642578
48.01772117614746	50.272138595581055
50.873040199279785	51.70775890350342
61.34172534942627	64.50756883621216
40.388503074645996	41.741156578063965
39.755123138427734	46.35215759277344
58.628929138183594	59.35111999511719
54.678935050964355	56.362698554992676
67.37443542480469	67.34046363830566
54.94960880279541	58.386990547180176
47.05775594711304	49.5894660949707
73.53909873962402	72.18062782287598
52.85691547393799	54.259127140045166
58.11330986022949	57.91013717651367
60.34068012237549	54.491013526916504
42.35476493835449	44.28109645843506
54.60444402694702	59.27152347564697
41.68906211853027	46.920857429504395
57.55558776855469	55.449893951416016
48.56718063354492	51.619468688964844
48.021406173706055	50.26483726501465
57.03376007080078	55.84230995178223
60.93288993835449	58.83831596374512
55.23513221740723	56.45808219909668
52.143911361694336	48.70060157775879
53.83888244628906	52.010008811950684
45.7297420501709	46.74976348876953
62.65902328491211	57.63126754760742
51.47360324859619	54.50060844421387
57.550649642944336	53.91993713378906
56.20699882507324	56.5696964263916
46.569252014160156	51.73046588897705
61.06934833526611	63.12414836883545
58.82009696960449	57.82568550109863
61.03826904296875	63.121421813964844
55.86717224121094	58.16160583496094
55.76913070678711	50.69759559631348
37.91847324371338	33.643635749816895
68.84326314926147	66.56886148452759
58.3699893951416	60.380218505859375
56.89188194274902	55.17343711853027
45.41826581954956	46.00414037704468
48.32949161529541	50.97994804382324
48.410024642944336	47.34934329986572
55.70484972000122	56.35446071624756
46.24023389816284	48.981892108917236
49.22815799713135	51.489572525024414
51.89265441894531	55.6326904296875
56.218345642089844	57.449106216430664
51.725449562072754	46.49363422393799
46.428399085998535	48.90524387359619
60.7055549621582	58.382978439331055
51.48717641830444	56.818416595458984
44.32529020309448	39.54565143585205
52.1488037109375	51.728736877441406
50.18901586532593	54.86256742477417
52.39690589904785	49.993709564208984
71.74075412750244	64.55452156066895
53.904571533203125	54.285868644714355
62.09140110015869	67.05386447906494
54.26516056060791	46.9747257232666
51.93037509918213	56.33963108062744
51.95857524871826	51.86452388763428
50.12390089035034	46.46047925949097
57.84714317321777	57.398345947265625
67.86005115509033	68.1495304107666
38.86620283126831	38.462417125701904
51.17245674133301	52.817959785461426
49.12104034423828	51.710975646972656
39.57254505157471	39.55445194244385
48.92036199569702	44.79516077041626
40.86336612701416	40.637335777282715
55.06466102600098	56.89944648742676
61.24379539489746	63.234426498413086
57.15782165527344	57.90898895263672
42.70514631271362	47.22246599197388
52.188514709472656	61.77663230895996
62.297658920288086	56.063764572143555
54.043121337890625	53.45951557159424
65.50584411621094	65.26835060119629
37.62768507003784	37.42155075073242
65.23820495605469	61.093017578125
69.02314186096191	66.73945808410645
48.47963619232178	48.778597354888916
45.63618564605713	47.623732566833496
53.629886627197266	58.3084659576416
53.984703540802	60.18842697143555
58.75946617126465	56.75308799743652
52.182302474975586	53.7136173248291
45.49854278564453	49.61863994598389
54.64211654663086	56.38101768493652
51.46747398376465	48.536922454833984
62.633588790893555	61.56354331970215
44.3399019241333	45.76799011230469
49.54340934753418	53.10818672180176
51.853686809539795	54.53537702560425
41.297447204589844	45.177796363830566
58.89276695251465	61.55294609069824
51.07236671447754	46.91910266876221
54.581806659698486	57.749839782714844
54.41815185546875	59.0701904296875
61.43257713317871	62.88818836212158
52.641523361206055	54.28865432739258
47.8355598449707	54.09993553161621
58.14730453491211	57.264238357543945
57.04520034790039	55.57000732421875
64.0422592163086	64.01826477050781
63.26820373535156	62.501009941101074
48.906399726867676	51.54824924468994
44.67905521392822	48.31482410430908
67.02639579772949	64.70338344573975
48.30172061920166	46.639108657836914
44.553937911987305	53.78127098083496
53.06506633758545	53.524479389190674
53.14917755126953	49.940500259399414
45.683807373046875	52.41506767272949
53.748762130737305	52.17728233337402
48.98046684265137	53.65255165100098
58.02414321899414	62.674072265625
50.34546661376953	53.818376541137695
48.30798149108887	48.52493762969971
45.50524711608887	38.184006214141846
44.15914821624756	44.673027992248535
71.68820285797119	69.24769306182861
50.46912240982056	54.23402166366577
50.77174186706543	53.841047286987305
53.80952596664429	51.552711963653564
56.29096984863281	55.25625228881836
53.672332763671875	51.66913604736328
61.78652095794678	68.08504962921143
71.35655879974365	67.45638847351074
54.414899826049805	55.62110137939453
54.36932945251465	55.45216941833496
39.89670991897583	44.17806148529053
46.36500263214111	42.174376487731934
56.939093589782715	54.453789710998535
59.078094482421875	57.32078552246094
66.57197713851929	61.1126389503479
56.91867256164551	55.3351936340332
55.070838928222656	55.58793640136719
41.57909393310547	44.34701919555664
54.42127990722656	51.63029479980469
45.6566858291626	48.74554634094238
77.27149963378906	73.72340202331543
62.605878829956055	65.03417873382568
35.02513885498047	38.11242341995239
46.90833330154419	43.85699510574341
44.35542297363281	44.53688049316406
61.81214904785156	66.01730918884277
53.19529628753662	54.533257484436035
48.482394218444824	48.97501468658447
50.596160888671875	50.88793754577637
61.97324752807617	61.829240798950195
65.15974617004395	64.7933349609375
41.806607246398926	46.25566005706787
55.73716163635254	58.390119552612305
46.422451972961426	44.27800369262695
48.57970333099365	55.94078969955444
59.85873985290527	51.684024810791016
52.50288963317871	52.42526435852051
54.470412254333496	53.21888828277588
58.05838584899902	54.77051258087158
44.74083709716797	47.1351842880249
58.17143154144287	54.79847049713135
41.494975090026855	46.455936431884766
69.79438734054565	67.71706581115723
59.21957588195801	60.094282150268555
49.141740798950195	52.04268455505371
72.37393188476562	66.22492980957031
63.434810638427734	66.33948516845703
45.11405658721924	42.497437953948975
46.825814723968506	48.25009298324585
55.62147665023804	57.12062644958496
59.476014137268066	60.59788227081299
55.80187129974365	55.34289884567261
49.45674133300781	48.03451919555664
54.54460144042969	55.310874938964844
66.22077465057373	65.28716850280762
51.72323989868164	45.60313320159912
66.13510131835938	66.82822227478027
51.01504135131836	51.63847351074219
58.69838905334473	56.703969955444336
59.259453773498535	56.81682777404785
58.92088794708252	54.998061180114746
48.0142822265625	53.622161865234375
35.41797637939453	30.395665168762207
58.60777473449707	58.846784591674805
60.79766654968262	65.61922550201416
53.41054344177246	55.71771812438965
57.53198432922363	52.711493492126465
38.995442390441895	44.02855396270752
62.1580867767334	57.692054271698
65.08604907989502	57.73435878753662
71.96501970291138	69.88229513168335
65.02944087982178	62.62297582626343
55.770978927612305	53.0537166595459
54.685253620147705	57.20047473907471
55.571868896484375	49.99141502380371
49.81917428970337	55.76608610153198
42.53129482269287	39.75828170776367
48.566829681396484	46.42095184326172
67.80073547363281	68.49298095703125
52.26515293121338	53.26069355010986
45.798866271972656	44.49610233306885
54.300676345825195	54.58362007141113
38.307204246520996	47.09415912628174
48.981571674346924	49.466843128204346
48.63064384460449	49.080265045166016
60.006629943847656	58.99079132080078
52.42788505554199	53.24531936645508
52.087486267089844	52.15112113952637
45.154189109802246	44.087422370910645
55.810997009277344	58.59535312652588
49.03167915344238	47.32577991485596
48.55345344543457	50.11263656616211
60.43652057647705	61.51200485229492
44.562071800231934	47.68369960784912
48.68577003479004	49.37206268310547
39.67361068725586	45.67661190032959
50.64949607849121	50.54633903503418
55.8405818939209	59.16569709777832
50.6762900352478	51.306811809539795
65.52751445770264	62.989325523376465
64.42724609375	64.38105773925781
42.632975578308105	40.85498809814453
50.76355838775635	54.08015298843384
62.72694396972656	65.19831085205078
49.4432487487793	52.545249938964844
44.8344612121582	48.82918357849121
51.775978088378906	52.191147804260254
74.3820858001709	71.88694953918457
43.52329730987549	43.24542045593262
43.4272985458374	43.41536235809326
45.430298805236816	46.966922760009766
51.96685981750488	51.63625144958496
49.33382034301758	53.33814811706543
55.84414100646973	53.4484920501709
56.556955337524414	56.089107513427734
42.03320503234863	45.15544891357422
59.296196937561035	66.70135307312012
49.06930160522461	54.022138595581055
59.71439266204834	54.08408832550049
47.92285919189453	42.38355255126953
50.01512145996094	50.322166442871094
42.46083164215088	42.936944007873535
50.34766960144043	49.24118614196777
58.98379135131836	57.90988540649414
47.51609802246094	49.497453689575195
62.99556541442871	64.6684341430664
47.124046325683594	42.63640880584717
52.90520668029785	57.71210289001465
39.65695142745972	43.68889808654785
41.82492733001709	41.1386775970459
61.18485641479492	61.43406295776367
54.81996965408325	59.54584217071533
49.42218017578125	51.39349365234375
44.306010723114014	48.38194179534912
50.6202392578125	48.94951057434082
60.73066520690918	57.18203544616699
52.672271728515625	48.910841941833496
54.81373310089111	55.2301549911499
48.96579551696777	50.17209434509277
48.47937059402466	48.813246726989746
57.777350425720215	58.94705677032471
59.15252876281738	56.26175498962402
48.82213544845581	47.55571794509888
50.73025703430176	52.03129291534424
53.242173194885254	56.502408027648926
44.284095764160156	47.61463165283203
51.198503494262695	50.59748840332031
56.05171012878418	55.70520353317261
51.19283056259155	51.30848741531372
58.01554489135742	61.684730529785156
72.28459167480469	72.6477108001709
56.89211654663086	60.27608585357666
59.43242168426514	58.8287296295166
53.034889221191406	55.71510314941406
47.83251762390137	49.23239707946777
56.734209060668945	57.315470695495605
57.31842613220215	56.61946678161621
57.24704456329346	57.92691993713379
53.27774620056152	57.82331657409668
62.197224617004395	58.99727153778076
45.95676898956299	48.19393730163574
54.88180160522461	52.131792068481445
38.64173984527588	35.56995677947998
48.195555686950684	48.33197069168091
47.24266052246094	53.45107555389404
50.11720275878906	54.460527420043945
60.45205116271973	59.41595268249512
46.47856521606445	44.45076084136963
48.17655372619629	50.19217300415039
53.457223892211914	51.50954818725586
47.544814109802246	46.934414863586426
58.250022411346436	54.398258686065674
55.097951889038086	54.80584144592285
54.35221195220947	55.64926767349243
49.67956352233887	52.43009376525879
53.10800743103027	53.65821647644043
46.45122528076172	45.53652763366699
58.946290016174316	53.528995513916016
67.0199384689331	69.60188007354736
54.04317283630371	52.773027420043945
43.81869316101074	42.634477615356445
63.280029296875	63.9343376159668
61.07417106628418	60.45242500305176
46.69335174560547	49.367881774902344
46.870055198669434	48.72693061828613
38.89356708526611	43.6659893989563
48.33403015136719	46.60489368438721
52.909000396728516	56.85158729553223
45.215559005737305	44.84413146972656
63.42874717712402	65.74172973632812
48.41486978530884	43.54680776596069
58.165016174316406	58.631126403808594
50.948381423950195	44.46840763092041
39.620781898498535	41.0592041015625
59.30247688293457	57.80303192138672
53.046220779418945	52.25340270996094
58.27508497238159	60.41238498687744
38.436293601989746	41.05624198913574
59.18203926086426	57.49215888977051
63.68632507324219	56.449270248413086
50.025553703308105	50.858497619628906
74.56319522857666	77.22487163543701
71.2510633468628	72.48071098327637
61.74730110168457	54.9863486289978
56.67227840423584	57.63594675064087
51.87072992324829	53.916160583496094
51.9603967666626	50.836730003356934
70.10429191589355	65.36087608337402
54.14889335632324	55.73775100708008
52.38159942626953	52.580501556396484
51.0487060546875	52.40415000915527
48.10602378845215	51.57742881774902
38.19188976287842	40.07676601409912
53.029279708862305	52.40750789642334
66.10407257080078	63.491872787475586
51.421709060668945	49.499969482421875
45.3464412689209	49.36581611633301
54.954989433288574	56.01144218444824
54.75062370300293	52.35667419433594
51.84930610656738	47.57350158691406
43.35102081298828	45.17310047149658
74.2221450805664	70.78257751464844
38.547926902770996	39.221428871154785
49.467984676361084	49.79439401626587
51.64420938491821	49.124595642089844
42.419819831848145	48.15657615661621
51.95606231689453	47.9075403213501
51.527042388916016	49.64034080505371
49.872793674468994	46.77068328857422
59.20851802825928	53.4097638130188
49.18628215789795	46.402058601379395
49.059579849243164	52.43012809753418
44.255547523498535	43.926283836364746
55.7817907333374	54.70829486846924
46.384382247924805	49.05057430267334
55.44766044616699	54.83886909484863
49.31967544555664	49.85347938537598
53.7094202041626	59.23884582519531
56.231688022613525	55.629053592681885
49.271416664123535	42.56922721862793
68.74963092803955	65.49023723602295
54.0767765045166	51.59731388092041
55.882667541503906	57.04164505004883
54.17644500732422	52.67509460449219
52.84500789642334	55.814735412597656
45.20845127105713	48.617191314697266
52.37599182128906	53.46437644958496
56.973700523376465	57.67304229736328
46.54191017150879	50.199270248413086
54.16361331939697	51.94631099700928
54.61906719207764	54.03617334365845
50.05440330505371	57.350114822387695
57.053871154785156	53.959479331970215
58.709089279174805	56.73699760437012
49.834388256073	52.12377309799194
55.04653358459473	57.48580741882324
44.43070411682129	45.80596923828125
58.37354850769043	51.5288028717041
55.400179862976074	59.69908332824707
67.76763725280762	65.5660629272461
38.03034210205078	37.155043601989746
65.26520538330078	59.38758087158203
51.696914196014404	45.05716609954834
53.203805923461914	47.457369804382324
44.28703022003174	48.297340393066406
55.43431091308594	55.38855171203613
66.76455879211426	65.3616361618042
46.19307327270508	45.74430799484253
46.197389125823975	48.08977556228638
43.092660903930664	44.53351974487305
54.95869445800781	50.65815210342407
47.61752414703369	49.88071060180664
66.95211982727051	69.38664817810059
49.45515060424805	49.505362033843994
49.79974365234375	47.655884742736816
53.86772346496582	54.85051345825195
61.46147346496582	54.087364196777344
50.942811489105225	45.597832679748535
53.43870735168457	55.114980697631836
51.89757966995239	49.80087614059448
49.272499561309814	44.479185581207275
55.24167823791504	55.463579177856445
60.13272476196289	61.66149139404297
54.856525897979736	57.524420738220215
54.592947006225586	56.45809364318848
62.16119956970215	63.0553035736084
49.44412565231323	48.38649129867554
49.71438217163086	48.03743934631348
59.13128471374512	58.726335525512695
37.056612968444824	40.96149444580078
59.90320014953613	53.98445987701416
45.92838764190674	49.795949935913086
55.51498556137085	55.340712547302246
58.43430805206299	56.76332187652588
46.69555950164795	47.55117702484131
47.53385543823242	50.26289463043213
56.74057388305664	57.106544494628906
58.97098159790039	63.022857666015625
52.10713052749634	53.73388671875
62.818050384521484	61.440147399902344
43.113694190979004	46.586642265319824
44.47488784790039	39.4175386428833
55.25372314453125	57.31757736206055
54.36940956115723	48.62176322937012
53.69007682800293	52.95197296142578
62.82526969909668	59.1622953414917
63.674543380737305	65.14936637878418
52.488547801971436	52.24950361251831
49.89839506149292	54.42297124862671
61.66193962097168	63.55850028991699
47.65382480621338	48.941946029663086
67.91101360321045	69.10698890686035
44.66240882873535	46.347031593322754
54.42029571533203	51.39049530029297
50.356056213378906	53.039344787597656
51.55159950256348	46.25083923339844
50.46496391296387	50.66244602203369
50.792677879333496	56.959187507629395
48.79684925079346	49.16445732116699
54.81805372238159	59.457709312438965
51.529775619506836	54.57800102233887
52.6512393951416	55.21677589416504
43.19066619873047	46.218109130859375
61.50728225708008	62.61473846435547
50.05659484863281	47.99791717529297
60.73222017288208	61.28633451461792
60.33071279525757	59.8043646812439
59.98685646057129	56.86200714111328
49.76890182495117	51.659637451171875
52.590431213378906	51.87390899658203
46.9821252822876	49.9097957611084
54.305076599121094	46.61047840118408
41.75042152404785	37.74859666824341
61.614166259765625	61.919883728027344
49.76707363128662	54.168556213378906
54.78829765319824	53.09044647216797
40.252885818481445	45.007567405700684
45.73808193206787	44.97156620025635
59.74666118621826	61.26134204864502
51.13898277282715	52.18757629394531
51.56393623352051	51.477333068847656
55.797672271728516	60.074706077575684
56.8736686706543	53.739383697509766
69.08721923828125	63.071908950805664
53.30042839050293	57.54081916809082
53.50202178955078	54.241493225097656
40.62875270843506	44.01275634765625
34.95024490356445	34.250624656677246
40.10731601715088	39.24755573272705
43.45296382904053	44.74133491516113
47.26734018325806	48.98715925216675
52.65717315673828	51.62837791442871
56.03415870666504	56.31211280822754
48.864606857299805	50.395751953125
55.527252197265625	57.49470043182373
49.168561935424805	49.42957305908203
49.42536020278931	52.190176486968994
54.67174530029297	57.62664794921875
57.94376564025879	56.324100494384766
45.65816402435303	42.543734550476074
70.87756156921387	64.26142692565918
55.62757873535156	58.21446418762207
50.60725212097168	49.75588798522949
52.815467834472656	54.73000144958496
62.914255142211914	59.982765197753906
53.754180908203125	56.01937294006348
47.89017200469971	47.186994552612305
49.76338195800781	59.744998931884766
57.6185359954834	54.25238800048828
46.625375747680664	50.75217247009277
53.05465221405029	51.21629238128662
53.097647190093994	55.18775177001953
44.32405185699463	49.674201011657715
42.164716720581055	41.206231117248535
57.034996032714844	57.29169273376465
58.957417488098145	63.11170482635498
44.42176342010498	46.17332935333252
52.50283432006836	56.81298065185547
52.32648801803589	54.30750131607056
37.14375019073486	39.39368486404419
54.791175842285156	53.73259735107422
72.60614490509033	77.30737495422363
49.263033866882324	49.4959020614624
62.481783866882324	61.50730228424072
46.32007598876953	42.72556686401367
45.78016662597656	47.66389560699463
45.75605392456055	48.88611602783203
45.30842113494873	41.55911636352539
47.80605411529541	52.18360424041748
57.65742301940918	54.02172660827637
60.840935707092285	60.81986427307129
52.376068115234375	51.00825500488281
50.65536117553711	53.340065002441406
42.07415580749512	44.615211486816406
47.67417812347412	47.3909912109375
56.83148193359375	55.23713684082031
44.315290451049805	47.09456443786621
49.712493896484375	43.41591739654541
43.719305992126465	48.266844749450684
53.1683235168457	54.74728202819824
60.92555809020996	61.504743576049805
54.399681091308594	57.10261821746826
53.93964385986328	53.88405418395996
45.598915100097656	44.77857971191406
51.39874458312988	49.300498962402344
50.34678268432617	50.32737922668457
70.56254577636719	65.4646224975586
51.36062049865723	55.25335693359375
58.05455303192139	59.65731334686279
42.56350517272949	42.039852142333984
69.15412902832031	69.57563781738281
46.50671863555908	43.52002477645874
43.510985374450684	48.825578689575195
53.18723487854004	56.44951057434082
65.59608459472656	67.46182250976562
58.26992225646973	59.76004600524902
63.14323425292969	62.97911071777344
58.54171371459961	61.54400825500488
38.5148549079895	40.40281295776367
55.742674350738525	53.509342193603516
47.234084129333496	49.16320610046387
46.242990493774414	46.94613456726074
58.62245750427246	59.11966896057129
61.50663185119629	64.6043529510498
62.2579870223999	59.90834045410156
56.773841857910156	54.132694244384766
58.31933879852295	58.425028800964355
52.08412170410156	58.5201530456543
54.88871765136719	59.09009552001953
58.48380184173584	55.82670831680298
52.33623504638672	49.8460693359375
56.17254066467285	55.71895408630371
43.3914852142334	41.125802993774414
53.604257583618164	56.481468200683594
47.059876441955566	54.855852127075195
51.610039710998535	50.00863790512085
49.52953338623047	53.96623134613037
49.167022705078125	49.49984550476074
50.36176300048828	47.51555156707764
53.03793525695801	54.30496788024902
60.4196138381958	58.28470516204834
53.175496101379395	54.86090850830078
70.96778869628906	67.06922149658203
52.744481563568115	55.57929611206055
53.545982360839844	54.562957763671875
50.8509464263916	56.54425048828125
60.224008560180664	60.68763732910156
50.08772373199463	51.393232345581055
64.85516357421875	67.60697174072266
51.948232650756836	47.14513301849365
59.23514747619629	61.47232151031494
49.76836967468262	53.61887168884277
55.72469997406006	54.35346698760986
75.59922695159912	74.363694190979
45.091938972473145	49.14149284362793
58.81244087219238	59.34777355194092
55.070876598358154	56.23883056640625
49.14606285095215	50.37417411804199
45.691657066345215	47.4752140045166
54.71451997756958	53.94394826889038
59.720558166503906	58.043134689331055
58.095754623413086	59.02386474609375
53.49831581115723	53.082380294799805
68.83445739746094	66.0363540649414
44.81904649734497	43.14774990081787
52.419567584991455	55.947936058044434
50.01960277557373	46.03278636932373
50.981727600097656	53.206634521484375
55.79098320007324	59.25937843322754
59.07858467102051	58.53907012939453
59.82038116455078	59.56671142578125
54.81546878814697	55.2882719039917
44.939452171325684	46.922698974609375
57.136287689208984	59.04403495788574
52.381102085113525	49.228416442871094
52.46139335632324	55.55239677429199
53.562326431274414	58.60897636413574
58.234365463256836	54.79555320739746
45.49027442932129	45.77425479888916
61.25522804260254	59.18529510498047
50.88760185241699	48.726945877075195
48.176673889160156	45.944146156311035
46.11855983734131	46.680331230163574
50.96862030029297	56.755502700805664
46.812904357910156	43.795921325683594
71.0241756439209	71.03981018066406
61.026275634765625	56.936927795410156
55.78680610656738	50.357025146484375
47.62478828430176	50.46496868133545
59.36091613769531	65.91596031188965
67.95188903808594	65.69060516357422
50.095144271850586	51.57359504699707
57.31000995635986	58.502647399902344
53.15465450286865	55.8662486076355
55.683088302612305	52.377370834350586
54.23809051513672	57.60354137420654
47.60698080062866	48.83785009384155
50.65674018859863	50.50426483154297
56.36074924468994	61.28042125701904
77.35137128829956	75.1344313621521
48.783599853515625	48.274492263793945
