81.84423446655273	77.45163917541504
82.70241785049438	82.08215093612671
76.10074520111084	72.6519250869751
82.08356857299805	77.11830139160156
60.87513256072998	50.1795129776001
44.2181715965271	40.34728193283081
83.10309219360352	78.07441806793213
83.61021995544434	75.6652307510376
67.91043090820312	61.87097930908203
76.99676370620728	70.76798915863037
70.92745113372803	59.650251388549805
81.58719730377197	78.08855390548706
68.67869472503662	66.08924961090088
72.53547763824463	67.65152215957642
63.48793888092041	53.256813526153564
66.91625118255615	62.53607749938965
85.9737491607666	85.67706108093262
70.80004692077637	58.887672424316406
70.74130249023438	68.92151641845703
79.62519645690918	69.24421787261963
64.89195251464844	64.41950988769531
75.03958129882812	69.54470825195312
89.30857276916504	87.9458909034729
53.2138786315918	54.56875991821289
74.98248100280762	70.57046413421631
76.45895576477051	69.380606174469
77.43807792663574	64.74901676177979
66.3198471069336	64.7745590209961
61.76392364501953	60.28770065307617
61.069034576416016	53.83226776123047
81.50187873840332	79.0848445892334
59.693031311035156	53.830074310302734
80.45111894607544	74.34108448028564
83.56196403503418	79.30785179138184
66.34932708740234	64.56953430175781
66.19804382324219	59.85500717163086
67.23738098144531	68.91121673583984
56.95448970794678	47.57076644897461
68.54443502426147	60.588797092437744
79.7779426574707	62.49382209777832
51.69879913330078	47.35767364501953
68.25970458984375	59.285301208496094
76.34957313537598	70.31010627746582
98.6777753829956	96.55277967453003
60.40356159210205	49.11934471130371
81.6846375465393	80.39558553695679
75.66323661804199	64.47641658782959
61.220558166503906	53.63503646850586
64.2872257232666	58.87398433685303
126.70740509033203	120.8918080329895
71.28680419921875	68.6259765625
58.04601287841797	57.33541488647461
61.02132987976074	55.00740718841553
108.59253072738647	106.29390335083008
82.83516883850098	75.0609827041626
76.07792854309082	75.10301113128662
59.94580841064453	53.112220764160156
73.53174686431885	63.92026424407959
75.7093620300293	66.92436790466309
58.58759307861328	52.91817092895508
87.25308227539062	87.03048086166382
72.33928680419922	63.854942321777344
51.87661361694336	47.34464645385742
75.82731914520264	73.21512222290039
71.79446601867676	69.88099813461304
76.24331474304199	67.03677177429199
57.88396167755127	50.12625074386597
89.5286808013916	77.16069602966309
58.18265151977539	55.04437255859375
69.16443634033203	70.76628875732422
65.24376678466797	63.31979751586914
73.30713653564453	70.85368347167969
73.95590400695801	72.47434043884277
61.388850688934326	55.81745195388794
72.92846488952637	66.77945137023926
74.89009952545166	69.23152256011963
87.50996589660645	81.0743350982666
57.00498104095459	58.77926826477051
94.54159355163574	95.2371826171875
65.61319065093994	49.43789720535278
66.92208909988403	64.18952751159668
66.30734252929688	65.21382141113281
62.12474822998047	59.642730712890625
65.42933464050293	58.96319818496704
71.09419250488281	67.5173568725586
64.87602996826172	62.8116569519043
72.20925903320312	71.0532455444336
75.14878845214844	74.10384368896484
84.08524131774902	79.29498481750488
68.41056823730469	64.69152927398682
66.85365200042725	61.15872144699097
57.722190856933594	53.180625915527344
72.77531623840332	72.50106811523438
83.13870906829834	82.45951747894287
74.28618621826172	73.80613708496094
66.06632280349731	64.55798149108887
84.4358229637146	75.02954816818237
96.00506973266602	89.12008666992188
75.2878303527832	68.47482204437256
78.10523891448975	65.70809888839722
79.80030155181885	71.73188638687134
65.02572011947632	53.816588401794434
66.72574710845947	57.06418561935425
65.97504615783691	58.53036689758301
67.54720306396484	68.92446899414062
68.47331142425537	60.61821985244751
90.68084335327148	79.9912748336792
80.44876098632812	75.18621826171875
83.35081672668457	77.01955032348633
60.2453498840332	54.34165573120117
70.70970153808594	66.1086654663086
83.43641567230225	83.51884746551514
69.35847282409668	67.8171443939209
83.27553749084473	80.50032043457031
88.84585380554199	86.55274391174316
73.63623332977295	72.61075401306152
60.24117422103882	59.12801456451416
67.28043937683105	66.03547859191895
76.975998878479	65.10618686676025
79.817214012146	64.3276309967041
58.292659759521484	57.485748291015625
56.125770568847656	44.8698616027832
85.22473239898682	77.03997802734375
83.00994968414307	82.47085762023926
79.28262567520142	79.20530605316162
76.33735084533691	65.04374027252197
62.982943534851074	56.502641677856445
59.638110637664795	58.89776945114136
72.74747371673584	65.75220394134521
73.86764144897461	62.02268886566162
58.19645881652832	54.10350465774536
74.33145904541016	65.90263366699219
71.38318634033203	65.68968915939331
69.32145690917969	59.98280334472656
67.36779689788818	61.70706272125244
57.44615364074707	59.373395919799805
54.170936584472656	45.66322326660156
68.62093925476074	60.02415657043457
91.70732116699219	87.32754707336426
66.35551452636719	57.28137969970703
70.15258026123047	70.4579701423645
86.64191436767578	77.82681083679199
73.69255065917969	64.43114280700684
75.41810035705566	72.15905666351318
68.31200981140137	67.144296169281
62.26144313812256	66.00418090820312
60.97731828689575	56.376887798309326
61.98662567138672	53.86756467819214
91.39832162857056	90.25854539871216
69.1034107208252	59.25508117675781
67.64873600006104	57.02722692489624
61.55710029602051	55.254239559173584
75.3366551399231	72.17497444152832
66.3441309928894	63.7651162147522
76.39202499389648	75.0770902633667
67.595534324646	57.271714210510254
64.01692199707031	57.84233856201172
55.63304901123047	48.31488752365112
69.36852931976318	58.936076164245605
67.8879623413086	59.76395797729492
76.2478723526001	66.00384664535522
68.3633279800415	62.49687337875366
80.21184587478638	77.97624349594116
79.54754734039307	72.69646453857422
63.36522674560547	59.36952495574951
68.63481903076172	59.127159118652344
69.13832902908325	67.63327932357788
55.382667541503906	54.68021774291992
65.57546997070312	57.78331804275513
76.88587188720703	70.80037117004395
64.04297590255737	62.46669960021973
74.15738534927368	74.66299200057983
101.14865016937256	97.722825050354
79.89669275283813	69.95060729980469
76.7043685913086	67.79037666320801
73.23386764526367	63.35887956619263
82.54227447509766	74.24999141693115
58.412601470947266	50.13752365112305
69.34374332427979	62.196664810180664
62.48784255981445	52.31678009033203
70.91283321380615	64.0395736694336
76.78204536437988	68.46724891662598
65.75688171386719	62.62981033325195
66.60361433029175	58.097939014434814
68.78390312194824	69.80488777160645
92.69813346862793	92.60765361785889
71.89617919921875	61.44290542602539
87.48902750015259	79.88121938705444
79.82440280914307	75.50151443481445
66.28892517089844	58.12351989746094
77.99782276153564	63.619118213653564
60.581024169921875	50.041717529296875
68.72599029541016	61.742347717285156
68.50256252288818	61.56365346908569
71.23876333236694	71.49955129623413
99.45625972747803	99.40980815887451
72.14225578308105	62.65974140167236
72.43417453765869	58.04958200454712
57.10100555419922	53.695072174072266
66.91850423812866	66.13326501846313
63.17018127441406	60.344505310058594
71.94976043701172	63.1967887878418
60.86958408355713	55.75910997390747
61.58113956451416	57.02061176300049
66.04302978515625	62.83296203613281
57.9781494140625	50.67335271835327
69.36090850830078	65.1766128540039
67.08467817306519	63.444740295410156
58.27461814880371	54.07992601394653
70.77040672302246	66.08625888824463
71.19550466537476	69.85366201400757
59.386470794677734	55.43952178955078
75.19617176055908	65.56873226165771
63.29309844970703	49.15332794189453
70.46496391296387	69.56366062164307
93.03979682922363	92.9707088470459
66.64513492584229	61.725435733795166
65.36157131195068	63.23092317581177
56.352128982543945	52.264413833618164
78.59323310852051	68.90707969665527
71.15155792236328	67.45341491699219
49.45796585083008	45.36909866333008
71.61319780349731	61.52703857421875
73.4335708618164	66.43131256103516
70.85830688476562	68.22370147705078
68.78842163085938	66.08355760574341
68.25907135009766	67.8540267944336
86.31892204284668	76.6827392578125
73.13711071014404	70.17094373703003
69.57206726074219	63.52888488769531
68.51992177963257	72.89071655273438
76.20173835754395	64.89663505554199
95.99830055236816	86.17945861816406
85.57971000671387	80.09977340698242
69.00479125976562	62.938724517822266
87.30656242370605	79.8219223022461
75.01518249511719	71.38156127929688
59.475128173828125	54.511756896972656
80.99146842956543	70.4386043548584
65.24529457092285	64.49053287506104
84.21363592147827	83.36850690841675
66.88159847259521	56.777215003967285
44.70770215988159	41.73573160171509
63.24280548095703	58.296104431152344
66.329505443573	60.72164583206177
58.00755500793457	49.32583236694336
61.63094997406006	62.050846099853516
65.64314842224121	64.08914089202881
53.75838232040405	52.64122295379639
83.72976303100586	86.52153968811035
68.86231994628906	67.43350219726562
67.31952667236328	60.091712951660156
70.43972682952881	68.16046714782715
85.19355869293213	73.71959209442139
66.04038333892822	61.801127433776855
78.60162448883057	72.60157012939453
72.15756416320801	70.31561851501465
67.74869441986084	64.7673397064209
72.58486747741699	60.73345184326172
62.071213245391846	56.44036817550659
64.95208072662354	68.7027006149292
71.0132884979248	70.50859928131104
77.041916847229	68.8866662979126
76.5523738861084	72.67739725112915
72.66543579101562	67.70271301269531
69.344407081604	65.68318319320679
61.320518493652344	57.964637756347656
77.57511520385742	68.2867112159729
70.25989532470703	64.25358581542969
84.20709609985352	86.35624885559082
65.96049356460571	69.28219699859619
103.8347315788269	100.7888731956482
73.82171630859375	66.24308109283447
64.35831356048584	57.09874105453491
60.50830841064453	55.993656158447266
55.47212219238281	52.648048400878906
64.2187271118164	64.49981832504272
100.39657688140869	102.10090827941895
74.5085563659668	67.76000261306763
60.58484649658203	54.930908203125
103.23958969116211	100.52568054199219
81.76735877990723	72.43100166320801
52.379098892211914	46.57775402069092
95.54057025909424	95.5575180053711
67.47871398925781	54.96228218078613
65.66836547851562	63.61490249633789
62.83993434906006	54.77166938781738
57.691420555114746	58.77740669250488
67.14073848724365	70.4783935546875
75.10433292388916	63.360952377319336
69.5698413848877	68.48449516296387
62.29114532470703	62.97999382019043
76.54131889343262	68.11131477355957
71.28565979003906	65.87709045410156
59.6079797744751	60.009324073791504
61.95756483078003	55.955716609954834
66.0742416381836	58.293792724609375
84.03447532653809	79.97068691253662
79.99321460723877	66.25831747055054
71.18284702301025	64.74867343902588
75.73766899108887	66.26748847961426
64.65447235107422	55.85938262939453
50.36992263793945	47.91627883911133
65.23355865478516	64.55387115478516
85.43083047866821	84.29261636734009
90.7517204284668	85.2201075553894
73.42421531677246	73.28810214996338
61.66956901550293	61.152374267578125
77.30775356292725	76.34163856506348
63.78897285461426	60.299560546875
68.30545663833618	56.31056213378906
63.811140060424805	63.15579414367676
55.42679214477539	48.011383056640625
86.8501091003418	80.35042762756348
60.82996368408203	48.62289810180664
56.59309959411621	47.958120346069336
67.48382568359375	64.0841817855835
87.02799797058105	82.86460876464844
83.50003957748413	79.31524801254272
61.93931198120117	55.34568786621094
74.38135528564453	66.50788879394531
76.81552076339722	65.89858388900757
92.72119045257568	89.53004121780396
75.33863067626953	75.61822414398193
72.19562530517578	70.72196960449219
85.52370643615723	72.33007907867432
80.28861808776855	71.45252895355225
93.35510444641113	84.92158603668213
73.0713939666748	62.16201305389404
70.93673801422119	69.04051065444946
66.51389122009277	66.21990823745728
69.03601741790771	62.70416736602783
71.63904762268066	64.27463722229004
73.89963626861572	69.0117883682251
43.667293548583984	42.293052673339844
73.52534866333008	67.96464443206787
66.87141466140747	54.946545124053955
74.47667694091797	67.37422370910645
75.45211887359619	66.13871669769287
84.98390007019043	78.11618041992188
74.56221771240234	63.586180686950684
67.18335771560669	60.35702419281006
84.72482681274414	72.74988651275635
62.9678430557251	66.48098754882812
64.39618635177612	59.03910255432129
69.57055568695068	62.58708953857422
67.97566223144531	58.75471496582031
84.0690803527832	84.81040000915527
83.99695634841919	79.51463174819946
61.04661798477173	61.49007511138916
66.78746032714844	67.4164047241211
57.395484924316406	56.622276306152344
61.880935192108154	60.714290142059326
75.06426095962524	75.74289655685425
76.41545677185059	75.23908710479736
62.87494897842407	57.66162729263306
54.49488878250122	55.03077554702759
72.1624345779419	62.25253486633301
81.26780891418457	77.67351150512695
77.906174659729	70.07743835449219
63.56973123550415	63.03785562515259
95.10037994384766	85.52002716064453
61.18473243713379	50.99631643295288
61.17105293273926	64.30000305175781
82.32890510559082	76.6087589263916
76.1345386505127	72.96212768554688
69.04390716552734	65.96916198730469
79.19390678405762	64.45813655853271
62.64469909667969	58.542724609375
73.21174621582031	73.32191467285156
80.57266616821289	78.26581192016602
93.4124813079834	92.59269762039185
76.70332145690918	72.2592716217041
97.54988241195679	99.7630386352539
64.26333618164062	59.96296691894531
68.82302856445312	67.59571838378906
76.91750526428223	69.9530029296875
70.92978000640869	63.95524024963379
64.13832092285156	60.23506736755371
92.55808925628662	87.24960136413574
64.69129371643066	66.36988878250122
63.168514251708984	57.55992126464844
79.48774480819702	78.89318990707397
66.50848388671875	55.81336212158203
56.90925312042236	55.213059425354004
68.60336208343506	64.19590902328491
82.80924797058105	73.0318832397461
63.8193097114563	55.59528350830078
59.998924255371094	59.13912582397461
76.9427490234375	71.7626781463623
72.28362894058228	65.47294569015503
75.28531551361084	67.82006740570068
62.59036874771118	65.32015800476074
73.99073600769043	66.55992984771729
65.80313110351562	58.440757751464844
74.73151016235352	75.45976638793945
57.93998050689697	55.641902446746826
63.689141273498535	55.77048206329346
67.21084594726562	65.83244323730469
67.63027286529541	62.87693977355957
79.39574384689331	70.77440404891968
58.63238525390625	55.05916786193848
72.74465847015381	62.2912015914917
64.09911346435547	63.84613037109375
78.72611045837402	72.19309329986572
61.12544631958008	59.10719299316406
59.42696571350098	50.21091270446777
73.25818634033203	65.0100326538086
76.62138175964355	76.7265157699585
85.74081182479858	76.88534784317017
74.13467407226562	65.09937286376953
73.60792636871338	69.46618556976318
71.43071937561035	66.82482147216797
63.556583404541016	62.618099212646484
66.27918243408203	63.80553722381592
65.2291030883789	57.868896484375
51.42014217376709	50.39496850967407
65.62783718109131	61.985984802246094
83.37932109832764	73.31445407867432
80.5879020690918	78.5699462890625
70.15152025222778	70.11251878738403
59.5305290222168	55.167579650878906
62.92802810668945	48.74823760986328
68.58615112304688	64.25067901611328
80.80595016479492	79.83299255371094
64.60502624511719	55.14061737060547
83.89013767242432	88.7133378982544
69.68780708312988	60.683571338653564
83.92518997192383	72.75020599365234
71.5294189453125	61.08620071411133
68.92240905761719	66.2109146118164
73.58646011352539	76.22607135772705
59.48955249786377	56.69301986694336
62.87412071228027	64.68599796295166
91.28210926055908	86.80710029602051
62.54215908050537	56.71587085723877
66.49722290039062	68.92000436782837
69.22227430343628	62.38204908370972
66.4651870727539	58.92860412597656
70.31986999511719	66.82682800292969
65.01851463317871	58.80826950073242
69.78472805023193	68.61970806121826
89.5488600730896	82.4728536605835
68.53617811203003	62.68239641189575
77.6289529800415	72.80265808105469
77.91064453125	73.50720405578613
65.31827449798584	62.940611839294434
80.3371410369873	73.98843383789062
64.12906646728516	56.44500732421875
85.0743579864502	70.70955753326416
85.19883155822754	79.24107551574707
81.42212533950806	81.77818059921265
70.2318344116211	61.279624938964844
64.90276336669922	56.48027515411377
73.45188617706299	67.56159210205078
67.89835929870605	65.83611965179443
76.78313255310059	69.11515712738037
91.8596019744873	88.11680603027344
59.52288818359375	57.334468841552734
90.06856918334961	84.97969627380371
67.58536529541016	60.64381790161133
59.6961669921875	53.38340759277344
67.56214141845703	63.33085632324219
73.14213180541992	68.56770372390747
84.41239786148071	83.61154365539551
71.78441047668457	64.92157745361328
87.69830703735352	77.86172389984131
56.04233264923096	55.61659336090088
53.0527982711792	44.97429370880127
73.13358879089355	70.56562900543213
69.39208984375	63.649020195007324
62.674306869506836	59.611464500427246
80.86984634399414	76.02616786956787
71.94508218765259	68.21589088439941
63.45334482192993	55.72150182723999
64.43724822998047	52.37221908569336
86.45851182937622	87.63283014297485
59.89499568939209	55.427406787872314
60.837120056152344	55.236324310302734
82.88311529159546	78.83868169784546
67.51671552658081	59.39114999771118
64.26954746246338	63.87963151931763
53.42314147949219	53.43619918823242
81.69793224334717	78.91296672821045
88.91908836364746	89.59438133239746
53.31676197052002	46.154603004455566
79.86590194702148	74.68049240112305
87.40525102615356	84.26484489440918
69.23926734924316	63.9224853515625
68.30883836746216	64.51077890396118
69.12850856781006	66.99865818023682
65.61372184753418	60.68399667739868
62.524675369262695	55.447176933288574
70.34414005279541	55.8884654045105
96.69107437133789	93.35808563232422
67.95615577697754	70.79659366607666
84.0025863647461	80.41415405273438
64.45307064056396	58.68625259399414
66.16488838195801	68.34532690048218
62.462459564208984	61.31275749206543
78.42063331604004	76.72054052352905
79.1275520324707	73.72439861297607
96.73950386047363	93.95183277130127
65.59550285339355	67.2516016960144
55.161102294921875	51.39146041870117
83.38813018798828	74.33749580383301
61.890196323394775	65.96158790588379
79.30119371414185	66.1722264289856
64.6128921508789	59.52601623535156
68.94472312927246	64.70375680923462
88.4146318435669	89.32088994979858
72.18731117248535	69.30402517318726
75.43306732177734	70.55715799331665
57.85439682006836	52.421600341796875
58.51846218109131	57.59405517578125
59.47255611419678	59.715585708618164
62.75510120391846	49.67087650299072
84.89138221740723	82.84736347198486
64.77963924407959	57.95177364349365
105.32064437866211	95.57436466217041
75.03308486938477	67.75265550613403
63.806753158569336	49.08984184265137
70.98690605163574	64.62518262863159
74.23724365234375	69.2552490234375
72.01516723632812	68.03112030029297
76.8736982345581	71.10942077636719
59.55493927001953	58.71100616455078
77.39744663238525	72.32187747955322
60.78488349914551	60.68197727203369
77.97354745864868	63.32847356796265
72.37096881866455	70.30345344543457
77.67802619934082	68.62971639633179
82.92346000671387	79.60626125335693
69.47088718414307	62.857194900512695
77.18757247924805	73.91992950439453
69.20793199539185	56.456045150756836
77.03392028808594	71.59445762634277
87.12074041366577	85.93671321868896
71.39814281463623	68.64990901947021
68.8859634399414	64.61182403564453
65.5881118774414	62.6451416015625
70.15266609191895	63.03244400024414
61.63661575317383	61.217437744140625
72.9044246673584	64.3826961517334
58.410444259643555	50.696359634399414
78.36005210876465	80.30242919921875
60.68959045410156	55.17509841918945
45.477426052093506	43.87348413467407
70.35740661621094	63.90728187561035
90.18305540084839	84.73106861114502
74.65731620788574	69.98232841491699
69.72654914855957	60.44064235687256
77.9116678237915	69.46422576904297
66.72174739837646	71.54624319076538
59.9901065826416	58.313674449920654
67.66641283035278	66.56265163421631
66.30909729003906	59.84918975830078
69.26073455810547	59.85086441040039
51.63748025894165	52.12072229385376
74.15001678466797	64.97773742675781
71.90442562103271	71.7340087890625
87.67390251159668	83.8142204284668
79.14860343933105	72.79179382324219
92.33621120452881	86.78946018218994
68.40106201171875	65.45022583007812
65.28273582458496	58.096200942993164
85.83137512207031	80.50622940063477
83.00626230239868	81.35854291915894
66.34724617004395	68.8680362701416
52.14656400680542	52.512436866760254
63.14159393310547	62.74259090423584
75.13714599609375	70.92029571533203
71.30811214447021	68.79074096679688
69.00943565368652	63.330941677093506
73.94630432128906	71.66205406188965
82.12332725524902	72.33128547668457
68.55063438415527	61.11629009246826
66.60552024841309	61.94441318511963
71.33878326416016	61.18885040283203
70.14789581298828	66.17272853851318
83.41292381286621	79.88685607910156
78.77493381500244	68.64157199859619
71.81723594665527	68.57243537902832
67.11753845214844	67.40747928619385
65.23282623291016	65.99640655517578
70.01974439620972	63.81764030456543
71.45365905761719	66.96553039550781
107.9996280670166	99.62597846984863
74.28457260131836	65.292649269104
82.87164115905762	72.63930702209473
59.382232666015625	59.44444274902344
68.75517272949219	67.21593475341797
61.67178726196289	54.184814453125
63.8537654876709	65.58943128585815
71.46292304992676	72.7148666381836
59.55967330932617	56.269371032714844
56.08587646484375	47.23130416870117
62.79387283325195	60.46928405761719
81.27870082855225	76.61310768127441
68.79384422302246	57.40915775299072
68.48252964019775	59.489850997924805
94.75282859802246	91.49229669570923
75.68029117584229	70.50267934799194
73.29831504821777	72.63492393493652
78.86674690246582	77.64620876312256
79.44200134277344	72.38171434402466
88.44620323181152	89.17041873931885
73.01148414611816	68.043212890625
68.1497802734375	60.31793212890625
71.50944662094116	72.50693321228027
65.28520202636719	65.65546417236328
76.02592468261719	75.8218994140625
73.89744758605957	75.7932357788086
61.55987548828125	59.39488220214844
68.69425201416016	63.749778747558594
80.32003784179688	79.08181571960449
89.38074398040771	87.47595405578613
65.61195230484009	61.8009238243103
65.09567260742188	57.99204349517822
70.08948612213135	65.64529323577881
59.27357482910156	56.168731689453125
66.65436267852783	59.134310722351074
68.48413896560669	58.670382499694824
84.83527183532715	80.21641445159912
61.181365966796875	55.330474853515625
85.936279296875	85.7650089263916
65.78639221191406	55.212501525878906
65.59490966796875	58.53447723388672
70.00505018234253	69.14682054519653
69.13544368743896	61.31845664978027
78.19684505462646	66.52045249938965
65.93315887451172	68.15501403808594
75.25171422958374	72.10555410385132
66.22105598449707	58.870534896850586
81.35706901550293	80.00345230102539
52.66672945022583	54.276198863983154
67.52101135253906	61.27584457397461
56.817657470703125	58.01946258544922
63.05391883850098	65.2093505859375
56.296653270721436	58.3437237739563
64.94514465332031	55.101654052734375
66.27662515640259	62.50184726715088
70.89581394195557	68.7035608291626
79.48190212249756	71.03490352630615
72.93071746826172	63.7935209274292
58.569931983947754	56.56467914581299
69.73014831542969	61.837398529052734
53.928802490234375	43.96147155761719
73.23235321044922	66.37543487548828
64.59558391571045	54.45836925506592
76.10492134094238	73.77206039428711
65.39551544189453	58.8048210144043
57.02452278137207	46.33042621612549
78.45304012298584	76.60364627838135
105.27666187286377	102.23215961456299
71.4118881225586	67.30757904052734
96.79118871688843	90.7515115737915
93.31212711334229	86.58643198013306
60.1584358215332	57.81880187988281
66.56588745117188	59.05055236816406
65.74690818786621	64.6462869644165
82.20978355407715	73.41171741485596
117.91727447509766	112.21166229248047
66.13601732254028	60.80189323425293
79.49703216552734	75.50611972808838
63.192813873291016	65.45616149902344
77.77213954925537	75.24767875671387
64.45010948181152	60.76434659957886
89.70491695404053	84.56327056884766
68.34837341308594	63.34803771972656
61.627662658691406	60.90468215942383
57.95581817626953	47.209510803222656
59.288578033447266	53.74918985366821
88.64700698852539	84.95677709579468
74.6821117401123	66.16658210754395
60.31382369995117	54.90557241439819
69.41116189956665	68.63221836090088
88.48501396179199	87.00334739685059
65.18113708496094	62.731014251708984
76.10037851333618	68.11161613464355
79.38257694244385	65.15756130218506
60.17391300201416	54.533042907714844
77.52553939819336	78.5354232788086
77.85085201263428	64.54703330993652
68.38629722595215	66.69545650482178
62.25806427001953	55.454200744628906
73.2160234451294	70.09439992904663
55.361427307128906	47.92975997924805
74.52181816101074	64.96925354003906
72.0925064086914	62.33748245239258
80.99458694458008	73.59495639801025
76.62393093109131	66.11150407791138
81.95123672485352	82.56093978881836
83.07380676269531	79.42009925842285
71.1224365234375	60.362300872802734
66.03712272644043	65.4414472579956
92.11885070800781	85.40618133544922
65.98904609680176	59.55554008483887
69.92355346679688	60.54391860961914
64.17738342285156	62.63174057006836
64.21050262451172	59.233524322509766
70.513916015625	62.84819030761719
87.00990915298462	83.52993869781494
78.12938690185547	70.40284156799316
61.80600070953369	59.960087299346924
76.45892333984375	69.98373413085938
86.21770429611206	80.06878805160522
72.18598937988281	59.13846969604492
72.72782707214355	61.300432205200195
74.85599517822266	77.26065635681152
61.83917045593262	61.979355812072754
69.45149993896484	60.148277282714844
77.25342750549316	72.80667114257812
65.08871459960938	65.18185424804688
54.01882982254028	49.229063987731934
72.68350267410278	63.09942054748535
61.33573913574219	61.944026947021484
86.51889610290527	76.79990100860596
78.37234497070312	77.01195430755615
70.73937034606934	59.57734680175781
68.52046251296997	56.82427167892456
60.937299728393555	57.65200996398926
83.24207496643066	83.52891540527344
71.38009071350098	63.35385799407959
89.09415054321289	84.48772954940796
71.95526933670044	59.297006607055664
67.19354152679443	58.5755729675293
84.69534301757812	82.97666358947754
68.52424621582031	58.653228759765625
64.94359588623047	64.25495910644531
65.98651885986328	60.53140640258789
66.55725765228271	66.55584239959717
71.57166481018066	69.11070346832275
63.73141098022461	56.836334228515625
62.384087562561035	55.10803556442261
65.60273742675781	56.25148010253906
75.22318267822266	75.8030891418457
60.98973369598389	54.25482988357544
80.01881790161133	80.61648273468018
69.73616123199463	62.524919509887695
60.97630214691162	59.822991371154785
69.86235237121582	64.21546983718872
75.95057678222656	64.76053619384766
73.11085510253906	74.78177261352539
76.61086082458496	77.5442886352539
71.0597677230835	61.449339866638184
78.51750373840332	70.33486843109131
62.816192626953125	54.60225296020508
68.32294464111328	64.215989112854
84.81215620040894	82.59760808944702
67.91313314437866	58.511518478393555
70.05668592453003	60.86781978607178
84.04800224304199	82.46022033691406
81.53793334960938	73.721604347229
66.84828186035156	64.07250213623047
64.31662559509277	59.33854866027832
68.49961853027344	59.09620666503906
88.92885112762451	92.77960014343262
81.57401084899902	78.63512992858887
79.38583374023438	77.8909912109375
66.05589437484741	62.72033357620239
77.41405391693115	76.62846279144287
67.57081031799316	66.72488212585449
66.6540355682373	60.74763536453247
73.99443244934082	65.4459171295166
71.93856763839722	71.50426435470581
79.05738830566406	78.59335422515869
72.26748275756836	70.74279928207397
74.70695400238037	67.95982933044434
83.91780090332031	80.99453783035278
61.92364025115967	53.00383996963501
79.48107719421387	75.04615783691406
83.99656820297241	76.78517723083496
74.86664199829102	65.26295614242554
70.25937080383301	70.76432991027832
60.43252468109131	55.92496156692505
68.65383911132812	68.55008697509766
68.37293243408203	69.43643045425415
66.97218418121338	64.6599817276001
71.78723001480103	52.34550189971924
75.90432643890381	68.63475036621094
69.59485626220703	62.88844299316406
67.7263011932373	63.67204141616821
72.09609603881836	63.70659255981445
72.00750732421875	61.430633544921875
83.05560398101807	82.02757453918457
88.62771606445312	79.67219066619873
66.32595729827881	64.57342720031738
68.26069593429565	60.42840528488159
65.76333045959473	61.446213722229004
78.74086904525757	72.32605743408203
90.59815120697021	91.45207118988037
57.15765953063965	51.5015287399292
60.96488952636719	50.74963092803955
56.67494201660156	48.60001087188721
72.63213348388672	66.21112823486328
68.30592441558838	64.98755550384521
66.41407585144043	65.01809692382812
73.32436752319336	69.95118713378906
51.12416076660156	48.48439407348633
65.84500885009766	59.11550521850586
106.00460910797119	96.19399070739746
82.55867004394531	80.54372787475586
63.90735626220703	62.14772415161133
62.03049421310425	59.175925731658936
100.69715118408203	96.15066528320312
63.04440450668335	53.64878511428833
58.43005561828613	52.327462673187256
63.03073978424072	62.31855583190918
65.8525161743164	61.00059509277344
65.15916442871094	59.68985366821289
90.6771469116211	91.34595680236816
71.90576219558716	69.17618751525879
64.76819038391113	55.008182525634766
66.25904083251953	65.39002990722656
60.72837495803833	56.0230507850647
64.05062866210938	57.96916961669922
91.42368507385254	89.70328330993652
104.69259738922119	109.43764686584473
62.4308967590332	58.58675956726074
62.96978759765625	58.33553981781006
75.5280876159668	74.89672565460205
67.61111450195312	61.19457244873047
78.9208116531372	72.97019577026367
68.7952709197998	58.252734661102295
74.5281982421875	65.24652099609375
84.76226806640625	77.63308525085449
62.695393562316895	55.8498797416687
71.45689964294434	68.63508701324463
106.14219188690186	105.2596664428711
67.14962196350098	64.18993520736694
58.211509704589844	51.80938720703125
68.59954261779785	61.16834735870361
63.56767272949219	56.982887268066406
112.26026916503906	102.6453857421875
77.25544738769531	68.71647834777832
43.37969207763672	39.78819274902344
72.17276000976562	70.69184303283691
43.140910625457764	34.30550479888916
68.58597564697266	60.55699157714844
67.91576385498047	66.27537536621094
60.979644775390625	59.582908630371094
84.62408065795898	74.4703197479248
68.52480888366699	63.93075466156006
74.98593807220459	72.17887878417969
66.1761646270752	61.90738391876221
63.24474334716797	60.323795318603516
72.64592742919922	69.36648559570312
88.67020559310913	84.12919521331787
83.86475372314453	73.37100219726562
81.5053653717041	79.44750785827637
72.37318992614746	69.04982566833496
90.5151047706604	92.36448574066162
68.86585807800293	66.46106672286987
80.32018661499023	73.26860332489014
78.75811004638672	74.86876678466797
61.270127296447754	57.47916603088379
72.89358329772949	62.53114986419678
58.69566345214844	56.30113220214844
70.8293080329895	63.13095188140869
62.09959316253662	53.957539558410645
80.94717216491699	78.17551517486572
88.0162410736084	83.8069896697998
57.379961013793945	51.969003677368164
71.95241451263428	60.93132972717285
64.03742980957031	59.067169189453125
96.14299392700195	92.74076271057129
65.19349670410156	62.72589874267578
63.57703971862793	56.14032983779907
65.88218593597412	58.68477201461792
74.42774963378906	75.84444236755371
77.16239929199219	61.854872703552246
88.23851823806763	82.64404535293579
75.18009185791016	70.39881706237793
69.91923522949219	66.85447692871094
65.9308090209961	54.43851089477539
61.94826030731201	56.02741718292236
58.97737121582031	58.44109058380127
81.58664131164551	82.11941528320312
65.12754106521606	62.31020450592041
73.70359325408936	74.61926078796387
70.3378963470459	63.12727451324463
62.03452396392822	53.93828725814819
62.627593994140625	60.003883361816406
77.41815423965454	77.44920444488525
75.81461906433105	69.98734951019287
89.97207260131836	84.55209875106812
93.9924144744873	91.04336357116699
97.93734836578369	96.88426685333252
69.68116092681885	61.71827507019043
64.25698184967041	55.54785346984863
68.63821411132812	63.250816345214844
68.27114868164062	58.98639678955078
73.17320346832275	68.09765815734863
79.862380027771	82.18582153320312
74.88271903991699	75.78099250793457
63.82625389099121	57.20300483703613
58.69189739227295	48.59989404678345
88.23287677764893	83.2632303237915
63.104588985443115	63.792521953582764
82.40569114685059	71.65380001068115
69.85971069335938	66.03276062011719
64.38758850097656	60.64898490905762
61.21608114242554	56.66814947128296
68.7942886352539	59.864792823791504
60.869468688964844	55.81211853027344
80.58069229125977	71.72233581542969
66.77769470214844	59.5931396484375
86.89672803878784	84.467031955719
72.91971015930176	68.27195692062378
77.4407901763916	71.7759861946106
76.12854194641113	67.5517258644104
76.54897499084473	71.3347864151001
59.341612815856934	58.86709785461426
84.87745904922485	79.33904314041138
80.37650871276855	71.15733575820923
68.74800109863281	64.31378936767578
69.97497510910034	62.339112281799316
67.33885288238525	62.560049057006836
66.03929138183594	63.70579528808594
66.77515983581543	64.928879737854
104.94107866287231	100.00457811355591
76.15438842773438	68.69064521789551
68.69459533691406	59.658538818359375
64.54947566986084	60.806304931640625
72.86160326004028	74.6673378944397
67.70565891265869	70.86997890472412
56.23769187927246	48.21464681625366
72.76718044281006	63.64053726196289
80.37399291992188	71.14198207855225
70.01153564453125	67.3768310546875
107.70285224914551	103.66737937927246
73.62954711914062	67.75286149978638
58.962557792663574	57.545302391052246
65.97535610198975	58.50914001464844
95.25106048583984	89.29664707183838
66.04943609237671	66.35858869552612
69.52157020568848	66.15822792053223
67.97709846496582	65.61197805404663
67.73543357849121	65.67540168762207
65.52146625518799	60.664225578308105
53.8260612487793	48.039085388183594
77.24777221679688	65.11238098144531
72.72842788696289	63.37768507003784
71.11744213104248	73.13483142852783
75.98033905029297	66.09639644622803
69.48332405090332	66.57152652740479
66.95573472976685	69.1160888671875
51.25722789764404	49.41197204589844
69.93519687652588	71.70979356765747
95.95182275772095	95.5141134262085
64.86432647705078	54.258907318115234
83.8011474609375	77.98735809326172
69.99751091003418	64.43400382995605
68.73863124847412	67.73368692398071
94.94701480865479	95.03063774108887
78.3885669708252	74.98228454589844
68.81980895996094	57.38386917114258
66.08409118652344	65.06169128417969
63.909507751464844	59.702964782714844
69.84123229980469	61.48291015625
67.68946266174316	61.45364427566528
67.53247737884521	58.557353019714355
73.89418029785156	68.21120595932007
75.99646091461182	74.3453311920166
86.92133522033691	83.7050199508667
56.49823570251465	49.84356737136841
60.89822959899902	60.07584285736084
68.37769508361816	63.32362174987793
74.52426147460938	64.07290506362915
62.48377561569214	58.18268394470215
59.95022201538086	50.175537109375
75.64392471313477	67.59576559066772
66.15221357345581	56.09822130203247
77.75186061859131	79.14375305175781
80.50005340576172	66.83272647857666
66.85279846191406	57.48154067993164
62.278160095214844	53.59913635253906
54.97265625	45.81755828857422
73.1195068359375	71.52738761901855
58.22599792480469	51.148704528808594
60.796241760253906	62.52281951904297
66.01063537597656	59.26586151123047
67.28197288513184	60.39176845550537
79.6307601928711	75.07701301574707
67.08136177062988	62.49353313446045
84.32992744445801	74.00571250915527
64.34381103515625	61.29787826538086
101.94542074203491	99.84523391723633
63.26944351196289	62.00677490234375
68.27531385421753	60.93008613586426
80.67798900604248	77.83281326293945
78.89409255981445	73.71026229858398
67.70287370681763	55.689165115356445
71.22469329833984	57.77812957763672
69.64686393737793	66.24420166015625
91.63910150527954	90.21165132522583
66.52365016937256	58.886701583862305
53.17688465118408	50.89503002166748
68.56706428527832	60.12106275558472
