67.83374881744385	66.48081398010254
57.53605365753174	53.0603551864624
55.02364540100098	55.89357948303223
53.61285209655762	54.27138328552246
55.54965019226074	49.53873252868652
54.65116739273071	59.831990242004395
62.09568977355957	57.62672424316406
52.61034965515137	51.67086410522461
56.54702663421631	58.19531440734863
60.2802529335022	58.043668270111084
57.133503913879395	59.45421123504639
52.63322639465332	49.420188903808594
60.84967803955078	57.06286811828613
50.70503234863281	45.44629096984863
58.309452056884766	57.14105987548828
51.171043395996094	50.71490478515625
37.72362232208252	38.577353954315186
89.84661102294922	86.22219848632812
44.67664432525635	45.162474632263184
48.526039123535156	50.61086082458496
42.1090030670166	43.35804462432861
52.190155029296875	49.953277587890625
54.924285888671875	46.535560607910156
47.61750841140747	51.71397399902344
46.798340797424316	43.83568620681763
52.092172622680664	51.91009712219238
53.59893798828125	52.160667419433594
60.07340431213379	57.28792667388916
45.84904193878174	46.529107093811035
60.936302185058594	56.23973846435547
45.15542507171631	48.631690979003906
63.538734436035156	64.10572052001953
53.35182189941406	54.566582679748535
40.608115673065186	40.94983911514282
54.90106773376465	59.71822500228882
55.401151180267334	49.375502586364746
70.98030090332031	70.48445129394531
39.6863055229187	39.33173418045044
44.92882537841797	42.0800518989563
55.0419545173645	53.25304555892944
48.405927658081055	44.06909465789795
44.38172435760498	43.429009437561035
41.17818069458008	39.144775390625
63.890986919403076	65.17836141586304
54.285868644714355	55.660773277282715
55.21459150314331	52.96837520599365
60.46681594848633	62.561248779296875
61.27748107910156	58.40120315551758
70.3089427947998	68.65081787109375
61.14762783050537	55.60502099990845
52.561065673828125	50.71487808227539
41.646833419799805	44.46497917175293
54.85131216049194	53.16471815109253
54.6031379699707	54.906755447387695
48.99062728881836	49.287893772125244
55.074748516082764	49.02989053726196
57.85933494567871	50.71896457672119
60.91145324707031	57.09020805358887
50.91918754577637	50.26540946960449
48.74993133544922	51.12352180480957
50.64294481277466	50.8753867149353
41.07161808013916	42.95323848724365
35.948899269104004	38.0088415145874
54.23961782455444	53.511035442352295
54.05369567871094	54.109352111816406
55.49187421798706	57.907700538635254
51.36013412475586	50.43907928466797
64.71479845046997	61.92642116546631
58.02615737915039	53.34429931640625
44.29928684234619	44.250526428222656
48.50004196166992	48.2183313369751
55.80068778991699	54.26320838928223
52.49261283874512	54.85207557678223
44.242366790771484	46.13138294219971
40.58901643753052	40.829856395721436
55.44947004318237	54.13707685470581
48.107168197631836	45.6943244934082
56.395835876464844	50.59954833984375
57.66434383392334	54.26249361038208
53.272724628448486	51.57102346420288
43.41839790344238	40.47373294830322
42.493133544921875	42.94688701629639
51.29279947280884	48.03054857254028
46.151023864746094	44.960652351379395
59.69038391113281	57.35789489746094
51.746187686920166	53.103535175323486
51.23701858520508	46.66782474517822
88.5286169052124	87.78259992599487
78.48535060882568	75.77958106994629
59.59765434265137	60.93375492095947
54.942588329315186	50.85462284088135
53.11108875274658	51.5982871055603
55.39016532897949	55.2059383392334
52.60375213623047	55.023651123046875
38.78970289230347	39.278706073760986
65.87874412536621	56.15888214111328
53.276533126831055	54.69957733154297
59.6451473236084	52.584710121154785
46.40739440917969	44.09408092498779
50.89362144470215	51.77644157409668
47.736308097839355	49.23057746887207
44.57780456542969	45.11602020263672
52.17251920700073	54.70614528656006
47.92396831512451	45.45468807220459
63.9135856628418	60.64934539794922
49.74508762359619	45.36224365234375
42.11131572723389	43.553972244262695
50.58057975769043	49.16832733154297
40.905890464782715	42.35703468322754
52.996556758880615	47.76053237915039
55.23529529571533	51.8928861618042
117.42448091506958	115.18484258651733
55.98997640609741	50.24902057647705
49.765079498291016	44.60830307006836
56.358866691589355	60.40879249572754
76.7874002456665	78.91029357910156
66.84240818023682	65.78221035003662
69.85616397857666	59.935222148895264
54.21242904663086	52.23332214355469
60.07131576538086	56.1109619140625
41.467790603637695	46.008896827697754
58.84599304199219	56.88486671447754
51.8282470703125	52.367897033691406
56.48352241516113	47.5166916847229
66.18049478530884	75.58770561218262
65.84103298187256	64.48405933380127
47.85549259185791	45.91059494018555
50.593671798706055	46.32675647735596
45.113182067871094	47.86971378326416
62.51833534240723	62.1326208114624
53.23619270324707	53.27643013000488
52.257585525512695	49.84563446044922
43.89350891113281	45.013437271118164
54.48566436767578	50.24625205993652
55.38580369949341	53.12276792526245
43.725218772888184	43.531808853149414
44.77381181716919	41.124642848968506
56.22227478027344	55.404903411865234
48.99163627624512	48.86822319030762
40.728416442871094	41.14737510681152
60.68978691101074	62.8176326751709
61.567893981933594	57.92201614379883
61.538668155670166	60.43089008331299
50.36774158477783	44.69282865524292
42.78046131134033	45.94409465789795
45.270057678222656	47.45977306365967
57.34880065917969	56.76337432861328
51.29157257080078	49.584510803222656
49.82588195800781	50.693946838378906
53.118770599365234	55.15106964111328
52.530728340148926	50.95008134841919
62.690711975097656	57.5455322265625
45.355273723602295	50.51378297805786
48.48391008377075	49.9305419921875
55.23299217224121	47.119940757751465
46.06582546234131	51.46483612060547
60.72192192077637	55.4977912902832
53.45848321914673	51.62454605102539
74.38884735107422	74.39678192138672
47.57719039916992	44.305917263031006
41.982513427734375	39.91905498504639
60.01165580749512	57.93752861022949
53.648237228393555	51.31277275085449
44.37086582183838	41.44480228424072
55.69913864135742	45.09293746948242
41.05299949645996	43.102970123291016
55.82425403594971	55.64478635787964
49.944273948669434	48.71823787689209
51.32520294189453	52.814292907714844
48.70917320251465	43.81538486480713
54.74333572387695	46.01900053024292
50.86235809326172	53.493309020996094
60.71966552734375	57.65800094604492
54.168920040130615	51.225364685058594
56.359464168548584	55.46854591369629
50.14266633987427	47.444129943847656
49.25431823730469	49.17261743545532
81.57819986343384	85.60174608230591
66.83544158935547	66.76889038085938
56.34456825256348	53.81637382507324
53.34540939331055	47.27882480621338
56.267822265625	53.443260192871094
49.83422803878784	45.677650928497314
52.47734069824219	52.9423828125
46.242740631103516	52.018423557281494
88.8276481628418	81.98705673217773
53.82117509841919	46.90230846405029
44.28940296173096	41.46644592285156
50.458247661590576	50.51525163650513
64.91084480285645	66.67111206054688
52.32961463928223	46.528504371643066
48.22548294067383	48.7207145690918
59.21484375	52.926021575927734
51.73775672912598	50.54859161376953
51.73125076293945	48.50065612792969
40.72185516357422	43.154356956481934
51.87038612365723	45.471402168273926
56.00016975402832	57.93772315979004
75.17740631103516	70.87230491638184
51.95856285095215	47.1897668838501
77.04785203933716	71.72765254974365
37.77848720550537	33.733253479003906
43.77891254425049	43.10273885726929
46.6898307800293	44.71548080444336
56.69539833068848	55.72389793395996
39.357041358947754	36.90226364135742
45.76226234436035	47.35482931137085
64.55111503601074	62.18039512634277
53.52179145812988	51.06851005554199
46.19699478149414	44.29674053192139
60.249762535095215	65.134596824646
59.01023864746094	55.68836212158203
39.59149122238159	41.59400463104248
57.08669471740723	50.85837364196777
48.80671691894531	48.18630599975586
47.58703136444092	49.27958106994629
44.94700527191162	45.710426330566406
69.92730712890625	61.87566375732422
42.05020236968994	43.594651222229004
52.73028564453125	53.894681453704834
48.57803773880005	49.16160249710083
57.722665786743164	54.25347089767456
50.020931243896484	49.03334188461304
45.73715686798096	46.08009338378906
62.25727462768555	62.77168273925781
63.55738925933838	61.212008476257324
78.08335304260254	74.6451187133789
52.35377883911133	53.27615547180176
53.215086460113525	49.00361156463623
84.74447774887085	83.16670083999634
54.621967792510986	51.99844312667847
55.37010955810547	56.36723327636719
58.07022428512573	61.49944353103638
52.13624954223633	49.329145431518555
47.77738857269287	45.48167848587036
40.185553550720215	37.812575340270996
58.8230094909668	55.34460639953613
49.182570934295654	48.26773023605347
57.77961874008179	66.87053060531616
40.40724277496338	39.87504482269287
65.32618808746338	57.272138595581055
69.83809471130371	73.59440803527832
54.01234436035156	51.026551723480225
39.07410383224487	44.96168613433838
49.01609230041504	44.185967445373535
63.33896255493164	64.29964399337769
53.462955474853516	55.260650634765625
47.547566413879395	44.820061683654785
54.014427185058594	58.081122398376465
56.30207061767578	55.91935348510742
54.98795747756958	55.1207275390625
56.19325304031372	56.46739196777344
61.1079740524292	62.350111961364746
62.374263763427734	62.02021789550781
51.431864738464355	53.394776821136475
56.255361557006836	54.767412185668945
52.902108669281006	52.09062480926514
62.2883882522583	59.272231101989746
38.441128730773926	35.60457706451416
45.56110382080078	41.97203826904297
51.54073905944824	48.591928482055664
43.314218521118164	42.387990951538086
61.239930152893066	60.82782697677612
53.892168045043945	48.812753677368164
49.46374559402466	47.86195993423462
47.11071968078613	43.86965751647949
55.271278381347656	54.38094711303711
48.70853805541992	53.76301622390747
45.804625511169434	45.21821308135986
52.05233287811279	53.39792776107788
56.24498748779297	55.251060485839844
55.21176767349243	51.28462839126587
51.5804500579834	51.1552734375
49.08724308013916	46.486921310424805
50.47437286376953	48.4650821685791
56.977919578552246	46.546719551086426
44.57874393463135	45.402621269226074
43.07503700256348	39.67886447906494
49.54567909240723	47.92148494720459
49.52075386047363	48.10382652282715
47.36854648590088	44.9282112121582
61.33411407470703	55.74085187911987
46.132211685180664	44.20684814453125
53.33035612106323	53.81449270248413
47.20751237869263	47.59951066970825
52.73406744003296	49.313865661621094
55.820465087890625	53.41242980957031
47.46085739135742	47.74177265167236
57.85434150695801	53.93290328979492
55.54166793823242	54.25585746765137
45.60747814178467	44.81579303741455
65.43550872802734	66.15547180175781
54.936073303222656	51.84877014160156
46.28477954864502	43.68025875091553
63.5059814453125	60.613059997558594
48.48773002624512	51.16396522521973
52.01157331466675	45.77324867248535
48.2981014251709	50.224199295043945
44.87978267669678	45.07134246826172
48.5551700592041	50.32292175292969
48.37464189529419	52.07658243179321
50.81498193740845	53.96570634841919
66.5145034790039	59.647430419921875
52.469295501708984	56.75621795654297
52.612318992614746	54.150238037109375
54.43258094787598	52.57330513000488
44.20413017272949	41.43794536590576
47.406792640686035	48.466232776641846
65.74034309387207	61.16103267669678
48.94221830368042	48.87959671020508
57.299062728881836	48.93490791320801
56.30931282043457	51.02531671524048
57.04437589645386	57.63588237762451
38.649940490722656	43.62879276275635
54.79131317138672	51.49508285522461
51.30161476135254	46.766764640808105
47.941330909729004	49.26945209503174
44.21920299530029	47.174447536468506
51.22207260131836	48.643850326538086
49.32719802856445	44.917930603027344
52.2901668548584	51.746177673339844
48.60629081726074	48.89444160461426
59.86116313934326	58.1073579788208
48.708561420440674	43.20579528808594
50.83424425125122	52.374629974365234
50.612091064453125	51.055824279785156
39.95550870895386	34.95166063308716
55.86272048950195	56.38763236999512
58.91824436187744	59.93613815307617
48.434189319610596	53.4577956199646
57.13714027404785	58.8387336730957
60.65457773208618	55.78413248062134
53.970130443573	54.172194480895996
59.49302291870117	58.982418060302734
50.22982406616211	52.23203086853027
65.24264335632324	71.42558097839355
56.70669651031494	52.34320592880249
51.24835395812988	53.866315841674805
66.87370204925537	67.34332466125488
50.719499588012695	46.69482421875
49.44593906402588	47.39628791809082
54.3574857711792	53.08419895172119
58.798078536987305	57.95256042480469
54.04022026062012	53.18375587463379
58.48257064819336	57.74381446838379
47.57983875274658	48.71974754333496
67.05463409423828	60.11096000671387
51.570905685424805	52.39046287536621
59.407264709472656	61.42415428161621
44.82712745666504	45.60244083404541
61.19111251831055	52.80229949951172
40.4169225692749	41.722121238708496
42.22625255584717	41.22436046600342
51.27955627441406	50.818193435668945
51.55383014678955	50.61597490310669
47.26676559448242	46.1863489151001
51.580055236816406	53.95231246948242
58.04190921783447	60.955440521240234
45.574421882629395	44.391119956970215
48.11564826965332	48.74208641052246
55.71194839477539	63.20261764526367
55.43433952331543	51.799272537231445
36.565730571746826	33.55052947998047
70.23531341552734	77.39759826660156
52.16075134277344	50.04763412475586
67.14032745361328	67.0261459350586
51.500226974487305	51.86858940124512
57.631011962890625	61.41241455078125
79.9647159576416	72.59341621398926
50.58970069885254	43.489542961120605
67.60858917236328	68.1030044555664
46.15481185913086	49.05817794799805
55.836655139923096	59.37761402130127
50.99919891357422	47.97952365875244
54.47260665893555	52.74616813659668
45.33240222930908	43.731207847595215
57.11345672607422	55.05036163330078
55.66161346435547	54.042842388153076
53.09583806991577	50.53121328353882
54.17678260803223	53.442827224731445
57.47716999053955	57.84793281555176
40.57283401489258	41.475210189819336
62.027008056640625	65.04824829101562
55.95047378540039	49.25642395019531
40.500264167785645	36.556193828582764
41.70847415924072	43.86969566345215
53.539512634277344	50.43496513366699
68.4747314453125	68.7346887588501
46.49630641937256	44.10810470581055
55.06828308105469	54.39871168136597
46.31410598754883	45.821380615234375
51.31951570510864	51.37851572036743
47.974292278289795	43.970946311950684
45.03994846343994	46.513089179992676
59.48407173156738	52.98988151550293
55.1308913230896	52.0591254234314
70.37255764007568	68.9175033569336
59.18510627746582	56.85068321228027
53.16077423095703	53.058650970458984
36.52521848678589	35.02054691314697
59.601810455322266	55.587074279785156
58.88839673995972	62.213383197784424
53.90370035171509	48.53606081008911
49.80955123901367	44.39341592788696
62.20840644836426	55.46179962158203
47.084275245666504	45.457322120666504
61.715415954589844	60.639034271240234
49.960899353027344	51.394798278808594
42.6225209236145	39.335426330566406
52.31312942504883	49.64940643310547
64.83779287338257	63.2119460105896
57.42130756378174	51.79448986053467
67.94111728668213	72.09919929504395
47.091240882873535	41.262054443359375
66.64055824279785	62.16560363769531
57.573500633239746	52.02285623550415
54.691444396972656	56.318382263183594
60.389163970947266	50.1165885925293
51.669710636138916	53.09846496582031
49.17308807373047	45.45817279815674
50.48766756057739	55.79043245315552
62.31990432739258	63.41493225097656
49.37492847442627	48.54564046859741
58.413116455078125	52.75423622131348
56.097116470336914	53.98857116699219
60.37568759918213	57.369704246520996
55.72861862182617	52.42169952392578
55.52385759353638	57.62314796447754
56.224788665771484	53.43069839477539
60.67552089691162	62.08367729187012
51.577537536621094	49.81595420837402
59.16294288635254	60.47322654724121
56.70960998535156	61.16749572753906
65.30797004699707	58.21820831298828
49.96794128417969	50.21429443359375
55.433250427246094	52.66615676879883
59.549346923828125	54.670387268066406
56.17624855041504	56.369035720825195
53.78714895248413	49.76837205886841
38.27636241912842	37.66255855560303
55.669862270355225	53.827991008758545
42.8255295753479	47.741286277770996
61.91557502746582	58.895925521850586
68.33802604675293	66.14107322692871
63.49798536300659	61.48544454574585
52.47124767303467	50.5332293510437
50.46422576904297	47.587554931640625
63.038832664489746	61.08450889587402
53.50553512573242	48.46694755554199
50.075254917144775	48.139649868011475
49.10189437866211	50.08212089538574
52.21171236038208	45.782726764678955
55.14848852157593	54.47721815109253
61.25408935546875	62.1622428894043
49.40637016296387	50.23843574523926
58.02634048461914	55.894325256347656
46.13716506958008	42.60330677032471
46.747398376464844	49.51612091064453
58.1928071975708	55.152724266052246
50.509986877441406	48.98066520690918
52.432010650634766	51.99788475036621
57.64726257324219	54.52086639404297
45.369566917419434	42.87300395965576
57.43654155731201	55.44252395629883
65.57525634765625	56.39633560180664
53.19117069244385	50.46368169784546
50.37966728210449	47.21158504486084
52.168922424316406	55.2480411529541
45.347089767456055	43.47151279449463
51.48100805282593	52.860305309295654
53.34981155395508	51.66989517211914
56.85877799987793	50.55122375488281
50.21182823181152	49.63543510437012
55.96781635284424	56.716084480285645
55.099782943725586	52.52732276916504
55.47864627838135	56.32759761810303
61.22676467895508	55.52941131591797
64.75332450866699	68.48911762237549
55.67469882965088	53.505420207977295
84.75818824768066	85.45644617080688
53.70720291137695	51.45698928833008
61.64008903503418	60.562541007995605
66.16516876220703	65.6767807006836
52.998098373413086	52.52798652648926
56.688560485839844	57.19686317443848
46.30439281463623	44.057350158691406
64.38137817382812	64.82540893554688
47.6807541847229	45.484559059143066
56.05198860168457	53.33452033996582
48.19476318359375	48.98395538330078
51.52800750732422	50.52607727050781
50.904762268066406	51.487213134765625
79.85424041748047	76.35873413085938
48.87106275558472	46.436410903930664
60.50310516357422	66.17054748535156
54.753347396850586	48.243032455444336
50.47505044937134	53.0152153968811
57.26369380950928	56.9069766998291
54.14259910583496	50.19277381896973
43.676201820373535	49.04472541809082
48.83041763305664	43.12131214141846
43.5705041885376	40.39263725280762
52.59499168395996	50.96377372741699
55.48695755004883	57.91455078125
55.57539367675781	54.15634346008301
60.8922815322876	55.27158212661743
53.14457082748413	53.889708042144775
57.432589530944824	61.722347259521484
55.45476531982422	47.483673095703125
57.70404815673828	55.204254150390625
54.93009901046753	56.44656562805176
53.69622230529785	45.12682914733887
52.45525360107422	50.61536407470703
51.12277889251709	56.12810039520264
64.61756134033203	54.25637435913086
42.080955505371094	37.67916917800903
58.70596981048584	56.67880725860596
48.73945999145508	47.66597080230713
48.941551208496094	48.85613250732422
44.117722511291504	40.246949195861816
43.45036506652832	40.90522766113281
59.74344348907471	55.35853338241577
50.23933410644531	49.511146545410156
55.018489837646484	53.31423568725586
57.21848678588867	51.30870819091797
55.85249710083008	56.89798355102539
64.41794013977051	58.50563907623291
51.24366760253906	49.365257263183594
50.90311098098755	49.6775689125061
65.11878204345703	63.904335021972656
52.669334411621094	51.07551574707031
50.91789436340332	47.26988697052002
45.70979404449463	43.262718200683594
74.84148502349854	76.95390224456787
46.740431785583496	41.06023406982422
46.21532440185547	46.31253242492676
51.94750738143921	50.06831884384155
53.447988510131836	52.25943946838379
55.735877990722656	50.418304443359375
35.72916030883789	33.152687549591064
48.16701364517212	46.71427011489868
61.613412857055664	62.20308589935303
48.18486213684082	45.20774745941162
47.71288871765137	46.911725997924805
51.937997817993164	47.26615047454834
53.9444055557251	53.91825008392334
54.29263114929199	52.930131912231445
52.6585636138916	49.08025360107422
49.231040954589844	50.24322509765625
59.88704538345337	58.003121852874756
52.42568778991699	49.77183151245117
37.2851824760437	37.68951416015625
54.00461769104004	53.96005439758301
47.588318824768066	50.6422119140625
51.17763137817383	50.18312072753906
51.55059814453125	54.50057315826416
51.019025802612305	44.43635559082031
69.02729034423828	62.20893096923828
60.29224109649658	56.990817070007324
54.48088073730469	47.341793060302734
46.0516357421875	47.918081283569336
50.279168128967285	46.8604850769043
59.89717102050781	56.249725341796875
49.53541374206543	56.26589012145996
77.85749197006226	71.37321281433105
46.10987949371338	45.371832847595215
79.9471263885498	72.88312339782715
55.65450096130371	55.64304542541504
54.997798919677734	50.60491943359375
50.8311767578125	47.68016052246094
65.73270320892334	61.79134941101074
42.36372470855713	38.03768873214722
48.85902214050293	46.38655471801758
59.42832946777344	57.264732360839844
75.54454898834229	78.61549282073975
42.250471115112305	41.99456214904785
47.01523303985596	43.90101432800293
48.35162162780762	45.40201187133789
42.55770683288574	37.97998905181885
56.470030784606934	57.506836891174316
53.13462829589844	50.64290237426758
60.076171875	56.50666809082031
48.78728485107422	49.053048610687256
56.6892728805542	55.7450065612793
58.10703086853027	55.520740032196045
46.17214107513428	46.58399677276611
77.4999475479126	72.576584815979
56.85670185089111	53.02553606033325
51.216896533966064	49.062865257263184
51.693092346191406	48.71019697189331
51.15605163574219	51.66848945617676
54.03293752670288	53.58074712753296
56.648988246917725	59.26944637298584
67.91128349304199	67.80944108963013
59.492262840270996	55.45891618728638
61.773329734802246	59.722228050231934
68.995361328125	69.90933227539062
57.35829162597656	61.428199768066406
59.71895694732666	56.963459968566895
45.71007490158081	47.156169414520264
58.103586196899414	56.5363073348999
46.13421678543091	43.059072971343994
53.33764457702637	52.520891189575195
52.33446502685547	51.06486511230469
56.83382606506348	53.17929267883301
52.33579444885254	53.189414978027344
44.19820308685303	42.18956470489502
51.68339920043945	49.83600997924805
56.294960021972656	53.40091848373413
55.731993198394775	55.998778343200684
65.46206569671631	63.364487648010254
53.78118324279785	50.266244888305664
77.38425350189209	83.24943542480469
49.54648017883301	45.242777824401855
58.968098640441895	52.56179714202881
50.4569091796875	48.354244232177734
60.56383514404297	54.12869644165039
47.069915771484375	45.50906753540039
57.273226261138916	56.09297275543213
56.819838523864746	53.20271301269531
58.79029655456543	56.49628686904907
44.32819366455078	44.85825061798096
59.61002731323242	52.69055938720703
52.00928449630737	49.676620960235596
49.15265464782715	48.54648399353027
62.82195281982422	61.53863525390625
57.994503021240234	51.26113700866699
43.985779762268066	45.13377332687378
46.24223232269287	47.83123016357422
44.70355987548828	40.26676607131958
53.03605842590332	54.644182205200195
58.41832637786865	55.59219694137573
59.36273193359375	59.585575103759766
52.29705047607422	49.65291976928711
52.39687156677246	49.04886245727539
40.21757936477661	39.50629472732544
54.7994384765625	56.87379455566406
76.24948024749756	82.19497680664062
55.3271541595459	52.30214881896973
38.43878984451294	37.93169021606445
40.5141544342041	39.669671058654785
47.08531332015991	46.86909341812134
52.95628356933594	58.019405364990234
68.75014543533325	60.64144992828369
53.660139083862305	49.17125701904297
48.0428352355957	44.948272705078125
64.64204406738281	66.24516296386719
60.742918968200684	59.01109027862549
44.67898464202881	46.24507999420166
80.01209449768066	76.71427917480469
46.687828063964844	43.9625244140625
43.3818941116333	38.86611843109131
52.655303955078125	50.953309059143066
45.980581283569336	47.205488204956055
67.33012390136719	60.17124557495117
62.687164306640625	56.81254720687866
62.39511680603027	57.59054660797119
51.79182434082031	48.344730377197266
49.80967712402344	52.09399223327637
51.557241439819336	51.434309005737305
58.290733337402344	58.92035388946533
49.05233573913574	47.72559356689453
54.00488090515137	51.044734954833984
60.70698165893555	60.62813329696655
47.945963859558105	46.644490242004395
55.13396453857422	51.08803939819336
46.05687141418457	45.61350345611572
55.18632507324219	56.723548889160156
66.40235900878906	60.19114685058594
54.070152282714844	53.25985336303711
55.40235900878906	50.74141502380371
47.6889123916626	46.852171897888184
50.24168062210083	49.041786670684814
47.90690517425537	43.33874988555908
44.93354797363281	43.280043601989746
43.86244869232178	44.57253170013428
69.23179721832275	66.7990894317627
45.75605058670044	43.11064958572388
47.77297925949097	47.560551166534424
54.77632141113281	51.56092643737793
57.65561866760254	50.2829966545105
73.05840396881104	74.31034755706787
36.234450340270996	40.651445388793945
51.50402641296387	53.284006118774414
51.70262145996094	48.41477966308594
44.0317440032959	40.17859935760498
56.325096130371094	54.66150665283203
57.69072723388672	52.41613006591797
40.308594703674316	40.16871452331543
54.38949966430664	55.56795120239258
50.64245796203613	49.345327377319336
77.66152381896973	75.57923126220703
52.98182487487793	52.45383262634277
61.4206600189209	64.1299057006836
62.50553894042969	61.60776138305664
47.25000333786011	49.98630428314209
46.33807182312012	46.36645317077637
49.22670364379883	44.99208450317383
46.88951396942139	45.45278263092041
72.16067314147949	70.53990840911865
42.57134437561035	46.47447109222412
49.10363721847534	49.598034381866455
58.977657318115234	58.32386016845703
45.54282188415527	44.712586402893066
57.184539794921875	56.55945587158203
56.692726135253906	59.29138374328613
51.13149833679199	51.80427360534668
71.93966674804688	61.013275146484375
47.86398696899414	46.752516746520996
52.65632629394531	51.952571868896484
60.378204345703125	60.117353439331055
50.2807559967041	48.39173698425293
52.09436655044556	46.789879322052
38.89625930786133	45.75717258453369
42.06165790557861	38.616530895233154
47.072319984436035	47.497549057006836
54.94393539428711	55.003395080566406
55.23698043823242	57.364431381225586
53.533531665802	47.91836643218994
53.878663063049316	52.28020191192627
59.879432678222656	61.35371780395508
57.94753456115723	52.11265468597412
52.01911449432373	48.83622121810913
49.3073673248291	49.17725372314453
54.951598167419434	58.98079586029053
54.28858232498169	51.17319393157959
53.793405532836914	51.89893913269043
46.461639404296875	49.463579177856445
39.732224464416504	39.12117004394531
65.95557975769043	62.04480743408203
46.609488010406494	46.729050159454346
62.323044776916504	53.847822189331055
58.68623638153076	52.64630842208862
53.89253854751587	48.68803358078003
58.56035900115967	52.81536102294922
74.23522186279297	64.36466979980469
35.73622798919678	36.900938987731934
73.11608028411865	61.2820029258728
51.00608825683594	51.166236877441406
54.03701448440552	52.4586181640625
55.179622650146484	54.82467842102051
46.36198711395264	44.4999303817749
78.57589721679688	69.48005676269531
61.52601432800293	57.57042980194092
46.94948959350586	51.840105056762695
44.79584217071533	45.117154121398926
46.251030921936035	43.90367603302002
43.89372634887695	44.67914962768555
49.61822319030762	49.31905174255371
50.9976806640625	50.79349136352539
40.69786071777344	42.52678871154785
51.026597023010254	50.91425895690918
49.946373462677	42.51422739028931
52.87099313735962	51.521082401275635
51.43938446044922	51.71803092956543
50.934879302978516	53.247779846191406
55.46066665649414	49.0920352935791
57.215261459350586	55.61853265762329
42.15280055999756	46.615824699401855
48.1739444732666	48.97235870361328
60.80380439758301	57.84601020812988
62.9567813873291	61.050100326538086
61.48150062561035	56.940308570861816
57.81420707702637	59.02491569519043
71.83932495117188	72.9620590209961
60.166175842285156	56.972557067871094
59.81952667236328	57.77781677246094
52.21945381164551	55.65138816833496
56.28314781188965	58.51336097717285
60.94802284240723	52.69829750061035
58.933998107910156	53.380592346191406
55.52791213989258	55.23441123962402
61.80885124206543	56.59633541107178
53.642478942871094	59.53236389160156
53.08723306655884	54.33071279525757
53.472455978393555	52.79525184631348
64.21674346923828	61.84870529174805
52.30986213684082	51.147891998291016
46.83243703842163	48.0856032371521
57.868796825408936	59.17180109024048
53.70645046234131	54.85089302062988
52.04715156555176	47.90946292877197
49.986528396606445	43.55461120605469
44.913702964782715	46.16679382324219
70.14807891845703	70.73690605163574
57.012393951416016	52.455711364746094
53.78683853149414	51.29089021682739
48.6840934753418	50.936845779418945
48.27975654602051	45.21635341644287
54.00739765167236	49.54614734649658
47.544082164764404	52.419941425323486
59.6396427154541	56.19850158691406
49.90213394165039	48.258127212524414
49.0938777923584	44.35185241699219
42.91953086853027	44.19180393218994
48.05129051208496	48.14927101135254
51.726781368255615	53.41994762420654
61.12194299697876	58.460028648376465
59.654696464538574	58.674567222595215
51.98615646362305	52.55431032180786
56.789283752441406	58.46964931488037
51.57923698425293	49.21021842956543
57.84498882293701	59.409263610839844
56.07725811004639	59.597639083862305
44.62917232513428	42.54681158065796
68.36022853851318	73.5153980255127
49.678778648376465	46.084980964660645
65.23664855957031	67.0436782836914
61.06021785736084	55.590893268585205
54.71872329711914	54.220314025878906
59.771156311035156	55.86679458618164
46.469727516174316	44.538445472717285
50.164185523986816	51.208221435546875
56.33080291748047	57.17134094238281
75.50838088989258	71.57789754867554
56.86404037475586	56.656654357910156
57.55360794067383	52.862892150878906
58.97442626953125	58.69430160522461
50.64851188659668	45.93346881866455
48.34227466583252	47.04386377334595
53.44191074371338	50.43800687789917
61.464298248291016	59.02553939819336
53.77035713195801	56.71559715270996
54.777082443237305	49.09109115600586
54.525827407836914	53.140926361083984
68.25267028808594	67.24061584472656
51.01187705993652	44.47001934051514
59.13160705566406	53.37492656707764
48.82282638549805	46.89940786361694
52.816168785095215	54.58543157577515
43.879775047302246	44.544121742248535
44.039649963378906	43.610544204711914
48.75909233093262	46.193243980407715
53.17680788040161	53.24061107635498
72.43216037750244	70.886549949646
52.346466064453125	51.33295822143555
72.34686374664307	64.04707431793213
57.99623107910156	55.93672180175781
40.57856369018555	43.54493236541748
71.95528221130371	65.41528415679932
51.22862911224365	48.067588806152344
66.18043518066406	68.29463958740234
46.17593336105347	41.170708656311035
55.114646911621094	59.850738525390625
66.43134021759033	68.10953617095947
50.107675552368164	53.19536590576172
55.68874454498291	55.15413284301758
68.1175537109375	70.33219909667969
49.1795768737793	47.46464252471924
54.75750160217285	48.9627628326416
65.05803108215332	61.667165756225586
49.77517890930176	50.80498695373535
47.658206939697266	52.3218879699707
53.47565460205078	54.92884063720703
45.756829261779785	42.28647994995117
80.10284519195557	72.10024070739746
53.804258823394775	51.53263807296753
40.00164985656738	41.45949363708496
41.727561950683594	44.06180381774902
52.142377853393555	50.128835678100586
45.546040534973145	43.677382469177246
50.37980556488037	48.66640090942383
40.68213939666748	40.351247787475586
52.39840793609619	47.94761896133423
36.991539001464844	37.909629821777344
41.64589977264404	45.43952178955078
51.78607749938965	48.34600639343262
51.39890098571777	48.022247314453125
55.44442176818848	57.65911102294922
48.38689613342285	48.14399528503418
52.34449243545532	46.15359973907471
58.3599271774292	53.68013048171997
69.46733951568604	60.096988677978516
42.55195713043213	45.26346302032471
65.51461601257324	63.074363708496094
56.084561347961426	51.7878041267395
54.68921661376953	52.76106262207031
61.13370418548584	58.40789318084717
51.167959213256836	46.475157737731934
49.21037197113037	46.48841714859009
53.20003604888916	52.450095653533936
60.507516860961914	63.88327598571777
64.92149257659912	59.16097354888916
88.4781847000122	82.65336465835571
49.59712028503418	39.76478290557861
53.78744125366211	53.2708740234375
45.31546592712402	43.96650791168213
50.193288803100586	48.27425193786621
53.33052062988281	52.89426612854004
50.287004470825195	51.11689567565918
56.48204040527344	58.733540534973145
45.81871509552002	38.61234664916992
56.312089920043945	57.03787422180176
64.53636932373047	59.57012176513672
52.656715393066406	49.53643798828125
53.74659729003906	58.976656913757324
61.57488441467285	55.8165807723999
49.16543769836426	48.07536506652832
41.88681507110596	45.42247009277344
47.98743438720703	46.53766632080078
57.47082710266113	50.11296844482422
40.62417507171631	40.36454200744629
61.30499839782715	61.19297218322754
53.44654083251953	47.88520050048828
62.21443748474121	59.64606857299805
74.52091979980469	77.18370056152344
44.267669677734375	49.52497673034668
51.50152587890625	51.30340003967285
56.68803310394287	56.61335849761963
60.728782653808594	65.74635314941406
54.49169111251831	56.91964054107666
53.34514617919922	48.980838775634766
51.23669672012329	48.41319417953491
54.466094970703125	53.140995025634766
52.414427280426025	52.4493145942688
55.05558919906616	55.954071044921875
69.14170932769775	70.8714509010315
57.2365779876709	52.23002815246582
47.90907382965088	46.320743560791016
55.41506290435791	51.24281883239746
50.85055351257324	47.788376808166504
64.2170639038086	55.35914993286133
37.23261260986328	36.96373748779297
63.16676330566406	61.377132415771484
52.16571664810181	49.37448787689209
45.87525272369385	44.07853603363037
62.91697406768799	61.928473472595215
61.962008476257324	68.75605583190918
53.27152967453003	46.26342535018921
47.56192684173584	45.058560371398926
59.41918182373047	56.284202575683594
56.61130237579346	57.07294178009033
55.22858428955078	53.07451629638672
58.78183937072754	58.74942207336426
49.090412616729736	49.36500835418701
53.67820739746094	49.76163387298584
50.78682899475098	49.754323959350586
51.4781608581543	47.545310497283936
55.094276428222656	54.88890838623047
63.2096061706543	65.94078063964844
52.17875862121582	51.7774600982666
43.26583003997803	41.49952459335327
62.973066329956055	66.48902177810669
50.79337215423584	47.688865184783936
50.92866563796997	49.63571882247925
48.86282157897949	47.40355968475342
85.61913299560547	88.4021987915039
54.58232116699219	50.07891654968262
51.1627631187439	57.553433418273926
51.13905715942383	44.36498165130615
41.22951793670654	43.560665130615234
48.08352041244507	50.83000183105469
55.2421932220459	51.381792068481445
45.67044734954834	42.53363609313965
36.642120361328125	39.3099250793457
52.525601387023926	49.59365177154541
48.23938179016113	46.53335952758789
54.829376220703125	53.92107391357422
48.484663009643555	47.21316146850586
48.92274856567383	52.55294847488403
65.75279188156128	71.09896659851074
56.98329162597656	52.705793380737305
41.31636619567871	43.24897766113281
53.04005241394043	53.44167137145996
62.32119941711426	60.54006385803223
75.41205310821533	69.73079109191895
68.71837520599365	57.29684543609619
54.7247257232666	52.079864501953125
64.81777811050415	61.89271116256714
51.831843852996826	49.49306535720825
55.258591175079346	54.175796031951904
52.2343864440918	52.64669895172119
58.58560562133789	58.37929153442383
48.81428146362305	47.14466571807861
56.09541320800781	54.63900375366211
49.6007080078125	49.17706489562988
57.23929405212402	53.619648456573486
57.69977855682373	50.11923122406006
44.957831382751465	47.02423048019409
59.8057279586792	59.616204261779785
42.01869010925293	39.25438642501831
50.29590082168579	43.3267126083374
54.486419677734375	52.77204513549805
42.050843238830566	40.63033103942871
45.37237071990967	47.16828918457031
43.24332237243652	39.41436767578125
57.95871353149414	58.6413459777832
50.768558502197266	47.19084644317627
62.29195022583008	67.02501678466797
50.965428829193115	52.55604934692383
53.255876541137695	50.04606628417969
54.82769012451172	59.11153793334961
58.17804718017578	56.790465354919434
46.06733322143555	50.11712837219238
47.855286598205566	47.14733123779297
61.33400917053223	58.05859422683716
63.297505378723145	64.73528861999512
56.64745903015137	57.89874458312988
47.49659061431885	45.493178367614746
57.58903503417969	57.75727653503418
