54.26251411437988	54.26214408874512
50.53600311279297	49.69033432006836
58.59528636932373	58.7144660949707
58.38632583618164	59.14852333068848
50.13375282287598	51.28717231750488
47.961012840270996	53.00914716720581
45.30768394470215	39.99802494049072
55.38187503814697	57.57217025756836
51.48711681365967	52.75950050354004
58.88147163391113	59.85389995574951
59.65712928771973	61.208603858947754
61.058807373046875	61.63347339630127
68.76162719726562	69.92924499511719
52.86356973648071	55.77737045288086
55.88694667816162	56.67586898803711
58.50167751312256	59.02766990661621
55.551915645599365	57.332611083984375
61.83938217163086	64.55043697357178
53.602184772491455	53.96537780761719
59.67720031738281	63.22426223754883
59.46694850921631	59.131879806518555
53.4341983795166	55.8353967666626
60.20123767852783	61.71080017089844
55.007033348083496	56.76268005371094
50.573744773864746	52.60687065124512
52.504310607910156	52.326210021972656
52.661733627319336	54.166626930236816
58.26666831970215	58.2418155670166
45.90013027191162	47.87977695465088
58.565287590026855	59.105764389038086
47.47905731201172	52.15690612792969
55.96116065979004	55.47780990600586
71.1008529663086	73.54996490478516
56.880669593811035	57.032278060913086
55.02327919006348	56.766005516052246
76.37187194824219	77.89112663269043
53.777642250061035	52.75399589538574
60.44827938079834	62.021583557128906
45.75761318206787	47.29654026031494
55.50538444519043	58.066596031188965
62.31348896026611	62.433589935302734
54.848341941833496	53.33209991455078
59.98788833618164	58.7490291595459
65.35887145996094	65.73607635498047
55.79786777496338	53.4023494720459
57.79824733734131	59.34729194641113
66.29973602294922	66.31913709640503
51.7042179107666	54.953307151794434
65.24718761444092	64.4810791015625
57.64427661895752	58.36528015136719
56.549638748168945	57.222564697265625
45.83545684814453	44.303778648376465
53.36396598815918	57.161622047424316
59.67202663421631	61.75476837158203
68.84196949005127	67.19435119628906
66.75855445861816	62.29965686798096
49.982919692993164	48.56679725646973
57.56647491455078	61.74058485031128
57.002031326293945	56.83586025238037
52.11764335632324	53.50117492675781
63.95115852355957	66.00111675262451
64.57784271240234	66.87176656723022
59.65592861175537	58.477426528930664
55.17982864379883	58.602609634399414
58.00887107849121	54.867233753204346
51.27427577972412	50.720266342163086
56.367225646972656	56.82964038848877
56.711700439453125	58.20671272277832
62.867218017578125	61.429508686065674
52.981719970703125	48.70169734954834
53.180654525756836	53.283355712890625
55.55391883850098	53.22674560546875
54.48819637298584	58.262277603149414
51.73397445678711	54.44537353515625
61.01009750366211	60.88556528091431
59.03538513183594	61.221261978149414
51.98875904083252	55.23858833312988
52.06764221191406	52.57538557052612
62.34439468383789	59.91751527786255
57.83150672912598	57.57854461669922
54.81262969970703	55.67879867553711
58.56090545654297	62.059624671936035
54.0443229675293	51.08306694030762
51.968018531799316	54.04904556274414
65.35031127929688	58.849090576171875
63.360225677490234	68.43393659591675
61.60136032104492	64.00814151763916
51.4447021484375	50.39013862609863
50.35294532775879	51.87448501586914
61.33327102661133	62.01398944854736
64.03816795349121	66.15220642089844
55.66908359527588	58.21925926208496
62.3961877822876	64.53214263916016
57.71205711364746	59.36434268951416
64.35676002502441	61.482441902160645
59.03055953979492	59.7184362411499
50.20885944366455	53.095590591430664
54.29396152496338	56.3148250579834
43.77962589263916	44.31496810913086
54.406936168670654	57.78944396972656
52.59384632110596	50.00482749938965
56.515058517456055	60.406978607177734
53.08703422546387	48.60354995727539
49.987661361694336	53.07522678375244
55.52608680725098	56.885687828063965
49.6338996887207	46.675228118896484
43.97684383392334	44.11292886734009
58.76608085632324	59.971259117126465
58.194536209106445	57.32972717285156
45.05711555480957	44.572028160095215
44.19498348236084	48.46038055419922
64.33194637298584	60.28007698059082
62.191619873046875	67.26898241043091
55.73565149307251	59.55321502685547
54.28299903869629	54.13011360168457
62.1166467666626	60.773826599121094
53.02376747131348	53.43208122253418
38.45465421676636	39.269774436950684
49.45978927612305	50.03329610824585
52.338690757751465	52.35831642150879
47.365756034851074	47.389065742492676
52.52553462982178	56.43264198303223
47.05769634246826	51.20950651168823
51.71666145324707	53.2507266998291
36.962199211120605	37.90928649902344
61.36091995239258	62.06935119628906
63.3809757232666	65.23216438293457
35.92779874801636	35.440369606018066
51.91397190093994	54.8342399597168
61.54584503173828	58.865110874176025
57.05273628234863	55.62153625488281
54.58357810974121	56.16010093688965
41.181535720825195	42.912174224853516
63.56343746185303	64.82075500488281
57.53885364532471	57.885860443115234
45.43705940246582	44.80953311920166
53.83430480957031	56.095035552978516
55.06426811218262	52.372724533081055
59.0900239944458	60.84066390991211
51.88576698303223	51.61856460571289
40.39860820770264	42.62139272689819
64.5908374786377	64.47479248046875
57.92910957336426	61.255096435546875
62.644471168518066	62.04052734375
57.523606300354004	59.23568344116211
69.23488903045654	65.12480163574219
58.483214378356934	58.753482818603516
44.42646789550781	45.31828022003174
52.93693923950195	51.87191390991211
50.76619625091553	52.36407279968262
58.083224296569824	59.72995948791504
58.575233459472656	59.73998308181763
48.537654876708984	51.001097202301025
45.65000057220459	45.7730712890625
65.95250701904297	63.948060035705566
54.35281276702881	50.35794639587402
56.31366729736328	54.76526641845703
59.19429588317871	59.87986183166504
56.25144100189209	56.858726501464844
46.506948471069336	46.94157886505127
65.00780296325684	66.61243438720703
56.38986110687256	55.09399223327637
54.97910499572754	58.102827072143555
56.0438289642334	59.08171272277832
40.07253646850586	40.19008541107178
60.15328788757324	67.04885768890381
59.01148796081543	55.72199821472168
57.72348403930664	59.283185958862305
66.16626739501953	66.51776885986328
52.315635681152344	52.491811752319336
50.426650047302246	50.51568603515625
50.76382637023926	53.958309173583984
54.53868865966797	56.99676704406738
64.98448181152344	67.04159545898438
43.741631507873535	40.343788146972656
54.9634108543396	53.98134708404541
35.82148313522339	38.67680740356445
58.381113052368164	58.96550178527832
59.991455078125	58.76300239562988
69.982177734375	71.41784477233887
55.99999666213989	58.9871940612793
59.990318298339844	60.54987716674805
58.90080738067627	58.32771301269531
57.137484550476074	55.811439514160156
60.097206115722656	59.30528259277344
56.49356937408447	58.91761016845703
54.62613582611084	55.108205795288086
45.54598808288574	43.63245677947998
60.08405876159668	59.938148498535156
59.32762622833252	62.530723571777344
57.7813720703125	56.61116981506348
42.70869255065918	43.77721881866455
61.44576644897461	58.98331928253174
54.69715595245361	54.69074249267578
52.76105880737305	55.49462699890137
54.68313789367676	58.57682800292969
70.90609550476074	71.12612915039062
52.24421977996826	52.05916213989258
59.900047302246094	59.65889024734497
59.820499420166016	61.08498954772949
46.03085517883301	46.94490051269531
57.682594299316406	59.09306812286377
49.98394966125488	48.97531700134277
40.479801177978516	44.03213930130005
66.76166725158691	67.2378339767456
54.68947219848633	54.21265935897827
53.255205154418945	50.856245040893555
55.23233985900879	55.31256437301636
56.838107109069824	54.470746994018555
50.80667972564697	51.99820518493652
49.755859375	51.49903964996338
50.93213081359863	51.32771873474121
55.16059112548828	60.6391716003418
63.951026916503906	61.37121772766113
55.174899101257324	54.521827697753906
56.31061553955078	56.547964096069336
41.701741218566895	43.72316837310791
53.15079689025879	55.02329063415527
54.39722537994385	55.54104423522949
63.50090789794922	63.76822853088379
50.71384906768799	47.656142234802246
59.824724197387695	56.41948699951172
53.74404716491699	56.476606369018555
57.52762413024902	55.231360912323
51.64830684661865	49.943716049194336
55.10281562805176	58.01047325134277
57.72292995452881	58.03390121459961
55.795400619506836	58.37448692321777
56.88305854797363	52.53123664855957
44.07578468322754	45.915221214294434
56.27061653137207	62.16612243652344
53.25063705444336	49.38958168029785
53.25871467590332	55.33047866821289
51.72534370422363	53.917946338653564
59.967467308044434	61.484046936035156
54.18708801269531	53.38738012313843
56.24450492858887	57.55290985107422
59.409650802612305	55.65760040283203
63.7719783782959	62.66771602630615
58.49285888671875	59.79429912567139
50.38590431213379	49.499977111816406
50.6241512298584	50.716392517089844
49.414621353149414	53.84035110473633
58.617753982543945	58.27819633483887
51.41591548919678	47.56983947753906
55.82413673400879	57.84255886077881
52.40445137023926	51.00136756896973
51.03066444396973	52.65507888793945
55.84273338317871	52.680785179138184
45.675363540649414	49.99188995361328
47.944464683532715	50.01179122924805
51.11432075500488	51.232337951660156
62.94495868682861	66.20883178710938
60.274620056152344	55.80270195007324
49.23327445983887	47.8243932723999
60.256385803222656	63.02711868286133
65.23276805877686	63.615455627441406
51.26863956451416	51.346200942993164
58.21749687194824	60.170265197753906
59.804460525512695	64.97741508483887
47.88633346557617	44.42646789550781
60.881126403808594	63.24875068664551
62.93000507354736	63.518150329589844
60.935020446777344	62.7758731842041
58.11480140686035	60.988765716552734
53.03375244140625	53.017873764038086
55.98774337768555	58.17319107055664
54.903202056884766	54.614681243896484
50.12587070465088	46.93806552886963
51.38814449310303	51.4438591003418
45.66714286804199	49.42925262451172
63.71260643005371	69.29102325439453
62.14661407470703	60.92002582550049
59.10176086425781	56.68758201599121
49.91621255874634	51.55611801147461
49.413814544677734	48.66317939758301
56.70956611633301	55.948150634765625
50.65875053405762	52.21746826171875
69.84027862548828	67.62267351150513
57.4815092086792	57.12731170654297
57.106367111206055	58.926188468933105
55.20888328552246	53.0716495513916
46.982245445251465	46.85965061187744
61.3385066986084	61.70135498046875
50.77295780181885	53.004690170288086
46.20808410644531	47.735848903656006
58.35593605041504	59.50869846343994
55.06495523452759	53.30233383178711
59.67997074127197	61.380043029785156
60.29138660430908	61.837982177734375
54.38353157043457	52.8888840675354
51.43571329116821	57.09672164916992
58.06918144226074	56.44836616516113
51.27754878997803	53.07713317871094
60.12127876281738	60.05764293670654
52.17504262924194	51.59967041015625
52.35078048706055	50.20518112182617
65.79116249084473	64.76611137390137
62.11659049987793	60.148085594177246
46.73389434814453	50.19096565246582
46.99629306793213	44.438326835632324
45.346989154815674	47.869606018066406
53.04462432861328	50.54700469970703
66.87750244140625	64.27526807785034
55.00344657897949	56.69989585876465
50.99294185638428	53.74427604675293
38.87608051300049	42.10879611968994
58.770575523376465	62.6909236907959
41.95572853088379	43.31669998168945
47.43270492553711	52.776835441589355
58.51672554016113	56.208436012268066
60.796905517578125	57.134544372558594
61.04418754577637	61.51580810546875
50.8431339263916	49.610464096069336
49.870805740356445	54.88011455535889
63.34809494018555	65.5208044052124
55.548272132873535	54.6844539642334
58.396416664123535	62.3577880859375
51.56306600570679	53.75371170043945
45.32160758972168	45.43772792816162
54.70231533050537	54.55561065673828
57.878448486328125	61.099642753601074
59.17371368408203	57.09332275390625
52.10151195526123	51.4233512878418
48.46693992614746	51.41865348815918
46.977596282958984	49.69993591308594
48.837013244628906	46.89484405517578
56.80034065246582	59.909762382507324
64.11515045166016	62.843998432159424
64.34623908996582	63.5726432800293
46.011109352111816	41.25447463989258
44.2104377746582	43.44972276687622
52.47292900085449	52.33844757080078
53.615736961364746	54.134376525878906
62.86014366149902	61.59974670410156
52.27578163146973	54.83853721618652
38.20261478424072	38.55101680755615
41.1377592086792	46.030906677246094
69.13925266265869	68.39339447021484
58.97420310974121	56.082191467285156
59.434532165527344	58.389166831970215
49.63137626647949	49.71026802062988
49.158857345581055	53.006837368011475
52.19065475463867	50.88792371749878
50.7953405380249	47.54887390136719
38.99256467819214	41.01786518096924
57.25384712219238	57.01278018951416
62.719913482666016	66.12415313720703
60.481061935424805	57.61556625366211
44.02140140533447	45.01568126678467
59.235219955444336	59.52274417877197
59.22595024108887	53.02507209777832
60.56862926483154	66.98380279541016
69.62655353546143	71.46443176269531
59.89096641540527	60.579362869262695
61.76459789276123	62.389854431152344
50.73133945465088	48.17937469482422
53.698248863220215	60.60286903381348
46.52987766265869	50.08367967605591
59.523011207580566	60.58854293823242
48.69647026062012	53.9001088142395
60.45857048034668	63.17141246795654
49.16089057922363	50.8212890625
61.49323081970215	65.1763916015625
59.580349922180176	60.026567459106445
37.69915819168091	38.193474769592285
45.83152770996094	48.236412048339844
57.958075523376465	62.766380310058594
58.29947090148926	62.05875015258789
56.11921691894531	56.65060901641846
51.89473342895508	53.33324670791626
54.107872009277344	57.088562965393066
64.5578784942627	67.3145112991333
57.85920810699463	55.84339141845703
53.498085021972656	58.587656021118164
60.47994613647461	57.91266059875488
48.899070739746094	50.520071506500244
43.081369400024414	43.54979610443115
50.57906150817871	50.34972953796387
53.59856986999512	54.490803241729736
49.83189582824707	50.83673858642578
61.9708309173584	62.00920867919922
71.82178497314453	70.14543056488037
48.75595235824585	48.68080139160156
58.028852462768555	58.80603885650635
51.37608051300049	51.91025733947754
56.90385818481445	60.85496425628662
55.74542474746704	51.55760192871094
55.1085262298584	57.30151176452637
51.96272850036621	51.04184532165527
57.971253395080566	58.99135780334473
57.454702377319336	60.59435749053955
52.52387237548828	53.45546579360962
51.76781177520752	51.14431571960449
55.10614585876465	57.81896686553955
58.87908458709717	60.379844665527344
53.63469123840332	52.72409248352051
63.884124755859375	67.50665187835693
47.42614269256592	48.8291072845459
57.869248390197754	59.050209045410156
49.48862075805664	48.08316993713379
55.99050521850586	57.68517875671387
54.28593635559082	54.008522510528564
61.05035591125488	56.07403755187988
53.0374813079834	54.11179161071777
55.448360443115234	57.00175666809082
49.648375511169434	52.02349662780762
51.34292793273926	55.415123462677
59.459391593933105	60.157554626464844
63.72205924987793	63.58076477050781
51.065635681152344	48.73773193359375
56.073426246643066	55.845191955566406
53.62649917602539	53.908281326293945
58.203288078308105	58.25788879394531
57.95509147644043	59.262298583984375
54.8111572265625	53.07357120513916
48.61888408660889	52.07874298095703
49.76988744735718	53.8929443359375
64.5061354637146	64.20916080474854
61.12116813659668	61.46202850341797
47.537312507629395	49.723594665527344
57.45461940765381	55.76770782470703
62.29763412475586	64.340576171875
59.64576721191406	63.34582328796387
56.39273643493652	57.58717346191406
46.89278602600098	47.59936809539795
53.385114669799805	48.942588806152344
51.23707056045532	55.03733444213867
61.671231269836426	61.88996887207031
61.37923622131348	62.6932373046875
54.20460224151611	54.75699806213379
57.308982849121094	59.04453134536743
56.55463695526123	56.21370506286621
57.02136516571045	58.18345069885254
54.516154289245605	58.442745208740234
62.31269073486328	60.929823875427246
56.605464935302734	61.65027618408203
66.42773532867432	66.70826721191406
61.61495018005371	65.26348972320557
56.26835823059082	56.56190299987793
44.6768856048584	45.493014335632324
61.02448081970215	65.30350494384766
48.791632652282715	51.09619903564453
61.864126205444336	64.37313842773438
56.008216857910156	55.09756422042847
53.469247817993164	54.14523124694824
62.92166042327881	64.871826171875
53.89230537414551	54.71067142486572
58.413286209106445	56.15953063964844
48.01257133483887	48.996843338012695
53.159088134765625	56.87026023864746
59.74796104431152	57.749085426330566
59.347801208496094	58.00740051269531
53.04133892059326	54.9093074798584
58.46510982513428	63.317237854003906
52.80809783935547	53.61556959152222
55.24417304992676	57.02656555175781
44.680442810058594	41.40830326080322
50.11710548400879	52.71756839752197
47.61210918426514	44.8831901550293
56.793256759643555	58.54576587677002
55.82453155517578	56.855713844299316
63.52898406982422	66.21465969085693
54.395263671875	59.44037389755249
51.78381156921387	47.61372995376587
54.278855323791504	54.36639404296875
55.33275604248047	57.68357849121094
61.35941505432129	60.69575881958008
63.084068298339844	58.26706790924072
56.36615753173828	58.88462543487549
55.5601167678833	56.03894805908203
49.42891836166382	50.90544891357422
48.306217193603516	44.455201148986816
55.3204345703125	54.60805320739746
51.6606330871582	53.23179817199707
48.418684005737305	45.477885246276855
48.60161781311035	52.85335350036621
57.3369026184082	59.36772060394287
65.1684341430664	62.41671371459961
52.72781753540039	56.1514253616333
62.193846702575684	60.04615783691406
53.80724287033081	52.55524444580078
62.782413482666016	61.93518877029419
53.22943687438965	48.31293296813965
55.43718910217285	61.11401557922363
55.23060607910156	57.09469795227051
60.62286186218262	58.344719886779785
42.50181198120117	42.402889251708984
52.94543266296387	52.15199089050293
43.65304470062256	44.00074481964111
46.47666263580322	46.80861806869507
50.28959655761719	49.880126953125
64.49498748779297	60.046854972839355
57.74308776855469	62.31185340881348
56.296682357788086	55.17198944091797
52.059946060180664	53.5062780380249
42.813963890075684	37.714064598083496
57.52680587768555	60.258822441101074
60.79545021057129	60.220824241638184
51.815690994262695	52.10219764709473
48.8831090927124	50.058855056762695
38.6536979675293	40.918487548828125
50.297476291656494	49.71221160888672
63.05669403076172	64.34354209899902
59.068074226379395	59.77169418334961
49.57200050354004	48.225603103637695
54.07416820526123	61.074981689453125
64.88677024841309	61.929771423339844
46.8218469619751	47.136900901794434
56.705440521240234	57.70951843261719
59.55136775970459	55.966346740722656
54.39653205871582	57.33909606933594
56.42742347717285	57.04304122924805
43.87173652648926	40.07271480560303
54.943480491638184	57.84741973876953
48.09844207763672	52.50578451156616
56.793479919433594	56.335710525512695
48.72571563720703	51.93128204345703
54.93982791900635	52.64006996154785
63.791683197021484	62.52378988265991
66.22473335266113	66.3962173461914
50.004568099975586	51.74239540100098
46.76337432861328	49.55490255355835
63.60486030578613	63.6297607421875
63.52961540222168	60.17452812194824
37.356834411621094	36.25475835800171
51.38628959655762	52.74718523025513
55.14219665527344	52.0497932434082
51.83481693267822	49.0792293548584
53.29991340637207	52.91935157775879
52.176554679870605	53.883304595947266
59.8141393661499	57.00102996826172
59.29635715484619	58.38738250732422
53.478431701660156	52.223276138305664
50.52764892578125	51.19122505187988
60.342122077941895	62.51741409301758
55.83133506774902	54.17002820968628
59.25667667388916	58.59089660644531
50.81820011138916	49.344709396362305
58.9527645111084	60.49155044555664
58.44063663482666	60.455665588378906
52.799726486206055	51.50112867355347
61.029178619384766	61.68468952178955
53.12504768371582	51.6481819152832
46.079254150390625	46.24906826019287
55.21034240722656	54.458770751953125
42.28085231781006	42.31432294845581
56.60797595977783	54.24997901916504
53.834824562072754	52.97355651855469
45.643792152404785	46.101439476013184
44.589619636535645	46.38917541503906
60.44400215148926	62.14562797546387
54.08200263977051	56.19300842285156
68.90467071533203	68.0453724861145
55.67584991455078	55.115139961242676
57.51622676849365	56.6063289642334
61.394466400146484	63.906007289886475
46.981821060180664	47.954163551330566
59.20072078704834	63.125972747802734
58.904314041137695	62.92762851715088
66.43549346923828	64.79824733734131
46.02577304840088	48.358524322509766
55.68408823013306	53.97767639160156
71.66969108581543	73.48802947998047
51.766357421875	45.30299377441406
55.29480171203613	56.06803226470947
57.82035255432129	57.780781745910645
60.76017951965332	59.70581912994385
60.33903789520264	57.61176300048828
58.27028274536133	56.88240051269531
62.04408359527588	63.4259033203125
50.40538215637207	52.82168960571289
66.75278949737549	68.22112274169922
62.46125030517578	62.75177335739136
56.94761848449707	60.54471206665039
53.884286880493164	53.89658546447754
53.70438194274902	52.479031562805176
42.08087921142578	41.307692527770996
54.992849349975586	53.475008964538574
52.87764358520508	54.31536865234375
62.01439666748047	59.442644119262695
64.20043182373047	64.65020656585693
64.45851135253906	63.71918487548828
60.939332008361816	60.353851318359375
57.95005416870117	60.20097541809082
57.760305404663086	55.413734436035156
58.798842430114746	62.54346466064453
59.081045150756836	62.00040054321289
53.55154275894165	57.42777633666992
39.20958995819092	38.80367946624756
40.113518714904785	40.477805614471436
44.09404754638672	44.098368644714355
52.8788537979126	53.924705505371094
57.229841232299805	57.022640228271484
52.76139736175537	51.08334159851074
61.47734069824219	62.54416608810425
45.205583572387695	49.18878364562988
68.20130062103271	69.64863586425781
58.6820125579834	61.33327102661133
55.88512420654297	57.73918533325195
67.0736780166626	68.32806396484375
59.62151050567627	57.57133483886719
53.73654365539551	56.50209617614746
55.08453941345215	56.86473274230957
60.13378620147705	60.29627227783203
53.93433952331543	58.180256843566895
55.19815921783447	56.0928840637207
53.31028938293457	53.86336326599121
58.33169746398926	62.43099498748779
54.4500675201416	54.84309768676758
63.91324996948242	62.85266304016113
59.34027671813965	63.27332305908203
54.87139701843262	55.73012924194336
59.88337326049805	61.55496692657471
60.91201972961426	61.11716651916504
56.057066917419434	58.99433898925781
65.25114679336548	64.47613334655762
54.11210632324219	54.967806816101074
63.37211799621582	63.494293212890625
52.66703796386719	55.342772006988525
57.64283752441406	63.60140895843506
65.22303485870361	65.17616271972656
40.340895652770996	43.98794174194336
60.369452476501465	60.68339538574219
66.28568267822266	70.42005157470703
54.96671199798584	53.81632995605469
50.70281410217285	51.177085876464844
49.449843406677246	50.05329895019531
48.67959022521973	48.61860466003418
50.44084072113037	51.570465087890625
53.638601303100586	55.16550064086914
48.62794303894043	49.86383819580078
70.05352783203125	68.2001724243164
55.12294578552246	54.37648153305054
55.67368698120117	57.61659908294678
67.54723358154297	65.3792953491211
51.97225570678711	53.176849365234375
66.93759346008301	73.08473205566406
54.909027099609375	55.14738702774048
59.02876853942871	56.65766143798828
61.2317419052124	62.52703094482422
46.30941390991211	46.69475555419922
59.384429931640625	60.86394453048706
59.76119041442871	57.70775604248047
55.73650360107422	57.60826778411865
51.182661056518555	50.47807502746582
52.04361534118652	52.308223247528076
60.19660949707031	59.23911380767822
63.35948896408081	64.87519264221191
63.55935859680176	62.47633361816406
53.50148391723633	56.12528991699219
43.6245231628418	43.29546022415161
52.54277229309082	56.36240482330322
60.30886363983154	59.58197784423828
48.29450798034668	47.56097173690796
61.45734214782715	65.45922183990479
47.7645263671875	50.0986967086792
53.7044563293457	54.79704189300537
54.94834899902344	53.890485763549805
50.11974334716797	51.177005767822266
52.93368482589722	54.21677780151367
52.76013946533203	54.33824157714844
48.09998035430908	48.219383239746094
44.21400547027588	47.92385959625244
53.284287452697754	55.75262260437012
50.77840232849121	53.385260581970215
46.86866760253906	46.928592681884766
54.30579233169556	52.896522521972656
60.546021461486816	61.444278717041016
52.152204513549805	53.92668342590332
56.47099208831787	58.532875061035156
54.05308961868286	55.29592514038086
58.635207176208496	56.260887145996094
58.2165002822876	56.528377532958984
53.340773582458496	54.38714599609375
54.36130428314209	57.57952880859375
59.073835372924805	61.323259353637695
54.37241554260254	55.360708236694336
50.09769916534424	50.92923545837402
59.6941499710083	62.86298370361328
59.50093460083008	57.731842041015625
56.78177356719971	57.12630081176758
57.644691467285156	61.10019016265869
48.52338790893555	52.20345497131348
51.5891170501709	52.41957664489746
51.34321975708008	52.9670934677124
53.454856872558594	52.077077865600586
63.71137809753418	62.60773468017578
47.533721923828125	46.889254093170166
52.20235347747803	52.14678955078125
59.02609062194824	60.5305290222168
58.838576316833496	58.546051025390625
58.250261306762695	57.668556213378906
51.015610694885254	48.70926475524902
62.237863540649414	59.61691188812256
67.56252765655518	63.53766632080078
64.435546875	65.38434600830078
49.82733201980591	53.2362174987793
57.6019811630249	54.870500564575195
54.90311622619629	55.612350940704346
57.56974983215332	60.720194816589355
63.556068420410156	62.94666051864624
57.156508445739746	58.75981140136719
56.540045738220215	53.95247840881348
48.489423751831055	49.502861976623535
56.48282527923584	56.84667778015137
59.55734825134277	59.89069652557373
43.802223205566406	44.429972648620605
63.31068563461304	65.75064659118652
64.98211479187012	66.1286849975586
59.64248085021973	62.016746520996094
55.47985124588013	57.88561248779297
49.971323013305664	50.249393463134766
59.44518566131592	59.02135467529297
65.17574405670166	66.56111907958984
54.99178886413574	54.11844062805176
58.48883628845215	56.87670707702637
53.2979621887207	58.81184673309326
57.29013633728027	57.87976932525635
64.46978759765625	62.15267753601074
63.476505279541016	63.10319423675537
60.08403968811035	56.88878059387207
50.30502891540527	51.02578067779541
58.059064865112305	55.09306001663208
58.96497344970703	59.21579360961914
55.013729095458984	57.06112575531006
66.20954132080078	65.60378456115723
46.48025989532471	48.08873176574707
66.28137016296387	71.25289154052734
54.12059211730957	55.5633978843689
63.40133094787598	62.407958984375
62.82615852355957	61.77798271179199
50.79937934875488	51.37482404708862
59.23476219177246	57.987528800964355
60.75521469116211	60.43328046798706
46.46979331970215	45.7688512802124
54.55900955200195	59.54215717315674
51.90791130065918	48.836769104003906
45.682945251464844	45.12171649932861
65.58081340789795	65.46405029296875
50.3087682723999	48.97915267944336
50.8380126953125	51.45669174194336
59.13181114196777	61.47289562225342
54.93042612075806	56.32100296020508
50.98642158508301	52.232253551483154
55.39521646499634	58.53459548950195
59.83057498931885	60.44981384277344
45.550336837768555	45.78281307220459
52.13639736175537	51.679487228393555
48.02421569824219	45.97865295410156
52.08226203918457	53.93539810180664
59.659996032714844	66.20062065124512
63.481117248535156	63.07207632064819
61.73184585571289	60.24052429199219
48.47146034240723	44.2856969833374
49.25986289978027	52.10232067108154
55.73712348937988	52.87577247619629
57.95090579986572	59.184688568115234
60.75999641418457	58.26752185821533
41.677842140197754	41.75503063201904
53.324270248413086	51.88686561584473
59.42216110229492	59.93673324584961
55.114498138427734	52.998247146606445
50.904476165771484	51.8345742225647
53.4275484085083	52.74837112426758
55.21460819244385	58.09949493408203
52.789612770080566	56.15419006347656
55.48932075500488	53.121849060058594
52.033653259277344	52.016183853149414
50.390143394470215	51.722002029418945
49.37943458557129	50.01517295837402
54.811763763427734	54.87835693359375
48.305463790893555	51.15337944030762
51.21831178665161	54.39768981933594
59.10771465301514	60.435791015625
49.43544864654541	46.277320861816406
57.15689277648926	60.5351505279541
54.39835453033447	55.38775634765625
62.97976589202881	57.866783142089844
45.84455966949463	45.01175308227539
58.62319755554199	61.81806945800781
50.19465637207031	49.173912525177
58.06757068634033	58.83522415161133
63.893606185913086	60.04347038269043
58.00002479553223	63.6611967086792
55.75872802734375	56.660115242004395
52.122474670410156	55.50008010864258
53.67562770843506	52.81879234313965
56.10006237030029	57.434364318847656
51.26927852630615	53.99901008605957
50.19469738006592	49.24504280090332
58.97744178771973	60.6645393371582
50.697526931762695	51.81619596481323
52.844770431518555	53.285091400146484
50.38276672363281	50.083608627319336
50.93402862548828	51.30511665344238
56.59708023071289	59.40403747558594
53.913207054138184	55.31018829345703
56.600990295410156	56.797719955444336
54.933448791503906	52.660861015319824
56.83406352996826	54.630088806152344
55.204529762268066	54.94638633728027
54.428192138671875	53.504088401794434
50.20153999328613	52.0349006652832
51.86578989028931	53.94977569580078
52.568297386169434	49.803199768066406
51.818349838256836	52.134968280792236
48.55016899108887	46.477942943573
63.6920166015625	64.06026649475098
58.38193130493164	57.44136142730713
48.46358299255371	47.15898513793945
50.43029308319092	51.43061828613281
54.485395431518555	60.56609916687012
66.86625003814697	65.33721160888672
60.37473964691162	64.11459350585938
57.669684410095215	57.770565032958984
46.9530029296875	50.296217918395996
52.20446586608887	52.24038505554199
57.72741508483887	57.697662353515625
46.98397636413574	47.241517066955566
56.30702495574951	56.07005310058594
48.29087734222412	48.071062088012695
54.48500871658325	55.566383361816406
51.83782768249512	54.34898090362549
60.7487268447876	59.9151725769043
63.64524459838867	64.36187553405762
58.70284080505371	58.50140190124512
59.16619110107422	58.23081350326538
59.11272144317627	60.46218490600586
56.306382179260254	54.74949645996094
57.81081581115723	58.92749786376953
57.60211372375488	55.763015270233154
48.995561599731445	50.292205810546875
63.69439506530762	63.030792236328125
56.30829048156738	55.42520046234131
52.64091491699219	50.74194145202637
47.84909725189209	48.90554237365723
57.26677131652832	62.45151138305664
60.03114318847656	61.425551891326904
50.560593605041504	50.41951560974121
51.97262477874756	49.997318267822266
55.502946853637695	54.89367628097534
56.1592493057251	62.67862319946289
60.85088539123535	62.12980270385742
57.86293983459473	56.11332321166992
58.234811782836914	55.730571269989014
48.16671848297119	48.9125862121582
53.85376739501953	56.89988708496094
59.89618396759033	60.49787139892578
60.648404121398926	59.227203369140625
57.60765361785889	58.12324523925781
56.0401611328125	54.59753465652466
56.32204055786133	55.138561725616455
48.799872398376465	49.132524490356445
51.58329963684082	52.77165412902832
56.904951095581055	58.59094047546387
59.567898750305176	58.530982971191406
52.38815784454346	48.3219051361084
52.80289173126221	53.04634666442871
58.77313041687012	59.546549797058105
54.82377052307129	54.5764274597168
57.88691234588623	60.00403594970703
61.571964263916016	58.008310317993164
53.61868381500244	53.85373878479004
55.52817344665527	58.53214073181152
53.1141471862793	51.9484806060791
48.825063705444336	51.029531478881836
57.66236686706543	56.239638328552246
51.17180824279785	50.2701358795166
51.69040489196777	51.102741718292236
52.97401428222656	50.600812911987305
58.95073890686035	56.60461235046387
49.27008247375488	51.17920207977295
56.762901306152344	57.40166759490967
53.596253395080566	50.647247314453125
51.92115831375122	55.61090850830078
59.86171054840088	59.23219299316406
51.67708873748779	52.09931945800781
52.382469177246094	53.54951333999634
59.417962074279785	58.71882247924805
67.60480499267578	64.68832397460938
46.113481521606445	44.450623512268066
51.305633544921875	50.64850044250488
62.85464954376221	65.15189361572266
55.44720268249512	57.117642402648926
61.021843910217285	61.95912170410156
60.767343521118164	61.57086181640625
60.67868518829346	63.252899169921875
52.10690355300903	53.18025207519531
48.842668533325195	50.399946212768555
59.479665756225586	62.021202087402344
59.27699089050293	61.22021961212158
60.56962013244629	58.94996452331543
50.77665138244629	56.38296604156494
58.55960655212402	57.74435901641846
64.52737426757812	61.69403076171875
48.35934638977051	50.77643394470215
64.75925254821777	66.07144165039062
52.2882604598999	51.508798599243164
63.73684310913086	63.14943981170654
51.13940238952637	48.22404098510742
54.69400882720947	55.89265441894531
51.10671043395996	51.022573471069336
40.21373748779297	39.093074798583984
54.70248985290527	58.50617218017578
56.828216552734375	54.79288673400879
57.05314636230469	56.73906898498535
45.346266746520996	45.21932935714722
49.343862533569336	46.59696865081787
58.53296184539795	57.14036178588867
44.403276443481445	44.046441078186035
50.151824951171875	49.09346580505371
61.19638729095459	63.015472412109375
53.57165336608887	52.70785331726074
52.221739292144775	55.05153274536133
52.40422439575195	50.81227779388428
52.34017992019653	51.213165283203125
52.06479835510254	54.53253650665283
53.23756217956543	48.12147331237793
53.91771936416626	58.54596710205078
59.30264854431152	57.974751472473145
57.22994804382324	58.48155975341797
50.009002685546875	46.437835693359375
45.63690185546875	44.73282337188721
38.325297832489014	38.34726619720459
46.82363033294678	47.62892818450928
47.77912616729736	50.906484603881836
38.18090057373047	36.71344041824341
51.8294792175293	56.226019859313965
67.79012298583984	65.92650604248047
68.55125427246094	63.450748443603516
53.44595432281494	58.055992126464844
59.34433937072754	61.82666206359863
69.66237545013428	69.96478271484375
59.195594787597656	58.853742599487305
54.19044589996338	55.57807159423828
52.852169036865234	53.25517749786377
66.37667274475098	69.8675308227539
60.866332054138184	56.16927909851074
57.8872013092041	55.029693603515625
53.73854160308838	57.284523010253906
50.45917510986328	53.75967979431152
62.130146980285645	61.65176010131836
60.349618911743164	64.22370147705078
52.85187244415283	53.945743560791016
52.79527187347412	52.4051513671875
48.58353519439697	51.1319694519043
60.1265983581543	58.36973476409912
47.67719268798828	45.97727966308594
49.04848575592041	52.12855339050293
49.92680025100708	53.618988037109375
57.43333339691162	54.30274200439453
54.744343757629395	59.340572357177734
52.709007263183594	52.351552963256836
64.73876953125	67.18988943099976
58.68485069274902	57.36744785308838
50.06330490112305	48.24983596801758
50.661659240722656	51.19764518737793
50.57650136947632	54.451114654541016
51.47236633300781	47.06323003768921
52.43850231170654	52.94619941711426
42.995083808898926	42.57653188705444
53.45444297790527	54.894824504852295
58.8474178314209	58.04047966003418
51.31914710998535	54.82040357589722
62.95539093017578	65.37848567962646
55.65384387969971	51.109548568725586
52.805891036987305	53.757551193237305
65.62744140625	63.63833570480347
55.93276882171631	59.79275894165039
54.06869888305664	52.19538688659668
49.160871505737305	49.99943733215332
52.15411186218262	52.3351993560791
51.175432205200195	50.30851936340332
57.356760025024414	60.21139907836914
56.35178565979004	54.39749336242676
54.78511905670166	55.29492950439453
54.659708976745605	57.066017150878906
57.7845573425293	55.946176528930664
47.68479824066162	48.2420768737793
58.90961933135986	60.88212585449219
58.270362854003906	57.88741970062256
54.42838096618652	56.19571876525879
58.556764125823975	53.77835750579834
46.55843639373779	51.20092821121216
51.52321815490723	52.83590221405029
59.840423583984375	60.14512825012207
60.19509315490723	60.569129943847656
55.726409912109375	56.51200771331787
47.62774467468262	49.60111999511719
63.346670150756836	66.45851039886475
50.48417091369629	51.3039608001709
54.6712646484375	52.35072422027588
61.33297920227051	62.3302698135376
53.61485481262207	53.93215227127075
56.11568355560303	53.95295715332031
46.23724937438965	45.546223640441895
66.88868713378906	65.9662914276123
51.98476791381836	53.13849639892578
54.76227140426636	53.214080810546875
