29.592071533203125	44.77309226989746
29.311237335205078	42.15876007080078
34.36212921142578	31.05620765686035
39.92413282394409	31.50234317779541
35.04267120361328	41.028852462768555
25.243799686431885	18.662883758544922
25.368749618530273	34.718825817108154
34.17327404022217	34.27220153808594
29.055862426757812	39.70336151123047
40.77317237854004	42.377217292785645
26.7145037651062	37.91938066482544
31.88889503479004	30.085569381713867
34.622085094451904	25.538203716278076
22.75908660888672	38.567519187927246
41.723527908325195	39.61997604370117
34.138100147247314	46.485700607299805
39.316341400146484	46.42264366149902
26.08386993408203	31.882884979248047
40.95078468322754	40.05978536605835
32.34208297729492	32.5532341003418
29.798065185546875	40.61957359313965
33.69788408279419	34.154937744140625
43.31281042098999	43.45309257507324
32.85820388793945	37.84220886230469
34.99993133544922	41.9426965713501
39.792094230651855	34.554734230041504
40.87643909454346	36.678733825683594
31.797494888305664	27.178800582885742
23.148822784423828	44.11320877075195
32.911343574523926	46.39838218688965
35.411059856414795	41.083993911743164
33.97724914550781	41.79427146911621
32.89987087249756	45.70707321166992
30.909332275390625	34.86939525604248
37.59103059768677	49.16274547576904
33.09495162963867	36.83265686035156
28.60719871520996	16.903696060180664
33.70436191558838	37.96657943725586
44.3205451965332	43.44551753997803
26.371848583221436	42.090444564819336
36.40480422973633	39.73773241043091
27.694984436035156	30.845627784729004
47.879825592041016	46.827802658081055
32.250465393066406	33.785133361816406
45.5804328918457	42.486968994140625
36.137776374816895	43.634681701660156
40.41953086853027	41.39416694641113
34.38883304595947	38.36531162261963
39.72892761230469	38.71522903442383
36.79475784301758	36.8140172958374
36.25525760650635	33.005805015563965
23.696033000946045	24.08132791519165
43.21322536468506	43.85780715942383
46.31466293334961	43.91102600097656
35.2519154548645	40.78436851501465
30.89482879638672	31.94205665588379
38.12672424316406	34.94658660888672
32.1497802734375	32.41544723510742
33.40888214111328	35.77286958694458
26.72712516784668	23.37784194946289
41.34244441986084	43.93217754364014
26.318315505981445	41.72647953033447
33.323447704315186	42.78079605102539
42.20090389251709	38.04312515258789
31.284260749816895	38.09968948364258
28.608083724975586	39.61235046386719
31.628165245056152	44.75430202484131
36.94843244552612	37.43096590042114
37.6820068359375	37.433433532714844
31.54810333251953	48.29709053039551
34.152347564697266	45.08929252624512
38.94660234451294	47.490501403808594
33.45302963256836	32.91771697998047
26.242210388183594	43.79410743713379
40.52028179168701	41.25988483428955
32.544918060302734	33.31278991699219
37.62122392654419	35.70516586303711
32.822364807128906	40.64942169189453
40.277981758117676	44.494789123535156
41.574387550354004	27.76127338409424
43.86832809448242	43.34408760070801
31.68122100830078	40.84857940673828
29.106525421142578	34.91626739501953
33.721585273742676	36.211830139160156
36.350013732910156	41.214613914489746
40.09694194793701	50.310813903808594
39.95203495025635	44.445366859436035
31.218273639678955	39.6030855178833
35.02033233642578	35.36114501953125
45.37264394760132	48.05623245239258
35.452866554260254	40.18552494049072
39.458274841308594	48.794071197509766
31.02594757080078	37.007668018341064
38.574249267578125	39.974578857421875
31.16436004638672	33.69222640991211
31.825929641723633	38.157962799072266
43.662962913513184	35.4008674621582
30.01951789855957	42.722153663635254
30.003408432006836	40.186424255371094
37.57643127441406	40.60420513153076
38.38484525680542	20.817522525787354
40.582313537597656	32.74427032470703
35.19576644897461	22.978684902191162
36.22090530395508	47.42428779602051
32.74456024169922	36.15944194793701
32.51545715332031	34.650054931640625
44.181833267211914	31.990103721618652
28.246000289916992	32.75725603103638
31.06757354736328	38.449134826660156
31.92284107208252	31.06505012512207
29.233417510986328	36.182212829589844
30.27557945251465	30.839927196502686
31.535598278045654	35.04419708251953
33.926377296447754	29.911678314208984
33.43719482421875	36.584343910217285
29.31985378265381	34.18428039550781
41.868377685546875	51.264519691467285
30.876469612121582	46.24397277832031
38.59907865524292	45.5054235458374
29.356685638427734	40.57381057739258
41.499061584472656	34.66332197189331
33.66042995452881	33.31636905670166
35.162269592285156	23.48363494873047
31.421761512756348	37.93656826019287
28.954471588134766	31.01749610900879
30.537635803222656	37.089786529541016
33.98085832595825	26.22101402282715
28.6925048828125	48.366485595703125
30.72370147705078	37.02960968017578
36.939029693603516	42.49709701538086
30.367000579833984	32.33351469039917
32.76006603240967	35.91746234893799
27.303865432739258	36.76115036010742
38.93584728240967	38.55067729949951
32.91273832321167	35.39691925048828
30.618999481201172	43.91922950744629
26.695068359375	24.230579376220703
29.776928901672363	39.74684953689575
36.23065233230591	38.1727409362793
44.74949836730957	36.742310523986816
31.16340446472168	32.485748291015625
37.171897888183594	29.92551898956299
29.41042423248291	39.43560791015625
26.737449645996094	33.6114616394043
24.069992065429688	39.653743743896484
35.541930198669434	44.54572677612305
35.72854232788086	29.689998626708984
26.299266815185547	38.815674781799316
31.407573699951172	42.43304443359375
49.57660675048828	48.043556213378906
32.638587951660156	39.12596797943115
32.060890197753906	32.685519218444824
31.237564086914062	40.37611484527588
39.77127170562744	41.70229625701904
34.68042850494385	38.78742218017578
30.37735366821289	43.961262702941895
47.415879249572754	31.2288236618042
43.80013942718506	47.146986961364746
34.34513568878174	34.98558044433594
30.747699737548828	43.288092613220215
34.66549634933472	41.87392044067383
34.157962799072266	37.91330051422119
37.045289039611816	38.970940589904785
35.904144287109375	38.78253221511841
33.5343017578125	30.311222076416016
25.742363929748535	33.051475524902344
34.826977252960205	29.34091567993164
26.672550201416016	44.624948501586914
38.238654136657715	37.95977020263672
46.17886543273926	33.841679096221924
32.84607410430908	38.77795696258545
28.85219955444336	36.882633209228516
35.18076419830322	38.07002305984497
28.05964708328247	24.45070743560791
33.12970733642578	40.32091522216797
33.270729064941406	34.056408405303955
36.57998561859131	43.29385471343994
23.562911987304688	40.50847625732422
32.16050720214844	38.78164768218994
44.87094211578369	37.1815299987793
34.61226940155029	41.13123893737793
20.079200267791748	34.42234802246094
29.14925193786621	28.85181427001953
42.34105968475342	45.84279155731201
29.157591819763184	37.086849212646484
35.29627990722656	30.686635971069336
29.462170600891113	40.663957595825195
33.28601121902466	28.26540470123291
33.31018829345703	36.72548294067383
38.79723787307739	41.82537078857422
32.739471435546875	34.025665283203125
36.70876979827881	35.093979835510254
28.919153213500977	31.173686981201172
28.8680100440979	34.15018558502197
32.70209884643555	48.63753318786621
32.28530502319336	40.99221658706665
28.972187042236328	40.113372802734375
40.058794021606445	46.228036880493164
29.600605964660645	34.041595458984375
34.541908264160156	39.67772054672241
36.2293586730957	39.34244632720947
47.22468280792236	46.651965618133545
34.47498798370361	40.3243932723999
33.06814908981323	41.49353504180908
29.227176666259766	36.001487731933594
37.66181564331055	36.37339115142822
34.63841676712036	45.616159439086914
40.815757751464844	34.27093505859375
32.74888610839844	43.11396408081055
33.126959800720215	21.633085250854492
33.043487548828125	42.0114803314209
36.047797203063965	26.482460498809814
33.797428607940674	29.359984397888184
37.4305419921875	37.04240322113037
35.947442054748535	36.456634521484375
33.41743469238281	25.13689422607422
35.7004976272583	30.506649017333984
33.09051513671875	33.73955535888672
33.44976806640625	42.829580307006836
24.51980209350586	29.41153335571289
39.37290287017822	37.00661087036133
35.522987365722656	38.86000156402588
28.931994438171387	33.60526943206787
35.834938049316406	43.1684684753418
30.811565399169922	25.989147186279297
32.09438705444336	31.374629974365234
27.787771224975586	23.544921875
25.639263153076172	34.38701629638672
34.051090240478516	31.238722801208496
30.649306774139404	31.87528419494629
22.46376657485962	33.10564422607422
36.529953479766846	22.85717010498047
27.772567749023438	21.59693956375122
32.996337890625	22.083232879638672
39.03666687011719	42.62246608734131
26.43501853942871	40.797739028930664
41.256256103515625	37.29021072387695
31.391122341156006	32.957459449768066
31.472362518310547	35.33867597579956
39.56549882888794	38.45545530319214
36.46085739135742	30.46243667602539
36.01914644241333	27.36029624938965
34.38121032714844	33.90346908569336
28.505609035491943	45.135682582855225
31.581885814666748	41.973876953125
23.387836456298828	38.86152982711792
33.3590087890625	35.64057159423828
38.08233642578125	39.08965301513672
32.103309631347656	41.14456653594971
35.03042221069336	36.172245025634766
37.429688453674316	38.200721740722656
24.650264739990234	36.520782470703125
30.000904083251953	37.11073684692383
35.10712385177612	34.85383987426758
32.4864501953125	30.978046417236328
40.867615699768066	36.05494022369385
20.817893981933594	32.574378967285156
31.910926818847656	30.56316375732422
33.06871032714844	47.346824645996094
25.950218200683594	33.52643585205078
50.45270347595215	48.127570152282715
42.692015647888184	38.84793758392334
36.31806564331055	30.754093170166016
32.36218214035034	47.241783142089844
34.44376468658447	27.090198516845703
35.1360969543457	27.987815856933594
30.09925079345703	33.37876224517822
33.90583038330078	38.52036714553833
33.75420808792114	40.500823974609375
45.4683780670166	39.948116302490234
37.95413875579834	46.16004943847656
30.37196636199951	39.119248390197754
35.6259241104126	35.92783451080322
39.23526048660278	38.269855976104736
37.453484535217285	28.960444927215576
48.35606575012207	44.121803283691406
26.482276916503906	32.69890308380127
39.331398010253906	37.09538269042969
36.790382385253906	41.02477264404297
31.188640594482422	33.88576889038086
35.97142696380615	42.21481418609619
49.526710510253906	39.51331377029419
22.645000457763672	34.82105255126953
32.9176664352417	34.06365203857422
49.39837074279785	29.750361442565918
34.22384262084961	32.348103523254395
36.71800231933594	42.90170955657959
37.67333269119263	30.511009216308594
34.255210876464844	36.32135772705078
36.378963470458984	42.63791084289551
35.475154876708984	35.91824722290039
47.397850036621094	42.984028816223145
28.251421451568604	41.86013221740723
35.90139865875244	43.36918354034424
39.586665630340576	46.71546936035156
32.23029708862305	40.585317611694336
33.928680419921875	40.33987998962402
45.944549560546875	29.077296257019043
32.475914001464844	34.107773303985596
24.05314064025879	28.277265548706055
37.474026679992676	38.458274841308594
41.72665500640869	36.215243339538574
34.578680992126465	44.95572090148926
40.91325283050537	42.8352689743042
32.5990104675293	40.02617359161377
34.42412567138672	40.077773094177246
34.05361890792847	23.195268630981445
31.74687623977661	23.830345153808594
36.4332275390625	34.76908206939697
38.83897304534912	33.29624891281128
31.5557861328125	34.26546859741211
39.621299743652344	36.72010278701782
27.019344329833984	36.151100158691406
31.237266063690186	33.856825828552246
46.64897918701172	43.53941059112549
24.41712760925293	30.128002166748047
36.41680955886841	29.942599296569824
27.147844314575195	30.681145191192627
35.593910217285156	30.054004669189453
26.887771606445312	33.1929931640625
40.823426246643066	37.22771072387695
39.94689226150513	42.15031623840332
28.015209197998047	26.768667221069336
41.32179641723633	33.022682666778564
34.48017120361328	41.134657859802246
35.770745277404785	42.2294397354126
32.16304016113281	37.18505144119263
38.41982650756836	36.161065101623535
32.439796924591064	37.043519020080566
32.705039978027344	39.01965618133545
38.59969615936279	38.527122497558594
29.768857955932617	30.20579481124878
42.005187034606934	35.291507720947266
39.56795024871826	44.62160110473633
27.2762451171875	39.64656066894531
32.385345458984375	35.41475296020508
25.985885620117188	30.733749389648438
37.782630920410156	40.81808567047119
41.433916091918945	33.535308837890625
32.24644422531128	44.941415786743164
25.283287048339844	40.52159309387207
35.41290760040283	39.64653396606445
30.35266399383545	36.7108154296875
31.68985366821289	40.058326721191406
28.45923614501953	38.27947998046875
29.356701850891113	39.9701452255249
27.754100799560547	25.38888168334961
40.674095153808594	35.61197280883789
31.916017532348633	36.54535675048828
30.057413578033447	37.1026496887207
36.53080701828003	36.71051025390625
33.663697242736816	52.25081443786621
24.329519271850586	39.63263750076294
31.690678596496582	36.42847537994385
32.14731502532959	41.13583564758301
36.076148986816406	38.97817134857178
38.54267883300781	37.02809524536133
34.77073669433594	48.10588836669922
34.85039520263672	42.49035835266113
31.656909942626953	34.76160764694214
47.09620475769043	40.86292266845703
34.58056688308716	36.85587692260742
37.409385681152344	34.18410110473633
34.848480224609375	44.52611446380615
36.25541687011719	35.43403625488281
38.507667541503906	46.65165424346924
34.997772216796875	43.427371978759766
31.3458251953125	43.16905212402344
38.965232372283936	39.075684547424316
42.262335777282715	44.00090217590332
44.78818416595459	42.89949131011963
31.110878944396973	40.301337242126465
41.8351936340332	35.54853057861328
33.4808349609375	32.96973419189453
33.80173110961914	38.96734619140625
37.04997634887695	31.725677490234375
30.248666763305664	37.28451156616211
33.40007781982422	33.65783214569092
38.42410326004028	43.36926460266113
33.89959716796875	35.112266540527344
35.610774993896484	21.976943969726562
34.672274589538574	35.396666526794434
32.09107971191406	38.519290924072266
42.30764865875244	50.203102111816406
30.78232192993164	46.468505859375
38.202484130859375	45.55812358856201
30.43224334716797	35.94751834869385
35.764251708984375	37.238075256347656
36.72335147857666	32.610511779785156
32.58213758468628	40.350608825683594
32.32344436645508	30.20895004272461
33.26674222946167	38.213303089141846
32.375712394714355	32.95367479324341
30.345781326293945	34.776939392089844
31.659157276153564	33.12001037597656
30.649781227111816	19.353454113006592
43.12605381011963	40.96674919128418
34.22517013549805	21.79012441635132
40.08112335205078	28.848678588867188
27.132614135742188	37.96350955963135
29.37821626663208	31.9710693359375
32.461708068847656	45.36098003387451
31.85594940185547	39.17420196533203
32.40561008453369	34.04712677001953
36.80158615112305	36.16472244262695
32.39604187011719	35.432071685791016
42.44079113006592	46.14190101623535
35.21608829498291	38.481868743896484
37.883482933044434	37.14943027496338
31.39012336730957	41.124868392944336
34.667266845703125	37.77766466140747
40.203824043273926	41.752519607543945
40.46768665313721	42.03290557861328
35.0670862197876	38.745697021484375
31.09261989593506	36.1292724609375
29.341440200805664	25.586811065673828
35.15162658691406	36.54656171798706
30.858781814575195	28.93689727783203
34.135901927948	39.850921630859375
32.37563371658325	36.57284927368164
33.198272705078125	32.75186538696289
35.332579612731934	32.44761276245117
27.887460708618164	39.55853223800659
30.81598663330078	39.84154939651489
40.135746002197266	38.16067457199097
32.817580699920654	21.98417854309082
26.571707725524902	41.757354736328125
35.00434875488281	38.57970428466797
28.411917686462402	35.750229358673096
32.82414197921753	31.39936923980713
31.562572479248047	40.286431312561035
24.790443420410156	36.33615016937256
29.145526885986328	40.98591327667236
34.653143882751465	31.774112701416016
29.300940990447998	32.016212940216064
27.646316528320312	41.21848106384277
35.541725158691406	42.14603805541992
39.220643043518066	41.67229461669922
29.040130615234375	46.23795509338379
36.59922790527344	19.910011768341064
21.712692260742188	24.691609382629395
47.18734645843506	40.838027000427246
37.64234924316406	42.35525608062744
34.551910400390625	45.835466384887695
38.676350116729736	34.56631851196289
37.3986291885376	37.66694927215576
38.429133892059326	36.326499938964844
33.395836353302	40.718345642089844
28.082199096679688	37.23254442214966
30.60818099975586	37.78431701660156
33.951873779296875	32.702369689941406
36.56251907348633	37.80305480957031
32.31901550292969	46.171555519104004
41.05983638763428	34.78988170623779
33.53273105621338	45.504417419433594
20.608116149902344	34.39072847366333
38.47557830810547	30.152018070220947
26.541879653930664	38.35095977783203
31.799373626708984	28.528659343719482
33.229804039001465	37.35400390625
35.60796022415161	37.55815887451172
26.29242515563965	32.075207233428955
34.22258377075195	36.622188091278076
33.901082038879395	33.98911237716675
31.7301082611084	19.595282077789307
37.81512498855591	37.71968078613281
33.36442470550537	50.738525390625
25.037185668945312	37.089335918426514
30.49567413330078	28.22136688232422
37.1251802444458	29.072771072387695
32.272098541259766	30.938353538513184
30.91658353805542	31.4461669921875
43.63644504547119	46.01949405670166
44.614577293395996	47.166893005371094
32.22216033935547	38.60137939453125
45.67700672149658	37.97828197479248
45.26625633239746	42.69155979156494
36.10309600830078	37.614197731018066
32.79792308807373	34.423789978027344
24.859780311584473	38.332275390625
34.66733455657959	46.47946071624756
41.86858367919922	27.614093780517578
44.08328056335449	42.276798248291016
29.101810455322266	39.621219635009766
39.463486671447754	31.460174560546875
43.6644401550293	41.41512393951416
34.10595083236694	43.74945640563965
30.62549591064453	36.866973876953125
33.11212921142578	39.624876976013184
29.869234561920166	41.18310213088989
31.695497512817383	40.43626308441162
32.94184398651123	36.03310775756836
42.66576290130615	40.67568302154541
31.05233860015869	32.44403076171875
38.02330732345581	46.68581485748291
34.36848735809326	36.1439323425293
36.79092884063721	38.006184101104736
32.02428340911865	43.27188968658447
40.80773162841797	37.30239772796631
46.924381256103516	42.70805358886719
31.467031478881836	30.422940254211426
29.74750518798828	37.262935638427734
40.33186912536621	41.92116928100586
37.585740089416504	32.997337341308594
48.08068656921387	50.433454513549805
38.76924514770508	43.79331111907959
18.057437896728516	31.098724365234375
38.436309814453125	37.80694341659546
32.80778884887695	40.270087242126465
27.125022888183594	34.32229232788086
25.88420867919922	28.277782440185547
22.87598419189453	21.668572425842285
34.05701446533203	26.154333114624023
35.645145416259766	42.88274002075195
44.71182346343994	41.09205722808838
38.00602674484253	39.569289684295654
32.69747972488403	38.23789119720459
28.862844467163086	36.79613494873047
36.25967741012573	32.034507751464844
32.93240308761597	44.94716167449951
37.84890651702881	34.434913635253906
30.942039489746094	25.680620193481445
33.98324489593506	37.26163101196289
40.77103614807129	38.224510192871094
38.21945571899414	36.8330078125
32.642417907714844	40.145562171936035
32.94792890548706	36.87711238861084
29.554241180419922	31.17643928527832
31.871838569641113	46.196160316467285
31.069793701171875	31.30030870437622
41.04000806808472	36.0021858215332
27.61072874069214	29.148651123046875
30.229333877563477	46.5678071975708
31.976909637451172	29.279561042785645
20.76040267944336	36.1634635925293
30.886249542236328	32.965264320373535
28.742001056671143	36.61217927932739
25.00043487548828	42.16073513031006
24.012693405151367	34.464603424072266
37.88335418701172	41.29727363586426
47.56925868988037	46.79670238494873
30.664459228515625	21.925464630126953
35.37821960449219	42.9989447593689
39.245635986328125	37.489471435546875
27.94440269470215	41.573448181152344
42.04064083099365	43.99791240692139
28.318328857421875	29.006943702697754
38.780784606933594	41.14184379577637
36.32312059402466	37.380077838897705
31.13464117050171	36.441853046417236
36.78602600097656	37.366519927978516
36.332454681396484	37.32584476470947
36.893298625946045	26.139076232910156
42.99166202545166	42.45710849761963
31.449369430541992	42.07440376281738
46.490373611450195	37.26577281951904
33.16999816894531	31.84380531311035
38.447372913360596	34.72649383544922
42.34006404876709	42.73512840270996
40.963687896728516	41.80508613586426
28.576338291168213	36.74656677246094
38.048194885253906	32.2322416305542
34.68822479248047	40.52245283126831
32.314293384552	39.128265380859375
41.115577697753906	47.23172092437744
30.752856731414795	25.98413848876953
30.184574127197266	37.85336256027222
34.786495208740234	21.833202838897705
32.500202655792236	36.090025901794434
22.60552215576172	18.895267009735107
37.771034240722656	32.06925964355469
37.568467140197754	36.822340965270996
33.562729358673096	35.0469970703125
36.177889823913574	27.84105110168457
37.70589065551758	37.01512813568115
33.08446502685547	38.3272590637207
30.26318359375	32.38085985183716
35.274696350097656	39.13553237915039
29.82129669189453	36.35121822357178
39.632503509521484	39.137818336486816
30.16208267211914	43.92075538635254
44.468321800231934	41.199188232421875
33.941378593444824	43.03800582885742
46.39933490753174	41.19499969482422
29.279081344604492	37.82944917678833
28.695966720581055	26.64900302886963
44.40032958984375	43.520530700683594
31.080519676208496	45.104777336120605
33.90922546386719	22.05521583557129
30.533737182617188	46.277098655700684
32.52748489379883	36.200172901153564
30.99877166748047	38.99761199951172
45.967658042907715	43.858426094055176
41.615729331970215	39.92515563964844
30.75066375732422	34.92401123046875
40.136961936950684	44.03855323791504
47.84346580505371	43.96178436279297
38.22080135345459	25.294097900390625
23.62668228149414	30.693828582763672
29.168285369873047	40.38161754608154
31.127915382385254	34.949748516082764
29.389904022216797	41.12102508544922
35.53151607513428	38.891502380371094
37.78563976287842	31.938968658447266
35.84498596191406	43.08392524719238
21.1107120513916	26.213287353515625
34.27778720855713	30.977733612060547
33.963050842285156	43.837952613830566
35.7512903213501	31.166866302490234
37.11301517486572	41.67417240142822
29.23999786376953	32.53104019165039
35.485427379608154	38.889503479003906
30.884445190429688	36.90200424194336
33.507041931152344	39.02951145172119
30.10829448699951	25.648107528686523
29.143033027648926	31.836528778076172
35.08946180343628	39.03383159637451
35.13119459152222	40.61618423461914
35.89112949371338	29.681396484375
27.377071380615234	35.39717483520508
33.86203050613403	47.700819969177246
33.11335372924805	32.29814052581787
44.09036922454834	31.99412441253662
20.318482875823975	37.34619140625
36.347503662109375	34.843361377716064
41.20824337005615	41.62933349609375
27.342350006103516	30.820585250854492
38.194007873535156	49.237443923950195
29.83973264694214	40.03373336791992
38.30829620361328	36.96504592895508
31.199700832366943	26.650634765625
34.30628299713135	45.44978332519531
30.27355432510376	38.11250686645508
32.762084007263184	31.3883318901062
34.031272888183594	41.21424198150635
30.433181762695312	32.78350830078125
28.454627990722656	35.21921634674072
19.167430877685547	29.775917530059814
35.52532958984375	34.30638790130615
43.60871887207031	43.969024658203125
34.552574157714844	44.26334857940674
38.0551872253418	34.74943161010742
33.37348937988281	44.99482727050781
30.49616241455078	35.899879932403564
26.854316234588623	31.15377426147461
38.938663482666016	37.8167462348938
26.171467304229736	26.71331024169922
34.58570957183838	39.161993980407715
30.478577613830566	15.890761375427246
36.91101789474487	32.88577938079834
47.1857213973999	45.5150785446167
24.17841339111328	34.096638679504395
42.83274173736572	34.9960412979126
30.899675369262695	38.87468338012695
36.62187957763672	42.04047203063965
30.35439968109131	27.031715393066406
33.9550256729126	38.67897033691406
31.1510009765625	36.099181175231934
45.18113613128662	35.0218620300293
35.597083568573	33.80537033081055
33.07989835739136	38.96979093551636
24.522019386291504	37.7978401184082
31.49932861328125	40.128822326660156
34.37676239013672	38.86819839477539
33.79610538482666	41.12959289550781
26.181671142578125	25.230134963989258
29.76778745651245	22.881450653076172
31.11342716217041	40.005836486816406
51.69346046447754	41.35124588012695
36.02809190750122	44.09390449523926
34.600624084472656	31.930992126464844
29.546542167663574	31.20292854309082
27.809711456298828	33.392337799072266
26.713092803955078	32.425994873046875
31.140694618225098	37.88294219970703
27.960786819458008	40.980201721191406
36.8058705329895	43.30596446990967
40.30416011810303	43.58828067779541
31.53508758544922	35.812461853027344
27.296031951904297	47.76298999786377
38.60418701171875	41.92740726470947
38.622589111328125	30.116214752197266
39.836355686187744	35.146076679229736
29.9977970123291	32.72312927246094
32.9399299621582	31.41273260116577
39.04437303543091	36.97777509689331
32.178863525390625	35.502174377441406
42.65090274810791	39.93358612060547
32.022178173065186	48.713622093200684
29.247913360595703	32.80839920043945
34.181199073791504	36.70361280441284
35.29351043701172	47.81664848327637
46.142083168029785	28.019268035888672
35.53609371185303	39.951637268066406
21.496952533721924	40.48920154571533
48.83781433105469	31.381986141204834
19.559768199920654	45.20636558532715
33.2213020324707	38.08645963668823
25.02010726928711	34.943702697753906
23.73487949371338	29.877193450927734
32.45790100097656	42.082237243652344
36.8977165222168	39.014670848846436
22.64824676513672	20.112804412841797
23.105368614196777	29.48082447052002
47.19931411743164	45.49259090423584
27.07174062728882	35.45736312866211
43.506479263305664	36.643402099609375
32.806029319763184	41.624884605407715
31.317910194396973	29.567283630371094
33.990440368652344	43.812012672424316
33.35204315185547	37.98438262939453
32.22060775756836	30.594430923461914
31.66898250579834	38.31173658370972
28.885308265686035	32.19062042236328
30.37490463256836	36.14584732055664
37.39510488510132	39.711795806884766
35.50191879272461	29.052186012268066
36.88973665237427	46.049065589904785
34.93168592453003	35.735297203063965
26.99131202697754	31.48904323577881
36.68556213378906	22.369178295135498
32.677950859069824	44.45053768157959
32.9948844909668	40.91864776611328
23.191486358642578	32.90874481201172
33.34300231933594	45.34054183959961
41.09879493713379	40.66050052642822
31.918692588806152	35.60978317260742
32.0914192199707	35.73967742919922
38.64984130859375	27.648439407348633
34.025115966796875	31.939245223999023
46.29307746887207	42.14535713195801
41.39878273010254	43.843377113342285
41.47168016433716	46.17178916931152
31.86819076538086	41.47127294540405
30.294060707092285	23.678443908691406
28.52680206298828	42.01504611968994
34.7578763961792	38.453208923339844
27.431418895721436	38.601462841033936
35.77058792114258	35.89468765258789
40.446861267089844	29.162399768829346
33.297377586364746	31.69526195526123
38.8031530380249	44.57451152801514
33.049118518829346	40.152153968811035
26.013011932373047	39.297893047332764
35.77904987335205	45.13156986236572
35.77072525024414	43.120713233947754
28.584386825561523	32.670108795166016
20.711816787719727	31.676883697509766
29.44692039489746	31.83945083618164
30.730221271514893	32.35591125488281
36.28712463378906	39.22872066497803
29.896496772766113	41.25187873840332
38.73673915863037	36.933353424072266
39.973328590393066	39.43563938140869
34.1359281539917	35.63831329345703
30.638277053833008	36.33202362060547
29.674896240234375	27.249431610107422
41.34415149688721	35.642006397247314
34.46023178100586	37.63451099395752
37.10383605957031	38.91195774078369
39.050780296325684	35.93148708343506
35.966431617736816	39.66689586639404
27.35020160675049	30.081958770751953
48.38534355163574	39.94150161743164
28.630712032318115	30.691638946533203
39.530532360076904	49.62310981750488
49.54946041107178	44.811238288879395
38.485589027404785	35.63549041748047
31.55876874923706	38.87585163116455
39.77170467376709	29.927367210388184
25.162456512451172	42.766313552856445
33.460021018981934	25.002025604248047
29.757505416870117	36.991153717041016
33.951019287109375	43.570241928100586
30.49822235107422	31.617633819580078
38.13636875152588	47.0569953918457
33.20604705810547	39.59445238113403
32.67749071121216	36.73857927322388
33.18798780441284	40.721466064453125
30.691685676574707	43.29660129547119
31.82790756225586	27.0186767578125
37.094627380371094	39.99128246307373
37.33062744140625	40.817115783691406
36.57871341705322	41.11647891998291
36.48750305175781	36.49448776245117
26.327184677124023	36.60606384277344
43.515658378601074	37.62431621551514
37.87703847885132	35.1890983581543
32.21967697143555	22.522296905517578
32.518524169921875	36.2283821105957
37.615994453430176	41.70315456390381
29.306530952453613	38.31697082519531
31.253257751464844	41.186089515686035
36.225154399871826	33.591930866241455
31.861824989318848	37.499682903289795
32.13754653930664	31.33392572402954
30.831167697906494	32.22184753417969
39.246986389160156	35.76290845870972
31.199054718017578	32.205406188964844
38.84545087814331	35.391573905944824
32.97287702560425	43.941349029541016
28.101473808288574	30.231647491455078
34.235711097717285	34.31461811065674
27.641254425048828	35.71218013763428
28.20733070373535	32.41466522216797
37.11277770996094	41.807647705078125
34.64745283126831	34.45759582519531
27.785877227783203	42.26816940307617
35.120163917541504	45.621771812438965
34.09868240356445	46.72747611999512
30.212806701660156	39.079222679138184
22.565448760986328	35.536163330078125
34.44392013549805	29.132258892059326
36.82474613189697	40.500003814697266
42.14794158935547	38.8859486579895
37.65033006668091	42.122703552246094
37.71855115890503	34.715778827667236
39.557907581329346	33.462843894958496
36.644386291503906	41.438331604003906
37.74475574493408	33.95969009399414
41.52980327606201	41.33893966674805
38.38764667510986	29.88983392715454
36.32510423660278	39.24595260620117
34.590919494628906	31.558307647705078
30.302927017211914	14.648892402648926
35.46614408493042	49.288315773010254
29.27535629272461	26.903356552124023
28.379411697387695	41.07748985290527
23.24871063232422	43.541991233825684
24.950305938720703	40.394887924194336
39.20320987701416	34.27149200439453
33.14697265625	47.46708583831787
30.472198486328125	39.138771057128906
35.09817600250244	34.97415065765381
31.38410758972168	37.89657115936279
32.709267139434814	49.74077796936035
31.057815551757812	34.68348741531372
21.232770919799805	22.931385040283203
43.241172790527344	39.36448574066162
33.157859802246094	30.663082122802734
26.43177032470703	34.15879821777344
28.276901245117188	40.97159385681152
43.065452575683594	38.75244140625
40.077810287475586	37.179786682128906
36.90518569946289	34.26940155029297
26.616230010986328	35.73387908935547
39.51779079437256	47.60404872894287
37.6928973197937	26.054386138916016
34.73101806640625	39.1597785949707
38.536460399627686	27.267215728759766
29.51436996459961	36.217506408691406
37.79365539550781	43.06360721588135
30.523540496826172	30.427846908569336
37.95769453048706	33.43502759933472
37.441840171813965	38.54211091995239
33.910019397735596	36.5336537361145
43.59386157989502	39.03801441192627
35.30531406402588	42.217735290527344
35.22688388824463	41.65273666381836
43.81836700439453	42.34524726867676
24.757736206054688	43.49396896362305
40.51905632019043	50.05636215209961
44.051713943481445	33.23065948486328
41.6614294052124	36.62906265258789
28.099117279052734	38.82331848144531
35.45062303543091	32.51660919189453
35.56178665161133	39.58619689941406
39.16875457763672	36.98955154418945
27.439136505126953	36.29669189453125
33.88719177246094	43.970513343811035
32.232948303222656	42.83094787597656
40.54280757904053	34.29705858230591
40.56117248535156	43.85128402709961
32.6735725402832	42.76017189025879
29.316003799438477	35.15611553192139
39.88382339477539	27.576358318328857
34.12049055099487	25.56045150756836
28.900102615356445	32.468505859375
32.184104919433594	39.43900394439697
29.750900268554688	31.94059181213379
34.199676513671875	35.034661293029785
35.328288078308105	36.6421594619751
37.104881286621094	37.71926164627075
34.525543212890625	36.90110397338867
33.338730335235596	36.886584758758545
32.54388427734375	35.905479431152344
34.596335887908936	33.33515167236328
35.44800567626953	38.25761079788208
14.151965618133545	30.822092056274414
42.42470598220825	34.621169567108154
34.43413496017456	45.09124755859375
34.92219829559326	31.845147609710693
32.546539306640625	29.82776165008545
30.369632720947266	39.026939392089844
44.897698402404785	43.75558090209961
32.87626647949219	39.602882385253906
32.30692434310913	37.22747802734375
26.435420989990234	33.07624435424805
34.54850673675537	33.421417236328125
24.232452392578125	31.630125045776367
29.998210906982422	28.59107780456543
32.1151237487793	31.637514114379883
27.756969451904297	38.877625465393066
39.620699882507324	41.703500747680664
35.35454273223877	36.42413377761841
40.89709281921387	35.871334075927734
37.09774875640869	33.281028270721436
33.004371643066406	41.86897277832031
34.81812238693237	32.30086135864258
37.38373565673828	32.60321044921875
33.791518211364746	36.83095455169678
33.423072814941406	37.668800354003906
29.796566009521484	27.819056510925293
42.489418029785156	27.693724632263184
33.84849166870117	35.97632646560669
36.81679964065552	30.834739685058594
27.165908813476562	35.809505462646484
25.946443557739258	32.59808349609375
39.4543981552124	46.30230903625488
28.03154182434082	29.301776885986328
30.17639923095703	44.06104373931885
36.18465042114258	43.42049598693848
29.76995849609375	42.5447940826416
30.691285133361816	43.827956199645996
43.72199058532715	39.72837448120117
31.044058799743652	39.293951988220215
26.728778839111328	28.96201801300049
34.09097671508789	42.78635787963867
40.988168716430664	34.99634265899658
30.102373123168945	47.77417182922363
29.545269012451172	37.189552307128906
27.182178497314453	20.436631679534912
34.502357482910156	32.31194305419922
39.744431018829346	41.895965576171875
42.40187644958496	47.359867095947266
29.04116153717041	38.35975646972656
35.71969699859619	30.835673332214355
29.685444831848145	34.57758331298828
38.02301025390625	37.484354972839355
34.672019958496094	35.75348663330078
32.14667892456055	38.7463903427124
28.844144821166992	37.136985778808594
39.73789930343628	26.826465606689453
37.933242321014404	28.160018920898438
36.980010986328125	42.396674156188965
22.96324396133423	33.30671691894531
25.972217559814453	30.962427139282227
34.889007568359375	46.64970397949219
33.22727108001709	31.57947540283203
27.395627975463867	39.70710754394531
19.108547687530518	36.395503997802734
29.89835023880005	38.83817195892334
36.310630798339844	44.058122634887695
37.36763000488281	32.77129364013672
31.844351291656494	40.27741241455078
21.85767936706543	20.71929359436035
32.115371227264404	42.0692253112793
35.957369804382324	34.98056888580322
34.60498809814453	22.47678518295288
30.091373443603516	42.23978042602539
38.755348205566406	40.997605323791504
38.78102779388428	39.20521926879883
40.14981269836426	45.220524311065674
38.76626253128052	22.734304428100586
35.23627042770386	44.41117763519287
38.651719093322754	31.389253616333008
38.95046949386597	44.91096782684326
34.37885284423828	42.48448944091797
38.62274885177612	23.97714614868164
35.69654941558838	47.119221687316895
42.245362758636475	43.597779273986816
33.753700256347656	41.477073669433594
31.96700668334961	37.30593919754028
32.19089984893799	42.490315437316895
39.81557846069336	39.33708190917969
28.317859172821045	28.373749256134033
37.832820415496826	45.72591781616211
33.99920701980591	39.59559917449951
39.81394958496094	35.54485321044922
37.4986686706543	36.072838306427
34.01008605957031	31.315464973449707
39.17269229888916	43.1125545501709
28.167003631591797	36.12033462524414
42.70115852355957	32.680606842041016
31.006441116333008	35.76420974731445
32.69108533859253	45.34049034118652
33.24748992919922	36.648738384246826
29.8077392578125	39.44538116455078
38.445096015930176	31.687817573547363
26.065507888793945	33.02093029022217
32.40440654754639	32.91493892669678
24.73229217529297	45.56056022644043
35.57649230957031	45.54884433746338
30.753225326538086	32.54973649978638
38.944358825683594	27.034961700439453
30.08781909942627	41.14396095275879
34.15333557128906	26.742615699768066
31.315741539001465	35.74796962738037
32.76483917236328	37.14446306228638
35.8651008605957	35.76834583282471
