50.78483581542969	50.561180114746094
51.7855167388916	52.91253089904785
52.446842193603516	43.983163833618164
56.722065925598145	59.39405632019043
48.46077919006348	45.611409187316895
53.94299125671387	51.464332580566406
41.99275016784668	41.753554344177246
42.62354278564453	47.615089416503906
53.88304901123047	54.08270311355591
39.40339279174805	45.6831750869751
72.92542457580566	70.59220314025879
41.63262367248535	43.11863899230957
58.846373558044434	57.48623561859131
61.208885192871094	63.634910583496094
48.13228225708008	46.45817184448242
48.64701271057129	49.177236557006836
58.01361083984375	56.68745231628418
70.41330814361572	64.57415580749512
68.77091789245605	69.05771017074585
62.85484313964844	61.47047996520996
34.34382247924805	35.2946662902832
59.772769927978516	59.67015838623047
43.21810722351074	40.06945610046387
47.58766794204712	52.36423587799072
58.61919593811035	49.404876708984375
51.01372718811035	48.40091514587402
64.76009368896484	68.746826171875
56.404380798339844	55.449697494506836
56.86337471008301	57.084096908569336
59.76007843017578	55.65989685058594
48.44862937927246	47.05853462219238
50.617258071899414	50.75035285949707
52.22572469711304	55.7803053855896
49.203678131103516	52.18410301208496
52.644601821899414	50.97723197937012
58.636247634887695	53.85959815979004
49.95284843444824	53.098520278930664
59.119598388671875	52.94252395629883
47.37879800796509	47.348052978515625
47.60431718826294	52.25914669036865
47.47237157821655	47.29906988143921
61.444029808044434	60.4546480178833
56.03544998168945	60.28117370605469
52.10221719741821	51.469101905822754
60.77318000793457	63.1395206451416
58.644126892089844	58.10628318786621
54.466346740722656	54.7207818031311
41.75466442108154	42.49925136566162
48.19740152359009	45.68111562728882
52.87487983703613	53.01711845397949
55.189273834228516	51.41440439224243
50.65690517425537	52.200326919555664
53.84523010253906	54.67115592956543
49.01838684082031	50.162315368652344
43.37069511413574	46.40177249908447
66.21484661102295	64.99539279937744
62.80009841918945	59.40446090698242
38.914984703063965	44.757948875427246
53.23821830749512	50.073617935180664
49.11606788635254	49.32528495788574
45.95548725128174	44.404738426208496
59.04348087310791	52.6161208152771
41.16901874542236	43.68037223815918
57.44608497619629	59.84999656677246
60.069427490234375	58.367523193359375
40.09727621078491	44.055267333984375
42.220468521118164	48.828840255737305
56.917396545410156	59.821449279785156
58.44855308532715	54.72668266296387
56.85706901550293	56.85085391998291
59.377676010131836	55.25900459289551
53.95228385925293	53.00591468811035
68.89892578125	66.45502471923828
62.16376495361328	62.722145080566406
53.65074920654297	50.59836387634277
58.70098114013672	61.676605224609375
52.68003749847412	49.33324193954468
66.2191390991211	62.69330024719238
38.66067886352539	43.69533061981201
60.27665710449219	56.84327697753906
67.69972229003906	71.03177642822266
44.383355140686035	48.65274238586426
73.19734954833984	77.77266120910645
56.62213706970215	56.25148105621338
70.88603973388672	67.94075012207031
45.51898956298828	47.59575366973877
51.60874795913696	56.75645923614502
52.38485527038574	51.05803871154785
45.25166702270508	48.59521484375
49.23003387451172	53.37949562072754
49.48888301849365	50.9899377822876
56.396833419799805	54.25092887878418
47.574944496154785	50.59807300567627
66.50036001205444	66.69734144210815
57.383033752441406	60.50470161437988
62.05606651306152	60.179768562316895
51.66997718811035	53.00847816467285
54.916603088378906	56.2503604888916
51.80938911437988	51.77136039733887
57.10428428649902	62.411468505859375
55.50372123718262	49.49446678161621
46.39823913574219	46.66316032409668
61.69071006774902	63.428306579589844
67.67632293701172	60.99123001098633
53.06568384170532	54.12235355377197
57.10161209106445	57.4921989440918
42.28010272979736	41.3168363571167
58.504937171936035	59.91435527801514
74.00723266601562	73.68817901611328
48.41580390930176	48.510475158691406
47.148823738098145	45.68495273590088
58.42029571533203	55.53856420516968
44.50423049926758	50.19685935974121
63.39363098144531	64.89315795898438
54.76595973968506	53.50674533843994
58.43675994873047	61.706743240356445
67.48089694976807	68.87365913391113
53.448402881622314	55.88525438308716
55.94129037857056	56.6566104888916
49.177196979522705	52.411566734313965
55.89499855041504	56.21862030029297
47.62258863449097	57.02403545379639
63.62506103515625	63.289825439453125
64.48611545562744	69.07592678070068
55.83002471923828	54.06540870666504
44.199256896972656	47.48703479766846
58.29699516296387	53.51530361175537
48.597644329071045	51.34709978103638
53.21626806259155	49.27266311645508
49.92574214935303	54.327248096466064
55.870667934417725	56.88991355895996
44.83532238006592	39.73451328277588
57.033555030822754	60.10229015350342
59.65842819213867	59.01390075683594
59.71786308288574	60.39472961425781
48.50256156921387	41.58669376373291
61.697279930114746	62.16056823730469
49.45148229598999	56.06743812561035
74.18946838378906	76.63780975341797
57.28944396972656	55.79538917541504
54.82665824890137	58.33841514587402
34.5023717880249	33.65547466278076
45.581947803497314	42.513179302215576
56.649537563323975	58.116023540496826
61.06789779663086	64.59539794921875
55.24540328979492	57.96255683898926
52.21921920776367	55.720848083496094
49.111284255981445	50.23800086975098
57.770554542541504	50.92882585525513
48.16292953491211	46.94209384918213
53.49386119842529	54.40923595428467
56.88427925109863	54.80746603012085
57.95454406738281	59.560688972473145
53.619208335876465	53.259687423706055
65.02385139465332	66.46510601043701
50.431800842285156	49.08915138244629
51.4332218170166	55.999237060546875
50.22301483154297	50.5074520111084
64.44345760345459	59.61243009567261
51.77974224090576	54.22238349914551
59.9508113861084	60.58529186248779
48.10205078125	46.91850280761719
47.11630344390869	49.36434268951416
62.68325471878052	59.51296949386597
45.73623180389404	48.46177101135254
57.353553771972656	52.94601631164551
50.01620292663574	46.534485816955566
54.61092281341553	53.62511587142944
73.77352714538574	66.87061834335327
45.204195976257324	47.68013954162598
46.59939193725586	48.53126907348633
58.7254695892334	56.07814598083496
48.100619316101074	47.114553451538086
59.13655376434326	57.926899909973145
47.53329563140869	48.68577003479004
52.06685256958008	50.66576957702637
50.636375427246094	50.719390869140625
54.189324378967285	54.223140239715576
61.3919677734375	53.08825492858887
48.87723445892334	49.98380184173584
53.08685302734375	57.46312713623047
47.901413440704346	49.069724559783936
47.12757110595703	49.42137336730957
65.93524217605591	61.020503997802734
58.8482666015625	58.36929130554199
53.29500150680542	52.20886850357056
58.717769622802734	66.17700004577637
61.50857162475586	63.447845458984375
57.349531173706055	59.16746520996094
62.77392768859863	60.814109802246094
45.399977684020996	44.64009714126587
44.82738780975342	46.39270067214966
52.364295959472656	53.04793977737427
55.260887145996094	51.40264320373535
46.39181613922119	42.79223442077637
50.422799587249756	52.69746780395508
64.50174522399902	59.47221565246582
63.62937355041504	64.61202049255371
49.54612731933594	50.10993003845215
38.832550048828125	41.871399879455566
48.7470703125	47.67833089828491
41.47531509399414	43.99648427963257
47.128357887268066	49.068899154663086
60.13954734802246	61.65362071990967
53.189701080322266	57.79897499084473
54.61906814575195	57.19898223876953
57.12657165527344	54.57769775390625
55.40210723876953	57.18767166137695
53.39546585083008	51.26884841918945
58.65970802307129	60.704864501953125
46.156721115112305	45.10347843170166
51.124380111694336	54.38544845581055
57.00208282470703	54.925987243652344
59.599802017211914	50.79367923736572
43.04717540740967	39.05453443527222
65.17660522460938	63.103546142578125
54.76741409301758	59.6630859375
63.182616233825684	62.92048931121826
54.22792339324951	48.5551233291626
49.40017604827881	47.2314715385437
65.18147277832031	61.5268235206604
43.172515869140625	45.763197898864746
49.67986583709717	48.486289978027344
46.537376403808594	45.34657001495361
62.249107360839844	54.90766525268555
48.052316665649414	51.79600524902344
42.294044494628906	39.94563388824463
55.23639678955078	53.28445243835449
73.95429229736328	72.74210357666016
59.461280822753906	64.05207824707031
52.46462869644165	58.13934803009033
67.0264892578125	69.58647155761719
64.06911659240723	64.00284671783447
52.40786552429199	54.321441650390625
68.03092956542969	64.8858118057251
51.26317596435547	47.953285217285156
48.50713920593262	48.3317985534668
52.10552167892456	50.58627796173096
44.557273864746094	38.13757610321045
62.41844129562378	63.2399525642395
45.47538995742798	46.99254751205444
52.72811937332153	53.10113191604614
53.175586223602295	55.477614879608154
44.194912910461426	43.69243144989014
52.02029228210449	51.2050724029541
60.95787715911865	56.53258228302002
55.498409271240234	58.53804588317871
42.84714698791504	42.44296073913574
63.04431915283203	66.79533386230469
42.76371955871582	43.94704341888428
74.58382987976074	68.55270481109619
55.62078094482422	53.8069953918457
49.32952404022217	48.78073692321777
39.30827617645264	35.00421905517578
55.610304832458496	50.88911533355713
55.64202117919922	61.33729839324951
58.00880241394043	55.686235427856445
46.123146057128906	46.03569030761719
43.062872886657715	47.95279026031494
73.17735290527344	70.24998474121094
62.6019287109375	58.63401794433594
58.16045665740967	55.941006660461426
48.838125228881836	49.0510311126709
57.684669494628906	59.33464813232422
56.517154693603516	56.034213066101074
51.540767669677734	55.8648681640625
49.775259017944336	51.413034439086914
47.07148456573486	49.020721435546875
55.14988040924072	55.344637870788574
51.030770778656006	54.22356081008911
48.29611301422119	53.69488716125488
60.58816909790039	57.9401912689209
59.415772438049316	61.39111804962158
44.046430587768555	45.496582984924316
58.17293357849121	55.38998794555664
61.840200424194336	63.59462642669678
72.93902587890625	70.71917533874512
49.71811866760254	49.61001777648926
43.336853981018066	46.85141563415527
51.24896049499512	52.976125717163086
53.16589307785034	51.06020402908325
54.37651824951172	52.051321506500244
49.379018783569336	54.264387130737305
55.4683723449707	47.31343078613281
52.87228202819824	55.01556587219238
50.15679931640625	52.799720764160156
49.85627746582031	50.09813690185547
42.67866611480713	38.86341094970703
60.54251289367676	55.83035659790039
58.46407127380371	60.91821527481079
55.537519454956055	54.86697578430176
53.63077688217163	52.66960668563843
54.15578269958496	49.25101089477539
53.54199981689453	50.858450412750244
49.144996643066406	53.7684326171875
46.95267343521118	47.42837858200073
47.85076141357422	47.70371913909912
51.60281181335449	55.227521896362305
57.007933616638184	54.13642597198486
48.40399742126465	52.840752601623535
45.01234531402588	48.416465282440186
43.76762866973877	46.248799324035645
75.46563720703125	70.63752794265747
50.11370658874512	54.471702575683594
62.97974967956543	59.38104057312012
55.84395790100098	55.28041076660156
49.148688316345215	50.72673845291138
55.086896896362305	56.777320861816406
43.481855392456055	44.79941368103027
44.70524787902832	50.90144157409668
60.6639461517334	59.99735498428345
42.97499084472656	45.942383766174316
48.07368278503418	52.05278205871582
53.4909873008728	52.365761280059814
52.534446716308594	54.92849016189575
61.4101448059082	61.13561248779297
52.767906665802	52.60188150405884
58.06997299194336	61.05281066894531
60.2266788482666	56.230573654174805
49.12202835083008	52.074904441833496
46.94960689544678	48.56517219543457
55.41303730010986	55.45977735519409
41.629737854003906	43.172369956970215
65.90840435028076	63.6619176864624
43.55900430679321	45.54961061477661
68.13888359069824	61.51223945617676
60.71341896057129	60.63147449493408
75.61730003356934	74.32691287994385
45.06068754196167	49.01948642730713
48.824979305267334	47.011149406433105
52.986473083496094	53.43020153045654
49.448227882385254	55.76690053939819
59.86440467834473	56.1705379486084
54.8118839263916	58.46218299865723
54.11023139953613	54.50492858886719
49.03823184967041	56.076897621154785
59.980224609375	59.64311408996582
51.6632022857666	52.48056221008301
58.45613098144531	61.29752445220947
59.36631202697754	55.08174705505371
64.44221305847168	61.17619514465332
59.16471195220947	56.39852046966553
40.20456790924072	42.13296604156494
62.30320358276367	60.43460464477539
55.893808364868164	58.074331283569336
60.91667032241821	63.76490592956543
66.8572096824646	66.52309226989746
47.62010097503662	44.919724464416504
64.85659790039062	67.5921630859375
52.368032455444336	53.16243553161621
47.119126319885254	49.33824062347412
58.90643501281738	59.31258583068848
51.640302658081055	51.240983963012695
44.61702823638916	40.82158088684082
46.89239025115967	48.85427951812744
41.49375915527344	44.609925270080566
54.60923719406128	54.068931102752686
45.08113384246826	47.75604248046875
77.12521362304688	71.31088924407959
48.323020935058594	51.84859657287598
54.19107675552368	55.61108922958374
53.16348838806152	50.39290809631348
61.38382148742676	58.05206298828125
40.22451400756836	40.28700828552246
43.786139488220215	48.353281021118164
40.94069480895996	41.25704765319824
56.82614707946777	55.46879768371582
55.76053047180176	57.477149963378906
50.49902296066284	46.74271869659424
56.82230186462402	59.32132434844971
56.634117126464844	57.255165100097656
43.12793731689453	45.69070816040039
71.53175497055054	68.69188785552979
47.13213920593262	47.99874782562256
48.00986862182617	48.43511962890625
55.21358013153076	55.427650451660156
56.76722717285156	60.65637969970703
46.327505111694336	47.84172058105469
53.391151428222656	59.13472938537598
66.71147918701172	61.286773681640625
56.75270748138428	57.437002182006836
40.87710380554199	42.3509407043457
67.82540893554688	67.81519317626953
51.232086181640625	45.667476654052734
65.9759292602539	65.70957946777344
58.916343212127686	58.90209102630615
47.41109085083008	47.03363800048828
45.91379117965698	53.46208143234253
54.1288857460022	56.298157691955566
50.01836585998535	49.58397102355957
49.77651309967041	44.93094491958618
58.61621379852295	57.442612648010254
61.38495635986328	59.925503730773926
50.11110782623291	53.36005210876465
48.415048599243164	47.29268932342529
60.31540584564209	59.75708866119385
50.79561424255371	44.42530059814453
49.18794250488281	46.01561450958252
48.223154067993164	49.75091743469238
50.33006715774536	53.20164155960083
50.61353874206543	47.920769691467285
52.994327545166016	55.43074607849121
46.332398414611816	49.37394905090332
53.8527717590332	52.01687049865723
57.27458953857422	59.85303497314453
58.963239669799805	56.24418067932129
59.273420333862305	65.88459205627441
57.43443965911865	53.91238212585449
49.65026521682739	50.52305221557617
51.82736587524414	53.46413803100586
54.15865421295166	52.14164733886719
51.59139108657837	50.641149044036865
60.95210266113281	60.706769943237305
52.473209381103516	45.21369552612305
53.97663593292236	56.83379077911377
72.83537197113037	72.26539897918701
55.8237943649292	56.82160758972168
44.3900203704834	50.56676387786865
47.80144691467285	49.78691577911377
50.0046968460083	55.49393653869629
63.44428253173828	60.94179725646973
46.765259742736816	42.29911708831787
60.470977783203125	58.881168365478516
46.64656734466553	47.157508850097656
53.293209075927734	50.07652997970581
39.38546848297119	38.99040126800537
63.4877872467041	57.33920860290527
48.897377014160156	50.29384803771973
55.30158281326294	54.99277400970459
54.78313446044922	54.299560546875
58.31066703796387	54.668033599853516
54.57950210571289	53.23042297363281
51.88809299468994	56.06012535095215
58.68007707595825	55.57514762878418
48.70474433898926	51.820878982543945
50.311580657958984	51.36786460876465
52.37902641296387	52.04627990722656
50.511539936065674	52.97990417480469
49.03456211090088	52.98510551452637
44.868910789489746	41.79253005981445
57.57959747314453	56.47876167297363
54.01931190490723	44.37022876739502
50.57234287261963	53.29602241516113
52.34080696105957	50.12123680114746
62.40757942199707	59.70291709899902
43.352142333984375	43.78843688964844
44.61846160888672	49.625823974609375
43.23230838775635	36.510071754455566
57.56510257720947	55.26031017303467
46.44436740875244	50.79039001464844
47.74471950531006	50.06560707092285
66.97576904296875	71.17393493652344
68.6753101348877	70.70849418640137
48.21242332458496	45.61602592468262
49.55729007720947	48.31143379211426
54.20776176452637	62.99719047546387
64.5428056716919	58.106550216674805
51.68586587905884	50.2518310546875
60.74437427520752	63.54778289794922
66.07602500915527	67.0522289276123
57.90568542480469	53.96688652038574
48.99576187133789	49.88393783569336
73.58974742889404	69.0991759300232
60.68935966491699	60.40080165863037
58.8569278717041	58.11823272705078
59.55960464477539	60.014183044433594
59.006675720214844	57.33872604370117
45.520042419433594	47.488131523132324
54.32653045654297	56.68422794342041
56.26610612869263	58.02948474884033
39.6856164932251	41.90913200378418
63.63656234741211	60.45619583129883
74.10772705078125	69.95477294921875
62.880157470703125	61.51439189910889
55.6778450012207	56.57599639892578
55.337334632873535	59.78002643585205
57.264259338378906	54.30996322631836
56.63319969177246	54.07159996032715
81.36228799819946	78.51864004135132
61.43306827545166	61.976318359375
48.37552070617676	47.24602699279785
72.03035736083984	71.53034973144531
56.72688674926758	53.34828567504883
38.396198749542236	40.94775676727295
50.1423659324646	51.616668701171875
50.23695945739746	43.646209716796875
59.399648666381836	59.77872276306152
61.39559555053711	53.536476135253906
77.52809047698975	72.25934505462646
55.0925407409668	53.27323532104492
50.1039137840271	55.62882995605469
62.845062255859375	58.812049865722656
59.22441482543945	57.861976623535156
58.12434101104736	58.12735176086426
51.82222080230713	53.09827470779419
56.71496772766113	52.97613716125488
46.39258050918579	50.5661506652832
55.19300079345703	56.53963851928711
47.14603567123413	42.680906772613525
46.6654634475708	39.13232088088989
56.427045822143555	54.69965314865112
61.82163047790527	62.8373966217041
52.943132400512695	53.36560249328613
60.058095932006836	59.220502853393555
52.94613838195801	51.35179042816162
55.04801559448242	57.39832305908203
55.68410110473633	58.48776054382324
64.45291185379028	60.86703014373779
51.329352378845215	52.09884595870972
54.890350341796875	54.45280075073242
60.18955135345459	64.6336669921875
59.310075759887695	59.50366497039795
44.82761478424072	49.70669746398926
53.35544681549072	57.95434379577637
70.57279968261719	63.08662414550781
53.553685665130615	52.72031879425049
59.068857192993164	59.976728439331055
72.78459548950195	68.93101644515991
65.20076751708984	60.66403865814209
49.36934852600098	52.53287315368652
62.48572826385498	55.11969566345215
48.3665509223938	52.52935314178467
60.20645809173584	65.02652168273926
51.22364616394043	52.777015686035156
56.0365629196167	53.81263017654419
48.693976402282715	39.19400453567505
49.95252180099487	51.63169240951538
55.23397636413574	50.21033477783203
68.29461622238159	67.33740234375
56.5287971496582	52.372403621673584
54.34595346450806	58.52087211608887
60.91210174560547	63.20295524597168
48.97519111633301	52.38446617126465
42.99276828765869	44.20266151428223
56.660502433776855	56.18807506561279
52.8480019569397	50.87015628814697
53.82157325744629	51.80440425872803
42.143611907958984	44.48396682739258
50.994454860687256	53.05067014694214
48.803850173950195	49.5952205657959
52.69887161254883	52.31315612792969
53.23926258087158	51.64801788330078
58.42338752746582	59.668853759765625
50.84476661682129	51.954214096069336
48.105194091796875	44.73910617828369
54.70614051818848	57.718671798706055
54.29687023162842	53.93405818939209
60.478219985961914	64.31498908996582
43.98771286010742	43.433837890625
54.703548431396484	50.968299865722656
49.60283660888672	49.00960350036621
62.49209213256836	62.19300079345703
46.218993186950684	49.42064666748047
58.688886642456055	57.77211666107178
56.53038024902344	54.49055099487305
52.07058906555176	51.30073547363281
50.73540687561035	53.641496658325195
66.91740417480469	66.06512451171875
57.22546195983887	53.89686107635498
46.023759841918945	52.22708702087402
59.0273323059082	60.80001640319824
44.93158578872681	47.83927917480469
56.15816688537598	56.72708702087402
39.485610008239746	43.406561851501465
50.17075538635254	46.15567684173584
45.45158863067627	46.74027442932129
54.658026695251465	56.75812816619873
62.02153301239014	54.5326566696167
50.919748306274414	58.54336738586426
58.06024169921875	60.82912063598633
57.13736057281494	53.57539987564087
66.84211730957031	67.87325859069824
50.481956481933594	52.84333896636963
48.98693084716797	54.78973388671875
56.9732666015625	56.47417449951172
52.23367881774902	51.2926082611084
43.16695213317871	43.251447677612305
59.645915031433105	57.78750419616699
52.01528549194336	52.1422061920166
47.61893177032471	46.51552104949951
54.50240135192871	53.45530128479004
54.24624824523926	58.21957969665527
65.67574310302734	61.592857360839844
58.24479103088379	58.05740547180176
43.917531967163086	44.650635719299316
57.953529357910156	60.4688138961792
54.738051891326904	54.59638977050781
54.07285976409912	50.549344539642334
56.84523582458496	52.00857353210449
54.17893362045288	52.04350423812866
46.72307014465332	42.59986400604248
50.41739463806152	51.274123191833496
45.425381660461426	50.461769104003906
47.82121133804321	47.40913248062134
59.03723907470703	57.98927307128906
63.906028747558594	63.70463991165161
55.21594047546387	51.99445152282715
67.04347801208496	67.44962310791016
55.08363056182861	58.16151142120361
56.60809135437012	54.52306365966797
48.42301940917969	50.48491287231445
56.80168914794922	58.53031921386719
52.81355094909668	55.42004585266113
40.37169170379639	38.37597942352295
59.686038970947266	54.14653301239014
56.84052658081055	55.67396783828735
48.210402488708496	47.43001413345337
58.92528533935547	56.02409362792969
71.76653385162354	64.8049783706665
54.034996032714844	55.502798080444336
54.675235748291016	53.36281204223633
45.27891826629639	45.642642974853516
57.068796157836914	51.84233808517456
60.202619552612305	61.022478103637695
52.40228319168091	55.62571907043457
61.435890197753906	59.26930236816406
63.80717468261719	61.09149169921875
55.129265785217285	57.02167224884033
46.31126689910889	47.78059673309326
78.2039737701416	72.53696250915527
58.48957633972168	54.582417488098145
69.71000003814697	71.53585624694824
51.23147964477539	53.940364837646484
40.93850612640381	42.6888370513916
67.33616065979004	67.90369701385498
54.118675231933594	53.4616584777832
55.3787841796875	59.601717948913574
61.166229248046875	59.375946044921875
57.2695198059082	56.119651794433594
48.34886074066162	52.002830505371094
60.3171329498291	57.70126533508301
57.319175720214844	51.456074237823486
58.627105712890625	58.14720153808594
50.04960012435913	48.90453386306763
58.913869857788086	55.653093338012695
50.56464958190918	55.007612228393555
50.301469802856445	52.29425239562988
48.56882572174072	53.39350700378418
68.87873268127441	67.04372978210449
57.09694862365723	60.22406578063965
49.22995567321777	46.38646125793457
61.336530685424805	55.63988161087036
63.75546455383301	64.94940376281738
40.9276819229126	41.18508338928223
82.45798110961914	77.25005149841309
45.479859352111816	46.29943084716797
61.3776798248291	58.683523178100586
60.33968925476074	60.96030235290527
56.406450271606445	57.5124454498291
56.48005485534668	52.3062801361084
69.98377227783203	70.2649154663086
46.34987831115723	47.61488914489746
60.4370002746582	58.345001220703125
72.95478820800781	67.73975372314453
53.15634727478027	52.882049560546875
69.03968667984009	66.08113288879395
53.44282150268555	55.610076904296875
62.20212459564209	63.0319766998291
59.13504981994629	50.15782356262207
45.67812490463257	49.59227657318115
50.871002197265625	55.3182258605957
44.31376123428345	42.61879253387451
57.26229190826416	58.38101577758789
70.01026010513306	68.45449733734131
53.36655235290527	52.693159103393555
50.60190010070801	55.38714408874512
52.37893867492676	46.55083465576172
47.73511219024658	47.53813076019287
47.65107727050781	49.462767601013184
60.52911567687988	62.53713893890381
57.78310298919678	57.926926612854004
49.186362743377686	51.95035457611084
57.41726875305176	58.951263427734375
50.137001037597656	54.171112060546875
53.523359298706055	55.559234619140625
44.29375171661377	47.99394607543945
55.60311698913574	53.48776817321777
42.85794925689697	51.864749908447266
43.496872901916504	40.78411102294922
46.32716512680054	52.01525592803955
52.63031005859375	52.81397819519043
51.72022247314453	52.893653869628906
46.782870292663574	49.25713539123535
58.556246757507324	59.38619899749756
61.107038497924805	63.58619499206543
59.967241287231445	60.17828178405762
43.40502166748047	45.06668472290039
54.9618353843689	56.19467735290527
60.30509853363037	55.35853338241577
47.37136745452881	45.83484649658203
56.60520076751709	55.66765594482422
45.50287914276123	51.6415958404541
62.373544692993164	62.68876647949219
57.40781593322754	58.425682067871094
58.94150447845459	59.69378471374512
49.251220703125	49.15626525878906
51.22002983093262	45.300782203674316
76.34142017364502	78.47405910491943
52.9423885345459	55.76547431945801
52.290292263031006	52.79632520675659
54.05069828033447	53.68011474609375
56.923580169677734	52.523932456970215
63.194385051727295	65.92640590667725
72.45216369628906	71.64781188964844
47.56127882003784	48.014206409454346
51.25275421142578	54.52028846740723
48.291690826416016	52.727481842041016
52.8701114654541	52.77081489562988
49.54838705062866	50.844261169433594
63.17939758300781	63.49477958679199
51.84348678588867	50.61262321472168
62.957529067993164	63.270440101623535
62.3228759765625	58.86112403869629
54.96173858642578	55.86843156814575
49.03309488296509	52.5353479385376
47.24259281158447	46.530083656311035
61.890743255615234	57.237571716308594
55.148271560668945	54.14479637145996
62.806036949157715	57.75419902801514
48.149282932281494	44.4930944442749
54.11093330383301	52.8801326751709
45.19408321380615	40.41940212249756
57.223873138427734	58.80670642852783
51.75410270690918	49.26058387756348
55.833805084228516	57.9993782043457
48.336181640625	51.32084369659424
58.95161437988281	59.543148040771484
65.69706726074219	64.10651397705078
47.90233325958252	50.06781578063965
56.88907814025879	57.790260314941406
49.274187088012695	45.47684669494629
64.78433227539062	64.79438781738281
52.672645568847656	56.113969802856445
53.28183174133301	50.205162048339844
52.64568328857422	54.067840576171875
62.059661865234375	65.11386108398438
40.859336853027344	42.65885353088379
54.96074056625366	46.61649417877197
68.11526441574097	64.75454664230347
54.358219146728516	56.038848876953125
50.106393814086914	49.34850883483887
49.92509126663208	50.05509090423584
78.92508029937744	80.63292503356934
62.989356994628906	62.61435842514038
35.67455291748047	37.492713928222656
44.994507789611816	44.44331359863281
49.577728271484375	45.1682825088501
50.878103256225586	57.17978096008301
50.387495040893555	49.19997596740723
49.52136039733887	50.340576171875
52.581143379211426	55.18021583557129
50.03173828125	51.687644958496094
56.200510025024414	58.55332946777344
51.968499183654785	52.105942249298096
41.135854721069336	41.991167068481445
51.02917671203613	53.46057415008545
48.59240913391113	48.23138236999512
51.246275901794434	49.152584075927734
46.50596523284912	45.08778762817383
55.30895233154297	61.224365234375
56.26350402832031	53.9244384765625
41.44400596618652	41.315507888793945
61.06822490692139	61.15795135498047
46.168009757995605	49.93378257751465
57.21189880371094	63.48861122131348
46.22316074371338	41.945382595062256
46.92601776123047	52.06813430786133
57.601003646850586	49.58260917663574
61.53762340545654	57.13059997558594
46.10035800933838	51.42289924621582
49.76763916015625	50.104286193847656
75.04617547988892	68.30963850021362
45.49221897125244	47.56904125213623
65.88482666015625	65.57644653320312
66.66822814941406	68.51416015625
45.32315683364868	49.158024311065674
58.054269790649414	58.74405097961426
60.71838569641113	59.04094409942627
47.435617446899414	47.88674831390381
56.53211212158203	57.856773376464844
44.73921775817871	46.15450859069824
63.79917049407959	59.56702423095703
44.08069610595703	41.15749454498291
47.12201976776123	54.32673406600952
63.60576629638672	64.09413146972656
71.45536994934082	68.54582118988037
59.798580169677734	61.4786376953125
56.60226631164551	49.95513153076172
49.2667179107666	49.58177375793457
54.74500799179077	55.448068141937256
55.19620656967163	59.966158866882324
64.08462429046631	61.0066499710083
48.024288177490234	45.9857177734375
57.46102046966553	59.453649044036865
64.2440185546875	65.39111328125
58.38409996032715	60.45277404785156
53.324604988098145	57.95639991760254
57.98689365386963	59.790239334106445
67.06178283691406	66.88631439208984
52.90520095825195	51.78927040100098
53.084787368774414	60.106882095336914
59.453346252441406	58.64396667480469
56.18338966369629	57.14907646179199
52.46237754821777	58.79827308654785
60.200557708740234	56.37190246582031
55.35662651062012	57.83076286315918
63.87125015258789	62.408995628356934
45.778465270996094	47.546610832214355
53.03558349609375	51.17234230041504
64.02816581726074	59.235483169555664
47.353057861328125	50.443549156188965
48.311970233917236	46.832096576690674
60.457865715026855	61.9896764755249
59.576019287109375	53.79265022277832
47.74086952209473	44.6293306350708
51.30658721923828	52.68651580810547
50.50478410720825	48.36827993392944
43.86057376861572	43.475046157836914
52.380013942718506	59.64241313934326
53.19737434387207	51.25886917114258
42.455543518066406	37.48515701293945
67.48231220245361	63.254591941833496
44.27391815185547	47.484320640563965
52.83477783203125	51.254963874816895
50.87178039550781	46.12774658203125
60.29605293273926	61.39704608917236
64.65881538391113	64.46745300292969
50.7576904296875	47.872130393981934
48.335625648498535	52.24138593673706
46.74145698547363	47.341628074645996
47.48591613769531	43.53740692138672
48.65581512451172	47.68286418914795
51.174015045166016	54.02673053741455
42.72224283218384	44.56579637527466
58.96995162963867	60.333091735839844
68.53239631652832	67.4992618560791
47.71418380737305	49.47652244567871
57.31480407714844	56.03094291687012
61.2711238861084	57.95796203613281
48.56701469421387	44.41369915008545
53.85367012023926	54.58245849609375
56.32087326049805	54.23210906982422
51.793702125549316	52.212573528289795
57.03085803985596	55.11625814437866
55.28792381286621	54.99660301208496
57.867759704589844	59.01392078399658
44.60753297805786	50.641990184783936
58.4384822845459	56.177947998046875
51.16418266296387	51.491472244262695
51.19253158569336	50.3599739074707
41.091193199157715	42.106658935546875
53.82069396972656	52.87727737426758
44.34167003631592	45.136473655700684
71.32010459899902	64.18527126312256
50.956804275512695	54.27074432373047
52.71590042114258	49.138145446777344
47.930707931518555	50.69458484649658
64.17405223846436	64.02912902832031
56.05623435974121	51.914445877075195
48.20841312408447	47.41863203048706
52.56423044204712	56.104268074035645
47.316925048828125	51.68380165100098
57.03956317901611	53.60743856430054
61.330742835998535	63.90347194671631
61.95741271972656	62.07662773132324
55.623905181884766	54.76974105834961
50.171600341796875	45.96792984008789
51.89780235290527	49.99711513519287
59.018938064575195	57.353445053100586
52.64982604980469	54.739532470703125
42.98668956756592	44.77513790130615
43.59636211395264	44.249138832092285
60.001646995544434	60.811017990112305
40.66943645477295	36.09419584274292
52.10867500305176	52.162919998168945
51.820945739746094	58.021294593811035
56.21244144439697	56.97733211517334
56.956130027770996	51.732155323028564
60.10846138000488	63.23012351989746
64.31419563293457	60.73034858703613
61.800344467163086	66.3933277130127
56.87368583679199	56.31433868408203
47.64922475814819	43.763988971710205
47.21405792236328	51.169578552246094
36.91118240356445	34.513423442840576
50.77817487716675	53.895325660705566
42.26436138153076	45.09671401977539
64.66700792312622	62.1874623298645
59.49119567871094	59.70220756530762
59.251502990722656	52.11484909057617
46.165889739990234	46.66606521606445
46.9907283782959	50.55482864379883
68.38812446594238	61.8373761177063
61.33195781707764	62.44275093078613
61.130624771118164	60.34096717834473
63.57734966278076	62.15580177307129
34.70125198364258	36.527438163757324
58.382978439331055	62.34400749206543
65.7879695892334	66.05220222473145
45.93248748779297	50.18391036987305
70.98763275146484	71.75590801239014
52.910871505737305	54.67116737365723
39.032485485076904	41.338138580322266
61.80592346191406	61.92657279968262
60.33935546875	55.97397327423096
54.24165916442871	58.35967826843262
61.47060775756836	61.236732482910156
51.50020408630371	55.60686492919922
53.54288101196289	51.666890144348145
54.319175720214844	52.323102951049805
69.0981388092041	64.80080223083496
58.981441497802734	54.000349044799805
49.29049730300903	49.442944049835205
70.40501403808594	69.86160850524902
54.9928035736084	52.584177017211914
49.36749458312988	52.93985939025879
55.44602394104004	60.08782768249512
45.93651866912842	47.26106929779053
52.0201416015625	53.528472900390625
62.77552127838135	61.290693283081055
48.39313888549805	44.82931995391846
66.25695037841797	65.76671600341797
64.35305786132812	64.26055908203125
51.10734796524048	50.02302408218384
51.803532123565674	51.32890176773071
63.7885160446167	62.371721267700195
47.354865074157715	52.560951232910156
47.46201992034912	45.7462215423584
56.02425765991211	61.87629699707031
55.11737823486328	55.17069053649902
47.77404499053955	53.357614517211914
42.76839351654053	41.586710929870605
54.85980987548828	54.95383262634277
45.58073043823242	47.084593772888184
50.645450592041016	53.83864402770996
49.65954780578613	51.13056182861328
45.40737247467041	49.21663284301758
54.03796577453613	54.28143882751465
51.45443916320801	44.114136695861816
47.75006866455078	45.632850646972656
62.0308256149292	54.471810817718506
44.497403621673584	49.599419593811035
47.209293365478516	46.7186164855957
56.85838508605957	56.7476692199707
47.07477951049805	49.48600769042969
57.66624641418457	56.16811180114746
50.326499938964844	52.859625816345215
54.6490478515625	55.285988330841064
58.93920612335205	62.0560998916626
54.99663162231445	53.339956283569336
59.78877353668213	57.96563529968262
51.135921478271484	54.5391731262207
71.23030185699463	69.79559421539307
43.57374858856201	50.92973327636719
46.260077476501465	45.1296010017395
52.2974967956543	51.576101303100586
51.99806785583496	54.723764419555664
52.9848518371582	52.46455192565918
57.166791915893555	59.69857978820801
73.87930583953857	65.61781454086304
55.119582653045654	56.378987312316895
57.05330848693848	60.37593460083008
49.99935865402222	49.8911452293396
61.025041580200195	58.269925117492676
55.125755310058594	54.64391326904297
44.3024206161499	37.496230602264404
52.097190380096436	49.004008769989014
58.30262279510498	63.30598163604736
67.10079956054688	63.1473388671875
59.81617736816406	55.22113037109375
45.60057973861694	48.0681529045105
59.543569564819336	60.34660720825195
54.911664962768555	56.059621810913086
55.81641435623169	50.99835681915283
41.29270648956299	42.35895252227783
54.458885192871094	53.44543647766113
45.9776029586792	41.12029266357422
60.36297798156738	55.19082069396973
48.48871660232544	50.71827697753906
57.75952625274658	55.99025011062622
44.41995334625244	38.85212230682373
46.62672472000122	45.120949268341064
44.859618186950684	43.830679416656494
57.18559265136719	58.47163772583008
52.31439828872681	52.67655277252197
54.23517608642578	56.795270919799805
65.1714391708374	55.89172554016113
39.72809314727783	41.78325653076172
51.23462104797363	48.155221939086914
51.41011619567871	49.31038856506348
42.46039438247681	44.478965282440186
52.733696937561035	54.44747447967529
63.384735107421875	60.13050842285156
54.1856632232666	57.96964645385742
51.04704284667969	51.09157180786133
60.11025428771973	64.76651573181152
51.561805725097656	52.70291519165039
39.14049530029297	39.81224966049194
43.611900329589844	41.18924617767334
40.85598945617676	38.61003875732422
