37.46833801269531	35.95064163208008
36.074947357177734	34.31277847290039
33.04467010498047	34.50307846069336
28.42123031616211	29.856868743896484
28.913755416870117	29.49634552001953
31.25486183166504	33.396812438964844
34.173648834228516	35.67842960357666
31.94106388092041	30.496939659118652
31.613872528076172	33.56901931762695
31.569643020629883	29.84542465209961
22.718589305877686	23.512145519256592
34.264556884765625	35.726097106933594
30.865734100341797	32.63535690307617
31.276283264160156	32.73276901245117
28.118617057800293	29.763550758361816
32.255958557128906	32.33715057373047
26.907185554504395	27.828434944152832
30.632186889648438	31.0880126953125
26.355745315551758	26.417499542236328
26.449376106262207	29.136674880981445
31.209190368652344	31.042076110839844
22.883703231811523	24.785470962524414
31.36612319946289	34.26085662841797
31.574692726135254	30.223336219787598
35.116092681884766	33.658145904541016
35.07583999633789	34.060768127441406
32.94908905029297	31.615093231201172
30.082703590393066	30.422367095947266
32.22523498535156	30.587696075439453
33.686631202697754	29.024497032165527
39.05748748779297	37.040916442871094
32.39763259887695	33.42094421386719
32.27394485473633	34.3444938659668
41.209869384765625	35.531933307647705
30.2882719039917	29.087607860565186
37.136844635009766	34.54216766357422
31.018043518066406	29.961018562316895
36.04109573364258	32.962852478027344
29.716642379760742	33.027427673339844
33.35067367553711	31.883358001708984
39.08503341674805	38.58489227294922
34.69537353515625	34.14199733734131
31.320651054382324	33.181883811950684
30.50162696838379	29.381441116333008
29.297956466674805	29.6676664352417
30.213071823120117	26.675843238830566
32.22871017456055	30.949382781982422
33.21195602416992	34.56470489501953
31.78132724761963	32.82891082763672
35.12870788574219	33.49679183959961
28.72452163696289	29.245471954345703
29.719616889953613	30.30288791656494
34.214996337890625	29.56096076965332
31.85039520263672	33.077537536621094
38.123023986816406	35.01105499267578
42.634453773498535	39.034156799316406
39.94855880737305	37.151302337646484
31.304092407226562	32.80577087402344
27.936899185180664	28.9707670211792
28.87405014038086	28.442771911621094
36.70109510421753	36.17962598800659
32.80517578125	32.73394775390625
38.462364196777344	38.685665130615234
32.32982540130615	31.903721809387207
34.548683166503906	31.280330657958984
31.516090393066406	34.79941940307617
27.399494171142578	27.88363265991211
27.281532287597656	29.476768493652344
30.737494468688965	31.29133701324463
36.95105743408203	34.19043731689453
31.992382049560547	30.393993377685547
37.74694061279297	38.19385528564453
34.90679931640625	35.497474670410156
39.686195373535156	37.18451690673828
32.192604064941406	31.04821014404297
36.64270877838135	33.58631134033203
30.615793228149414	30.20470428466797
36.68962001800537	40.9012508392334
38.89026641845703	35.29629898071289
36.256141662597656	34.62307691574097
38.41691970825195	36.277008056640625
31.249553680419922	31.880523681640625
29.44084882736206	29.381089210510254
30.311293601989746	30.96320629119873
29.868579864501953	29.713539123535156
37.3583984375	34.910308837890625
31.68979835510254	31.430992126464844
33.31055545806885	32.870604515075684
37.787803649902344	39.150699615478516
29.728262901306152	31.100266456604004
29.01105308532715	29.282601356506348
30.903553009033203	36.06695556640625
27.9962739944458	29.32558536529541
27.134693145751953	31.01182746887207
28.302043914794922	28.01016616821289
24.81851291656494	28.488155364990234
33.83894348144531	31.17937469482422
37.96721649169922	33.2160758972168
33.27095413208008	31.930118560791016
31.752568244934082	31.623364448547363
33.06287384033203	30.976486206054688
31.698650360107422	31.18496322631836
35.64195251464844	31.416227340698242
32.19695281982422	32.74344253540039
31.49925994873047	31.169269561767578
29.846431732177734	34.387001037597656
39.84752655029297	38.63259553909302
32.8601188659668	31.937127113342285
30.91895294189453	37.12483596801758
28.610312461853027	28.903332710266113
31.58592414855957	33.8955078125
31.407466888427734	31.076261520385742
31.547965049743652	33.70657253265381
28.835010528564453	32.526885986328125
34.135353088378906	33.493019104003906
24.88494110107422	27.720172882080078
22.466205596923828	26.02962875366211
30.22076988220215	30.770477294921875
30.165494918823242	30.600589752197266
37.1489372253418	34.10018539428711
27.895700454711914	27.020885467529297
34.24460983276367	32.05077362060547
35.341644287109375	37.775840759277344
36.507554054260254	32.99235820770264
34.160400390625	31.73520278930664
29.495347023010254	28.47184467315674
31.521236419677734	28.43874740600586
27.318474769592285	28.6895112991333
34.330997467041016	33.85513687133789
32.21875	30.324722290039062
33.248839378356934	33.10007572174072
35.02965545654297	35.22729778289795
31.741530418395996	30.66408061981201
37.35872268676758	37.727978229522705
36.35252380371094	33.412567138671875
37.78450012207031	36.28291368484497
37.79303741455078	33.250022888183594
30.131855964660645	28.90477752685547
26.612128257751465	28.26723575592041
30.443145751953125	29.57863998413086
33.94152069091797	32.86164474487305
35.59481143951416	31.137607097625732
35.334134101867676	32.38083600997925
32.46393585205078	32.83958435058594
38.74717712402344	38.88390779495239
43.00644874572754	38.163208961486816
34.566314697265625	34.70720291137695
30.66810417175293	28.563125610351562
35.16084289550781	34.66945266723633
32.52193832397461	33.663169860839844
35.43742370605469	33.561031341552734
38.31609010696411	33.288733959198
33.74199295043945	30.060972213745117
36.04119062423706	32.446205615997314
32.25680637359619	33.79109859466553
31.67365074157715	31.749439239501953
39.53245544433594	32.32870101928711
25.23420238494873	24.516303062438965
33.98713684082031	33.10444641113281
32.724666595458984	32.22264575958252
38.11787509918213	34.21479320526123
28.299470901489258	27.110461235046387
38.042205810546875	34.746002197265625
38.045867919921875	34.09668731689453
40.40070343017578	38.515647888183594
34.15975570678711	35.548316955566406
35.84915542602539	34.69614791870117
37.028465270996094	38.88888931274414
34.132080078125	36.650604248046875
37.02476119995117	36.26275634765625
33.27572250366211	31.32158660888672
27.03138828277588	24.927955627441406
33.21440887451172	34.963783264160156
28.128281593322754	30.04775619506836
36.486263275146484	34.919525146484375
40.81892490386963	37.02436447143555
37.499481201171875	36.08795166015625
33.310489654541016	32.23030471801758
34.05376052856445	37.552154541015625
36.024253845214844	36.340084075927734
33.234962463378906	30.903743743896484
34.78685760498047	36.42880630493164
33.950584411621094	30.812564849853516
26.90867328643799	29.236896514892578
36.81788635253906	38.08784484863281
41.41476058959961	38.52411651611328
34.11152744293213	33.3962516784668
33.935543060302734	30.134450912475586
37.743812561035156	35.23614501953125
33.35255813598633	29.05774211883545
32.347896575927734	33.49626922607422
41.24751663208008	39.77177047729492
31.692537307739258	31.117416381835938
32.744839668273926	32.27937984466553
44.808974266052246	39.40311908721924
30.57706356048584	27.786757946014404
37.16836929321289	35.53148651123047
39.00317668914795	33.87481689453125
33.542816162109375	30.471693992614746
33.47181987762451	31.197406768798828
26.79297685623169	27.317802906036377
32.908409118652344	31.542213439941406
32.48987674713135	31.340068817138672
32.38698959350586	34.111515045166016
39.4976806640625	34.89759063720703
27.697284698486328	26.074357986450195
31.77868366241455	28.2337646484375
38.74720811843872	32.12931156158447
32.919281005859375	27.819873809814453
34.51641845703125	32.22686767578125
33.361351013183594	33.7935676574707
37.276318073272705	35.959105491638184
30.08968448638916	26.35851001739502
33.90174102783203	31.40761947631836
31.204859733581543	31.212241172790527
29.404446601867676	30.735889434814453
30.887920379638672	29.606372833251953
33.6307897567749	33.02062225341797
29.653148651123047	30.553993225097656
32.777313232421875	34.303131103515625
29.43270492553711	28.773393630981445
36.417670249938965	35.766754150390625
24.58766269683838	23.701114654541016
28.060741424560547	27.80804443359375
36.174720764160156	37.87288284301758
30.95807647705078	30.988523483276367
30.79946994781494	28.328009605407715
35.62638854980469	36.01151657104492
37.56341552734375	33.34469223022461
28.792393684387207	28.216175079345703
31.702475547790527	33.388919830322266
31.257411003112793	30.188258171081543
39.965145111083984	37.966094970703125
30.192097663879395	31.505370140075684
29.99469566345215	30.426467895507812
38.142967224121094	35.87977600097656
35.743499755859375	33.660762786865234
34.52861785888672	34.74787139892578
30.273181915283203	29.94550895690918
35.03576993942261	32.89726734161377
30.59992504119873	25.280467987060547
24.641627311706543	24.306899070739746
36.20723342895508	33.54021072387695
35.76681137084961	33.502201080322266
38.278648853302	33.273494243621826
37.94626235961914	30.681495666503906
29.75888729095459	29.700711250305176
35.475857734680176	31.124505043029785
31.30268955230713	31.005852699279785
35.989463806152344	30.872791290283203
36.797576904296875	33.21595764160156
33.916019439697266	35.668731689453125
36.453575134277344	30.83317279815674
38.31605911254883	31.447845458984375
31.82689666748047	34.792301177978516
31.7594575881958	33.06222438812256
34.31356430053711	33.248836517333984
31.55233383178711	29.80973720550537
35.24605464935303	33.71985340118408
32.099342346191406	28.369651794433594
29.031014442443848	31.351927757263184
30.667583465576172	31.921897888183594
31.13440752029419	31.721203327178955
34.44815444946289	33.729881286621094
35.72994613647461	36.8912353515625
28.70706081390381	32.486586570739746
32.08061981201172	34.65220642089844
28.482711791992188	31.180389404296875
33.14828395843506	37.968186378479004
33.69395065307617	33.74689483642578
32.94228744506836	34.9125337600708
33.02154541015625	30.442909240722656
37.972304821014404	35.97134828567505
29.34894561767578	29.817644119262695
31.94658660888672	30.822797775268555
37.89954662322998	36.878674030303955
40.46948432922363	38.054986000061035
36.95050048828125	37.12471675872803
39.238990783691406	35.004295349121094
39.67151641845703	33.25974655151367
37.98856019973755	36.14992618560791
36.70079469680786	37.92254686355591
36.4290771484375	36.455078125
31.286327838897705	31.14959478378296
32.06114959716797	31.056106567382812
36.330169677734375	32.03575897216797
27.43776226043701	28.280330657958984
34.34574222564697	32.950026512145996
33.90812301635742	33.91039180755615
30.152549743652344	30.769474029541016
31.049518585205078	30.256916046142578
32.614601135253906	31.857868194580078
36.717960357666016	36.12998962402344
32.139793395996094	29.119099617004395
30.350921630859375	29.80876064300537
31.440906524658203	31.481250762939453
30.606056213378906	29.554569244384766
37.43060302734375	36.28458023071289
30.151259422302246	28.747501373291016
35.64855098724365	35.01363277435303
42.03533935546875	39.45492172241211
36.40056324005127	32.634761810302734
32.62855911254883	28.868736267089844
31.39899253845215	31.749286651611328
24.80742359161377	22.665264129638672
42.88952827453613	42.27161407470703
35.07945251464844	30.962993621826172
36.953558921813965	36.373047828674316
34.0367546081543	28.788308143615723
30.24928092956543	29.574042320251465
28.116777420043945	26.52604579925537
38.74848175048828	34.397151947021484
40.34891605377197	38.19601535797119
37.164119720458984	34.420921325683594
28.300658226013184	29.581355094909668
30.787273406982422	32.909175872802734
31.142004013061523	28.568294525146484
34.691365242004395	33.227577209472656
35.76286697387695	35.55235290527344
36.30968475341797	33.57722473144531
35.665855407714844	35.14713191986084
34.119017601013184	33.110984802246094
28.91377544403076	30.024744987487793
31.274822235107422	32.119895935058594
38.492419719696045	36.93192005157471
34.909767150878906	33.49639892578125
33.29920959472656	30.283374786376953
36.80403137207031	35.149444580078125
37.53769397735596	37.31847667694092
30.789878845214844	33.96588897705078
30.599143981933594	32.571106910705566
39.61284160614014	37.49340772628784
31.949191093444824	30.17078399658203
32.41230297088623	31.927574157714844
37.56166076660156	35.46224594116211
38.43270492553711	34.98617935180664
33.454368591308594	31.59282684326172
32.699371337890625	29.98046112060547
33.81764316558838	31.053417205810547
35.29794788360596	35.5219087600708
35.773590087890625	37.336578369140625
28.831292152404785	28.892306327819824
24.407825469970703	25.226760864257812
30.182941436767578	31.088520050048828
31.912670135498047	34.881282806396484
32.995482444763184	29.140986442565918
39.31779384613037	37.600101470947266
33.856696128845215	30.32439422607422
32.1904821395874	30.563252449035645
38.52455139160156	34.03850173950195
38.85858154296875	32.849212646484375
26.939064025878906	26.802650451660156
32.87113571166992	29.48766326904297
31.683749198913574	32.84915828704834
30.866695404052734	29.360485076904297
35.73865509033203	33.17047119140625
37.93888854980469	35.097259521484375
35.52143955230713	32.900696754455566
35.8282470703125	31.361231803894043
40.093936920166016	35.63822937011719
34.86341857910156	34.14472961425781
36.84069061279297	33.3176383972168
37.56484603881836	34.581825256347656
35.84162473678589	31.065547466278076
31.853330612182617	33.69427013397217
33.51319885253906	32.175235748291016
38.980865478515625	34.27218246459961
28.827418327331543	27.389044761657715
34.097023010253906	32.250450134277344
29.94064712524414	29.949668884277344
37.78178787231445	36.21050262451172
42.31947422027588	35.3233528137207
34.685577392578125	32.921112060546875
30.98342800140381	31.712493896484375
31.678682327270508	32.83245849609375
31.82632827758789	35.358482360839844
28.935562133789062	30.034717559814453
30.527732849121094	30.46728515625
33.77749252319336	33.94623565673828
31.22722625732422	30.497482299804688
36.68755340576172	31.908287048339844
34.044403076171875	32.427696228027344
33.08757019042969	30.28692626953125
28.185428619384766	26.590404510498047
35.18099308013916	33.98594379425049
37.38197326660156	36.2896990776062
37.0045166015625	32.05239486694336
31.326868057250977	28.87803554534912
38.37820816040039	33.9537878036499
31.106428146362305	33.823516845703125
29.603556632995605	28.636945724487305
29.92881488800049	30.135005950927734
29.19400691986084	29.113932609558105
26.404915809631348	25.1914701461792
30.71967887878418	31.15243911743164
35.25904846191406	33.58406448364258
34.063323974609375	30.828182220458984
37.89447021484375	35.046852111816406
34.12005615234375	32.58632278442383
34.814125061035156	32.66559600830078
25.961162567138672	26.22780990600586
25.976901054382324	28.75502109527588
34.99035930633545	32.67705059051514
30.979225158691406	30.926111221313477
31.912808418273926	28.365592002868652
28.17422389984131	26.315783500671387
33.19575500488281	31.68109130859375
28.154762268066406	27.66410255432129
38.71489334106445	35.44391632080078
34.61349391937256	35.52501583099365
38.15641784667969	37.20529556274414
35.596435546875	32.0795373916626
39.5705451965332	36.83314514160156
34.06156539916992	33.17549514770508
33.54335021972656	34.188140869140625
35.27170181274414	34.51793670654297
33.21762466430664	30.7823429107666
33.34589385986328	29.380767822265625
37.96867370605469	35.64155197143555
31.023117065429688	30.866451263427734
31.697888374328613	32.548367500305176
39.416937828063965	34.60578203201294
31.972432136535645	27.363999366760254
30.175264358520508	26.705995559692383
30.6926908493042	29.24692153930664
27.757186889648438	27.77940273284912
26.07710552215576	22.99147081375122
30.373369216918945	26.12508487701416
31.054970741271973	30.53144931793213
38.32535934448242	37.3172492980957
36.11454772949219	34.47295379638672
29.678114891052246	28.377253532409668
37.92054748535156	35.86494445800781
35.83025360107422	33.10625457763672
38.60344409942627	35.145671367645264
39.75669479370117	34.70631408691406
30.56385040283203	26.565361976623535
36.794673919677734	36.41845703125
32.71428680419922	30.519947052001953
30.897106170654297	32.04328536987305
37.15690612792969	35.818641662597656
37.73493957519531	33.53486633300781
35.01457214355469	33.501617431640625
29.307674407958984	29.56315040588379
41.138014793395996	40.22691249847412
38.24297332763672	35.03316116333008
24.94783115386963	24.9852933883667
31.42873764038086	31.321057319641113
24.39645767211914	23.994709014892578
34.466633796691895	34.64104413986206
33.994964599609375	30.50840950012207
28.105639457702637	29.45171356201172
37.14319610595703	36.067665100097656
37.28096008300781	35.9398307800293
33.113296031951904	31.219582557678223
35.53824996948242	30.31333351135254
34.47990417480469	35.09819793701172
36.873863220214844	37.84648895263672
34.88388919830322	31.95944309234619
37.66585922241211	38.08369827270508
27.838050842285156	28.817258834838867
31.026223182678223	28.804232597351074
32.66675662994385	31.287405967712402
27.804256439208984	31.417722702026367
35.65414524078369	32.623924255371094
34.65579271316528	32.29154109954834
34.77978801727295	34.61225509643555
32.39618682861328	31.38896942138672
29.677276611328125	29.72841453552246
36.49436950683594	33.032630920410156
34.23728942871094	28.2008056640625
35.86497116088867	30.9760799407959
32.97883987426758	31.44715404510498
29.297158241271973	27.100001335144043
34.578125953674316	29.331836700439453
32.27388381958008	31.240314483642578
27.078801155090332	27.1232271194458
32.93752670288086	31.025794982910156
37.730185985565186	35.13582706451416
34.5347785949707	29.037217140197754
28.652048110961914	34.28969192504883
34.328853607177734	33.678890228271484
40.42164611816406	35.31221008300781
31.719173431396484	30.95770263671875
34.644904136657715	35.21559238433838
36.60633087158203	33.665825843811035
32.203545570373535	30.79087495803833
27.12798500061035	26.255261421203613
30.56537628173828	27.360355377197266
33.327388763427734	33.39945983886719
24.412744522094727	24.792631149291992
32.15141296386719	31.052722930908203
27.045865058898926	24.52938938140869
28.600200653076172	27.46261978149414
34.21074295043945	34.81279754638672
37.526248931884766	32.30385971069336
30.321022033691406	29.30562973022461
28.31803607940674	30.17578411102295
30.321999549865723	29.886414527893066
30.693726539611816	28.160605430603027
34.616546630859375	32.82046556472778
38.19089412689209	35.768357276916504
29.202226638793945	32.1430549621582
31.124835968017578	30.329158782958984
28.11221981048584	27.78852939605713
34.57610321044922	35.93382263183594
30.155658721923828	30.705831050872803
27.68458366394043	28.166366577148438
31.908370971679688	30.406044006347656
33.32709217071533	33.37976360321045
30.05946636199951	29.92895221710205
34.698981285095215	34.160325050354004
33.762428283691406	34.17243194580078
23.65452003479004	24.61333179473877
35.23075866699219	33.00080108642578
32.69997024536133	32.685805320739746
32.12397766113281	30.769509315490723
38.95359516143799	36.689696311950684
36.59759521484375	33.015140533447266
34.37661361694336	32.398231506347656
36.828064918518066	35.23179292678833
34.38533020019531	31.860651969909668
36.08317565917969	34.879425048828125
37.71686553955078	32.56310272216797
35.876224517822266	33.63365936279297
30.77420139312744	32.84103012084961
35.914703369140625	36.47907257080078
34.21779727935791	32.11275386810303
31.581172943115234	30.18311309814453
31.016480922698975	32.33311414718628
36.16303253173828	34.17599868774414
35.79050827026367	34.05451583862305
36.65148162841797	33.57537841796875
30.08671283721924	27.918212413787842
34.691349029541016	31.136516571044922
39.2213020324707	37.33116912841797
38.56222629547119	35.536513328552246
30.216854095458984	28.611445426940918
30.442008018493652	30.706466674804688
28.511966705322266	29.48602294921875
33.91773319244385	32.88819980621338
24.292949676513672	24.540184020996094
31.306217193603516	31.76224994659424
31.983200073242188	30.708782196044922
33.73392963409424	31.719969749450684
29.05228042602539	29.730819702148438
35.5269775390625	34.06268310546875
33.74931335449219	31.820438385009766
34.039947509765625	32.62052822113037
34.628257751464844	30.826595306396484
29.02231216430664	29.19765853881836
30.825773239135742	29.26439666748047
38.450286865234375	35.71764373779297
37.76117706298828	38.02646255493164
32.4442138671875	34.403350830078125
40.80941200256348	37.067248821258545
33.499168395996094	30.568561553955078
36.862701416015625	33.14214324951172
31.701699256896973	26.19913101196289
36.41868591308594	36.47410583496094
30.97648859024048	30.427212715148926
30.423399925231934	28.731711387634277
39.390647411346436	37.96923875808716
38.56071472167969	35.824904441833496
35.621498107910156	34.29342555999756
30.938063621520996	31.32018756866455
30.730502128601074	28.06919002532959
32.782188415527344	32.67354202270508
30.149154663085938	32.438194274902344
31.68145751953125	29.011465072631836
32.55288314819336	34.889095306396484
31.888565063476562	31.832714080810547
33.97844314575195	30.254039764404297
31.167701721191406	31.23891830444336
34.0712890625	33.018943786621094
31.266250610351562	29.79833221435547
26.96084690093994	26.31693935394287
30.696636199951172	30.08268642425537
29.28311061859131	29.564887046813965
35.00307559967041	32.46662616729736
33.48775863647461	30.23037815093994
35.264811515808105	33.36395263671875
38.974609375	35.00358200073242
39.00748825073242	34.20075988769531
31.9019775390625	32.20777893066406
29.965431213378906	30.242393493652344
32.81057357788086	33.58049392700195
31.44909381866455	31.056386947631836
34.570021629333496	34.18252468109131
34.60697937011719	32.197914123535156
36.85370635986328	33.246334075927734
24.62644672393799	23.33919382095337
35.22524356842041	36.419785022735596
38.18720626831055	34.52836608886719
37.47532653808594	33.11225128173828
22.679473400115967	24.111605644226074
30.59768295288086	31.045394897460938
34.66697311401367	33.91796875
35.18806457519531	32.8016471862793
40.17135143280029	34.433956146240234
35.50855350494385	34.85715866088867
27.938003540039062	27.739864349365234
29.10696315765381	29.94923686981201
27.31410312652588	29.482632637023926
37.092960357666016	36.575321197509766
28.56302833557129	30.434749603271484
36.584815979003906	35.16040325164795
38.77812957763672	35.62160110473633
31.6430082321167	31.163220405578613
38.974754333496094	39.588130950927734
28.834696769714355	25.008679389953613
31.023361206054688	28.481868743896484
22.47129249572754	23.47139024734497
31.836859703063965	31.169780731201172
29.054920196533203	31.021503448486328
34.19523620605469	35.72883224487305
35.81755447387695	30.77025032043457
24.581960678100586	25.990097045898438
32.1121940612793	31.95311737060547
35.393558502197266	32.723758697509766
35.3140983581543	31.738258361816406
26.30793285369873	27.941442489624023
30.907642364501953	32.25817108154297
28.315765380859375	27.881973266601562
32.65861988067627	29.183621406555176
33.40958786010742	29.673503875732422
35.218727111816406	33.74081039428711
37.542099952697754	36.977585792541504
33.95517826080322	27.708815574645996
32.23106002807617	29.401860237121582
25.097637176513672	28.94325065612793
30.972354888916016	28.626951217651367
32.1904993057251	31.35695743560791
37.84806823730469	37.39183044433594
37.138885498046875	37.453243255615234
30.094419479370117	31.237995147705078
27.496753692626953	28.55036735534668
32.51209259033203	33.20332717895508
31.47344970703125	33.00611114501953
34.1529541015625	32.00950241088867
28.790565490722656	29.80418872833252
35.96350908279419	33.458008766174316
32.06914520263672	31.997217178344727
31.97270965576172	32.042418479919434
31.72209358215332	31.670305252075195
32.00000762939453	35.493473052978516
29.724891662597656	29.034160614013672
33.68880844116211	34.75163269042969
29.926554679870605	31.952805519104004
37.54204559326172	34.416297912597656
35.94211959838867	34.739112854003906
39.73856735229492	36.81993865966797
35.27629089355469	31.897541046142578
30.621771812438965	27.984869956970215
41.128926277160645	37.333762645721436
37.355995178222656	35.33768081665039
32.4087495803833	29.607338905334473
32.892640113830566	30.21668529510498
28.083568572998047	25.977432250976562
33.005584716796875	33.452449798583984
29.967369079589844	31.00802230834961
29.01814842224121	31.983673095703125
27.124744415283203	29.332191467285156
25.983732223510742	26.48097038269043
30.13139820098877	30.044328689575195
35.894412994384766	34.536919593811035
35.45364761352539	30.644807815551758
30.220182418823242	29.362812042236328
27.083333015441895	25.982714653015137
36.33551025390625	36.41543960571289
31.04399585723877	29.2721529006958
30.733600616455078	33.44216823577881
33.974952697753906	30.904221534729004
33.549686431884766	32.44900131225586
32.92278289794922	31.468185424804688
33.7298469543457	33.20366191864014
28.092336654663086	29.904491424560547
30.10443115234375	31.145797729492188
32.409236431121826	30.130412578582764
34.329102516174316	33.237067222595215
32.29233980178833	31.410186290740967
37.33623027801514	37.554383277893066
32.86790370941162	33.377869606018066
32.36447525024414	31.94635772705078
38.869521617889404	39.25079822540283
38.37123107910156	34.185550689697266
30.303871154785156	30.26753807067871
28.914859771728516	29.247251510620117
33.728458881378174	34.80147123336792
35.939308166503906	31.776084899902344
28.58820915222168	28.007137298583984
24.028764724731445	22.215861797332764
30.986626625061035	29.00291633605957
32.212303161621094	29.21232032775879
32.486629486083984	31.541976928710938
31.507585525512695	30.892438888549805
35.70064926147461	34.83991622924805
36.2536735534668	36.5863037109375
30.01728916168213	29.70669651031494
33.94699811935425	33.83475065231323
32.179133892059326	29.460346698760986
35.7227897644043	32.86738157272339
37.20466613769531	35.833824157714844
30.718162536621094	31.05263900756836
34.33742904663086	35.69546127319336
31.657718658447266	30.07592010498047
25.241844177246094	26.423973083496094
31.51969814300537	31.75481414794922
33.66777420043945	34.956759452819824
34.717583656311035	32.8298921585083
31.385623931884766	31.401397705078125
28.828110694885254	29.50829315185547
32.11586666107178	31.79106330871582
31.713281631469727	33.68511962890625
29.800888061523438	29.572162628173828
28.76418972015381	29.363725662231445
28.135242462158203	30.366382598876953
31.813005447387695	33.53129577636719
32.09767532348633	33.76304626464844
31.316073417663574	30.518054008483887
25.152999877929688	23.78333854675293
29.948833465576172	31.143502235412598
30.434171676635742	30.367730140686035
33.473937034606934	32.704630851745605
29.765533447265625	31.667424201965332
36.523460388183594	33.83316421508789
34.84004259109497	34.65322017669678
37.224769592285156	36.398841857910156
31.43759536743164	32.228997230529785
30.42975616455078	31.26397132873535
28.344374656677246	30.29000186920166
28.792176246643066	29.24388599395752
34.30345916748047	35.16773986816406
39.82959032058716	35.21437168121338
34.80398941040039	34.533756256103516
31.346956253051758	30.09681510925293
33.49232769012451	32.16416931152344
28.86459732055664	30.35632038116455
32.74930953979492	34.70105743408203
31.696399688720703	30.402950286865234
31.19281768798828	31.056644439697266
36.3377799987793	32.761253356933594
31.706222534179688	32.11658477783203
38.89978885650635	34.67381954193115
30.286766052246094	31.078109741210938
34.63042068481445	33.12312698364258
40.06990432739258	38.2075080871582
26.94347381591797	26.659210205078125
36.68131351470947	36.596839427948
32.687058448791504	32.55465030670166
31.33849811553955	32.78019618988037
29.420658111572266	28.01317596435547
34.7256965637207	32.93659210205078
35.590782165527344	32.89435577392578
32.38566589355469	32.0145149230957
38.96662473678589	37.218730449676514
31.159208297729492	28.177005767822266
32.4942741394043	31.387584686279297
28.99899673461914	29.45915985107422
32.18515396118164	29.577674865722656
34.291954040527344	30.404863357543945
31.846595764160156	32.56322479248047
33.547950744628906	33.80770492553711
32.94660186767578	31.75832748413086
32.89250946044922	32.42820358276367
37.65900135040283	37.932841777801514
34.20336627960205	33.02979755401611
32.82355880737305	31.66122055053711
32.99483871459961	31.108627319335938
29.225769996643066	30.348034858703613
35.18141269683838	36.184041023254395
29.467639923095703	32.39906692504883
28.416054725646973	30.423027992248535
33.46721649169922	31.774314880371094
30.378171920776367	31.616395950317383
37.82509231567383	36.67925262451172
33.922767639160156	30.778738021850586
30.16176986694336	29.064693450927734
33.11587429046631	33.24308681488037
30.573753356933594	32.75950622558594
28.742371559143066	28.456583976745605
34.90876007080078	32.605204582214355
33.27034091949463	30.236698150634766
31.360973358154297	30.48741912841797
36.247100830078125	36.20228290557861
27.231401443481445	27.78124237060547
33.875694274902344	31.934024810791016
33.41860580444336	31.392253875732422
32.227413177490234	28.693193435668945
31.833112716674805	30.93906021118164
31.03677463531494	32.31851863861084
23.654224395751953	26.255836486816406
29.60464096069336	29.826756477355957
31.573556900024414	29.376567840576172
33.689300537109375	32.9620475769043
30.90179443359375	32.09054231643677
41.11011981964111	39.77107524871826
34.82872772216797	32.52847671508789
28.67341423034668	28.03693389892578
31.012227058410645	31.37358283996582
31.99640655517578	31.94074249267578
26.663601398468018	26.47160053253174
30.191885948181152	30.691723823547363
28.685385704040527	28.819272994995117
40.522613525390625	41.32163047790527
31.470273971557617	28.85624599456787
32.213805198669434	33.00614547729492
31.93857479095459	32.396724700927734
41.90991401672363	37.430100440979004
41.29648685455322	38.4613299369812
37.03774166107178	34.93732452392578
32.63301372528076	29.208354949951172
33.573814392089844	28.87961769104004
28.539453506469727	28.6521577835083
42.426981925964355	39.06860828399658
35.55769443511963	29.892422676086426
34.671504974365234	32.676673889160156
32.190460205078125	30.98250961303711
27.96107769012451	25.15151309967041
28.27698040008545	28.752765655517578
31.503137588500977	33.8767204284668
34.628997802734375	30.986180305480957
28.49608325958252	27.743316650390625
35.90217208862305	34.40311813354492
30.733539581298828	31.557676315307617
36.568416595458984	33.54004669189453
36.565860748291016	35.0239143371582
30.705090522766113	27.078137397766113
30.273160934448242	29.6400146484375
31.531217575073242	30.370447158813477
38.010276794433594	32.90498352050781
29.419896125793457	30.156841278076172
27.782687187194824	29.108473777770996
26.274242401123047	29.752668380737305
29.51053810119629	32.72459411621094
22.843616008758545	24.180304527282715
32.689693450927734	31.86001205444336
27.40282440185547	24.956707000732422
27.588223457336426	27.138404846191406
39.81932067871094	36.628021240234375
35.48870849609375	31.86981773376465
29.15346050262451	29.956372261047363
32.44210910797119	32.820794105529785
30.96979522705078	30.185646057128906
31.968048095703125	30.724807739257812
30.02889347076416	30.073402404785156
33.46693801879883	29.518115997314453
30.71858310699463	29.68228054046631
28.6071195602417	30.708632469177246
31.38731288909912	31.571282386779785
27.3922119140625	29.057241439819336
34.47336959838867	33.65230941772461
32.81327819824219	32.322166442871094
30.76871109008789	31.65906524658203
37.147216796875	33.01339626312256
30.916244506835938	27.057022094726562
27.868844032287598	27.264309883117676
31.097562789916992	31.79121494293213
27.353779792785645	27.225708961486816
37.58129119873047	37.79418182373047
35.752716064453125	35.1947135925293
42.06961631774902	39.63275194168091
35.43000793457031	32.91619110107422
39.704742431640625	36.45557403564453
36.57420349121094	33.45639419555664
33.73989200592041	32.45290660858154
34.532535552978516	33.59546661376953
29.563599586486816	30.449257850646973
32.701334953308105	27.88681125640869
34.03629779815674	31.57282590866089
37.50663757324219	37.19556140899658
31.991119384765625	31.655094146728516
34.03160762786865	33.402706146240234
33.79483509063721	33.37508296966553
31.759778022766113	33.10148906707764
29.190767288208008	30.968854904174805
31.976072311401367	31.309017181396484
37.69795894622803	34.00346755981445
29.47573757171631	30.633124351501465
31.619735717773438	29.996450424194336
32.280094146728516	30.656890869140625
36.79032897949219	35.4080696105957
35.433051109313965	28.4833402633667
35.42073059082031	34.361663818359375
30.33833599090576	28.772034645080566
29.18649673461914	31.83555507659912
34.135894775390625	31.776220321655273
34.624847412109375	35.48255157470703
32.62017059326172	30.196964263916016
31.235671997070312	30.424551010131836
37.58106994628906	34.6058349609375
39.69025373458862	35.84589719772339
41.59565353393555	38.750083923339844
31.33949375152588	30.518912315368652
36.71787977218628	35.6676983833313
31.360705375671387	31.068543434143066
39.55441951751709	37.03351974487305
32.44471740722656	31.080829620361328
36.10094451904297	35.80232620239258
33.23699951171875	30.613162994384766
25.283710479736328	25.943992614746094
32.70958709716797	29.812278747558594
35.58591842651367	34.57829666137695
34.5118932723999	32.58291721343994
26.66290283203125	29.44269561767578
28.026535034179688	29.538914680480957
31.823871612548828	33.074745178222656
35.85794448852539	35.2308349609375
32.664947509765625	31.90382480621338
28.387842178344727	28.39496612548828
31.92633056640625	33.82854461669922
34.220306396484375	35.739654541015625
33.44761657714844	32.91883850097656
26.45412826538086	26.890631675720215
34.43946361541748	31.582998275756836
36.401451110839844	32.78813552856445
30.5130558013916	30.96324634552002
31.967259407043457	30.91366195678711
31.198325157165527	31.765591621398926
32.820719718933105	27.226487159729004
35.413612365722656	35.25474548339844
36.70515823364258	37.735923767089844
26.99648666381836	28.588923454284668
29.661117553710938	26.836179733276367
31.75762939453125	32.390238761901855
40.54378032684326	35.722739696502686
31.957958221435547	30.68407440185547
30.56441879272461	30.16405487060547
31.80271339416504	32.13938903808594
24.083112716674805	26.082290649414062
33.673336029052734	36.17031955718994
36.19088649749756	34.00299072265625
39.423336029052734	34.826515197753906
34.37113666534424	32.777907371520996
30.526697158813477	27.48571014404297
39.66329097747803	37.60874271392822
32.81184387207031	30.805879592895508
35.025893211364746	33.2449951171875
30.47603988647461	30.427491188049316
30.650848388671875	28.625115394592285
28.97849750518799	26.187767028808594
30.646255493164062	30.519962310791016
34.32255172729492	31.46542739868164
33.39572525024414	34.339393615722656
34.94169616699219	32.92292404174805
22.251787662506104	23.76866912841797
29.480777740478516	27.402057647705078
32.74555969238281	29.52538299560547
37.301544189453125	36.279701232910156
32.3299446105957	34.435157775878906
31.10507583618164	33.691901206970215
30.167532920837402	26.934468269348145
34.59064483642578	34.08537292480469
36.80361986160278	32.741050720214844
36.89366912841797	34.678321838378906
30.425992012023926	33.09438228607178
30.032612800598145	30.92673969268799
27.223087310791016	28.67880630493164
33.9635009765625	31.38497543334961
34.78767395019531	35.10142135620117
38.65694808959961	38.236900329589844
36.21839618682861	31.985529899597168
34.00779342651367	31.821943283081055
37.28192138671875	37.40595245361328
25.337061882019043	28.4818696975708
35.25399684906006	32.554519176483154
35.47134876251221	34.015296936035156
27.109189987182617	25.970746994018555
32.632545471191406	32.77507781982422
28.264243125915527	29.52542781829834
35.751625061035156	32.03750991821289
34.49995708465576	34.359177589416504
30.205997467041016	29.257461547851562
35.53343200683594	36.95368194580078
35.91769790649414	34.0541877746582
35.17417907714844	35.05894422531128
34.03388214111328	30.101621627807617
34.16135787963867	31.71998119354248
31.973931312561035	32.57032299041748
33.49806594848633	31.351171493530273
29.808480262756348	29.518455505371094
30.514127731323242	29.760387420654297
30.665281295776367	29.948936462402344
44.45559501647949	41.79666519165039
38.558953285217285	34.52024173736572
35.604681968688965	32.19651699066162
31.232906341552734	31.110645294189453
30.180233001708984	28.482813835144043
34.5363655090332	32.14453887939453
31.179214477539062	29.09857940673828
34.44248962402344	33.115623474121094
33.78739547729492	33.40882110595703
29.266700744628906	29.473366737365723
36.10172367095947	34.07752704620361
25.58446502685547	23.848751068115234
38.59710693359375	35.05447769165039
29.033692359924316	29.43486499786377
33.60612106323242	31.10320472717285
26.075926780700684	26.87116241455078
36.87885284423828	35.09374237060547
