67.83374881744385	66.48081398010254
57.53605365753174	53.0603551864624
55.02364540100098	55.89357948303223
53.61285209655762	54.27138328552246
55.54965019226074	49.53873252868652
59.49604797363281	58.568702697753906
71.10032081604004	70.23178911209106
51.67988204956055	51.50434684753418
69.93269348144531	70.44354057312012
63.13319206237793	60.46408939361572
57.83019256591797	61.69740676879883
58.88417148590088	54.50953197479248
61.49328804016113	58.201223373413086
50.83325386047363	46.04757785797119
59.06892013549805	57.34689903259277
52.29863357543945	47.488279819488525
37.988953590393066	38.47766160964966
115.83169555664062	105.55112934112549
56.15389537811279	55.73216009140015
49.52558898925781	50.824716567993164
42.299580574035645	43.58132362365723
52.034812927246094	49.90352249145508
50.671730518341064	43.933635234832764
48.75193691253662	51.97328233718872
46.77030611038208	43.95823574066162
52.14463806152344	51.94842338562012
53.697059631347656	52.15837860107422
59.951539039611816	57.17980670928955
45.84895133972168	46.54788017272949
61.138641357421875	56.55690050125122
47.926777839660645	50.44126796722412
62.787872314453125	64.55947875976562
57.65398406982422	56.12322998046875
42.8293080329895	40.654568672180176
54.811716079711914	62.26298809051514
56.287930488586426	49.46039438247681
78.30151748657227	74.50896835327148
40.293264389038086	39.69544172286987
44.46967267990112	42.079087257385254
55.48380374908447	57.90480613708496
51.57380390167236	47.352806091308594
50.93935012817383	49.51229810714722
41.06654739379883	39.921417236328125
63.81161069869995	65.3483190536499
54.39032030105591	55.50207471847534
60.03444290161133	56.65224075317383
60.729942321777344	62.45243453979492
60.956275939941406	58.26686477661133
77.6484146118164	78.2325210571289
61.992660999298096	58.36394548416138
51.7376708984375	50.705692291259766
41.304988861083984	43.99147033691406
56.545875549316406	52.699965476989746
55.21596336364746	55.74525833129883
49.42910861968994	49.25492238998413
54.76933431625366	49.057374477386475
57.93824863433838	50.762810707092285
60.81559753417969	57.106184005737305
50.831926345825195	50.21979904174805
49.06852626800537	48.80262231826782
51.53939390182495	50.76303434371948
44.74964237213135	41.20148706436157
35.38890838623047	37.60465335845947
54.45262813568115	53.67983436584473
54.179473876953125	54.142940521240234
49.66911315917969	53.42487335205078
51.82314682006836	50.488563537597656
64.35510349273682	61.84519958496094
57.959869384765625	53.36627197265625
44.36217498779297	44.22604751586914
48.48330497741699	48.188204765319824
55.77734184265137	54.26509666442871
49.66205453872681	49.328054904937744
45.994319915771484	46.95633602142334
40.000868797302246	40.6118540763855
55.509685039520264	54.16612958908081
48.026458740234375	45.650553703308105
63.24122905731201	54.12416458129883
59.05191898345947	55.16939687728882
53.09586477279663	51.72334003448486
43.34491729736328	40.431976318359375
42.52310752868652	42.958383560180664
51.3074426651001	48.06256866455078
41.58167600631714	41.571258544921875
59.726531982421875	57.03730773925781
51.68906354904175	53.06706237792969
51.463497161865234	46.74302959442139
90.0708999633789	88.76121044158936
96.36327362060547	90.58030462265015
60.3106164932251	61.61604881286621
56.0965690612793	51.25646495819092
52.58101987838745	51.53707408905029
55.20552635192871	54.87847709655762
52.43931770324707	54.8265266418457
38.81389236450195	39.36891174316406
66.05505657196045	56.22501850128174
53.33026885986328	54.774742126464844
59.640564918518066	52.58791923522949
46.45397663116455	44.129014015197754
50.865652084350586	51.7653694152832
47.700965881347656	49.20245933532715
44.58240222930908	45.11981964111328
53.299339294433594	54.128997802734375
48.35869789123535	45.389888763427734
60.506064891815186	63.800954818725586
49.776015281677246	45.25888919830322
42.545509338378906	43.893799781799316
50.5733585357666	49.33059883117676
40.96056938171387	42.47260093688965
53.09525728225708	47.79042959213257
55.386900901794434	51.981143951416016
130.09715175628662	124.28063774108887
53.47641134262085	51.17015361785889
49.998008728027344	44.59681701660156
53.34249496459961	58.0353889465332
89.02033996582031	89.88926696777344
73.40161323547363	67.58566856384277
73.29548740386963	67.59236669540405
54.79668474197388	53.96429443359375
62.41085433959961	56.48173522949219
41.45271301269531	46.09982490539551
56.140445709228516	53.57527160644531
52.8289794921875	52.43698501586914
56.769850730895996	47.885879039764404
69.165048122406	76.09702157974243
74.12764739990234	69.80570983886719
47.19173526763916	45.76651668548584
51.01527214050293	46.425771713256836
44.51758432388306	47.43345546722412
65.00466346740723	64.48502540588379
53.611249923706055	52.83624458312988
52.70773887634277	50.021873474121094
43.98850440979004	45.00741004943848
54.37039375305176	50.117563247680664
55.43871212005615	53.21643829345703
43.6738395690918	43.495988845825195
44.85085964202881	41.16724395751953
56.223148345947266	55.416927337646484
49.07897758483887	48.95634841918945
40.76221466064453	41.16265296936035
60.68943977355957	62.828914642333984
61.59151077270508	57.952972412109375
61.559653759002686	60.44865274429321
50.376593589782715	44.70176410675049
42.78494834899902	45.95451354980469
45.284674644470215	47.466187477111816
57.34691619873047	56.76206970214844
56.39023447036743	52.11171627044678
62.774667739868164	63.48274230957031
53.58409118652344	55.321189880371094
52.386619567871094	51.03248643875122
63.80689859390259	58.95659780502319
45.10599231719971	50.414681911468506
48.56214952468872	50.069830894470215
55.13473320007324	47.137003898620605
46.16832733154297	51.48916053771973
57.10497856140137	50.54814958572388
59.796348094940186	58.003602504730225
70.59753561019897	74.14836883544922
47.10616159439087	44.297866344451904
43.77629566192627	39.763930797576904
60.700172424316406	58.36697959899902
52.65343141555786	49.10720872879028
44.3635892868042	41.143531799316406
55.49722480773926	44.91474151611328
40.92778205871582	42.93398857116699
55.637911319732666	55.58983755111694
49.87791395187378	48.66344356536865
51.25117874145508	52.824073791503906
48.592620849609375	43.72811508178711
47.956886291503906	44.36219024658203
56.03244924545288	55.15682601928711
53.422629833221436	54.585386753082275
49.613399505615234	45.2405891418457
56.60101318359375	56.264041900634766
56.523576736450195	48.70035409927368
50.42165470123291	49.75552463531494
85.57499599456787	92.28543663024902
66.55953979492188	66.51985168457031
75.82233238220215	72.69259071350098
51.6287784576416	47.63998889923096
59.28938055038452	59.12191200256348
49.58800745010376	45.38231039047241
52.43623352050781	51.37145280838013
46.123779296875	51.85923433303833
112.5015697479248	106.19064807891846
54.66161823272705	47.286219120025635
44.8163366317749	41.906394958496094
52.29669189453125	51.861793518066406
65.05852508544922	68.30587768554688
50.16588020324707	46.89382553100586
48.73410415649414	49.168880462646484
58.905574798583984	52.792152404785156
51.85649394989014	50.62277793884277
51.7349853515625	48.453880310058594
40.785035133361816	43.2051887512207
51.87282371520996	45.467491149902344
56.02167320251465	57.950334548950195
82.79205274581909	72.21090650558472
52.140180587768555	47.01797962188721
97.43268013000488	88.29174757003784
38.60031843185425	35.050461292266846
45.353331089019775	43.58399152755737
46.954158782958984	45.36711502075195
56.520263671875	55.90510940551758
39.57968044281006	37.07164764404297
45.78566837310791	47.484618186950684
83.33957529067993	80.54873895645142
51.122344970703125	46.90013885498047
47.69324779510498	46.66892862319946
60.30077123641968	61.963271617889404
61.619730949401855	56.859320640563965
39.018497467041016	41.64327621459961
57.06118583679199	50.80927276611328
56.37210273742676	53.6553897857666
45.50398874282837	48.37514591217041
47.85472869873047	46.04477405548096
75.17509174346924	67.93426465988159
42.6029691696167	43.71125793457031
53.11327362060547	54.40038299560547
51.35162353515625	50.990482330322266
74.67411804199219	71.39023017883301
52.125038146972656	51.20246124267578
44.22281742095947	45.83894634246826
62.23722839355469	62.75062942504883
66.14885711669922	59.09017562866211
80.47442054748535	78.42020988464355
52.09818077087402	53.25830841064453
53.014047145843506	49.134926319122314
110.53072929382324	109.73191738128662
57.90980529785156	54.18798828125
56.72939872741699	56.03261947631836
58.19040870666504	61.93406009674072
52.15437126159668	49.48810958862305
48.29291915893555	49.208282470703125
39.47234344482422	38.14194202423096
58.175737380981445	55.055259704589844
49.169196128845215	48.296799659729004
57.56991386413574	66.77681922912598
40.58792591094971	39.735355377197266
63.096954345703125	57.90901184082031
86.44222068786621	85.57055854797363
54.2174391746521	51.75504970550537
39.34126377105713	45.28042793273926
49.18132209777832	44.384385108947754
67.37288475036621	66.68133735656738
55.40175676345825	55.99134063720703
48.898733139038086	45.4119758605957
54.08962917327881	58.45512294769287
53.125449657440186	49.86147165298462
69.85734558105469	67.01612091064453
71.90106439590454	72.1983208656311
60.94019317626953	62.20034885406494
62.838897705078125	62.232975006103516
51.48173904418945	53.46062612533569
56.36857795715332	54.80262565612793
52.938828468322754	52.13039541244507
62.31095218658447	59.27964115142822
38.427417278289795	35.58998107910156
45.50446701049805	41.96522521972656
51.548200607299805	48.599172592163086
43.28277587890625	42.34944820404053
59.503631591796875	58.41750621795654
55.547449588775635	51.99784231185913
50.74913024902344	50.84364318847656
48.4958553314209	44.18900489807129
54.78202819824219	54.18851852416992
46.909507751464844	51.17003631591797
48.18660020828247	46.18623733520508
52.232240200042725	54.345322608947754
68.80570936203003	70.52177381515503
56.2388973236084	52.17953872680664
52.335076332092285	51.2397141456604
50.24670600891113	47.31441020965576
50.683759689331055	48.68232536315918
56.9658899307251	46.63406801223755
44.68723440170288	45.654215812683105
43.15944194793701	39.483749866485596
49.664222717285156	47.94095706939697
49.35858106613159	47.86848306655884
47.32711315155029	44.90408420562744
58.924354553222656	56.603355407714844
45.47301769256592	43.65067481994629
56.036991119384766	56.44114685058594
49.13081407546997	48.14938306808472
52.40794515609741	49.08523225784302
55.730475425720215	55.87265396118164
47.19551181793213	47.621726989746094
55.44423866271973	47.46408748626709
57.49231815338135	55.562238693237305
45.97705078125	44.91638946533203
68.56410312652588	63.67862033843994
57.089484214782715	58.828126430511475
45.556251525878906	43.926621437072754
85.98856925964355	82.6007080078125
51.64921760559082	53.22272300720215
52.975327491760254	46.28901386260986
49.371219635009766	50.5023136138916
44.90475368499756	44.982991218566895
48.53784370422363	50.3159236907959
55.81395721435547	57.72834777832031
62.07419395446777	65.18289089202881
67.71249294281006	56.77254676818848
55.22069978713989	55.3905234336853
50.170233726501465	53.764641761779785
50.447206020355225	46.557584285736084
47.09727764129639	41.69595241546631
47.39008331298828	48.58157253265381
65.66881513595581	61.825621604919434
54.44384765625	49.02838134765625
58.502872467041016	48.762102127075195
56.04134273529053	50.76640558242798
79.45319938659668	78.64840507507324
40.06175518035889	44.195828437805176
54.67880058288574	51.57463073730469
51.4727725982666	46.75853633880615
52.552730560302734	51.18074035644531
45.57105302810669	47.64081335067749
51.860212326049805	48.96506309509277
50.10632514953613	46.67644500732422
48.57537078857422	50.18047094345093
48.347402572631836	49.00675964355469
59.716880798339844	58.126190185546875
51.07081985473633	45.78363800048828
50.88930892944336	53.18319320678711
51.51258659362793	51.64841651916504
39.889588356018066	35.03289461135864
55.95516586303711	56.33616256713867
64.5984034538269	62.007771492004395
48.3426251411438	51.98725128173828
57.06425857543945	58.72955131530762
60.226505756378174	55.54097843170166
54.09933567047119	54.212085247039795
59.4228630065918	58.949710845947266
50.210723876953125	52.247623443603516
65.22809028625488	71.41331672668457
56.70661497116089	52.35399055480957
51.254865646362305	53.873456954956055
66.87476205825806	67.34239339828491
50.71673583984375	46.69034671783447
49.44610595703125	47.39621162414551
53.76151657104492	51.45885467529297
57.42624092102051	57.64168739318848
53.96280097961426	53.05344200134277
58.35028266906738	57.64358139038086
47.55656433105469	48.74425506591797
65.69864702224731	59.41084814071655
51.33819007873535	52.37208366394043
62.899590492248535	61.841562271118164
45.15330791473389	45.72854995727539
60.61878204345703	52.7960205078125
40.23140907287598	41.58266544342041
42.138824462890625	41.17194652557373
51.26810646057129	50.763004302978516
51.63403558731079	50.70941162109375
47.24604892730713	46.18883514404297
51.60208511352539	53.93870544433594
58.012916564941406	60.923590660095215
45.58164596557617	44.40615749359131
48.92529535293579	49.54016590118408
56.383270263671875	63.0886344909668
57.01349449157715	53.14330244064331
37.04216480255127	34.747798442840576
70.46995639801025	73.44761848449707
51.96558952331543	50.4119553565979
76.72353744506836	74.82214736938477
51.96689414978027	52.17122840881348
57.854530334472656	61.65370178222656
88.75535583496094	81.80742645263672
50.758100509643555	43.60718822479248
59.54588603973389	63.64011240005493
49.813127517700195	50.95318794250488
61.458580017089844	59.61140441894531
49.766401290893555	47.90483093261719
58.03086757659912	53.191988468170166
42.785033226013184	43.18589687347412
56.54495620727539	55.00352096557617
55.740946769714355	54.08046627044678
53.356221199035645	51.01891803741455
54.123451709747314	56.27029323577881
56.42818069458008	57.51911544799805
41.574997901916504	41.84181213378906
63.43228197097778	65.53563594818115
47.03425741195679	43.534027099609375
40.94425678253174	36.351845264434814
41.60408020019531	43.74941825866699
53.513357162475586	50.44366264343262
88.97526741027832	90.27159690856934
46.468528747558594	44.94884204864502
55.501527309417725	54.574196338653564
46.37455940246582	45.905094146728516
51.225738525390625	51.29206848144531
47.89596605300903	43.89790725708008
45.12646007537842	46.56742572784424
59.44888114929199	52.999385833740234
55.0842981338501	52.0162672996521
67.91683006286621	67.74159812927246
59.05588436126709	56.30925941467285
54.82553482055664	53.68435287475586
36.21023178100586	35.11210918426514
63.94895696640015	60.06748294830322
64.08677101135254	62.876596450805664
53.88273525238037	48.22662115097046
47.82868957519531	45.318382263183594
62.98633003234863	55.69314765930176
47.11474657058716	45.29191446304321
61.93177795410156	60.8300666809082
49.46801805496216	50.942320823669434
42.118650913238525	38.935423851013184
59.86960458755493	56.94576072692871
74.62063312530518	72.93372535705566
57.761308670043945	53.77241897583008
71.30402326583862	72.76168251037598
46.35945796966553	40.9133243560791
74.94090414047241	70.76919555664062
57.368629455566406	51.01573944091797
54.12550354003906	55.83562469482422
59.543251037597656	49.678192138671875
55.654151916503906	56.2310791015625
48.09963798522949	45.08174800872803
49.558963775634766	53.59587097167969
60.16349792480469	63.14899826049805
49.51776885986328	48.763816356658936
58.23355293273926	52.53644943237305
55.953006744384766	53.898940086364746
60.31302261352539	57.284789085388184
55.683349609375	52.37299728393555
55.54402494430542	57.624009132385254
56.130958557128906	53.40270233154297
58.131425857543945	61.36344051361084
52.939950942993164	49.90605354309082
59.223605155944824	60.442344665527344
56.718868255615234	61.16559982299805
66.23597145080566	62.96597242355347
49.17010498046875	50.336341857910156
57.670862674713135	58.462697982788086
59.256412506103516	54.405948638916016
53.94847774505615	51.56209468841553
53.412033557891846	49.313979148864746
38.43792676925659	37.77026414871216
55.20112991333008	53.53255367279053
53.532257080078125	56.00177001953125
62.7930908203125	60.20020294189453
69.61090850830078	70.65694427490234
70.6633996963501	65.26234531402588
49.31364059448242	50.138397216796875
60.98873805999756	55.30302572250366
62.44652271270752	60.79296684265137
51.65850210189819	47.250083446502686
49.43528699874878	48.171936988830566
48.7001838684082	49.777273178100586
52.66908931732178	46.06057357788086
59.65174865722656	59.640235900878906
70.12529039382935	70.65753078460693
50.20964813232422	50.43500518798828
58.622230529785156	56.42582702636719
46.84348201751709	44.15841054916382
51.069610595703125	49.7431526184082
58.07178974151611	55.32994794845581
50.71324825286865	49.02813911437988
52.506614685058594	52.1304988861084
57.65711212158203	54.63288879394531
45.429176330566406	42.885924339294434
58.36543273925781	59.29301834106445
63.90335512161255	54.7096266746521
52.88607358932495	50.29557704925537
50.59687614440918	47.11104393005371
52.134504318237305	55.39998435974121
45.410799980163574	43.44395637512207
51.641709327697754	53.08122158050537
54.11003065109253	51.83946132659912
59.63089084625244	51.70096302032471
50.24561929702759	47.54860830307007
56.890554428100586	56.79625988006592
51.82120943069458	50.4426965713501
52.30074691772461	50.149776458740234
59.10126876831055	54.512298583984375
66.5628890991211	67.48674011230469
58.199188232421875	54.22443771362305
88.49347686767578	89.28116798400879
53.841880798339844	51.910179138183594
53.585845947265625	53.156673431396484
82.99262046813965	87.89285659790039
52.200754165649414	52.31271171569824
56.91408634185791	57.52792549133301
46.31497383117676	44.285969734191895
71.62708282470703	73.37618350982666
48.26813077926636	45.11793851852417
55.579391956329346	53.17229604721069
48.16698455810547	48.978050231933594
51.54269599914551	50.50287437438965
55.93755912780762	52.79521179199219
85.98869276046753	82.3982253074646
49.24140501022339	46.969990253448486
61.11085367202759	71.38740491867065
54.67349052429199	48.59856605529785
50.42587375640869	52.9025993347168
53.75456237792969	55.37291717529297
54.433393478393555	50.296491622924805
44.12439823150635	49.31326103210449
48.92571830749512	43.11845397949219
43.463311195373535	40.48271656036377
52.437246322631836	50.890188217163086
55.427425384521484	57.8090934753418
56.12802028656006	56.18639278411865
57.843106269836426	54.57441997528076
54.00338888168335	54.42263078689575
57.364370346069336	61.72129249572754
55.021446228027344	47.19997787475586
57.19578552246094	55.313050746917725
55.63347291946411	56.671897888183594
53.78865718841553	45.09448051452637
52.488229751586914	50.47308540344238
51.08080530166626	56.08426761627197
74.65511322021484	65.41520595550537
41.79896354675293	37.733521461486816
60.88308334350586	57.4178466796875
47.81433868408203	52.092960357666016
50.28525972366333	51.51035451889038
42.84383296966553	40.305190086364746
43.82040500640869	41.08616828918457
62.493019580841064	57.84398317337036
49.875417709350586	49.48471641540527
54.446388244628906	52.46816825866699
70.57524871826172	66.2917857170105
55.79179763793945	57.3007698059082
65.3939208984375	59.36008358001709
51.44700622558594	49.63776397705078
51.17735290527344	49.89189958572388
69.58099317550659	65.53202247619629
53.94121170043945	52.282814025878906
51.590980529785156	47.77585315704346
45.82269287109375	43.56013584136963
81.47410535812378	80.3366870880127
46.28126621246338	40.980957984924316
45.65632343292236	45.89338302612305
54.79132080078125	54.92985534667969
52.831050395965576	52.38329744338989
67.1391077041626	59.32647657394409
34.653258323669434	33.34707260131836
48.06897735595703	46.6481237411499
61.80484390258789	62.439720153808594
47.18057155609131	44.66065692901611
47.145986557006836	46.48465156555176
51.62223243713379	47.314613342285156
53.77434158325195	52.74298858642578
54.11476135253906	52.91107749938965
52.80325126647949	49.236345291137695
49.29628372192383	50.36374855041504
59.843130111694336	57.89771318435669
52.40243339538574	49.76264762878418
37.241573333740234	37.66260862350464
53.99078178405762	53.95362854003906
47.55252742767334	50.621721267700195
51.16873550415039	50.17633056640625
51.54986000061035	54.5035514831543
51.685001373291016	48.36417770385742
73.99261951446533	66.21308898925781
60.059505462646484	57.092902183532715
54.65655326843262	47.29511260986328
45.76848030090332	47.72906303405762
52.8438835144043	47.625308990478516
58.45365571975708	55.1893515586853
49.67815589904785	56.45649719238281
91.25454521179199	89.08410167694092
47.42672252655029	46.263553619384766
102.2365951538086	96.00970458984375
61.569366455078125	57.752530097961426
50.632338523864746	54.46178197860718
51.84956932067871	48.01823616027832
63.5284948348999	62.701711654663086
42.10708141326904	38.10880184173584
48.93079948425293	46.43104076385498
66.00836277008057	63.789424896240234
93.27874755859375	92.9705810546875
42.069034576416016	43.10555458068848
47.38178253173828	44.299750328063965
48.23689937591553	45.85441589355469
42.15681076049805	37.51465320587158
56.754262924194336	57.84836006164551
58.45417070388794	53.3774528503418
71.09247350692749	71.78525018692017
49.728421211242676	48.87769412994385
56.980135917663574	56.251553535461426
58.08363914489746	55.410794258117676
46.29498767852783	46.56427001953125
92.62667942047119	91.85496616363525
56.66851329803467	54.08312368392944
51.27132701873779	49.39703845977783
51.855576038360596	48.77617645263672
51.041542053222656	51.766605377197266
64.87011909484863	67.32337141036987
57.45072841644287	57.872819900512695
76.18017768859863	74.69246864318848
61.53421878814697	56.519057273864746
57.87348937988281	58.60621643066406
76.4280652999878	75.18631839752197
58.26932144165039	62.224456787109375
59.6356840133667	56.797715187072754
45.273112297058105	46.81887865066528
58.403541564941406	58.630279541015625
45.13382005691528	42.93838596343994
48.526294231414795	47.80945539474487
52.80110168457031	51.57720184326172
56.98503112792969	53.22830772399902
52.37365007400513	53.22118520736694
44.32699680328369	42.29104042053223
51.61067199707031	49.89350128173828
56.20577621459961	52.23994445800781
59.17670440673828	60.949668884277344
64.29822063446045	62.64772891998291
53.315680503845215	50.17652177810669
82.23147583007812	89.63025856018066
49.262123107910156	45.21503734588623
58.95637607574463	52.52033090591431
51.799015045166016	48.56132125854492
77.4343204498291	72.62243747711182
48.571855545043945	46.18399143218994
58.210840702056885	56.73558712005615
56.32200336456299	53.0797963142395
58.562132835388184	56.30109930038452
44.20206546783447	44.73846435546875
59.43685531616211	52.61040115356445
51.89681529998779	49.644654273986816
49.18985939025879	48.569583892822266
71.65200710296631	69.17129516601562
55.497138023376465	47.72665309906006
44.65362215042114	45.073561668395996
46.76924705505371	48.33160400390625
44.904579162597656	40.572136878967285
53.038970947265625	54.683326721191406
58.261667251586914	55.550827503204346
60.37542200088501	60.64378023147583
52.64268493652344	50.15702819824219
52.57240104675293	49.19014549255371
40.191490650177	39.52690935134888
54.84072303771973	57.00729560852051
77.38433742523193	85.79864358901978
53.407464027404785	49.89476680755615
38.69459629058838	37.64749050140381
40.48548221588135	39.78562116622925
47.18036890029907	46.949729442596436
52.584407806396484	57.82350540161133
79.9611144065857	78.06584739685059
53.649879455566406	49.35920333862305
47.405250549316406	44.47328853607178
64.57845306396484	66.15457153320312
60.73868656158447	58.803542137145996
53.634835720062256	50.68007516860962
81.4752426147461	83.47155570983887
45.84408187866211	43.8806037902832
42.276992321014404	39.48274278640747
55.45818853378296	51.52107238769531
45.860280990600586	47.36629629135132
62.12036609649658	62.65824794769287
78.22813415527344	74.90596055984497
66.61706447601318	62.152886390686035
55.41038703918457	49.27435111999512
49.882375717163086	52.228837966918945
56.05985450744629	51.54564571380615
58.15703868865967	59.157408714294434
48.891929626464844	47.69740676879883
53.64670372009277	50.88285255432129
60.495323181152344	60.53789949417114
47.87388324737549	46.60683345794678
55.14161682128906	51.14989471435547
46.034159660339355	45.6334114074707
55.17970275878906	56.76022720336914
66.43030548095703	60.20966720581055
55.27696943283081	53.52496671676636
53.48989677429199	50.62382698059082
47.518418312072754	46.82296657562256
50.146735191345215	48.883485317230225
47.78346347808838	43.24430465698242
44.93760108947754	43.26463222503662
43.80054759979248	44.53528690338135
67.29687690734863	66.99082851409912
45.804296016693115	42.79807901382446
48.39382791519165	48.06339979171753
54.83262062072754	51.62611198425293
57.60958957672119	50.226706981658936
83.12173557281494	80.4805736541748
40.20371437072754	42.00068950653076
53.55034112930298	50.46393537521362
52.387065410614014	50.94716548919678
44.23323631286621	40.3955602645874
56.88554000854492	55.52257537841797
58.409664154052734	52.99827575683594
40.3912878036499	40.263733863830566
57.16098976135254	54.893149852752686
51.314340591430664	49.46107292175293
97.94867992401123	90.65645456314087
55.097646713256836	52.07995414733887
72.47808837890625	77.73332977294922
74.71126556396484	71.62960052490234
47.58781147003174	50.51640319824219
46.66134834289551	46.369919776916504
48.83817672729492	44.95735168457031
46.856080055236816	45.3812255859375
78.66703748703003	75.08357906341553
43.3670711517334	46.84680938720703
49.24047613143921	49.75149917602539
59.27775573730469	58.44995880126953
45.70608139038086	44.790334701538086
57.20166778564453	56.494102478027344
60.649728298187256	58.793150424957275
51.34482192993164	51.24374198913574
71.6217041015625	60.89369583129883
47.902939796447754	46.746914863586426
52.68669891357422	51.9664249420166
60.43931007385254	60.1981201171875
50.2100887298584	48.33562088012695
52.133002281188965	46.800827503204346
38.908936500549316	45.78479862213135
42.05051898956299	38.61189365386963
47.05594539642334	47.49736785888672
54.98552703857422	55.023067474365234
60.36062049865723	59.156914710998535
50.99195146560669	47.81195545196533
53.904494762420654	52.24106550216675
59.71662139892578	61.25481414794922
54.94599151611328	54.296467781066895
52.78698253631592	48.56395864486694
49.58235740661621	49.394182205200195
56.276390075683594	58.16535186767578
55.32090902328491	51.49922275543213
57.095892906188965	51.31855773925781
45.67177963256836	49.1927604675293
39.61890506744385	39.302069664001465
67.33275413513184	60.78993797302246
46.8178973197937	46.80472278594971
62.39725399017334	54.112515449523926
58.65934658050537	52.61294984817505
54.08534336090088	48.87766408920288
58.46850776672363	52.76876783370972
84.43785381317139	75.52843952178955
47.711562633514404	47.79540300369263
81.94327068328857	70.78423976898193
54.95527267456055	52.974592208862305
54.03392457962036	52.21185493469238
54.94817590713501	54.8565731048584
46.22824573516846	44.54724597930908
87.48686122894287	79.98248338699341
58.53476142883301	57.38214111328125
51.98350524902344	52.36990928649902
44.13095474243164	45.11643409729004
46.30930995941162	44.062442779541016
43.80240249633789	44.6433219909668
49.609920501708984	49.23401641845703
50.96915054321289	50.7740592956543
40.70932388305664	42.54344463348389
51.019582748413086	50.92251777648926
54.0707893371582	44.24481964111328
52.105061054229736	51.331785678863525
51.2955379486084	51.660959243774414
50.79763412475586	53.34397506713867
55.409305572509766	49.077266693115234
60.11746597290039	60.8215217590332
43.67124080657959	46.256327629089355
48.862409591674805	49.21314239501953
60.76799011230469	57.77130889892578
62.967519760131836	61.095266342163086
61.54865837097168	56.94730472564697
57.79732418060303	59.03515625
81.88899040222168	77.16078758239746
61.136131286621094	56.949623107910156
59.576072692871094	57.71794891357422
50.1515417098999	52.305713176727295
56.36293601989746	58.327789306640625
55.04600286483765	52.364129066467285
58.100250244140625	53.94819641113281
55.08266258239746	55.08576965332031
61.68671894073486	56.64970779418945
53.7047233581543	59.539512634277344
54.6885552406311	52.459261894226074
56.182817459106445	53.557016372680664
63.65961456298828	61.61722946166992
51.87751007080078	50.90746307373047
46.91695165634155	48.14805459976196
57.89309120178223	59.23146629333496
53.72934818267822	54.84180450439453
49.166282176971436	44.95021438598633
50.884483337402344	43.96226119995117
45.5921516418457	46.082396507263184
101.83019399642944	99.23794984817505
56.085439682006836	52.2136344909668
55.080042362213135	52.48393154144287
48.82129096984863	51.048357009887695
47.81064319610596	44.924214363098145
53.59971475601196	49.28820085525513
47.42984390258789	52.43337297439575
59.67262315750122	56.22811317443848
49.85801124572754	48.28006553649902
45.51818132400513	40.79497241973877
43.606834411621094	43.73034477233887
47.90505409240723	48.15074920654297
57.355804443359375	55.37518310546875
77.10679054260254	71.22063636779785
65.45855712890625	63.138092041015625
53.11121225357056	53.45735836029053
56.53612041473389	57.97947120666504
51.75274085998535	49.38324165344238
57.574405670166016	59.98101806640625
57.44565963745117	59.636314392089844
44.08125591278076	42.49878644943237
83.49958801269531	87.79527282714844
53.789658546447754	46.982455253601074
65.02825164794922	67.01266479492188
63.992674350738525	62.85415983200073
51.74505615234375	52.08534908294678
59.41474151611328	56.440040588378906
46.49198913574219	44.48643207550049
51.70030212402344	52.27329635620117
63.10158729553223	64.1141414642334
74.26547527313232	71.56692409515381
56.48603439331055	56.426631927490234
57.06695556640625	52.725040435791016
70.42472791671753	67.80789184570312
50.35677909851074	46.76974010467529
48.604103088378906	47.65142107009888
55.8958740234375	57.62961959838867
65.81116533279419	60.072697162628174
53.30720329284668	56.64389991760254
54.234248638153076	50.0551643371582
54.27719306945801	52.51299476623535
67.72332000732422	67.24440002441406
51.05074405670166	44.61769104003906
58.936028480529785	53.11112880706787
48.97120666503906	45.292633056640625
57.44758224487305	54.984703063964844
43.02454376220703	44.13904094696045
43.91366958618164	43.405823707580566
48.7672061920166	46.27558135986328
53.47418451309204	53.25270748138428
99.34023141860962	93.05195426940918
52.95281982421875	50.62488555908203
77.58719778060913	74.48571681976318
60.33170700073242	56.1455192565918
41.18044567108154	43.727797508239746
68.21476936340332	60.823211669921875
50.89147186279297	47.843995571136475
77.492995262146	74.68777656555176
45.82985734939575	41.257089138031006
55.13569259643555	59.579769134521484
69.34437561035156	71.99497985839844
50.79408073425293	53.40865516662598
56.80438995361328	52.93280792236328
65.94388580322266	69.48587799072266
48.96740913391113	47.524277687072754
54.34423112869263	50.57701873779297
64.75154876708984	60.107582092285156
51.93598175048828	52.32967233657837
47.52656555175781	52.120609283447266
53.85254669189453	55.420555114746094
45.440754890441895	42.18515110015869
93.20666599273682	85.55579376220703
53.58335256576538	52.32279300689697
39.85999584197998	41.341705322265625
41.67705535888672	44.14029598236084
52.0693302154541	50.02520942687988
45.534658432006836	43.667564392089844
50.299072265625	48.608479499816895
40.64684867858887	40.34878730773926
57.095537185668945	52.26693630218506
37.025390625	38.06727600097656
42.764052867889404	46.4898157119751
49.76181221008301	48.33552360534668
51.635324478149414	48.16871452331543
55.63494873046875	57.699989318847656
48.45742607116699	48.24069786071777
52.457942962646484	46.09331130981445
56.72041320800781	54.985496520996094
66.98938179016113	65.38689422607422
45.74539089202881	47.84307861328125
65.0861964225769	63.03293752670288
55.76405334472656	51.32209253311157
54.70780563354492	52.78016662597656
61.04067802429199	58.20650577545166
51.16482353210449	46.48989772796631
53.207664489746094	52.826412200927734
52.92028045654297	47.61672592163086
56.14053392410278	64.420090675354
63.456238746643066	59.542137145996094
87.58717393875122	84.12124824523926
50.34455680847168	39.69136333465576
54.10478973388672	53.51004409790039
45.46746253967285	44.09450054168701
50.21967887878418	48.277353286743164
53.45539855957031	52.948184967041016
50.342159271240234	51.205427169799805
56.517234802246094	58.750617027282715
45.78035831451416	38.603272438049316
56.322150230407715	57.03878879547119
64.52525329589844	59.56113052368164
52.692535400390625	49.55753517150879
64.63304042816162	68.81514930725098
60.489158153533936	56.03726100921631
48.479902267456055	47.52509307861328
42.12231731414795	45.572731018066406
48.156898498535156	46.69965362548828
57.51070976257324	50.12981986999512
40.67958354949951	40.37893772125244
64.58287239074707	64.84501838684082
53.432708740234375	48.08408737182617
55.60404968261719	54.51960229873657
83.76594543457031	84.80193138122559
47.01291561126709	50.48982810974121
51.29220199584961	50.911943435668945
56.362932205200195	55.98324728012085
60.6839599609375	65.62223052978516
54.44117259979248	56.935468673706055
53.32717323303223	48.96647644042969
51.31778001785278	48.457130432128906
54.605735778808594	53.22637367248535
52.435025215148926	52.43698787689209
55.05475473403931	55.919217109680176
75.04142761230469	72.77365684509277
57.17425346374512	52.6010684967041
47.43217945098877	46.189260482788086
55.17472267150879	50.837974548339844
50.84310531616211	47.883973121643066
68.83767127990723	58.711435317993164
37.196937561035156	36.97346496582031
65.68125915527344	62.67637348175049
46.57910919189453	46.64698028564453
46.228989601135254	44.79220104217529
62.406728744506836	61.68675899505615
83.69278144836426	88.63004302978516
55.54619598388672	53.59748458862305
46.423420906066895	43.97341728210449
59.57460021972656	56.494049072265625
56.663726806640625	57.258840560913086
55.02368927001953	52.768211364746094
58.99912738800049	58.872756004333496
48.98966932296753	49.25391435623169
53.65922451019287	49.68815803527832
50.80752372741699	49.74221229553223
51.44563674926758	47.516568183898926
55.10493087768555	54.91861343383789
63.19426345825195	65.93783569335938
55.47724103927612	54.39439249038696
42.10922145843506	40.97995662689209
63.09717321395874	66.55876350402832
50.78247404098511	47.667799949645996
50.87343740463257	49.52713489532471
48.84487724304199	47.391197204589844
86.92460632324219	90.98322582244873
54.64937782287598	50.01189994812012
46.88043212890625	54.23146057128906
53.23129463195801	45.37130069732666
41.38722896575928	43.47945499420166
48.10460567474365	50.916709423065186
51.92770719528198	46.1653790473938
45.69873809814453	42.40700721740723
36.56371736526489	39.31796932220459
57.472156047821045	53.66364669799805
47.46459674835205	47.172706604003906
54.67865753173828	54.05091857910156
48.1805477142334	47.13036346435547
48.893028259277344	52.534586906433105
80.43073892593384	81.2468934059143
51.89790344238281	48.138611793518066
43.74955654144287	44.04865741729736
53.12317085266113	53.70387268066406
62.394392013549805	60.53680610656738
79.47588920593262	72.61105537414551
69.00020599365234	61.91880416870117
55.098134994506836	52.43140983581543
64.77053165435791	60.267930030822754
51.81757116317749	49.164302825927734
54.982823848724365	53.97808122634888
52.00099325180054	52.57474136352539
58.692291259765625	58.45940399169922
48.824724197387695	47.1710729598999
56.07875633239746	54.598331451416016
49.592817306518555	49.14566230773926
52.61562728881836	52.90166473388672
60.25187301635742	53.045982360839844
53.60300827026367	55.87246322631836
59.68107891082764	59.55888652801514
42.70623207092285	39.90537166595459
50.258827209472656	43.45985651016235
54.1854248046875	52.45002365112305
42.14955806732178	40.766639709472656
45.231350898742676	47.07856464385986
43.23130130767822	39.50629472732544
69.60358619689941	68.89082431793213
53.8939323425293	51.064693450927734
64.59040069580078	66.73860931396484
50.80529832839966	52.72474145889282
53.07125473022461	49.977596282958984
55.55279731750488	58.632681369781494
58.07761764526367	56.80894374847412
46.246705055236816	50.44438362121582
48.08856964111328	47.26047992706299
61.493813037872314	58.12494134902954
72.43767547607422	74.72654819488525
54.393174171447754	51.83090591430664
49.40354347229004	45.95040321350098
46.91450071334839	44.01442766189575
