39.1920690536499	44.47001552581787
33.29329252243042	32.540555000305176
37.64329433441162	43.478118896484375
36.43601655960083	46.26215934753418
36.91734790802002	36.94755554199219
36.84657669067383	36.55769348144531
43.591904640197754	49.21809768676758
49.395023345947266	42.981834411621094
30.804908275604248	31.136746406555176
48.281545639038086	47.60636806488037
40.84518527984619	47.281622886657715
49.533926010131836	45.1426477432251
53.36926221847534	49.305434226989746
45.50559139251709	47.807281494140625
41.76463222503662	39.842525482177734
38.54736328125	46.21138572692871
45.61057996749878	48.88069152832031
36.21269130706787	42.8851318359375
52.82148599624634	51.11225128173828
36.70209789276123	42.87319278717041
39.75687503814697	42.05833435058594
47.274192810058594	48.56660270690918
40.75647020339966	46.2887396812439
31.60984754562378	38.23155164718628
35.10483455657959	42.484374046325684
49.137285232543945	49.067996978759766
52.09109687805176	50.37151908874512
51.02618408203125	48.35148811340332
44.835608959198	48.07227182388306
55.388487339019775	54.08974599838257
45.179320335388184	45.49027919769287
55.4714412689209	52.556814193725586
37.261505126953125	39.21860218048096
52.19703674316406	49.92353439331055
31.31479501724243	32.83903121948242
45.76077461242676	42.24878787994385
42.70561695098877	42.490928649902344
41.31541442871094	44.63951110839844
41.289544105529785	42.70029067993164
45.17652225494385	41.83750247955322
37.453834533691406	41.39125108718872
40.21347713470459	38.01202154159546
49.29587459564209	45.5570707321167
48.10235023498535	47.138047218322754
43.738036155700684	39.41841125488281
37.17503643035889	37.68959712982178
45.84595584869385	51.43533897399902
36.394009590148926	36.965508460998535
46.471110343933105	39.35417175292969
45.55802536010742	40.690369606018066
42.85653305053711	43.17637252807617
46.02593994140625	44.23853254318237
42.884559631347656	39.203919410705566
43.94804763793945	44.791245460510254
33.903701305389404	34.58995819091797
39.63557004928589	46.49743604660034
50.71999168395996	44.461978912353516
37.31333827972412	45.24500370025635
42.50467014312744	46.62484645843506
40.189476013183594	36.8009033203125
42.75381374359131	40.275086402893066
41.76980209350586	44.74929141998291
40.565521240234375	38.04994297027588
51.38278770446777	47.03865909576416
46.71470546722412	44.8518648147583
52.0122013092041	51.34453582763672
51.13284254074097	51.785521030426025
40.70046615600586	43.7554407119751
44.21125316619873	42.159790992736816
43.709858894348145	43.41320514678955
45.19267988204956	42.07514190673828
52.23916053771973	46.56569004058838
44.31933403015137	46.1798095703125
39.635138511657715	40.566853523254395
41.30771780014038	41.49995517730713
39.03289031982422	42.74861812591553
38.91703128814697	37.40264177322388
35.359230518341064	41.72237014770508
49.61544227600098	45.94087314605713
40.496530532836914	39.29756164550781
50.9531307220459	47.31111431121826
44.50589179992676	46.15832328796387
38.67142581939697	39.1221284866333
53.567214012145996	51.01740264892578
39.710566997528076	45.431599617004395
45.35642337799072	47.6528205871582
49.65446662902832	47.44300174713135
41.62998962402344	43.615633964538574
40.78158092498779	41.523977756500244
42.941999435424805	43.105268478393555
38.37034749984741	39.40358209609985
41.44855499267578	41.69416904449463
44.70303535461426	41.0675573348999
38.303608894348145	39.484009742736816
49.32403087615967	44.12022590637207
39.975242614746094	39.32812786102295
45.652276039123535	43.671326637268066
34.1715931892395	38.15255641937256
39.733025550842285	36.378663063049316
46.65615177154541	52.21504211425781
52.009034156799316	46.3245415687561
45.651769161224365	41.675506591796875
43.063385009765625	47.29983615875244
42.15073585510254	37.70167827606201
45.8320426940918	47.886667251586914
40.385499000549316	44.331356048583984
49.60817527770996	47.00460433959961
40.08476257324219	41.76474666595459
41.09241199493408	42.410133361816406
47.872581481933594	48.06713676452637
48.07795715332031	48.799713134765625
39.51120853424072	40.98508358001709
45.51522731781006	44.723633766174316
43.977850914001465	51.1296501159668
44.29051399230957	41.27025604248047
37.900447845458984	41.1798095703125
47.96924686431885	48.39906120300293
37.62984323501587	43.416961669921875
48.58541679382324	45.84445667266846
38.757225036621094	37.91689968109131
40.04979133605957	41.9130802154541
47.16438388824463	47.7590537071228
45.91361045837402	48.138771057128906
47.3285608291626	49.0506534576416
52.4959716796875	52.38560485839844
40.57125377655029	47.12907314300537
37.04864501953125	35.51644992828369
50.199079513549805	48.5738525390625
49.58116149902344	44.13206481933594
51.21023368835449	48.28018569946289
45.60922145843506	42.09389066696167
45.43037796020508	45.78834056854248
39.660491943359375	38.447113037109375
36.44021129608154	41.94904804229736
46.62305545806885	46.81275272369385
56.71889877319336	51.479719161987305
42.847962379455566	43.2391357421875
44.37173366546631	40.72772026062012
43.796433448791504	48.35024070739746
43.76436996459961	44.010512351989746
46.55537509918213	49.45599174499512
41.70242214202881	38.98860168457031
45.44589328765869	46.100364208221436
47.0117883682251	45.50453281402588
52.452369689941406	49.733036041259766
46.24306869506836	47.328941345214844
53.39691352844238	53.762718200683594
41.82939147949219	41.31976318359375
38.43314266204834	36.336487770080566
47.5213098526001	49.79015827178955
44.27405405044556	40.88990116119385
40.30111598968506	42.1409010887146
37.997658252716064	41.53850555419922
44.02250003814697	45.716835021972656
46.09486484527588	41.40809726715088
50.965171813964844	49.332314014434814
47.4092960357666	43.753929138183594
38.91928195953369	37.08884525299072
46.05528259277344	47.37809658050537
50.135703563690186	49.89118528366089
48.28409671783447	39.80860233306885
58.239670753479004	58.62181568145752
41.51898384094238	38.959224224090576
34.68465328216553	37.83935546875
38.702942848205566	43.14236354827881
55.174856185913086	53.397560119628906
50.546722412109375	48.54018974304199
47.74829864501953	47.91638374328613
38.34231090545654	42.035462379455566
38.521971702575684	41.6700553894043
31.594862937927246	39.117159843444824
44.83651161193848	39.06669616699219
41.21817398071289	42.43794536590576
37.41944217681885	38.31801509857178
39.18666458129883	37.254733085632324
41.15781784057617	44.414886474609375
40.52649164199829	39.54202651977539
42.77742862701416	44.69576168060303
42.11566925048828	41.468443870544434
34.584797859191895	39.271087646484375
39.853843688964844	44.352187156677246
54.27667808532715	50.160512924194336
50.96439075469971	52.82661294937134
40.68229007720947	45.67153072357178
51.826589584350586	47.00870990753174
41.53282165527344	41.844544410705566
44.708099365234375	44.96220397949219
49.970306396484375	49.17327690124512
38.00985336303711	41.66323184967041
42.69251346588135	40.096195220947266
51.18705606460571	55.26130151748657
35.64163684844971	42.0713996887207
36.9818639755249	39.70409393310547
38.28996181488037	38.47374677658081
47.056236267089844	47.047743797302246
47.07839298248291	45.49276828765869
51.641669273376465	47.143492221832275
43.78378248214722	41.572189807891846
37.330284118652344	36.792134284973145
51.88241481781006	51.36769771575928
46.13579177856445	46.72968292236328
36.796488761901855	40.040900230407715
40.89492130279541	46.41170597076416
51.7276611328125	44.96000003814697
37.66052961349487	42.29880332946777
44.99341011047363	43.00677299499512
43.775254249572754	46.052372455596924
43.47864246368408	48.1702766418457
43.77224349975586	38.97303485870361
52.47260856628418	51.77697944641113
34.66596221923828	34.719566345214844
52.98882293701172	52.38905954360962
42.06953525543213	43.90177249908447
37.969908714294434	38.38301181793213
44.83076190948486	43.33523654937744
48.28355026245117	47.988661766052246
45.168089866638184	41.15889549255371
45.02729415893555	45.429219245910645
36.777588844299316	40.97994518280029
53.3924036026001	48.063950538635254
36.82694911956787	41.561665534973145
37.63206481933594	41.24186992645264
47.963290214538574	48.93556022644043
46.27716064453125	47.381742000579834
36.7512731552124	37.51406764984131
46.201677322387695	44.5945405960083
43.38148498535156	47.270453453063965
39.23796558380127	45.598368644714355
47.1747350692749	47.02381896972656
46.624566078186035	45.433608055114746
39.814345836639404	41.78670406341553
55.995065689086914	57.67485237121582
40.11797904968262	44.4244909286499
54.18142318725586	48.171884536743164
48.74435234069824	46.858208656311035
40.13118267059326	40.11248016357422
41.865257263183594	43.397400856018066
37.232720375061035	35.5398530960083
48.58036994934082	46.622254371643066
61.21999740600586	56.86528015136719
37.89907455444336	41.32460594177246
41.36937618255615	47.71915912628174
47.6306676864624	47.42136096954346
42.533631324768066	40.19736289978027
34.16839599609375	37.44238615036011
48.5925178527832	51.50214958190918
49.44279670715332	42.720580101013184
46.425772190093994	48.446929931640625
39.60188627243042	48.04412364959717
38.58658313751221	39.03782606124878
40.292301177978516	44.449524879455566
45.737488746643066	41.752896308898926
45.56074619293213	44.917988777160645
47.707045555114746	51.31987953186035
44.65892314910889	45.850064277648926
43.863521575927734	44.14333248138428
34.074989318847656	34.24116611480713
36.39549922943115	39.277968406677246
48.297739028930664	50.683631896972656
47.600661277770996	47.52289581298828
46.12154960632324	43.434791564941406
45.72664260864258	43.392133712768555
44.16460132598877	43.54881191253662
37.91534423828125	40.773305892944336
45.10058832168579	43.01017665863037
37.721335887908936	38.1683349609375
41.59545421600342	46.26509666442871
38.6724591255188	40.53841590881348
45.80387878417969	49.18696403503418
44.287116050720215	41.01357936859131
44.97227764129639	48.743088245391846
45.99320888519287	45.688809394836426
46.211819648742676	47.86329746246338
48.71988010406494	40.15982103347778
45.81084489822388	43.94926357269287
43.441168785095215	47.01141357421875
41.04099750518799	38.339316844940186
42.65032768249512	40.518131256103516
40.08771228790283	40.09481906890869
47.156662940979004	47.38553047180176
43.68574142456055	40.48832893371582
45.60500240325928	41.05692434310913
45.93519687652588	51.982972145080566
44.7328577041626	41.69601058959961
46.835927963256836	46.10701084136963
47.38490009307861	44.93936061859131
41.90485954284668	38.05816650390625
41.819777488708496	38.81545305252075
43.520562171936035	39.931480407714844
44.44419765472412	47.738762855529785
40.35955810546875	41.006741523742676
46.66218566894531	44.1269645690918
44.564619064331055	45.4402494430542
58.224557876586914	57.60873985290527
47.32793140411377	45.05248260498047
46.92539978027344	48.875627517700195
51.8069167137146	49.45059108734131
48.6546950340271	48.50801944732666
45.083595275878906	47.467421531677246
40.493130683898926	42.3338041305542
47.49687194824219	48.11573028564453
42.89988040924072	44.009345054626465
47.1136999130249	43.6848258972168
39.14314270019531	43.52147102355957
44.534605979919434	43.49253559112549
49.00879669189453	47.41438007354736
46.69921875	42.71111011505127
41.1689829826355	43.043832302093506
36.47335767745972	41.09504222869873
40.955567359924316	42.15104579925537
43.11150550842285	45.551462173461914
44.88825798034668	44.195146560668945
46.93038463592529	43.59622001647949
50.94026756286621	50.567819595336914
44.540438652038574	45.54804801940918
46.100008964538574	53.0416316986084
43.84541988372803	43.447232246398926
49.46876525878906	47.09073543548584
50.37014961242676	50.14814853668213
47.498817443847656	45.66642904281616
35.61093807220459	37.98119258880615
42.555850982666016	40.015374183654785
46.639620780944824	54.03944206237793
46.02854919433594	39.238128662109375
41.40519618988037	45.703431129455566
39.87783908843994	42.26092529296875
50.11416435241699	52.07223701477051
53.1771354675293	52.074880599975586
43.101250648498535	42.93005847930908
49.681657791137695	46.280181884765625
42.356234550476074	41.183921813964844
39.98329162597656	38.80585432052612
32.06888675689697	34.90034580230713
47.14527130126953	46.27551507949829
33.54249572753906	33.146461486816406
37.15489864349365	40.54168701171875
52.94901466369629	53.50974082946777
50.80252647399902	49.50121879577637
30.04136085510254	35.32770872116089
35.745301246643066	35.206336975097656
35.196227073669434	30.607812881469727
34.92567443847656	40.025261878967285
51.10447883605957	50.12175178527832
42.76448678970337	46.71655321121216
37.35350704193115	40.60693359375
50.608205795288086	44.54076862335205
40.23720073699951	48.02145195007324
47.548768520355225	48.74490404129028
64.65729427337646	58.158714294433594
46.37300205230713	44.901841163635254
44.42758083343506	45.97444152832031
48.70941925048828	47.479167461395264
51.335511207580566	47.29517459869385
45.345497131347656	44.151580810546875
38.80831956863403	39.85640048980713
40.537824630737305	39.19652462005615
41.42490291595459	42.71359920501709
44.58739471435547	44.96018886566162
56.532697677612305	51.781471252441406
50.70623588562012	61.79986381530762
43.734331130981445	47.73216247558594
50.761985778808594	45.99679470062256
37.18262195587158	44.645514488220215
40.921302795410156	43.89839172363281
38.3909797668457	38.01400852203369
45.27133321762085	44.6498703956604
36.740675926208496	36.33033084869385
42.41183280944824	42.69026756286621
41.180830001831055	45.25137901306152
42.20960712432861	42.361023902893066
42.15290451049805	44.14339828491211
51.402042388916016	51.075204849243164
49.57075309753418	46.548614501953125
49.324235916137695	47.2946662902832
42.431488037109375	41.65016269683838
40.24589538574219	41.0670804977417
37.94640254974365	40.214447021484375
44.33489799499512	43.91019344329834
42.63317012786865	48.28773307800293
44.26955509185791	45.477553367614746
55.67079734802246	54.62757110595703
38.27463626861572	40.096402168273926
45.76259136199951	43.3689022064209
60.14180374145508	59.45557975769043
39.92018938064575	41.26146173477173
48.07488441467285	45.183128356933594
48.93450736999512	47.30360412597656
46.64965629577637	44.8884916305542
44.19637584686279	51.549150466918945
44.87448692321777	42.757301330566406
39.68443965911865	41.53194522857666
53.96699619293213	47.59855604171753
45.7155876159668	47.46303462982178
38.13475799560547	38.755425453186035
44.99384021759033	46.507803440093994
45.302696228027344	45.899325370788574
36.369747161865234	38.30234241485596
41.685760498046875	40.90280866622925
43.068695068359375	43.354445457458496
49.355913162231445	50.737844467163086
39.96622085571289	39.74825620651245
38.190585136413574	38.417449951171875
47.13170528411865	48.016645431518555
46.336684226989746	45.74495792388916
38.97921800613403	40.06007194519043
41.544532775878906	45.108652114868164
46.424593925476074	44.22802925109863
46.88650131225586	45.79244136810303
53.017656326293945	53.7645149230957
54.82405185699463	52.06467962265015
37.45018672943115	40.73072147369385
46.68068885803223	43.19045066833496
52.919694900512695	50.735801696777344
48.534255027770996	46.25584602355957
39.71585941314697	44.811455726623535
42.23973083496094	40.651848793029785
48.33849334716797	44.82491397857666
43.37486171722412	45.06166934967041
42.52852916717529	49.354591369628906
38.36495304107666	42.657225608825684
42.00486373901367	43.77759075164795
50.67660140991211	45.11780548095703
53.71783447265625	51.85566329956055
47.78806400299072	42.92079162597656
44.96819496154785	46.651248931884766
55.96295356750488	52.27851104736328
44.135826587677	41.167227268218994
55.11373472213745	56.443928718566895
43.47113847732544	43.98204469680786
40.9099006652832	45.68735122680664
51.24993133544922	53.486504554748535
44.55904769897461	42.560940742492676
46.73169422149658	42.54047870635986
43.77051830291748	44.53810214996338
44.406256675720215	45.346728801727295
39.28245162963867	39.97434997558594
45.128811836242676	43.87159824371338
38.506789207458496	39.64453887939453
54.130805015563965	49.91175985336304
47.235955238342285	45.11274433135986
45.14504432678223	39.2423939704895
46.8402099609375	44.81715488433838
39.64503765106201	39.39148807525635
55.44660758972168	51.54130554199219
38.52935075759888	39.2883825302124
46.41192626953125	50.73227119445801
38.81955003738403	43.88012981414795
42.081387519836426	37.85170841217041
43.88136577606201	47.204827308654785
47.27998352050781	50.267560958862305
42.79373645782471	44.86288595199585
41.88438320159912	38.9743332862854
52.38928985595703	51.77877616882324
37.81666278839111	40.182647705078125
41.628355979919434	40.884543895721436
38.02487134933472	41.4441442489624
41.01658630371094	45.53978633880615
47.956040382385254	41.04521083831787
40.84885025024414	37.45562267303467
39.17138671875	42.55564212799072
48.41947269439697	48.33886671066284
53.610551834106445	50.98816108703613
53.11036491394043	48.71377372741699
34.32547092437744	40.34537315368652
42.540879249572754	39.86871814727783
55.51116371154785	54.583763122558594
44.29294967651367	46.52381229400635
49.31865692138672	44.4205379486084
44.3549165725708	45.41426753997803
46.063124656677246	45.270094871520996
36.881046295166016	38.520684242248535
48.25370979309082	45.308295249938965
46.469112396240234	47.81566143035889
41.54853343963623	41.24702453613281
42.18159484863281	40.96962261199951
39.644439697265625	43.43730068206787
38.382697105407715	35.07874250411987
44.36997747421265	44.621178150177
49.87731170654297	48.40310096740723
50.97718048095703	45.42420959472656
50.082590103149414	52.70411682128906
49.73701286315918	47.16206645965576
53.109947204589844	50.239288330078125
51.751381397247314	45.15974521636963
47.848228454589844	45.12472915649414
39.497573375701904	39.150230884552
49.072214126586914	49.51213073730469
39.105477809906006	38.16206502914429
38.84937286376953	42.714171409606934
36.086039543151855	39.8718523979187
46.05238723754883	46.578128814697266
41.419739723205566	47.070465087890625
45.31904697418213	50.92270088195801
55.701210021972656	51.55562782287598
42.22679042816162	42.168036460876465
43.8746452331543	42.534799575805664
37.63685131072998	37.112019538879395
43.80188465118408	43.92514705657959
48.69729423522949	49.87197303771973
43.951171875	42.01665115356445
48.7525577545166	46.16316890716553
41.17669105529785	44.58834648132324
46.13198947906494	44.84626007080078
49.7728328704834	45.92764949798584
43.86899471282959	43.519577980041504
46.095237255096436	44.11494493484497
39.63742733001709	43.12584972381592
41.90406131744385	46.00330066680908
43.51875972747803	48.9613094329834
47.150678634643555	44.41906929016113
44.86568069458008	44.80744457244873
47.11782932281494	43.30605983734131
35.747694969177246	37.58082675933838
34.468265533447266	39.79421138763428
47.69251823425293	44.93428707122803
48.09095048904419	45.79202938079834
36.41703128814697	38.140445709228516
46.338796615600586	47.66277313232422
42.926127433776855	39.40238857269287
40.200438499450684	41.40369415283203
36.9336576461792	40.94541835784912
43.557098388671875	48.843531131744385
42.61537456512451	40.07716369628906
45.26396942138672	44.116719245910645
48.45872497558594	50.83846092224121
38.754321575164795	41.88832187652588
51.48420524597168	49.65811729431152
52.762916564941406	49.79805564880371
40.51197862625122	41.08058309555054
48.62150001525879	46.89899826049805
44.180068016052246	43.42607116699219
49.02713680267334	45.42804574966431
42.748348236083984	46.70172643661499
40.873698234558105	42.317450523376465
44.508819580078125	48.504638671875
44.44710445404053	42.616756439208984
35.30002498626709	40.72879886627197
50.63251066207886	48.386624813079834
41.82479238510132	46.622679233551025
51.953115463256836	49.604854583740234
32.52316188812256	38.15826416015625
49.53795623779297	47.806411266326904
52.87613868713379	45.370893478393555
39.071250915527344	45.56389331817627
37.094801902770996	42.19991683959961
45.76531505584717	48.47314453125
39.333839416503906	36.47099733352661
50.71901893615723	49.980451583862305
44.77912902832031	44.16336727142334
37.9010009765625	40.8597469329834
49.046640396118164	47.98226833343506
44.18993663787842	42.8832311630249
47.1549768447876	42.2969970703125
43.42936038970947	48.57434272766113
40.338897705078125	41.898183822631836
48.53415298461914	50.60635185241699
36.56491756439209	39.86521244049072
42.531118392944336	42.67955303192139
50.60621452331543	47.06682872772217
35.760560035705566	38.02558898925781
46.602540016174316	44.04118537902832
52.541730880737305	52.55351257324219
38.700103759765625	40.970258712768555
37.59513187408447	42.68903732299805
45.65995788574219	45.737857818603516
42.16618537902832	40.74197769165039
47.9793176651001	44.97531795501709
40.28561592102051	43.98393154144287
33.80296993255615	34.80446147918701
45.960296630859375	42.861342430114746
53.227577209472656	51.87841796875
45.760897636413574	41.886900901794434
40.27357578277588	41.17375659942627
36.39650630950928	40.96249008178711
42.739906311035156	39.58915042877197
50.802995681762695	50.097862243652344
43.069396018981934	42.827433586120605
36.97277784347534	35.101380348205566
32.42141246795654	39.66206359863281
34.53841686248779	36.98076248168945
46.15261459350586	45.98426914215088
44.709381103515625	40.794785499572754
50.0130615234375	44.003926277160645
47.887813568115234	46.27906894683838
48.70697593688965	50.46689987182617
39.236629009246826	41.49485111236572
50.28262138366699	46.152377128601074
50.472890853881836	48.67899513244629
41.39546871185303	43.61682415008545
39.06204128265381	41.39085102081299
40.35399341583252	38.32368564605713
46.0869026184082	45.41175842285156
41.352561950683594	47.517916679382324
40.69684028625488	43.05167198181152
48.285329818725586	49.53548812866211
44.32545185089111	44.18229103088379
39.69858169555664	42.01612186431885
36.69572925567627	42.34946537017822
50.477577209472656	45.981431007385254
46.710952281951904	52.824997425079346
41.83743381500244	41.08132266998291
46.49351406097412	45.36159038543701
42.93513488769531	48.19496154785156
47.904558181762695	50.28965950012207
49.474342346191406	48.470558166503906
35.44990062713623	40.08547782897949
52.056283950805664	49.8867244720459
26.99315071105957	32.44886875152588
46.45613193511963	48.99758815765381
44.899014472961426	42.82023525238037
46.535797119140625	47.161526679992676
46.375203132629395	45.57988166809082
43.8268404006958	47.139132499694824
36.83690786361694	40.16908359527588
54.349069595336914	52.46174335479736
44.74767208099365	41.50923156738281
41.54135227203369	42.696444511413574
41.49361610412598	43.69542598724365
39.74292755126953	37.03572463989258
48.65975856781006	46.24000549316406
44.963035583496094	45.112595558166504
42.57217311859131	43.94612789154053
40.48205375671387	48.06005001068115
35.23693084716797	32.78264284133911
51.621225357055664	50.577369689941406
48.78314971923828	42.14092254638672
35.982848167419434	41.99951934814453
38.67081880569458	38.58402729034424
42.103271484375	50.09263229370117
45.164740562438965	41.59104824066162
49.315574645996094	48.15718698501587
35.197468757629395	33.60527801513672
38.2954740524292	45.136308670043945
48.4224967956543	46.588409423828125
46.16093158721924	42.600364685058594
37.692898750305176	39.85125732421875
44.224138259887695	42.27558612823486
49.93017768859863	49.83221626281738
49.77343940734863	46.60294246673584
61.20008563995361	56.7196626663208
36.33561611175537	40.917887687683105
39.257659912109375	42.61904716491699
44.69680881500244	44.649559020996094
50.12139320373535	46.88529014587402
44.03509998321533	39.64504623413086
43.61107635498047	45.02355480194092
40.27562141418457	39.40825700759888
49.101624488830566	48.45263957977295
44.92813968658447	41.597228050231934
54.36801338195801	52.32990074157715
50.63983154296875	51.796669006347656
38.650437355041504	40.67160701751709
43.70671463012695	41.49806213378906
52.66864585876465	45.19543933868408
48.059125900268555	47.70080852508545
43.09822368621826	41.139161109924316
43.23732852935791	46.937851905822754
45.91021966934204	49.81795597076416
36.91771745681763	35.46600341796875
49.04588556289673	46.00027513504028
42.76040077209473	44.89567756652832
39.31671142578125	41.91678047180176
41.708184242248535	48.104604721069336
43.86339569091797	40.9253625869751
48.19948768615723	47.90713119506836
39.021180152893066	41.941680908203125
42.080689430236816	43.103699684143066
44.39677333831787	47.97986698150635
51.766319274902344	52.40263366699219
40.60410976409912	43.101250648498535
36.87436008453369	39.74776554107666
51.53691101074219	50.45811653137207
47.12434387207031	47.679139137268066
29.21410846710205	35.00119400024414
39.76147413253784	40.91599941253662
51.63665246963501	46.51515340805054
48.376097679138184	45.24803638458252
47.54383850097656	50.218175411224365
45.49489688873291	45.56073474884033
50.51747131347656	46.78724670410156
48.31963539123535	44.12320137023926
43.42354774475098	43.30559730529785
39.519776344299316	40.29386043548584
58.428046226501465	55.33279514312744
43.144715309143066	42.14636993408203
55.270216941833496	52.31136417388916
41.75147724151611	37.18810558319092
52.11104393005371	53.61455726623535
42.226858139038086	40.38840293884277
44.182053565979004	41.76456928253174
44.633660316467285	43.39092254638672
39.00135040283203	44.33006286621094
45.689330101013184	44.37863349914551
37.064918518066406	39.51193141937256
52.622812271118164	47.40542507171631
47.58584547042847	45.08824825286865
41.11977577209473	41.512999534606934
41.087327003479004	40.78869342803955
46.964088916778564	46.0612211227417
45.441941261291504	42.756218910217285
45.464996337890625	51.251718521118164
44.18765068054199	43.06288242340088
45.3513765335083	47.02008819580078
51.314008712768555	53.97846221923828
45.752943992614746	45.88162708282471
51.78635120391846	45.45663356781006
49.180641174316406	45.639638900756836
38.196288108825684	42.622544288635254
42.38503885269165	45.614585399627686
43.13235855102539	44.318650245666504
51.43422317504883	48.88595008850098
40.269341468811035	39.516799449920654
41.328463554382324	41.49805927276611
54.5002384185791	48.94606018066406
42.2858190536499	39.18027591705322
34.371803283691406	39.397793769836426
55.51930618286133	52.90163612365723
49.741422176361084	51.56824970245361
37.107733726501465	39.37116622924805
31.60820245742798	45.51444053649902
40.48405647277832	36.48326873779297
40.51193332672119	49.340389251708984
46.13393497467041	43.692503929138184
49.91349220275879	46.99461364746094
41.25138187408447	45.07730770111084
50.05265808105469	53.251413345336914
50.78597831726074	42.63340473175049
44.14752674102783	45.476820945739746
49.75884819030762	53.56462097167969
39.999661445617676	40.56636714935303
41.87570858001709	41.55601501464844
52.833635330200195	47.04781723022461
40.50460338592529	40.43224334716797
35.782596588134766	44.333152770996094
52.300947189331055	47.35623550415039
46.43837356567383	42.01459980010986
37.19221591949463	41.65813446044922
49.97684669494629	50.184722900390625
43.525404930114746	43.475608825683594
42.54934787750244	40.07434844970703
35.067992210388184	37.39431858062744
41.30251407623291	40.84774875640869
58.70934772491455	59.36171913146973
52.67601013183594	46.258429527282715
40.53610324859619	50.51254463195801
46.329697608947754	49.242719650268555
41.99330806732178	43.47316360473633
31.546976566314697	33.48719835281372
45.572447776794434	50.00074768066406
44.79765701293945	45.474440574645996
46.37256717681885	48.63665771484375
51.42494201660156	50.06699180603027
45.32720899581909	45.89761257171631
36.03312015533447	38.0213737487793
41.771498680114746	46.064194679260254
50.59596061706543	49.89685249328613
41.110830307006836	45.775442123413086
49.970924377441406	49.483612060546875
43.285884857177734	42.86309242248535
50.429816246032715	43.62802028656006
41.910155296325684	42.62055587768555
40.061888694763184	38.32489013671875
39.173858642578125	44.54832458496094
48.1450138092041	49.88832092285156
43.789841651916504	45.18903064727783
44.895116329193115	43.00495958328247
46.7463002204895	49.7680549621582
47.07399272918701	47.38096904754639
50.23429298400879	47.58025646209717
44.29548263549805	42.741379737854004
48.704222202301025	45.50655221939087
41.46975231170654	43.57566547393799
53.18204164505005	45.46324682235718
45.242889404296875	43.39350986480713
45.736945152282715	47.44585418701172
44.96257781982422	45.24932098388672
41.11052227020264	40.39757251739502
38.070313453674316	40.741164207458496
34.41738796234131	41.61599349975586
40.248433113098145	42.98063564300537
49.181013107299805	49.334455490112305
39.05951261520386	34.31580066680908
41.60896301269531	40.33662796020508
39.14563751220703	43.90487766265869
41.254417419433594	39.36658573150635
48.519493103027344	47.360867500305176
44.53817367553711	46.91378593444824
41.17380237579346	41.30375289916992
40.97794532775879	37.50846862792969
43.556199073791504	46.74128723144531
54.86430358886719	60.55335235595703
45.63597393035889	44.999427795410156
45.666884422302246	47.97114944458008
33.78192901611328	31.85558795928955
49.34578514099121	48.699514389038086
47.29269504547119	46.183176040649414
38.49290370941162	43.040053367614746
49.92654323577881	47.082529067993164
42.645976066589355	41.77228832244873
40.04047679901123	44.08274745941162
51.35991668701172	49.86448860168457
46.271361351013184	43.86097240447998
48.329063415527344	50.066368103027344
57.28253173828125	51.105377197265625
44.354310035705566	43.161988258361816
52.918813705444336	52.11500358581543
48.4760799407959	43.6737585067749
49.640127182006836	45.41228485107422
40.86103820800781	41.138062477111816
42.13769817352295	43.862454414367676
42.05065727233887	40.749993324279785
40.97291707992554	43.918328285217285
44.938857078552246	45.195350646972656
36.64900875091553	40.09552001953125
39.74464416503906	37.84252882003784
47.21449851989746	47.63003349304199
54.38383483886719	55.59754943847656
51.590532302856445	45.315876960754395
46.376609802246094	51.13711738586426
43.55304718017578	41.74754619598389
51.78143119812012	52.99172401428223
44.66722869873047	41.75741672515869
44.96242618560791	49.2334041595459
51.773088455200195	51.49903678894043
35.410945415496826	40.512189865112305
47.86219024658203	48.8876895904541
41.65474605560303	41.11145782470703
46.48472881317139	47.11642551422119
50.31315326690674	46.106929779052734
44.12813472747803	42.11732482910156
39.09956455230713	43.97942543029785
51.56385612487793	47.433494567871094
40.25468969345093	41.72156572341919
50.14029121398926	47.729209899902344
40.6331729888916	44.740400314331055
47.723270416259766	45.2118444442749
48.82184600830078	47.215516090393066
46.147398948669434	41.8384313583374
44.522918701171875	43.55662822723389
48.6575984954834	37.94743061065674
51.76495981216431	52.076575756073
35.36125946044922	38.953551292419434
43.00273656845093	45.90507936477661
45.674574851989746	44.11201858520508
42.778825759887695	50.663437843322754
44.882140159606934	41.84788227081299
45.68819046020508	44.92154121398926
33.19166278839111	35.08666133880615
46.81322479248047	50.63777732849121
41.88053607940674	44.061455726623535
39.21383810043335	38.64566087722778
41.10409641265869	39.22643566131592
46.65161991119385	46.506028175354004
42.392662525177	46.82935619354248
50.5891170501709	52.95854187011719
49.72334861755371	56.169668197631836
50.47054481506348	49.15334129333496
43.35427761077881	40.84067344665527
41.786932945251465	39.28549289703369
41.82191181182861	44.28931474685669
41.688995361328125	47.36778259277344
50.89378499984741	43.22824239730835
42.38713073730469	43.622337341308594
53.152679443359375	47.3801794052124
49.46513557434082	48.94475555419922
51.6972599029541	49.75130653381348
48.28451633453369	48.095574378967285
42.93917655944824	44.727206230163574
42.793564796447754	40.837464332580566
46.60030746459961	44.5828742980957
43.774088859558105	48.710466384887695
39.08992290496826	39.287171363830566
49.65985155105591	48.942275047302246
35.91854953765869	36.245415687561035
46.46884059906006	46.262420654296875
44.275832176208496	43.11383056640625
37.970778942108154	42.03915596008301
44.99472713470459	48.427276611328125
44.92466068267822	51.593679428100586
41.60955047607422	47.25264072418213
41.36582565307617	36.662827491760254
46.13863945007324	47.39250183105469
41.32687568664551	45.93172550201416
42.90463447570801	37.53274202346802
44.28109693527222	41.76424694061279
46.7770357131958	49.95383262634277
35.634377002716064	33.535447120666504
46.6787052154541	42.82784938812256
38.76246643066406	39.44666290283203
50.40684700012207	47.939231872558594
42.95661163330078	45.142699241638184
37.60426998138428	35.47283935546875
43.814480781555176	39.99730968475342
42.104209899902344	45.35673522949219
45.76670169830322	43.976927757263184
39.40601348876953	38.282952308654785
40.64955234527588	42.28677272796631
47.3837513923645	47.25862169265747
44.760987281799316	42.51658916473389
52.11322546005249	47.10067081451416
42.02255630493164	44.5061559677124
39.98349666595459	37.983975410461426
48.74139976501465	47.641974449157715
50.32605743408203	46.69580554962158
47.70085144042969	48.583534240722656
36.97127151489258	37.43719482421875
40.049208641052246	48.41246795654297
45.14878177642822	41.097853660583496
44.46027088165283	47.170701026916504
44.61318016052246	43.052659034729004
46.88255310058594	49.21967124938965
48.193910121917725	46.6609845161438
51.98811149597168	51.73766899108887
46.17012119293213	41.39842128753662
48.469690799713135	45.35994005203247
42.81624698638916	43.79050540924072
39.65418577194214	39.79020595550537
47.41297101974487	47.679869651794434
42.11653804779053	44.55568313598633
34.62121629714966	35.95885705947876
45.250091552734375	43.35370063781738
46.237449645996094	44.21481132507324
41.008320808410645	42.275184631347656
43.65814208984375	47.809062004089355
45.38167476654053	41.12839698791504
43.005492210388184	41.966980934143066
48.996899127960205	46.37202596664429
47.120421409606934	46.64391231536865
45.94623565673828	44.654541015625
51.281381607055664	52.56779479980469
44.41011714935303	45.86267852783203
44.6784782409668	44.575927734375
44.98536205291748	44.92215633392334
43.86306381225586	42.095852851867676
47.37367105484009	50.398459911346436
43.718507289886475	39.67736339569092
43.357521057128906	43.59176731109619
44.41075325012207	44.64616298675537
48.74438667297363	42.629393577575684
49.119117736816406	47.714263916015625
44.66051483154297	44.43842363357544
50.270124435424805	54.72625923156738
44.767640113830566	43.62266397476196
38.51439571380615	42.50112819671631
40.52341938018799	43.32318305969238
46.5848445892334	49.31978702545166
45.79237937927246	46.532273292541504
42.132033348083496	43.91926574707031
47.93231678009033	45.84324359893799
46.70927333831787	46.612595558166504
44.29567623138428	45.20213985443115
41.97535514831543	40.377092361450195
41.405906677246094	44.71704959869385
39.777923583984375	37.8336067199707
51.56358003616333	44.87127065658569
56.866939544677734	57.8375244140625
35.82706928253174	39.28239822387695
49.657164573669434	48.97817373275757
57.732956886291504	54.55700635910034
37.90715503692627	35.89053440093994
42.58232116699219	43.49828338623047
48.55722999572754	48.47872352600098
47.73714065551758	46.638253688812256
43.983750343322754	47.61258029937744
47.46195316314697	44.09165096282959
40.37039279937744	43.568904876708984
48.537614822387695	43.98507785797119
48.693952560424805	49.64825248718262
50.66958045959473	50.47612953186035
35.918450355529785	37.58641719818115
51.867408752441406	52.46882772445679
53.117197036743164	46.637343406677246
28.694300651550293	30.56636333465576
50.96187973022461	49.10809135437012
51.24379920959473	50.94443321228027
50.78620719909668	48.43398857116699
36.352970123291016	37.255127906799316
46.302080154418945	46.022934913635254
42.37542152404785	44.91457939147949
54.60468769073486	49.45021724700928
52.87127685546875	56.530385971069336
33.14475917816162	37.258172035217285
46.36885643005371	46.35157585144043
55.23342704772949	50.981557846069336
36.11725568771362	36.629090309143066
35.87931156158447	41.44071102142334
43.73342037200928	43.79487991333008
45.205674171447754	44.33324337005615
41.71262741088867	41.924757957458496
54.306060791015625	52.17008972167969
52.380013942718506	47.11684274673462
48.74852657318115	44.52046871185303
43.05830478668213	42.93932914733887
55.1235294342041	47.61664581298828
40.44873046875	43.4664888381958
48.10419273376465	50.46162986755371
43.304200172424316	47.09564208984375
45.81390380859375	45.78255558013916
43.22960186004639	45.69777774810791
43.05755615234375	43.94989013671875
