18.585601329803467	22.14409303665161
22.972469329833984	14.610671997070312
14.511968612670898	14.948280334472656
17.890641689300537	23.07546615600586
16.911792755126953	16.338809967041016
17.460647583007812	15.899251937866211
24.378602027893066	21.737038135528564
25.868382453918457	20.757232189178467
13.235783576965332	9.4055814743042
9.526942253112793	8.871612548828125
27.950847625732422	22.07381248474121
24.50390625	21.486587047576904
12.918978691101074	9.941850662231445
13.996241569519043	13.335528373718262
23.293105602264404	25.95475673675537
13.360716819763184	12.262063980102539
9.844606399536133	7.762167930603027
23.692664623260498	20.746280193328857
12.554298400878906	9.704792976379395
11.36665153503418	11.173182487487793
16.998245239257812	17.19860076904297
13.858170509338379	15.26274299621582
10.585025787353516	10.756978034973145
12.40556812286377	11.81892204284668
13.481147766113281	13.919854164123535
13.848306655883789	12.97939682006836
24.4312162399292	20.135182857513428
22.293622970581055	25.77282428741455
21.8278169631958	23.20732593536377
14.880763053894043	13.875056266784668
13.745938301086426	11.10473918914795
12.125608444213867	10.62094497680664
12.012516021728516	11.638484954833984
21.33213758468628	18.50660276412964
16.513469696044922	15.355251789093018
12.11521053314209	11.217798233032227
22.59746789932251	20.80016326904297
10.376119613647461	8.519901275634766
26.547978401184082	23.832733154296875
13.422327041625977	10.824673652648926
13.514034271240234	11.402612686157227
22.816150188446045	20.573265552520752
13.911847114562988	12.062792778015137
22.461214542388916	18.027511596679688
23.638104915618896	26.47931671142578
17.13519859313965	14.074766159057617
15.452767372131348	14.824121475219727
25.555970191955566	26.33774471282959
12.502420425415039	12.145418167114258
11.204792022705078	8.410924911499023
13.069554328918457	17.618301391601562
13.308363914489746	18.156402587890625
22.770591259002686	23.430679321289062
17.864444732666016	21.002307415008545
13.08791446685791	12.986258506774902
15.25999927520752	15.871809959411621
28.355484008789062	22.917903900146484
25.598716735839844	22.820221424102783
20.488162994384766	14.803468704223633
22.319270610809326	23.209025859832764
27.186996459960938	22.251673221588135
16.964675903320312	14.981173515319824
15.98485279083252	14.773077964782715
10.721673965454102	13.914830207824707
6.036384582519531	6.346465110778809
16.54574966430664	17.25571060180664
19.682159423828125	21.882938385009766
23.71082639694214	21.350745677947998
12.727167129516602	10.700362205505371
14.737261772155762	15.702798843383789
27.283564567565918	22.85846185684204
13.236356735229492	10.463390350341797
13.287717819213867	12.213693618774414
14.217643737792969	14.980314254760742
7.903247833251953	9.922675132751465
12.576544761657715	11.660831451416016
10.23668098449707	9.109964370727539
6.260176658630371	6.487847328186035
24.73450756072998	22.513073444366455
19.768844842910767	18.342891931533813
12.93252944946289	13.847726821899414
10.635885238647461	14.620613098144531
20.82445764541626	18.556602001190186
22.318674087524414	21.72209358215332
17.06475591659546	15.26149606704712
14.354985237121582	12.937119483947754
29.604437828063965	28.380932807922363
10.310884475708008	10.623373031616211
12.638171195983887	10.41262149810791
23.601480960845947	24.728671073913574
17.61749267578125	12.24700927734375
11.889744758605957	10.429910659790039
13.860321044921875	15.092745780944824
16.671310424804688	19.335649490356445
23.587182998657227	28.09723663330078
9.855877876281738	15.854182243347168
11.356027603149414	10.737199783325195
9.103191375732422	8.301368713378906
12.726326942443848	12.191584587097168
19.72452163696289	15.57779312133789
23.614299774169922	25.291909217834473
17.528820037841797	14.983078956604004
25.115830421447754	23.901997089385986
12.512184143066406	11.573134422302246
33.73886823654175	26.255478858947754
16.117063522338867	13.116628646850586
14.250993728637695	13.284310340881348
9.450546264648438	8.974655151367188
13.592231750488281	11.027030944824219
29.720638275146484	25.643139839172363
26.452946662902832	23.53687620162964
17.461694717407227	14.226544380187988
11.029150009155273	10.786330223083496
19.643521785736084	16.52973747253418
11.559438705444336	10.200918197631836
12.666423797607422	18.799228191375732
11.705245018005371	11.313153266906738
13.641976356506348	18.025604248046875
12.613204002380371	12.094295501708984
18.358813762664795	17.653019428253174
24.62450122833252	25.834725379943848
13.771944046020508	10.23110294342041
19.466983795166016	15.56726360321045
21.04544448852539	24.4780855178833
14.303572654724121	14.11345100402832
23.174667835235596	22.310771942138672
27.107093811035156	28.62956714630127
13.457033157348633	11.15766429901123
20.70101308822632	20.982872486114502
14.496253967285156	17.91982650756836
11.063812255859375	9.963302612304688
17.62754487991333	15.196299076080322
11.917850494384766	10.219752311706543
31.09210968017578	22.96756410598755
29.061426162719727	24.41733741760254
26.493035316467285	28.258217811584473
22.06048822402954	20.96904945373535
15.991072654724121	8.789896011352539
17.71449089050293	17.16779327392578
15.681779861450195	16.651790618896484
27.468592643737793	23.514543056488037
12.035028457641602	10.746537208557129
14.254341125488281	13.03040599822998
22.866044998168945	23.813478469848633
10.306557655334473	9.521780967712402
11.439613342285156	13.701148986816406
22.317857265472412	28.729019165039062
13.14636516571045	16.34899139404297
13.400565147399902	11.996294021606445
13.330652236938477	13.24347972869873
23.966747760772705	24.33500576019287
12.832513809204102	12.809358596801758
14.107483863830566	13.568554878234863
14.95312786102295	12.745814323425293
13.664704322814941	16.765220642089844
21.20949697494507	24.506930351257324
10.410811424255371	11.474367141723633
9.715666770935059	16.10188865661621
23.507991313934326	28.39288330078125
11.687135696411133	17.3026123046875
13.069427490234375	12.784279823303223
12.500115394592285	11.810633659362793
12.978802680969238	11.728477478027344
30.133687019348145	27.719727516174316
30.319716453552246	30.10338306427002
16.72422218322754	15.218186378479004
25.550926208496094	26.856914520263672
10.859601974487305	10.112486839294434
23.31175661087036	22.43311643600464
13.580785751342773	9.324403762817383
25.13884449005127	23.750850677490234
14.6900634765625	13.401409149169922
14.8953857421875	14.638468742370605
10.821619033813477	9.409438133239746
10.643281936645508	8.215606689453125
22.176674365997314	18.288429737091064
17.038442611694336	16.08271026611328
32.86904525756836	29.525736808776855
23.824039936065674	26.735026359558105
15.225534439086914	11.864516258239746
19.22622299194336	25.053211212158203
25.566255569458008	25.792101860046387
28.433098793029785	23.81145715713501
17.203231811523438	13.483617782592773
24.19579267501831	21.9343900680542
10.89645004272461	9.08037281036377
18.297951221466064	14.8287992477417
11.747503280639648	9.974588394165039
12.834976196289062	16.921672821044922
11.448782920837402	10.016852378845215
20.949275493621826	17.584380626678467
17.439773559570312	18.096969604492188
18.869749546051025	17.237541675567627
12.832286834716797	15.23308277130127
26.257999420166016	21.70465850830078
12.777032852172852	12.214578628540039
14.988237380981445	15.227598190307617
5.72605037689209	6.362558364868164
13.370513916015625	14.125103950500488
20.135528564453125	21.118358612060547
33.65613555908203	27.16138458251953
22.186184406280518	22.168230056762695
12.985492706298828	11.441573143005371
10.184831619262695	10.078124046325684
11.266164779663086	11.066758155822754
19.53026533126831	16.80070924758911
19.33756685256958	19.41883134841919
13.45710277557373	15.450859069824219
27.438963890075684	25.240199089050293
15.941408157348633	13.470600128173828
32.31423854827881	25.481483936309814
12.086054801940918	9.832942962646484
11.825730323791504	11.029708862304688
26.884194374084473	22.590638637542725
19.13048553466797	13.882095336914062
19.51099920272827	16.78734540939331
20.447852611541748	23.091729640960693
22.108291625976562	14.735862731933594
19.11846160888672	18.456043243408203
21.80298614501953	21.77620267868042
8.900266647338867	8.623114585876465
10.236406326293945	8.844281196594238
9.712913513183594	9.60067081451416
12.993364334106445	15.628613471984863
11.864770889282227	11.982698440551758
16.970184326171875	21.16570281982422
12.374017715454102	12.815479278564453
22.622650623321533	18.297740936279297
32.66646194458008	25.776618003845215
15.701512336730957	15.0697660446167
14.342574119567871	17.352115631103516
18.08831024169922	20.563440322875977
11.993120193481445	15.918667793273926
16.00362777709961	20.090139389038086
13.846665382385254	13.749536514282227
13.541459083557129	18.99346923828125
9.107211112976074	8.85578441619873
11.644081115722656	16.540912628173828
21.674806594848633	18.032855987548828
13.728252410888672	14.017507553100586
28.031850814819336	23.848267078399658
13.401178359985352	13.110404968261719
9.867635726928711	10.050607681274414
11.187602996826172	11.143959045410156
26.846325874328613	30.024401664733887
26.563096046447754	22.96204376220703
11.822650909423828	9.740903854370117
14.459729194641113	18.409812927246094
13.072768211364746	12.214214324951172
14.545490264892578	16.166828155517578
11.226934432983398	15.350460052490234
24.56571865081787	27.30326557159424
9.498340606689453	8.4599027633667
11.268472671508789	10.298855781555176
11.700475692749023	11.021466255187988
6.110647201538086	6.177979469299316
23.360333919525146	21.192848682403564
16.044647216796875	12.809089660644531
9.589910507202148	9.351349830627441
13.603172302246094	13.510880470275879
26.180113792419434	25.25280475616455
10.6379976272583	15.314864158630371
11.486349105834961	10.705951690673828
25.08354663848877	22.64726161956787
14.109691619873047	12.106453895568848
20.82775640487671	22.639240264892578
16.193251132965088	16.012872219085693
23.238911628723145	23.79323720932007
21.065189361572266	18.854751586914062
11.388975143432617	15.22038459777832
15.189334869384766	13.469772338867188
10.652078628540039	9.839770317077637
11.511405944824219	9.92611312866211
8.534974098205566	8.560406684875488
13.222676277160645	10.71664810180664
21.344540119171143	20.525432109832764
26.671969413757324	24.597527503967285
9.447935104370117	10.748778343200684
24.334668159484863	29.044323921203613
14.943408966064453	16.281391143798828
20.581013202667236	19.617709636688232
13.512731552124023	12.706304550170898
10.028579711914062	8.53331184387207
14.922003746032715	12.05327033996582
12.60644817352295	12.835593223571777
11.796101570129395	14.295052528381348
28.213683128356934	27.11403751373291
13.459643363952637	11.14918041229248
13.833123207092285	15.825417518615723
10.45271110534668	10.037723541259766
17.680431365966797	21.218687057495117
15.918533325195312	17.625930786132812
11.963412284851074	11.68836498260498
14.083123207092285	18.249889373779297
13.029829025268555	19.57148551940918
12.120768547058105	11.779241561889648
6.810064315795898	6.840354919433594
14.757494926452637	13.955684661865234
15.716522216796875	17.707372665405273
12.232854843139648	18.630929946899414
10.810497283935547	17.040111541748047
14.762245178222656	18.02033805847168
24.750154495239258	29.49294376373291
16.89409065246582	12.66199016571045
24.78254795074463	25.07972240447998
27.07954502105713	25.132770538330078
11.42425537109375	9.999608039855957
25.732529640197754	24.46311664581299
11.364309310913086	8.83499526977539
13.128414154052734	17.319904327392578
12.064949035644531	17.66122055053711
13.644031524658203	11.899110794067383
26.458717346191406	26.956876754760742
6.099713325500488	6.45707893371582
17.241695880889893	17.481017589569092
17.476369857788086	16.700456619262695
11.400416374206543	11.031460762023926
13.857292175292969	15.764608383178711
23.410823822021484	24.73125171661377
14.59415054321289	12.226353645324707
28.63974666595459	25.55038833618164
11.441143989562988	11.025479316711426
9.246842384338379	8.577170372009277
10.9095458984375	11.011909484863281
19.01351022720337	24.27598285675049
25.24962615966797	24.673690795898438
26.065695762634277	21.441776275634766
12.503957748413086	9.737934112548828
13.412235260009766	12.95078182220459
12.101775169372559	17.585880279541016
24.75153350830078	27.287281036376953
10.170547485351562	9.204082489013672
29.14091205596924	25.916170120239258
5.1237897872924805	5.712155342102051
14.903802871704102	14.066383361816406
24.028590202331543	28.051586151123047
19.262507915496826	20.919878482818604
16.478618621826172	13.758282661437988
19.50658416748047	18.053760528564453
13.417691230773926	13.766674041748047
17.335561752319336	18.354942321777344
9.812554359436035	10.1317720413208
18.40538215637207	20.979381561279297
12.6406831741333	12.110807418823242
10.042073249816895	9.752908706665039
23.564693927764893	17.749879360198975
11.250170707702637	10.976370811462402
13.750080108642578	16.38995933532715
25.081392288208008	25.271141052246094
10.849105834960938	9.85872745513916
14.748353958129883	19.053768157958984
24.874451637268066	27.62797451019287
16.467931747436523	15.522534370422363
19.448944091796875	19.474491119384766
12.112250328063965	10.9251708984375
30.872580528259277	23.5963397026062
24.65067958831787	21.3486385345459
10.996448516845703	10.410388946533203
15.426778793334961	13.882963180541992
14.719512939453125	16.616586685180664
18.538267135620117	18.161071300506592
11.799389839172363	10.684331893920898
9.512665748596191	8.22109603881836
18.234167098999023	18.409563064575195
25.849388122558594	25.932852745056152
17.74428939819336	17.73772621154785
13.388227462768555	10.657751083374023
9.953192710876465	11.440017700195312
18.4523663520813	20.682536602020264
21.513450622558594	21.751720905303955
11.810696601867676	11.547765731811523
27.208139419555664	28.91914176940918
12.129467964172363	11.408005714416504
13.472784042358398	18.102102279663086
11.238428115844727	11.475080490112305
11.666631698608398	16.679229736328125
11.407800674438477	16.990066528320312
24.927878379821777	27.3751802444458
25.141322135925293	21.350244998931885
15.028009414672852	12.85228443145752
15.747365951538086	16.9733943939209
23.729880809783936	25.634937286376953
25.300792694091797	26.32855224609375
26.565113067626953	23.10796022415161
16.622425079345703	15.45579719543457
18.245161056518555	16.024948120117188
12.08643627166748	13.436107635498047
11.801210403442383	10.146553993225098
26.07008457183838	22.73277997970581
18.622726440429688	15.972878456115723
11.140390396118164	11.346476554870605
18.02191162109375	17.108755111694336
7.747725486755371	9.033839225769043
25.64904499053955	22.83381700515747
14.503641128540039	13.757781028747559
13.241641998291016	12.520794868469238
13.771040916442871	13.356876373291016
29.019633293151855	25.140918731689453
10.343645095825195	14.290426254272461
11.436911582946777	10.722497940063477
12.44901180267334	12.507034301757812
20.134979724884033	22.22652769088745
14.446991920471191	19.339664459228516
10.610357284545898	8.680971145629883
8.563338279724121	8.538158416748047
17.206192016601562	18.110504150390625
23.429351806640625	20.9384765625
28.070171356201172	25.059860229492188
12.856919288635254	11.834661483764648
21.474506378173828	20.159850597381592
14.542010307312012	12.356267929077148
28.820666313171387	25.878613471984863
21.593793869018555	20.160030841827393
21.144912242889404	19.138389587402344
25.16283416748047	21.745941638946533
12.380793571472168	10.791966438293457
22.943721771240234	21.345857620239258
20.201580047607422	15.15986156463623
10.911561012268066	8.612520217895508
14.80720329284668	11.18617057800293
19.267775058746338	23.737077713012695
20.106700897216797	14.89639663696289
24.700028896331787	27.556421756744385
19.78012466430664	16.29566192626953
15.84227180480957	16.648794174194336
14.302179336547852	16.25149917602539
12.693998336791992	10.959303855895996
29.685290336608887	28.732781410217285
17.150127410888672	17.127859115600586
9.418191909790039	9.168835639953613
14.962063789367676	14.474359512329102
17.39462900161743	14.78062391281128
13.16807746887207	12.219376564025879
14.711126327514648	17.796672821044922
12.844718933105469	18.115642547607422
13.855585098266602	18.32021141052246
24.1728515625	24.11814594268799
10.860430717468262	16.750377655029297
30.46919059753418	27.217474937438965
13.158437728881836	11.082963943481445
11.667974472045898	15.715506553649902
12.176899909973145	17.33161735534668
23.005552768707275	25.919597625732422
13.374464988708496	10.698646545410156
16.10835838317871	16.102060317993164
10.083976745605469	9.368352890014648
11.636832237243652	15.272686958312988
10.635616302490234	14.833032608032227
25.19315814971924	22.688007831573486
10.924490928649902	7.993366241455078
9.662147521972656	10.059052467346191
15.012654304504395	14.028684616088867
16.242431640625	20.99262046813965
12.833749771118164	16.484703063964844
29.985774993896484	23.724318981170654
15.553293228149414	13.724165916442871
14.811339378356934	15.195734024047852
9.7750825881958	8.849709510803223
20.272520542144775	23.514708995819092
18.73189926147461	20.802940368652344
13.668700218200684	12.179177284240723
13.857009887695312	12.240533828735352
26.548015594482422	28.406813621520996
25.02444362640381	23.32604169845581
26.308536529541016	23.807321548461914
9.188718795776367	7.273324012756348
10.169516563415527	10.362154960632324
10.780961990356445	9.65723705291748
17.45226287841797	19.451366424560547
24.5905122756958	25.646475791931152
13.260665893554688	13.34249210357666
11.393630027770996	16.419525146484375
14.4852876663208	15.568009376525879
13.649017333984375	15.083553314208984
7.465246200561523	8.218361854553223
31.08134651184082	24.20680332183838
13.18847942352295	13.477438926696777
30.420374870300293	24.289350509643555
13.704763412475586	11.36249828338623
21.105621814727783	25.739201545715332
9.510358810424805	8.206686019897461
10.65129566192627	10.10520076751709
10.772592544555664	10.531431198120117
11.14500904083252	10.688068389892578
14.649349212646484	17.982545852661133
27.356234550476074	25.053019523620605
14.22909164428711	15.717354774475098
28.74866485595703	24.043350219726562
11.540789604187012	11.233125686645508
16.696861267089844	17.766427516937256
11.782842636108398	10.996505737304688
10.292813301086426	15.40102481842041
20.82560920715332	19.60550308227539
9.614126205444336	8.913726806640625
14.937272071838379	15.821130752563477
11.804588317871094	16.838777542114258
23.27111005783081	20.66145420074463
13.503982543945312	17.611799240112305
11.407551765441895	11.21467399597168
10.849641799926758	15.145149230957031
10.313425064086914	14.869292259216309
22.186081409454346	28.94911766052246
13.902101516723633	18.852153778076172
10.403285026550293	10.724916458129883
12.709466934204102	13.371818542480469
14.175280570983887	12.844033241271973
14.88422966003418	17.863018035888672
12.32898235321045	14.957870483398438
24.979994773864746	24.171066284179688
22.08704137802124	19.919410228729248
12.645832061767578	10.403310775756836
22.05739974975586	20.57919931411743
15.17730712890625	14.124239921569824
16.193025588989258	16.848543167114258
13.880897521972656	11.82862663269043
13.71070384979248	12.311971664428711
34.5743989944458	27.07066774368286
16.053561687469482	21.406803131103516
11.381083488464355	9.354738235473633
25.04586124420166	26.81656265258789
14.834073543548584	15.285161018371582
23.157257080078125	22.146141529083252
12.382144927978516	12.621429443359375
28.849745750427246	24.697274208068848
24.696361541748047	21.043580532073975
14.268781661987305	14.139957427978516
12.14719295501709	12.646883964538574
10.2131929397583	9.873321533203125
15.530084609985352	19.71062469482422
12.500864028930664	12.5118989944458
20.799792766571045	23.192466259002686
24.709964752197266	21.553546905517578
23.702190399169922	19.826396942138672
12.455272674560547	9.285196304321289
11.36340594291687	9.342581748962402
22.630801677703857	24.822275161743164
13.40890121459961	14.121103286743164
11.53174877166748	10.687688827514648
14.018362045288086	13.335220336914062
11.109352111816406	17.02450180053711
10.615397453308105	9.421175956726074
10.769012451171875	16.135013580322266
13.474140167236328	13.419791221618652
25.348929405212402	29.01126480102539
13.795557022094727	12.858887672424316
16.882028579711914	17.773754119873047
14.84068775177002	18.352046966552734
25.280940055847168	24.145411491394043
9.529451370239258	8.575277328491211
22.73918581008911	25.032669067382812
24.87143611907959	23.39498519897461
10.660902976989746	10.052270889282227
30.349453926086426	26.19829559326172
10.615150451660156	10.952956199645996
18.144568920135498	17.872016429901123
15.50183629989624	19.955673694610596
22.20787811279297	19.7300763130188
21.55753183364868	23.571506023406982
14.661507606506348	9.608343124389648
11.161592483520508	11.02914047241211
11.323915481567383	11.264923095703125
9.385990142822266	8.772725105285645
25.218984603881836	18.961113452911377
12.180583000183105	10.533563613891602
13.338155746459961	15.003639221191406
19.657739639282227	22.835590839385986
8.645879745483398	10.81450080871582
23.177188396453857	20.358700275421143
15.068090438842773	16.410690307617188
31.06297016143799	23.608882427215576
13.10120677947998	10.862774848937988
22.97801971435547	27.929286003112793
10.911839485168457	10.17795181274414
11.473182678222656	13.471275329589844
11.72419548034668	12.418852806091309
15.677865982055664	17.38582992553711
14.236285209655762	15.933409690856934
23.580543994903564	20.872585773468018
18.132144927978516	13.84168815612793
25.467787742614746	22.313129425048828
19.210208892822266	18.79351043701172
12.770469665527344	11.121210098266602
24.71901798248291	22.56520414352417
24.776155471801758	19.863791942596436
13.823342323303223	12.736394882202148
11.145984649658203	9.436320304870605
10.25263500213623	11.348737716674805
21.517988204956055	16.805540084838867
21.66502618789673	21.668010234832764
16.384538650512695	13.069952964782715
14.25171947479248	19.054646015167236
21.38121795654297	18.640975952148438
13.79675579071045	11.812727928161621
13.987319946289062	11.798871040344238
14.230606079101562	14.418722152709961
15.191119194030762	17.378372192382812
10.3967866897583	9.861846923828125
13.080476760864258	14.688047409057617
14.850035667419434	17.587844848632812
14.099342346191406	18.05016326904297
16.06635093688965	12.881793975830078
16.163734436035156	17.462451934814453
10.886168479919434	9.852912902832031
29.684532165527344	25.423951148986816
25.88148021697998	20.743104457855225
30.182602405548096	24.909262657165527
18.600597381591797	13.805432319641113
24.771815299987793	20.338714599609375
15.808999061584473	13.286052703857422
32.54163837432861	32.384156227111816
14.32895278930664	11.47987174987793
14.807098388671875	12.564271926879883
26.87941074371338	21.46849822998047
16.74289894104004	12.780909538269043
31.606590270996094	30.344075202941895
12.113577842712402	9.899530410766602
10.577766418457031	10.145796775817871
25.131897926330566	24.389734268188477
15.492398262023926	13.16752815246582
18.17473840713501	20.147708415985107
19.290348529815674	19.647409915924072
13.231976509094238	10.687832832336426
20.809051513671875	17.346282958984375
13.404891967773438	10.848712921142578
25.042771339416504	22.404922485351562
11.082352638244629	10.336013793945312
12.015726089477539	11.546399116516113
11.945487976074219	10.713533401489258
12.07337474822998	15.379822731018066
13.719320297241211	15.378975868225098
13.561508178710938	12.318801879882812
11.086362838745117	11.023309707641602
25.765854835510254	28.231650352478027
10.931584358215332	9.88575267791748
23.538567066192627	23.76445770263672
20.3238787651062	22.60028886795044
10.66225814819336	10.281954765319824
11.80286979675293	17.708480834960938
24.399075508117676	23.54991102218628
9.666520118713379	10.762723922729492
15.988226890563965	19.538543701171875
27.118849754333496	24.58552837371826
11.111872673034668	17.093721389770508
10.281672477722168	14.680585861206055
21.479454517364502	17.5469012260437
12.560832023620605	14.437024116516113
29.292380332946777	25.459877014160156
27.91805934906006	25.83980655670166
13.23743724822998	11.234360694885254
9.353496551513672	9.011022567749023
12.328267097473145	10.97600269317627
11.451971054077148	9.82972240447998
12.766895294189453	15.839046478271484
6.019589424133301	6.340893745422363
12.371543884277344	11.996137619018555
25.592056274414062	23.218364238739014
13.479829788208008	13.195652961730957
13.076824188232422	12.647061347961426
13.480602264404297	12.583704948425293
12.684022903442383	17.768062591552734
12.695077896118164	10.857864379882812
16.56497573852539	18.24542236328125
5.82358455657959	5.900623321533203
12.533543586730957	11.432908058166504
24.13432788848877	25.15736675262451
15.062477588653564	15.87048625946045
17.782135009765625	14.37224006652832
29.632587432861328	22.862777709960938
18.328754425048828	15.88354778289795
22.047358989715576	18.675254344940186
20.959057331085205	19.815154552459717
19.51437520980835	24.131661415100098
15.775382995605469	10.681553840637207
15.209794044494629	16.69469451904297
27.167956352233887	23.43308687210083
28.20791244506836	25.061416625976562
18.945083618164062	16.344797134399414
12.591856002807617	11.642374038696289
27.859668731689453	31.71986961364746
19.52686357498169	20.579402446746826
14.918978691101074	18.605573654174805
11.98496150970459	10.976509094238281
13.467212677001953	12.271485328674316
20.43770980834961	16.736583709716797
9.202080726623535	8.70288372039795
17.498672485351562	17.702524185180664
11.928930282592773	11.246427536010742
13.460628509521484	16.671024322509766
28.88821506500244	24.96350383758545
12.973440170288086	9.859149932861328
25.97014331817627	24.28890609741211
26.21151065826416	23.174416065216064
21.69332456588745	25.483428955078125
14.567270278930664	12.59051513671875
15.186314582824707	14.536823272705078
18.983684062957764	23.921557903289795
14.266556739807129	12.314321517944336
19.88728952407837	19.693078994750977
14.341068267822266	9.944334030151367
18.011102199554443	20.68512725830078
21.554546356201172	19.204034328460693
20.237096786499023	19.22046661376953
16.851879119873047	11.027359962463379
14.485140800476074	10.600380897521973
8.030702590942383	7.813945770263672
11.810112953186035	11.624384880065918
26.656245231628418	22.327636241912842
17.13375473022461	16.514366149902344
27.205378532409668	21.529220581054688
24.508804321289062	22.335119247436523
19.187816619873047	15.490673065185547
15.441458702087402	14.559645652770996
12.749484062194824	10.199247360229492
10.481992721557617	10.772799491882324
25.571980476379395	22.406095504760742
18.1520938873291	19.741424560546875
14.139286041259766	12.726243019104004
26.105189323425293	29.484578132629395
18.173763275146484	20.235082626342773
11.390625953674316	8.8563232421875
14.849287986755371	15.312317848205566
12.280318260192871	11.06800651550293
16.255786895751953	13.65091323852539
27.317055702209473	28.445079803466797
21.746784210205078	18.647124767303467
14.089764595031738	10.899137496948242
10.723946571350098	10.260454177856445
10.879315376281738	9.518299102783203
19.943954467773438	17.53191375732422
21.47197151184082	15.379096984863281
26.125328063964844	22.674888610839844
23.222506999969482	21.687482357025146
26.03532886505127	25.508883476257324
27.492802143096924	26.87234401702881
13.95642375946045	10.633139610290527
19.968139171600342	23.680771350860596
12.335250854492188	10.024896621704102
14.564931869506836	18.709110260009766
25.54753589630127	26.057716369628906
25.319615364074707	26.100666046142578
9.405799865722656	7.276983261108398
14.326061248779297	17.473007202148438
15.142913818359375	17.899599075317383
13.309678077697754	10.673178672790527
24.995427131652832	25.712013244628906
11.116325378417969	11.115814208984375
15.158625602722168	15.29978084564209
28.1116361618042	24.89139461517334
14.32070541381836	16.79645347595215
21.881943225860596	21.47990083694458
14.2167329788208	17.948570251464844
24.766754150390625	26.45163059234619
24.196858406066895	24.6882963180542
28.131600379943848	27.143019676208496
12.865056037902832	11.110206604003906
12.388858795166016	11.525491714477539
15.22683334350586	14.794563293457031
27.024009704589844	23.567294597625732
11.427579879760742	10.500812530517578
26.096397399902344	23.485645294189453
20.1431565284729	16.254356861114502
23.40012788772583	21.008395671844482
17.725269317626953	16.260948181152344
14.789094924926758	17.789569854736328
26.255948066711426	30.395670890808105
27.100576400756836	29.257853507995605
14.213528633117676	12.250048637390137
13.493809700012207	12.463305473327637
9.971357345581055	9.85930347442627
17.60242462158203	18.950485229492188
12.633615493774414	13.964189529418945
12.288961410522461	11.063268661499023
9.702530860900879	9.673052787780762
27.69144058227539	23.291072845458984
10.155167579650879	8.855253219604492
9.749009132385254	9.83729362487793
10.568098068237305	10.059368133544922
11.440690040588379	10.142461776733398
22.34891653060913	27.218985557556152
12.934826850891113	12.145065307617188
8.554356575012207	7.89954948425293
9.158376693725586	9.682295799255371
18.103599548339844	22.534761428833008
27.175841331481934	24.900243759155273
16.44902801513672	20.205293655395508
11.083054542541504	9.99093246459961
13.727920532226562	16.79281234741211
12.34487533569336	11.031646728515625
9.337532043457031	8.009868621826172
10.226119995117188	10.220136642456055
13.931116104125977	20.125370025634766
19.302417755126953	17.982582092285156
11.48988151550293	15.757158279418945
29.589909553527832	26.94719409942627
12.267946243286133	10.36998462677002
11.867158889770508	16.785991668701172
11.325052261352539	15.405769348144531
19.443500518798828	21.689838409423828
13.339677810668945	14.140350341796875
12.031386375427246	11.543983459472656
12.048412322998047	11.956598281860352
18.267797470092773	23.007014751434326
15.959465980529785	13.371068954467773
12.371590614318848	14.226300239562988
14.614956855773926	13.194134712219238
14.210845947265625	15.851262092590332
13.405101776123047	16.974605560302734
25.101405143737793	29.293058395385742
13.009708404541016	11.870095252990723
10.59499740600586	11.070123672485352
13.604009628295898	13.556138038635254
25.044814109802246	24.008688926696777
14.583625793457031	13.388352394104004
10.969035148620605	10.35508918762207
12.78658676147461	12.682714462280273
24.73659610748291	27.239813804626465
10.95126724243164	8.147747993469238
13.784451484680176	10.881810188293457
12.368486404418945	14.378838539123535
11.814096450805664	12.391387939453125
28.978915214538574	26.251201629638672
12.636655807495117	14.408246994018555
11.816483497619629	10.343011856079102
9.759552001953125	12.563129425048828
12.889726638793945	12.002402305603027
22.203598022460938	18.112117767333984
13.61855411529541	13.204488754272461
15.879256248474121	16.953861236572266
27.495606422424316	28.88118267059326
16.530120849609375	17.401962280273438
14.42490291595459	18.615802764892578
13.23149299621582	11.855331420898438
25.079504013061523	25.471959114074707
10.106887817382812	9.362659454345703
21.992294311523438	26.405407905578613
14.275716781616211	15.940328598022461
10.30172348022461	11.401898384094238
23.454757690429688	20.198381423950195
16.329345703125	13.12745189666748
10.370495796203613	9.244119644165039
12.525476455688477	11.16035270690918
20.59568166732788	19.202829837799072
14.999111652374268	21.968489170074463
11.074962615966797	9.86974048614502
10.915327072143555	9.577515602111816
15.330255508422852	19.79037094116211
24.49775505065918	24.443724632263184
15.674330711364746	12.925675392150879
11.704690933227539	10.048479080200195
19.231718063354492	19.401958465576172
16.78052520751953	22.10260772705078
14.067069053649902	13.113616943359375
13.936233520507812	16.947250366210938
11.221016883850098	10.641983985900879
16.4234561920166	18.412288665771484
10.523831367492676	16.130319595336914
12.525382995605469	16.634536743164062
11.98132610321045	11.30778980255127
13.351508140563965	16.837142944335938
12.728055000305176	13.049667358398438
19.92599105834961	18.201683044433594
19.286293029785156	18.50984764099121
13.884845733642578	15.668169021606445
9.708048820495605	15.215088844299316
20.702442169189453	17.397827625274658
21.685682773590088	26.60426902770996
8.509682655334473	7.108926773071289
12.240922927856445	10.84924030303955
11.695155143737793	10.205465316772461
10.098674774169922	13.242947578430176
10.28499984741211	10.119599342346191
24.113539695739746	23.323235034942627
5.8147077560424805	6.054075241088867
14.96850299835205	12.482227325439453
21.464698791503906	25.97691822052002
26.780476570129395	29.601393699645996
20.767654418945312	14.595725059509277
15.08906078338623	12.60619831085205
17.960269927978516	15.965163230895996
15.770150184631348	14.021770477294922
19.171947956085205	20.16772699356079
18.984933853149414	16.525005340576172
10.27545166015625	12.444414138793945
16.26775550842285	17.201122283935547
10.562288284301758	9.323467254638672
12.456003189086914	17.491432189941406
11.572556495666504	17.978958129882812
13.639080047607422	15.912744522094727
12.147462844848633	11.623991012573242
9.82185173034668	9.113578796386719
5.994332313537598	6.418017387390137
13.695672035217285	12.482263565063477
21.795440196990967	24.20984172821045
11.75776481628418	11.42520809173584
22.642581939697266	19.57217788696289
14.821296691894531	12.54315185546875
20.010435104370117	21.42848539352417
8.308835983276367	12.852191925048828
11.63337516784668	15.363162994384766
24.93515682220459	23.244586944580078
13.405156135559082	19.385486602783203
22.352710247039795	23.8719220161438
9.475419044494629	8.932319641113281
14.254854202270508	14.445101737976074
16.282136917114258	19.00308609008789
8.951188087463379	8.444038391113281
28.381364345550537	24.001803398132324
12.907236099243164	12.782510757446289
12.76338005065918	12.5133695602417
17.41368865966797	18.711084365844727
27.873427391052246	21.699542999267578
16.573711395263672	14.984334945678711
19.968122005462646	18.634689331054688
9.384885787963867	8.844856262207031
22.801036834716797	20.051801204681396
17.4206600189209	16.83465003967285
22.448444366455078	27.032438278198242
16.69744110107422	19.6983642578125
26.959819793701172	23.131704330444336
18.34205961227417	15.358991146087646
22.935689449310303	20.473691940307617
14.195439338684082	11.210184097290039
25.616146087646484	28.719380378723145
16.054187774658203	16.996015548706055
11.892151832580566	11.593997955322266
18.117164611816406	18.028820037841797
12.579643249511719	10.730795860290527
26.515308380126953	23.241200923919678
19.292430877685547	15.493226051330566
12.009244918823242	11.174046516418457
28.282453536987305	21.79648447036743
15.118391036987305	12.056105613708496
15.667274475097656	16.711681365966797
26.23915386199951	27.14919948577881
16.806854248046875	13.72773265838623
22.59259557723999	28.439738273620605
21.472543716430664	25.08735179901123
14.33597183227539	11.314205169677734
12.74013900756836	11.916228294372559
27.90948486328125	26.093032836914062
10.872899055480957	9.76523208618164
10.667437553405762	10.879863739013672
10.199769020080566	9.882484436035156
27.131449699401855	23.266377925872803
12.887386322021484	11.927437782287598
14.512090682983398	16.914897918701172
18.099815368652344	20.80469512939453
11.40837287902832	10.995678901672363
26.617034912109375	26.8064603805542
11.931231498718262	10.654692649841309
23.311782360076904	21.435429096221924
8.96570873260498	8.19922161102295
11.935815811157227	10.822559356689453
10.911991119384766	9.858945846557617
13.937409400939941	12.205282211303711
14.497896194458008	17.220157623291016
22.922385692596436	27.507885932922363
15.13647174835205	13.745848655700684
10.29115104675293	13.865791320800781
28.00664520263672	25.417299270629883
11.23790168762207	9.993450164794922
24.89582061767578	24.177414894104004
9.870905876159668	8.700079917907715
11.785882949829102	11.482357025146484
18.834699630737305	15.28532600402832
12.412325859069824	10.259527206420898
14.12662124633789	14.81248664855957
12.432994842529297	16.4240779876709
11.465951919555664	16.361732482910156
11.432127952575684	10.657453536987305
25.559575080871582	24.634449005126953
22.9918270111084	20.985344409942627
23.488665103912354	27.866878509521484
27.011046409606934	25.11408519744873
11.553184509277344	11.632925987243652
13.078025817871094	13.493719100952148
12.118125915527344	16.954710006713867
17.2877197265625	21.309099197387695
12.195902824401855	10.948688507080078
13.350152015686035	12.70986557006836
32.08836793899536	27.965152263641357
20.893484115600586	18.02927827835083
22.163001537322998	28.75330352783203
11.36120319366455	9.774307250976562
6.010585784912109	6.354886054992676
13.416251182556152	13.927637100219727
14.615700721740723	16.07149314880371
25.39072036743164	21.422561645507812
13.002406120300293	9.92302131652832
11.758506774902344	10.931951522827148
10.941926002502441	10.44821834564209
8.007307052612305	8.654213905334473
6.363241195678711	6.394767761230469
11.794081687927246	10.80603313446045
15.575871467590332	17.227619171142578
10.658148765563965	8.0490083694458
11.439830780029297	10.62014389038086
20.728161334991455	22.719932556152344
11.701044082641602	11.241676330566406
12.323620796203613	11.69221305847168
