30.549283027648926	35.41074752807617
35.509013652801514	40.6800332069397
40.29875612258911	43.85369062423706
38.51484775543213	39.60307216644287
42.86846160888672	48.303537368774414
30.515758991241455	34.27429914474487
42.69070386886597	46.56995487213135
38.0300726890564	41.32284498214722
30.549522399902344	35.250457763671875
36.37933397293091	39.4441237449646
33.754425048828125	39.11963701248169
37.47206258773804	40.00481414794922
44.084099769592285	47.04470157623291
35.87321090698242	38.5277943611145
39.76010799407959	42.81668186187744
34.41738796234131	38.86925983428955
38.284918785095215	39.729766845703125
36.25839614868164	40.90820789337158
32.8831672668457	33.091552734375
39.586551666259766	42.95451354980469
34.80473613739014	39.24393939971924
32.16178607940674	35.94245910644531
22.750568389892578	24.986672401428223
40.529048919677734	44.70060348510742
41.01521301269531	42.55436706542969
41.705256938934326	43.00469255447388
35.33107233047485	39.40303134918213
33.99221706390381	37.83954620361328
37.669541358947754	42.53087139129639
49.06738328933716	50.856682777404785
29.508092880249023	28.18447208404541
33.764344215393066	36.56411123275757
35.70749616622925	39.767762660980225
40.975587368011475	44.65554141998291
35.57075071334839	38.29247188568115
36.290130615234375	43.269371032714844
38.88092660903931	44.34608840942383
33.63780927658081	39.06533670425415
39.29339599609375	42.005066871643066
41.537753105163574	43.76074457168579
37.51538133621216	38.93343448638916
41.960655212402344	44.12018966674805
30.49013900756836	30.81005573272705
35.293888568878174	37.35923624038696
29.43614673614502	33.90190029144287
31.828906059265137	34.958900928497314
37.559678077697754	39.96235656738281
38.94879913330078	42.389686584472656
35.32067012786865	40.03571033477783
37.99211120605469	41.02135944366455
38.08932638168335	40.532907009124756
45.09181308746338	47.5792031288147
42.075058460235596	42.98593044281006
38.70607614517212	41.20168733596802
43.491600036621094	47.626953125
36.46111822128296	36.43769979476929
36.1979341506958	41.59783172607422
35.93525409698486	41.19137763977051
37.71694898605347	41.62283897399902
38.50731658935547	41.536582946777344
35.371201038360596	39.76116895675659
37.125511169433594	40.82909393310547
46.23235559463501	50.9802188873291
36.59695529937744	40.92633819580078
32.64078617095947	35.83518981933594
36.32582902908325	40.00925064086914
33.34249019622803	38.699795722961426
35.24116039276123	37.78458833694458
33.816447257995605	38.349151611328125
38.34589433670044	40.49256229400635
28.143775463104248	28.920273780822754
36.18084478378296	40.1507887840271
37.846163749694824	37.88810348510742
38.14538240432739	44.39523220062256
30.19954490661621	32.55033588409424
36.18608522415161	39.38270711898804
35.48652648925781	38.550315856933594
38.903995513916016	42.174373626708984
30.63856601715088	32.366698265075684
34.08613729476929	32.82977342605591
41.91440725326538	44.86050271987915
38.44866943359375	42.49937725067139
43.71182155609131	46.93129634857178
40.663063526153564	43.638949394226074
31.702884674072266	32.5531120300293
30.681764602661133	33.11827754974365
38.836764335632324	42.4169397354126
33.52940893173218	36.87870788574219
42.769222259521484	46.904693603515625
35.486369609832764	37.83740472793579
40.875672340393066	45.43168544769287
37.864943504333496	41.77912902832031
30.42348861694336	33.567749977111816
47.0093879699707	49.90802001953125
29.589820861816406	31.04875373840332
28.72837543487549	28.104100227355957
47.204620361328125	50.59474182128906
44.34849548339844	50.76322937011719
35.61138582229614	40.98763370513916
33.06928253173828	35.931724548339844
33.85033416748047	37.356606006622314
32.853328704833984	37.6642632484436
34.75297164916992	37.65865230560303
42.989559173583984	47.360137939453125
29.796592712402344	35.5706090927124
40.47958517074585	43.33854103088379
24.20440912246704	30.028986930847168
38.2416729927063	40.592658042907715
43.371336460113525	48.24132442474365
43.18927001953125	43.232643127441406
30.224597454071045	33.2710599899292
41.93613338470459	44.86026477813721
30.02643871307373	31.980995178222656
43.57310485839844	47.33746337890625
39.88166427612305	42.460601806640625
40.15745782852173	44.46945905685425
39.21714925765991	42.783118724823
37.987945556640625	41.569461822509766
33.465030670166016	31.655193328857422
35.24274730682373	39.2034330368042
39.1459379196167	42.944214820861816
32.26586866378784	35.61711025238037
40.31484317779541	44.199809074401855
35.36921691894531	37.84330749511719
29.431368827819824	33.21793270111084
34.991493225097656	37.360504150390625
35.25436878204346	39.673401832580566
33.93207263946533	37.016730308532715
33.49653244018555	38.39577102661133
33.90646696090698	37.67756223678589
30.829885482788086	35.77803897857666
37.717751026153564	41.27941560745239
34.04962110519409	36.897032737731934
37.962745666503906	41.106849670410156
41.467063903808594	45.71130323410034
32.95702600479126	35.51550912857056
40.58638858795166	42.88431644439697
38.858765602111816	45.79361057281494
34.02800273895264	37.80147457122803
38.556713581085205	41.70561742782593
42.113150119781494	44.525575160980225
30.8131742477417	37.66102981567383
34.14576244354248	37.90699481964111
33.47196435928345	38.380247592926025
31.481285095214844	34.35873031616211
45.431570529937744	51.53566884994507
35.6224365234375	36.90828323364258
31.006836891174316	34.560730934143066
42.25050973892212	44.62365484237671
38.26252269744873	42.697319984436035
37.55834102630615	39.829344749450684
33.87346172332764	37.717586517333984
39.68576145172119	44.227171897888184
29.924574851989746	30.471001625061035
33.05435085296631	32.22425079345703
36.5828161239624	38.927833557128906
37.65129899978638	41.40130138397217
40.81843376159668	44.44697380065918
37.1888952255249	39.377299785614014
38.1301851272583	45.10285472869873
40.89138412475586	46.193023681640625
43.65498113632202	45.768070220947266
44.95695495605469	46.16071319580078
38.22335481643677	42.48146057128906
36.26855707168579	39.865882396698
40.9828405380249	46.67064571380615
32.47312307357788	31.962543964385986
37.92406892776489	41.61356258392334
38.793368339538574	41.953248023986816
39.53049373626709	43.43129825592041
41.63605880737305	44.40367126464844
33.98521375656128	37.22120237350464
38.43174362182617	42.65749454498291
42.837154388427734	45.12787628173828
40.62528896331787	41.767791748046875
33.970913887023926	37.363295555114746
37.05453634262085	40.40339803695679
34.12716293334961	37.757683753967285
34.081252098083496	36.61439609527588
44.518609046936035	46.85752773284912
45.0824236869812	48.44536113739014
38.575181007385254	40.714911460876465
37.151875019073486	40.01501798629761
43.40607833862305	46.45969772338867
35.29038190841675	38.35473299026489
39.85593795776367	41.611178398132324
46.019798278808594	48.272483348846436
43.506412982940674	46.28192853927612
39.6833610534668	42.063294410705566
34.21213245391846	36.22843265533447
42.97321653366089	44.02241611480713
36.161752223968506	40.65986919403076
34.196617126464844	36.784263610839844
36.951536655426025	38.91998291015625
40.66168975830078	44.24311065673828
31.255270957946777	33.97024440765381
37.48263692855835	40.99406576156616
46.14289474487305	48.63678741455078
37.792099952697754	41.03957748413086
30.79674005508423	34.879326820373535
35.53674793243408	40.8035306930542
50.101977825164795	52.463613986968994
39.89173221588135	39.68891143798828
36.73385143280029	39.871506690979004
44.91535568237305	47.872337341308594
34.420180320739746	39.33078861236572
30.99437713623047	28.819756507873535
37.35240840911865	39.951292991638184
29.580137729644775	32.277724742889404
40.82599925994873	43.472557067871094
39.2798810005188	43.26361036300659
34.57350969314575	39.63246822357178
38.48024654388428	43.01433849334717
38.86099147796631	45.485252380371094
35.5371618270874	38.481895446777344
42.02709341049194	44.16331720352173
44.52738952636719	46.069305419921875
30.72858715057373	35.52839660644531
32.165245056152344	35.91678714752197
39.03506088256836	41.97426223754883
32.9632043838501	37.3157639503479
31.6014142036438	34.07392072677612
31.255412101745605	33.99592161178589
31.957921028137207	30.04409122467041
34.898155212402344	36.62969970703125
40.02089595794678	44.579063415527344
40.10943603515625	45.982521057128906
33.230770111083984	32.17137145996094
36.285693645477295	39.892388343811035
41.03663444519043	44.76836681365967
40.667189598083496	44.21122741699219
40.489359855651855	44.92042922973633
36.745140075683594	39.564979553222656
39.2220892906189	41.89673328399658
28.995941162109375	28.083643913269043
46.77001333236694	49.232736110687256
38.436153411865234	40.77048587799072
39.47026062011719	45.213600158691406
32.552831172943115	36.508792877197266
34.7601842880249	37.334723472595215
40.84668731689453	44.24195098876953
47.78620147705078	52.24047088623047
29.550275802612305	32.476112365722656
31.51292896270752	35.77922344207764
46.16119050979614	50.004714488983154
33.88190698623657	39.598186016082764
34.58162212371826	38.96730709075928
43.300583839416504	48.32088565826416
32.06888294219971	37.06520748138428
40.59416484832764	41.997084617614746
34.82506990432739	39.786643981933594
34.89642381668091	37.506489753723145
34.68830060958862	39.334495067596436
39.43701171875	43.37101364135742
38.31641387939453	42.444366455078125
43.897504806518555	47.74994373321533
35.49480104446411	39.35015630722046
35.02569580078125	37.52146911621094
38.83984851837158	37.495659828186035
31.866023063659668	34.30814504623413
31.010520458221436	30.79843044281006
33.58439016342163	37.53210401535034
39.75805377960205	43.146729469299316
36.049309730529785	39.11583423614502
38.43124437332153	41.70121765136719
38.75907897949219	41.48119354248047
33.05823040008545	35.326629638671875
29.825737476348877	32.784552574157715
36.173377990722656	39.71551179885864
39.8852219581604	42.558287143707275
31.080574989318848	36.227543354034424
36.40308094024658	41.07543182373047
44.580214977264404	47.83530521392822
32.75938034057617	35.709068775177
28.634699821472168	31.676756858825684
31.479995727539062	33.52764415740967
31.162543296813965	35.074830055236816
39.73659372329712	40.57487392425537
35.18458032608032	38.588463306427
37.436705589294434	39.91314697265625
39.54074811935425	42.43370819091797
41.40093755722046	44.18540716171265
36.51359939575195	37.16246032714844
31.756885528564453	34.477149963378906
37.333287715911865	40.13748073577881
39.517149448394775	42.64107275009155
35.05514430999756	36.98928737640381
30.2135009765625	32.593849182128906
29.592759132385254	32.223538398742676
38.808197021484375	42.28361511230469
39.85986089706421	44.44930171966553
35.50481462478638	39.96193599700928
35.36905384063721	38.80075120925903
33.56451416015625	39.89757442474365
37.328086853027344	42.41184711456299
37.81406307220459	40.35045289993286
37.34383678436279	42.27059841156006
34.96863842010498	38.151466846466064
35.91470384597778	38.566086292266846
36.80848932266235	40.89651346206665
38.810898303985596	45.27793216705322
40.29840898513794	43.503175258636475
43.087005615234375	45.13443088531494
40.384681701660156	43.57643127441406
37.45049571990967	43.19043731689453
42.467339515686035	43.74187088012695
35.49786329269409	38.54261875152588
39.13227081298828	43.612082958221436
38.92642831802368	43.42423152923584
36.96554660797119	37.4035120010376
33.897071838378906	38.614559173583984
36.09239959716797	39.32999038696289
30.010586738586426	34.69528341293335
45.94632863998413	47.43136930465698
31.79473876953125	35.47173023223877
50.22797393798828	56.93562316894531
39.022735595703125	43.94293212890625
44.293593406677246	48.55348777770996
32.43698215484619	36.1012601852417
43.146366119384766	44.36748504638672
34.90033721923828	37.73283386230469
39.295151710510254	41.69394826889038
41.199296951293945	44.76663064956665
22.885074615478516	29.974870681762695
35.442538261413574	37.88788604736328
32.035839557647705	34.59183931350708
22.081279277801514	22.536499500274658
37.01502227783203	40.61803436279297
37.211079597473145	38.50583553314209
35.281612396240234	38.70656204223633
38.56969356536865	40.15107250213623
29.232258796691895	31.110759973526
38.448134422302246	41.29966735839844
41.039687633514404	42.50637340545654
29.717212677001953	33.85523223876953
34.856781005859375	39.755401611328125
35.9719934463501	37.70722961425781
41.68238830566406	43.85967254638672
38.37062120437622	41.298065185546875
39.25010395050049	42.29088115692139
37.00636291503906	39.810237884521484
37.91977643966675	42.39423131942749
30.865445137023926	33.995856285095215
36.60420894622803	43.02635860443115
36.58026123046875	38.829017639160156
32.99852657318115	34.69321346282959
36.71220016479492	40.98348140716553
41.07124376296997	43.92228698730469
48.02670335769653	50.10729932785034
37.28830432891846	42.39111042022705
43.09705352783203	48.17547607421875
40.475664138793945	44.02501106262207
41.5683479309082	45.4296178817749
36.160096645355225	39.68664598464966
28.5841965675354	31.9425630569458
37.28891658782959	41.60579967498779
41.94602108001709	44.253421783447266
33.13223361968994	36.73307132720947
48.683815002441406	52.69551753997803
34.586379528045654	38.77169132232666
34.00308895111084	37.90078639984131
38.196189403533936	40.92439651489258
35.4460015296936	38.02778625488281
35.65031433105469	37.711631774902344
40.8208441734314	45.90544652938843
39.5338921546936	42.27546691894531
35.315566062927246	39.03365993499756
28.4986629486084	30.686790466308594
42.141722202301025	45.69640302658081
29.037917613983154	33.167494773864746
29.392184257507324	32.34709167480469
35.21138668060303	38.464027881622314
41.65437984466553	44.273926734924316
43.03993368148804	45.51573133468628
37.873658180236816	39.19841766357422
30.554624557495117	34.43264722824097
37.788291454315186	39.95091104507446
29.399781227111816	32.24147081375122
35.0395302772522	38.0010666847229
33.060786724090576	37.86007642745972
30.99602699279785	34.83254671096802
43.693222999572754	45.32595729827881
26.443092823028564	33.11114549636841
29.56618309020996	30.961689949035645
35.87746810913086	38.14665985107422
30.19947910308838	32.55031871795654
43.76611089706421	48.56566858291626
35.98854732513428	39.95076656341553
34.81672763824463	40.708394050598145
41.21953582763672	44.84420394897461
35.32347393035889	39.533223152160645
37.9822678565979	40.95648145675659
33.044700622558594	37.64834690093994
34.477755546569824	39.56700038909912
35.521843671798706	36.138187408447266
41.06525802612305	45.53042984008789
35.70219039916992	38.71316432952881
33.57992649078369	37.83406734466553
36.68471431732178	39.46009826660156
39.599364280700684	41.87427282333374
34.80087947845459	37.097774505615234
36.17397451400757	36.95360469818115
29.483539581298828	32.14639663696289
34.843194007873535	37.76875305175781
38.759979248046875	43.29512643814087
38.68702030181885	42.517455101013184
44.484161376953125	47.70356750488281
33.51295328140259	35.94658708572388
43.85788440704346	46.29007816314697
46.52720260620117	48.57895517349243
47.32817029953003	50.2915563583374
41.65343475341797	45.24658203125
33.976593017578125	36.77138805389404
36.12427997589111	39.87322998046875
45.49387836456299	48.11677408218384
37.76039361953735	41.93445444107056
38.16506624221802	41.839866638183594
46.75331926345825	48.83339595794678
42.15186262130737	48.42050075531006
32.123085021972656	35.204649925231934
45.399600982666016	48.252689361572266
36.040818214416504	41.11621809005737
41.390899658203125	42.336822509765625
38.72595977783203	40.73191022872925
34.93882083892822	39.77164363861084
39.561607360839844	45.77082538604736
22.88681983947754	28.528659343719482
43.26565647125244	45.46786975860596
33.14954853057861	35.19975757598877
34.3487548828125	39.21989822387695
27.33661937713623	30.649558067321777
38.12475299835205	38.63109111785889
40.926941871643066	43.825833320617676
34.45218372344971	38.110270500183105
40.35638427734375	45.4471435546875
37.734798431396484	36.33207321166992
37.79739046096802	40.02228116989136
32.095820903778076	35.91977596282959
37.239473819732666	41.15126895904541
31.984687328338623	34.577810764312744
44.543142318725586	47.23505973815918
39.145474433898926	43.29503631591797
33.67249250411987	39.20522689819336
36.35524797439575	39.96554088592529
41.15153646469116	43.62036609649658
43.27079486846924	44.305603981018066
30.626282691955566	34.00932312011719
39.56045150756836	41.54618740081787
30.510518550872803	33.447372913360596
39.60651397705078	42.22847652435303
26.538336753845215	28.93802547454834
38.167808532714844	42.1312370300293
42.547439098358154	47.2702841758728
31.68361186981201	30.41396713256836
37.09616947174072	40.41746520996094
38.67155456542969	41.61100387573242
34.633917808532715	36.90018892288208
33.5273814201355	37.99071550369263
31.44751787185669	35.357677936553955
37.46933841705322	39.736945152282715
39.04310703277588	41.189120292663574
46.176544189453125	49.42359924316406
31.599926948547363	33.635504722595215
47.25111389160156	48.384918212890625
40.17116832733154	41.96857738494873
31.419403553009033	35.004944801330566
48.4347243309021	50.51988887786865
27.649340629577637	29.883782386779785
30.89750862121582	30.961140632629395
33.87893772125244	35.19828128814697
35.23481750488281	34.561561584472656
35.25088405609131	39.11765956878662
38.326117515563965	42.33435916900635
36.219120025634766	41.15665054321289
37.1610803604126	38.09959316253662
29.45877170562744	30.626941680908203
39.531432151794434	44.11036777496338
40.866943359375	42.860323429107666
40.67651844024658	44.29325008392334
51.78064775466919	49.69060659408569
36.90135669708252	40.41543674468994
40.133769035339355	38.0549840927124
38.086769580841064	41.93612003326416
35.39671325683594	36.858853340148926
38.09999418258667	42.413644313812256
43.122554779052734	44.886138916015625
39.30417728424072	44.165870666503906
34.8004674911499	37.85171985626221
45.6865234375	48.575687408447266
33.59471082687378	37.136433124542236
26.51099967956543	30.144733428955078
38.79770565032959	43.13350582122803
35.09883785247803	37.7268590927124
33.82180881500244	37.384583950042725
28.40391254425049	32.608351707458496
43.072662353515625	45.64392852783203
36.85988664627075	40.43515205383301
41.982901096343994	46.209242820739746
32.74820804595947	36.022212505340576
36.51185369491577	39.450642585754395
36.73734140396118	38.9033260345459
31.14774799346924	34.50285243988037
35.39191818237305	38.87641906738281
37.25232696533203	38.22099304199219
35.07942581176758	41.64765644073486
41.91618347167969	45.3671236038208
36.28483581542969	38.071762561798096
30.561244010925293	33.790812492370605
35.200798988342285	37.262635231018066
29.35576343536377	32.64359951019287
33.77518844604492	38.31163787841797
42.30787754058838	43.117939472198486
35.42852449417114	39.311049938201904
35.609825134277344	39.35875225067139
36.22330570220947	37.7810583114624
42.37706279754639	44.8275032043457
32.70993423461914	36.24350309371948
27.274513244628906	27.64981746673584
40.686224937438965	45.416823863983154
30.11611318588257	33.40402889251709
38.71955871582031	42.83820343017578
35.58234786987305	38.32339096069336
37.63041687011719	41.18955993652344
40.33026123046875	44.814459800720215
33.230297565460205	37.13877201080322
36.06643629074097	39.225196838378906
38.26948928833008	40.254615783691406
35.25859069824219	40.98304748535156
33.750197410583496	35.66425323486328
29.606709480285645	29.67597770690918
37.61268663406372	39.50520992279053
40.972426414489746	43.829752922058105
35.82792663574219	39.842628479003906
31.62136173248291	36.2545166015625
32.414984703063965	36.734619140625
38.80268859863281	42.15612030029297
40.423224449157715	46.50268077850342
36.52046871185303	39.76048564910889
32.698798179626465	33.886635303497314
41.64461135864258	45.70774841308594
32.883748054504395	34.81160831451416
45.68656826019287	48.74757385253906
40.39522075653076	40.73242950439453
31.353538036346436	36.110191345214844
38.510557651519775	43.132362365722656
38.65912914276123	41.949554443359375
36.24842882156372	38.57920169830322
39.61116027832031	41.753501892089844
43.161155700683594	45.70616149902344
35.7749547958374	37.93677520751953
30.054036140441895	32.97835636138916
35.281211853027344	37.671417236328125
38.46360397338867	38.46931505203247
35.194796562194824	38.170440673828125
32.919121742248535	36.14381504058838
39.71189022064209	44.234049797058105
38.43050479888916	41.858839988708496
35.38236856460571	38.304431438446045
36.79484415054321	40.55430269241333
35.375115394592285	39.4432258605957
30.00853443145752	33.57586669921875
40.973164558410645	45.316277503967285
42.02480220794678	42.9678840637207
38.233795166015625	43.28522872924805
35.16430950164795	39.869330406188965
40.984283447265625	44.06224060058594
36.20831251144409	40.5182409286499
40.08726930618286	44.23325204849243
34.91481685638428	39.55162811279297
31.545682907104492	34.49448776245117
32.915199279785156	34.91469430923462
33.39708614349365	37.70611333847046
31.447478771209717	34.91179370880127
37.02131795883179	41.45983076095581
40.064465045928955	44.73387098312378
37.35581159591675	40.73540496826172
38.97762966156006	41.28089904785156
40.217045307159424	43.3704252243042
34.90713882446289	37.336952209472656
20.09939193725586	17.998504638671875
36.24693489074707	38.865036964416504
35.35957431793213	38.09010410308838
34.40131759643555	38.180983543395996
42.03279781341553	46.27347230911255
44.138864040374756	46.11194658279419
28.089444637298584	33.25718307495117
34.461236000061035	37.37966823577881
47.230472564697266	49.046730041503906
34.7481164932251	39.340487480163574
38.78581237792969	39.859923362731934
34.0082483291626	37.557334899902344
34.41314697265625	37.359214782714844
37.449036598205566	42.56748962402344
40.4859094619751	43.03819942474365
35.161437034606934	37.899559020996094
36.61666202545166	38.92242908477783
46.84873962402344	49.110511779785156
37.94105529785156	40.69273042678833
38.500946044921875	41.34367752075195
47.370906829833984	47.10784912109375
41.141730308532715	44.24980545043945
34.945369720458984	39.605472564697266
38.61891174316406	42.26275634765625
46.32644176483154	44.83147430419922
42.43134307861328	46.018638610839844
34.13325119018555	33.961177825927734
35.575209617614746	38.62009906768799
35.612754821777344	32.099547386169434
43.14749050140381	45.7652063369751
37.38569641113281	40.0299768447876
36.455626487731934	34.389278411865234
42.718963623046875	45.50992012023926
42.80949115753174	45.04951572418213
32.96380281448364	37.617759704589844
35.90770101547241	39.658050537109375
39.941840171813965	41.9349889755249
38.66873502731323	41.8601131439209
32.787864208221436	35.60995101928711
40.870399475097656	44.54714584350586
29.58662509918213	31.57061004638672
25.411614418029785	27.809017181396484
31.166344165802002	33.84990692138672
38.54358243942261	42.31235361099243
40.50049638748169	45.91504621505737
42.036232471466064	49.70286989212036
30.07347869873047	33.45404005050659
36.01990509033203	40.253387451171875
41.09164476394653	44.6856689453125
40.06354522705078	41.39495372772217
31.989409923553467	33.974547386169434
37.91456604003906	41.864529609680176
43.85980224609375	45.78551483154297
35.46620225906372	38.12814235687256
34.18651342391968	37.82461404800415
35.2965202331543	37.40033721923828
39.89811611175537	42.5457501411438
34.56496477127075	36.88729763031006
30.966586589813232	34.571051597595215
35.44232940673828	37.29956817626953
30.43982219696045	32.49535274505615
48.157474994659424	50.562438011169434
39.36818075180054	41.73123216629028
31.408767700195312	37.79583692550659
32.35388946533203	36.72282028198242
34.394572257995605	37.885963916778564
36.28140163421631	38.534377098083496
45.144134521484375	46.41004180908203
37.462586402893066	39.798991680145264
34.699387550354004	37.953460693359375
34.831146240234375	32.81556701660156
46.35221481323242	47.28508758544922
32.37031936645508	34.854393005371094
40.15994167327881	41.69307804107666
41.72907257080078	44.64682102203369
27.668938636779785	29.624058723449707
34.35753631591797	37.91572952270508
38.15239715576172	41.15956115722656
39.13265132904053	41.22536611557007
27.775056838989258	30.737018585205078
41.68126630783081	44.41564750671387
34.54364776611328	33.0909743309021
47.8129768371582	52.11524200439453
38.53975296020508	39.40607929229736
35.644752502441406	38.116180419921875
44.9993782043457	47.917633056640625
31.332576274871826	34.957687854766846
39.21953248977661	42.474650382995605
39.88916778564453	42.80995559692383
43.012704849243164	48.56831073760986
36.34050464630127	39.85009288787842
36.07395887374878	38.49085330963135
47.5855016708374	47.74850606918335
40.75741481781006	46.52328443527222
47.4975471496582	50.71692657470703
37.57011032104492	40.81863784790039
35.723190784454346	37.23075866699219
41.398627281188965	46.22174835205078
31.041804313659668	33.88426494598389
29.432684898376465	34.96010684967041
35.216880798339844	40.13167190551758
23.88230800628662	30.301876068115234
38.45630645751953	44.2451171875
38.6526517868042	39.991021156311035
33.96116638183594	35.595763206481934
36.02087116241455	39.128615856170654
39.164865016937256	42.229668617248535
35.565104484558105	38.82499694824219
36.825493812561035	38.636826038360596
37.26550912857056	41.718554973602295
34.67113208770752	37.13451862335205
42.849281311035156	48.40203857421875
41.091593742370605	44.420677185058594
44.12623357772827	47.67428541183472
38.32243251800537	41.24820041656494
45.96572160720825	49.64405679702759
43.790388107299805	46.85207176208496
41.7804856300354	46.84073495864868
41.53933048248291	44.81158256530762
40.4163122177124	43.294071674346924
46.58541679382324	49.41441535949707
37.48870515823364	39.88953447341919
41.91675567626953	44.86088562011719
36.120906829833984	39.022088050842285
38.63315677642822	44.38368844985962
40.00966739654541	43.2349648475647
35.71601152420044	39.01273250579834
21.421852111816406	22.848529815673828
35.16720199584961	38.27560043334961
34.87208843231201	39.18072462081909
37.711373805999756	40.198166370391846
27.21004009246826	28.165912628173828
34.28819274902344	40.63916873931885
35.66221618652344	38.70903396606445
28.91486406326294	30.681366443634033
39.47877740859985	43.5938982963562
33.10166835784912	37.64570951461792
32.83322811126709	36.87113428115845
33.88904571533203	37.13927364349365
30.341939449310303	33.043025970458984
27.327651977539062	27.931582927703857
38.061753273010254	40.40455913543701
38.30449676513672	40.63554382324219
35.80037784576416	40.32774639129639
40.28506422042847	43.038344860076904
40.51584434509277	42.924498081207275
44.60758304595947	47.73439025878906
35.56890821456909	39.55484390258789
37.5294771194458	40.47755527496338
34.43484878540039	36.06826114654541
30.859673023223877	34.103026390075684
38.198577880859375	41.380019187927246
27.910850048065186	28.223488330841064
31.917912483215332	33.1649694442749
41.09520626068115	44.900527000427246
36.783913135528564	37.779677867889404
26.466383934020996	30.738701820373535
28.524161338806152	31.77949047088623
37.97038173675537	40.19839334487915
40.810139656066895	43.894352436065674
46.07236623764038	49.40324354171753
27.975199699401855	30.525961875915527
28.15509796142578	28.180821418762207
36.43504333496094	39.466941833496094
37.10321617126465	40.109092712402344
34.134392738342285	38.189640045166016
35.464881896972656	37.845191955566406
34.41057586669922	38.724045753479004
34.91446399688721	37.75053024291992
39.235076904296875	41.60633945465088
27.34087085723877	31.93091869354248
40.630974769592285	44.33089828491211
36.80135250091553	39.03377437591553
33.583720207214355	37.725975036621094
39.49617862701416	43.91206455230713
40.871994495391846	43.37967109680176
34.73914957046509	38.1101713180542
38.184195041656494	40.972907066345215
33.786869049072266	36.046271324157715
38.60774230957031	43.375433921813965
40.748634338378906	46.20407009124756
41.70194721221924	44.42057704925537
37.86071062088013	42.08413124084473
39.581817626953125	44.52206325531006
44.16930866241455	46.044615268707275
32.00117826461792	35.941834449768066
39.193416595458984	42.03232669830322
34.797821044921875	38.54279708862305
35.923848152160645	38.66224765777588
39.8059778213501	41.21821975708008
38.39394664764404	41.11330318450928
45.84262800216675	50.65176010131836
23.95530366897583	26.040764808654785
30.53693675994873	33.223259925842285
36.14765167236328	35.631980895996094
35.69688320159912	38.995116233825684
37.362135887145996	39.18533420562744
38.58058214187622	41.141098976135254
35.21482801437378	38.98090887069702
38.6667594909668	41.52335023880005
39.688254833221436	42.72129487991333
33.77619695663452	37.48613500595093
34.513630390167236	36.504637241363525
40.46138668060303	43.07465410232544
35.41552686691284	39.870688915252686
37.61194705963135	40.92916011810303
33.24053192138672	35.344207763671875
37.02250385284424	38.02376174926758
46.413814544677734	48.53605651855469
40.11887884140015	41.12044382095337
41.23313903808594	45.076637268066406
45.19368124008179	45.90504598617554
34.4958233833313	37.277305126190186
37.634711265563965	40.201377868652344
38.64625835418701	41.20884704589844
36.56246900558472	38.306968212127686
38.2442626953125	42.11592483520508
42.495638847351074	47.31061887741089
36.38179016113281	40.75940704345703
38.70433712005615	43.17043733596802
36.071877002716064	38.47887468338013
32.29158353805542	34.9718918800354
31.065648078918457	33.88169860839844
32.066534996032715	34.58698320388794
35.45048952102661	38.513779640197754
27.222830772399902	31.81399440765381
32.1826057434082	35.17397928237915
32.519285678863525	35.09303283691406
33.23796367645264	37.8013391494751
38.57704544067383	43.48613739013672
34.319091796875	37.70534420013428
32.47434997558594	33.631072998046875
43.70627737045288	46.311607360839844
41.61389923095703	45.037333488464355
32.685181617736816	36.151305198669434
37.876593589782715	39.29587697982788
41.662044525146484	45.52839279174805
31.452810764312744	36.6608190536499
40.81910705566406	45.039085388183594
40.276626110076904	42.05770492553711
31.17539405822754	32.45405673980713
38.284993171691895	41.84722137451172
33.209824562072754	39.03367519378662
30.766093730926514	35.13233184814453
38.97885274887085	41.570611000061035
37.34320116043091	38.60576009750366
31.583985328674316	34.744773387908936
38.16532897949219	41.930458068847656
33.62145376205444	38.031718254089355
35.76081562042236	38.81474304199219
41.55264186859131	43.6199312210083
31.812267303466797	34.469382762908936
37.100769996643066	39.989479064941406
36.98555612564087	41.83486270904541
38.307801246643066	42.8961067199707
31.52486515045166	35.91358280181885
29.501423835754395	32.31412410736084
39.94718265533447	44.07098865509033
33.862441062927246	37.07215118408203
33.43711853027344	36.42089080810547
42.3583869934082	45.956214904785156
35.525996685028076	40.07997274398804
33.657248973846436	37.693946838378906
30.611568450927734	35.908215045928955
32.849249839782715	36.852173805236816
43.846421241760254	47.04927062988281
35.000808238983154	39.26988124847412
42.66483163833618	45.22282409667969
29.735533714294434	33.38461256027222
35.95248508453369	38.46205186843872
38.70759201049805	41.38703918457031
40.46963024139404	42.696518898010254
28.81643772125244	32.454562187194824
37.347670555114746	42.99374485015869
39.32748556137085	42.71589756011963
44.52940368652344	50.526241302490234
41.327399253845215	45.652610778808594
33.56814622879028	35.70228099822998
33.35468673706055	36.830936431884766
33.42510223388672	37.643568992614746
30.97434377670288	32.953978538513184
32.9840612411499	35.769043922424316
42.76542806625366	44.91889524459839
30.349312782287598	31.904648780822754
41.42859506607056	45.46350717544556
44.80291748046875	45.76069641113281
35.127601623535156	35.57455825805664
40.58444595336914	43.650917053222656
35.967615604400635	38.66529083251953
35.85464572906494	38.75806903839111
36.399338722229004	39.315032958984375
43.932440757751465	46.46621036529541
37.02277326583862	38.221482276916504
40.6217679977417	43.006187438964844
35.40578556060791	38.11856174468994
43.44160461425781	44.809783935546875
36.341482639312744	39.384562969207764
32.1740608215332	37.54277849197388
40.08882522583008	41.636146545410156
41.75931930541992	41.00277042388916
30.997161865234375	34.82529163360596
35.064964294433594	37.85886287689209
35.89668273925781	38.845104694366455
39.23701477050781	42.376434326171875
36.17563533782959	43.37363147735596
32.859787940979004	35.54489850997925
34.46938371658325	36.1178560256958
40.84056091308594	43.37053680419922
29.042126655578613	32.965885162353516
40.26507377624512	43.95155906677246
38.041422843933105	42.836265563964844
36.59527587890625	39.09571838378906
40.242760181427	41.919540882110596
32.91262722015381	34.96365737915039
46.105316162109375	48.90774917602539
44.87241268157959	48.458871841430664
39.65035009384155	43.59807729721069
32.47792339324951	35.74852466583252
35.25458526611328	40.00910663604736
41.87642574310303	46.614251136779785
34.63546895980835	38.258118629455566
31.849597454071045	35.20732116699219
30.55530881881714	34.09665822982788
45.49287414550781	48.55830383300781
35.30459642410278	36.275272369384766
42.27158737182617	45.11437225341797
46.18392086029053	47.139233112335205
39.089232444763184	42.35977077484131
37.926581382751465	42.188246726989746
33.37399244308472	35.60070753097534
41.01866912841797	44.90089416503906
37.878089904785156	41.33919048309326
29.91416645050049	30.470955848693848
42.8819580078125	44.466026306152344
37.465577125549316	40.268922328948975
37.15672302246094	41.70506286621094
35.394577980041504	36.578521728515625
33.69440460205078	37.98765850067139
29.44346809387207	30.626938819885254
38.678428649902344	40.709617614746094
22.464938163757324	30.784995555877686
28.387455940246582	31.583870887756348
37.25602054595947	41.99751377105713
33.933714866638184	35.14350414276123
34.05472183227539	39.18628978729248
36.909178733825684	40.18245220184326
39.82921600341797	40.881171226501465
34.94754076004028	37.57270097732544
31.75470542907715	34.17726135253906
49.5331916809082	53.63641357421875
33.014036655426025	35.21728467941284
28.738758087158203	33.40269184112549
31.635141372680664	34.859862327575684
30.94922161102295	34.721497535705566
35.58018779754639	40.11735248565674
46.43364334106445	49.94776916503906
38.4095139503479	39.78270626068115
41.29186964035034	44.52861928939819
32.673187255859375	35.57384967803955
32.9489049911499	36.163899421691895
37.60065460205078	41.59421920776367
37.16047668457031	41.502227783203125
40.09725093841553	43.789658546447754
28.74151039123535	30.6249361038208
29.70393657684326	33.686461448669434
39.233341217041016	42.51814937591553
48.07646369934082	49.23773145675659
36.42670154571533	39.31009769439697
35.035980224609375	38.16169738769531
53.12653350830078	58.22184753417969
32.6084566116333	33.86505842208862
39.8925518989563	43.253753662109375
33.2721061706543	36.129212379455566
41.75281810760498	45.39725732803345
35.54159164428711	37.979576587677
35.37549591064453	38.36448383331299
31.03243350982666	33.92364501953125
43.926578521728516	47.7507209777832
49.090569496154785	54.51343393325806
35.03589630126953	37.8473424911499
41.590858459472656	43.53896713256836
28.28539752960205	32.02198505401611
32.15376329421997	33.26973009109497
32.43790149688721	36.36364698410034
39.03632402420044	43.31352472305298
43.52062225341797	44.924468994140625
23.81799006462097	28.71080732345581
37.13931131362915	39.14765167236328
38.15906238555908	40.59558963775635
33.43473434448242	34.82088088989258
39.132874965667725	42.691561222076416
36.38628101348877	39.94230651855469
38.32294321060181	40.341787815093994
36.26647186279297	39.7620849609375
27.479290008544922	30.799142837524414
31.924169540405273	35.50850200653076
31.711498260498047	36.63299560546875
34.21266460418701	38.83007526397705
36.60935926437378	41.18437051773071
44.596580505371094	47.05138397216797
36.496933460235596	39.71702718734741
38.45650100708008	41.46959686279297
55.944129943847656	59.86663055419922
34.55970621109009	37.46154832839966
32.113261222839355	37.079033851623535
33.320892333984375	35.43643569946289
33.981608390808105	36.65105438232422
38.01724195480347	41.21180772781372
38.69926357269287	42.9058518409729
39.44619655609131	42.78205060958862
42.21711730957031	47.06474304199219
39.64610433578491	43.38288879394531
37.830047607421875	40.96105098724365
48.40920543670654	50.36600589752197
44.01396560668945	45.735748291015625
39.570152282714844	42.17270278930664
37.290329933166504	40.76921081542969
39.74888372421265	44.202383518218994
33.71839141845703	36.897216796875
37.77172088623047	42.905235290527344
37.720152854919434	41.09351348876953
