35.857837200164795	40.47018814086914
51.878475189208984	55.064502239227295
31.02638339996338	38.93437576293945
41.472129821777344	42.62399625778198
36.492342948913574	47.15248203277588
37.567344665527344	49.0579891204834
45.03459930419922	53.258697509765625
46.980003356933594	54.560800552368164
47.695069313049316	48.806801319122314
40.470245361328125	45.60593366622925
48.31021308898926	57.942598819732666
51.745689392089844	58.52426862716675
32.99085330963135	44.03180551528931
60.114458084106445	64.34309482574463
48.86127519607544	51.44994354248047
48.3544864654541	49.04951572418213
40.97785663604736	52.09028100967407
35.754408836364746	40.11397075653076
40.48133039474487	34.397117614746094
37.36574935913086	42.13038349151611
28.697272300720215	35.58037185668945
38.034000396728516	47.12983989715576
34.232139587402344	44.32943248748779
50.667633056640625	46.89081144332886
41.29599380493164	46.65981960296631
41.172298431396484	42.814266204833984
52.3497633934021	59.743948459625244
42.40620517730713	40.981929302215576
40.57228088378906	45.99265766143799
43.182260036468506	41.90237092971802
41.937124729156494	36.83430767059326
44.37268114089966	45.026440143585205
45.93106555938721	49.60108280181885
45.986276149749756	44.03028964996338
44.36259841918945	51.6176233291626
42.00565433502197	47.552724838256836
43.496822357177734	51.00984764099121
41.10944366455078	47.720481872558594
37.73583173751831	48.316022872924805
40.61920166015625	55.38086700439453
42.122379302978516	40.331172943115234
40.256564140319824	47.96938228607178
50.74750995635986	56.556827545166016
43.7876672744751	51.62917900085449
35.08803844451904	49.22494125366211
45.7003173828125	51.01808309555054
37.26385831832886	48.754600524902344
25.74590301513672	32.81903076171875
32.687862396240234	41.918739795684814
46.63050842285156	53.05703830718994
44.59219217300415	45.42939758300781
39.51006317138672	51.727378845214844
44.35272216796875	49.751054763793945
43.40639877319336	51.68539524078369
36.3623571395874	35.56248617172241
40.1698112487793	38.31706380844116
37.96551465988159	48.45736742019653
35.31651973724365	40.129119873046875
33.428993225097656	45.57304000854492
44.10667037963867	39.65049695968628
49.55148124694824	59.11435031890869
47.03282928466797	51.46784448623657
44.825411796569824	49.96086883544922
49.14426565170288	53.88737106323242
41.8526086807251	49.31191635131836
48.11891841888428	53.21647500991821
49.01360607147217	49.256826877593994
32.60568952560425	44.747398376464844
41.550140380859375	49.8908429145813
36.36378526687622	42.673622131347656
47.374202728271484	50.133657932281494
53.79900360107422	54.46312093734741
30.11885643005371	39.45445919036865
40.394195556640625	52.861053466796875
50.39880704879761	57.418450355529785
44.64936017990112	47.424429416656494
35.482017040252686	32.61030197143555
39.47198009490967	43.36087131500244
52.45076036453247	58.974690437316895
41.33013153076172	44.1961612701416
37.10876989364624	59.02007579803467
47.337677001953125	42.29898977279663
48.72014617919922	41.151005268096924
45.302207946777344	47.70323133468628
32.72706079483032	44.35319137573242
43.08201217651367	44.92913818359375
41.298983573913574	42.188849449157715
30.001110076904297	30.599021434783936
47.47140598297119	43.88691234588623
53.11234760284424	50.88269376754761
36.25850200653076	41.260823249816895
28.69548797607422	36.57103443145752
47.018104553222656	59.01535749435425
52.664265632629395	57.625253200531006
43.99571228027344	50.164801597595215
43.64923334121704	42.445053577423096
37.163023471832275	47.657222747802734
51.99163055419922	44.05843734741211
54.661720275878906	62.23304271697998
48.60035705566406	48.17000961303711
32.064011096954346	41.137596130371094
51.682541370391846	61.50328874588013
62.878767013549805	67.30581092834473
42.26171159744263	46.26132917404175
36.583096504211426	38.27103281021118
39.94844055175781	39.748005867004395
39.082122802734375	50.885807514190674
54.281524658203125	58.410993576049805
47.07076406478882	47.05781936645508
39.00779724121094	45.82291126251221
36.31560134887695	44.4842004776001
39.11240339279175	42.71865463256836
57.45740509033203	61.35336399078369
45.03776264190674	54.092392921447754
51.62022829055786	56.152286529541016
56.8915114402771	53.72714853286743
41.56746006011963	52.984676361083984
49.88227987289429	65.80938863754272
45.68210506439209	53.79722499847412
37.80773448944092	48.0987548828125
39.804471015930176	45.921424865722656
48.23958873748779	54.010955810546875
37.43368053436279	47.42964172363281
35.40132761001587	53.913902282714844
27.575256824493408	47.51732921600342
59.73374938964844	51.45747184753418
47.903422832489014	54.574729919433594
33.89317274093628	50.30613899230957
43.90780735015869	57.24604415893555
38.43738842010498	32.589210510253906
52.75427055358887	49.53455448150635
40.93292284011841	44.47041320800781
47.13148784637451	43.520588874816895
51.810171604156494	52.018229484558105
31.662860870361328	46.22799730300903
34.52889919281006	43.19193983078003
39.51295852661133	44.88156795501709
48.09911346435547	51.49180221557617
49.859052658081055	45.19977617263794
53.78819274902344	58.77957630157471
41.853965282440186	53.84776306152344
38.614070892333984	48.5109167098999
35.207200050354004	36.544837951660156
36.374908447265625	31.182923316955566
46.27357864379883	48.722607135772705
34.82413387298584	42.72573757171631
48.16962432861328	58.279191970825195
49.56267547607422	53.82556629180908
35.55026960372925	58.13888931274414
61.955552101135254	61.34798240661621
47.812439918518066	58.11870574951172
27.13333797454834	38.474875926971436
36.04605197906494	36.90461301803589
48.291576862335205	57.37283229827881
32.49960708618164	32.4720983505249
39.112091064453125	42.238685131073
35.708624839782715	39.381285190582275
44.38536500930786	62.207916259765625
48.35471725463867	54.915212631225586
45.55580234527588	50.69434452056885
48.433356285095215	49.3378210067749
48.82530641555786	54.57224655151367
37.61243295669556	41.36903381347656
45.65495014190674	53.993873596191406
37.228108406066895	43.27596664428711
54.15682411193848	61.263017654418945
44.061058044433594	44.23602247238159
44.046425342559814	41.42075443267822
34.80310916900635	43.208739280700684
57.77718544006348	59.52984809875488
43.621806144714355	53.02630615234375
51.172462463378906	60.806742668151855
43.079833984375	36.587069034576416
42.66093349456787	47.103050231933594
45.3179931640625	42.75106859207153
46.04920291900635	49.96115970611572
52.30234909057617	51.94085693359375
42.39374542236328	57.8491415977478
40.438475608825684	49.19894599914551
58.49654197692871	40.57608604431152
40.20279884338379	46.324172019958496
38.891037940979004	56.931790351867676
61.85548782348633	53.5217342376709
41.52952480316162	48.00304126739502
48.22751998901367	37.94653272628784
50.884857177734375	60.212910175323486
35.59506177902222	47.7330322265625
44.944000244140625	52.27031850814819
41.41053771972656	52.406982421875
42.64142990112305	55.283607482910156
46.608421325683594	54.700440883636475
43.739845275878906	49.370262145996094
49.660597801208496	40.58202266693115
50.491355895996094	48.98434829711914
43.74643325805664	49.27839803695679
42.97861385345459	50.5568733215332
35.55538845062256	44.08917999267578
34.40041780471802	44.58804988861084
37.05670118331909	48.53079414367676
55.076637268066406	58.55459260940552
53.58732604980469	61.12278747558594
48.76999282836914	56.635684967041016
28.96933650970459	47.254422664642334
43.49588871002197	46.38060760498047
42.44276714324951	48.488746643066406
47.20573425292969	43.395936489105225
31.468830108642578	42.703110694885254
25.924344062805176	38.94342041015625
42.020118713378906	41.804885387420654
43.808738708496094	48.401503562927246
40.81163835525513	52.3640251159668
36.17550611495972	39.30527973175049
45.34711456298828	44.26345252990723
55.522666454315186	53.27248573303223
36.780006408691406	48.8012752532959
30.85831642150879	40.009185791015625
36.896185874938965	40.11386775970459
53.16934585571289	52.56376504898071
38.5585241317749	40.04715824127197
35.11824369430542	38.12324237823486
43.211649894714355	35.70394802093506
43.32683610916138	39.06566619873047
37.13701248168945	45.637192726135254
45.6918568611145	59.80044078826904
42.76077175140381	44.70747518539429
47.244996070861816	54.28276062011719
58.26380157470703	59.482276916503906
35.885101318359375	44.970465660095215
35.807167053222656	37.08595895767212
34.23855113983154	40.758389472961426
33.322410583496094	47.04246139526367
44.51546001434326	53.311360359191895
33.9617018699646	33.62055206298828
38.3710241317749	51.24600267410278
41.40627670288086	41.398025035858154
57.02336120605469	53.49768829345703
47.05282545089722	52.624502182006836
48.82029962539673	50.90757703781128
31.243648529052734	33.85200119018555
31.268723487854004	49.79905033111572
34.601731300354004	41.27421569824219
40.95993423461914	36.24462890625
45.22599172592163	45.57636260986328
41.784027099609375	53.076133728027344
43.47456979751587	43.0806884765625
44.84264516830444	38.700714111328125
51.7496223449707	58.340771198272705
44.057777404785156	57.72184371948242
48.69813060760498	50.79643249511719
58.03694772720337	59.385905265808105
42.909159660339355	57.120697021484375
52.47856903076172	50.674171447753906
37.20841836929321	40.451515197753906
42.67243528366089	50.98375701904297
53.65965270996094	64.52062368392944
56.06016159057617	42.728562355041504
33.658020973205566	41.84735631942749
31.402108669281006	41.24304485321045
40.62837219238281	57.06796216964722
50.396960735321045	56.68806552886963
45.039493560791016	43.68767213821411
43.962100982666016	41.4091157913208
50.192909240722656	54.38206672668457
43.554261207580566	41.885504722595215
48.91502523422241	58.309438705444336
38.6272759437561	44.122215270996094
35.933876037597656	37.39981126785278
42.636383056640625	46.81684923171997
44.52705383300781	55.12936592102051
45.28697109222412	42.7794303894043
45.50649881362915	58.754940032958984
41.9527530670166	61.81111192703247
42.420053005218506	38.557968616485596
44.889784812927246	49.340364933013916
41.64143371582031	40.00755453109741
37.38119840621948	43.95768070220947
46.595266342163086	49.018821716308594
45.28572082519531	58.04538917541504
39.06330490112305	47.07177686691284
35.73001956939697	44.21211004257202
46.54889678955078	56.204444885253906
46.45100402832031	47.07214593887329
47.29140758514404	48.044368743896484
44.41865015029907	46.886322021484375
42.01534652709961	42.91047191619873
52.39154052734375	59.14269161224365
48.015965938568115	41.95412635803223
51.47566223144531	61.54308319091797
37.03143310546875	49.5757942199707
29.957576751708984	49.370994567871094
34.084221839904785	43.15205383300781
48.72788429260254	59.41262245178223
52.351531982421875	57.76809597015381
43.317984104156494	41.0204963684082
38.55520486831665	42.36866760253906
42.28030872344971	46.53545427322388
42.20601272583008	41.14558029174805
46.21988296508789	48.7415657043457
36.24429225921631	41.887701988220215
44.3383674621582	51.24898910522461
39.75865030288696	39.59107971191406
58.31246376037598	57.39081382751465
31.16725444793701	33.28977060317993
38.85076141357422	42.704209327697754
45.29534578323364	53.3209228515625
53.79249620437622	51.13382339477539
36.773972511291504	46.38679504394531
31.767101287841797	33.48690891265869
41.160664558410645	45.83706712722778
47.33314895629883	55.59969902038574
35.7472038269043	44.59963130950928
30.372912883758545	38.61243438720703
47.291526794433594	42.47519016265869
47.67502975463867	57.502973556518555
30.16091537475586	37.26657056808472
40.94231557846069	47.97395324707031
48.40788650512695	52.706892013549805
38.01017475128174	37.71164083480835
43.950069427490234	50.8328857421875
45.79142761230469	55.66178512573242
42.01575565338135	51.394927978515625
50.161067962646484	53.4276123046875
31.214115142822266	44.19614505767822
56.065547943115234	57.330116271972656
36.77574872970581	48.135629653930664
48.45604991912842	58.307443141937256
49.87340545654297	60.05858659744263
35.470707416534424	46.73757076263428
43.59719467163086	38.03391790390015
32.72111892700195	48.01213073730469
46.59333944320679	46.312477111816406
45.40912628173828	44.55758571624756
36.60923767089844	39.520931243896484
43.66450023651123	52.53903293609619
42.892147064208984	46.30739164352417
49.06373119354248	58.26277732849121
38.24729633331299	46.488510608673096
44.20802688598633	31.005803108215332
44.7951545715332	48.005027770996094
39.89483642578125	55.50712823867798
42.232452392578125	47.6736044883728
41.999202251434326	51.05926513671875
37.895888328552246	50.3358850479126
40.998555183410645	55.754966735839844
46.81338453292847	53.56764602661133
57.610633850097656	62.31349182128906
39.22576904296875	44.566749572753906
35.319451332092285	44.71675109863281
30.181896686553955	39.801795959472656
43.53782653808594	61.74193239212036
40.73566436767578	50.81256151199341
50.5888352394104	54.58274793624878
41.848294258117676	51.68722438812256
41.83794355392456	45.97364807128906
42.24926805496216	53.45552444458008
35.838326930999756	46.75400161743164
53.72230529785156	64.2957215309143
43.182801246643066	48.43004608154297
57.88234233856201	66.45652770996094
49.593040466308594	51.855186462402344
49.109107971191406	59.09438610076904
51.907949924468994	52.88666248321533
44.91355800628662	51.626922607421875
41.37058639526367	46.26234436035156
34.23332214355469	42.043267250061035
34.586219787597656	47.679476737976074
37.09778165817261	44.06140899658203
51.02957582473755	61.1072998046875
36.60925245285034	44.19437265396118
49.38992214202881	53.8419246673584
38.37639570236206	47.152671813964844
44.46824073791504	44.46523189544678
41.28505325317383	50.00470733642578
37.23198413848877	40.622657775878906
48.49319839477539	61.30120038986206
37.98070573806763	53.9573974609375
35.103697776794434	33.79423141479492
50.2491774559021	50.78436279296875
40.90568447113037	43.89170551300049
46.827510833740234	48.40417814254761
42.082298278808594	49.59092712402344
52.17479753494263	59.160752296447754
38.907952308654785	47.08428192138672
46.499632358551025	48.559261322021484
40.28695106506348	48.09444236755371
39.312615394592285	54.82531690597534
45.25900983810425	57.01725769042969
46.650256633758545	44.58712387084961
30.292250633239746	35.273033618927
51.1766037940979	54.23159599304199
39.67176914215088	45.707879066467285
41.05052900314331	33.10027360916138
40.147064208984375	36.55092716217041
33.405232429504395	43.969521045684814
46.364646911621094	48.968772888183594
52.09867858886719	56.18409061431885
40.26456356048584	36.12386083602905
40.638797760009766	54.40435791015625
50.62928771972656	58.70431566238403
51.58994913101196	54.29447555541992
43.78982400894165	56.424652099609375
38.395325660705566	49.786705017089844
44.23583507537842	49.13283014297485
38.481223583221436	52.89762496948242
44.71765899658203	51.049827575683594
47.58910655975342	54.257041931152344
42.83213710784912	41.994919776916504
46.76061248779297	53.63173484802246
50.013508796691895	56.196516036987305
40.255218505859375	52.51109504699707
43.29297351837158	49.73090744018555
48.02992630004883	57.08479118347168
39.076735496520996	48.021366119384766
26.988952159881592	44.6321382522583
47.630165576934814	44.01987838745117
38.951000690460205	50.61882972717285
52.38478374481201	49.55803680419922
44.101378440856934	58.15869140625
41.300010681152344	42.769540309906006
38.08945369720459	45.395034313201904
46.07963275909424	51.02025604248047
49.27736949920654	55.95899963378906
46.977559089660645	62.020952224731445
45.32229995727539	48.729506492614746
43.270569801330566	47.06224966049194
64.16139221191406	64.79328155517578
44.9219970703125	50.79341220855713
34.95970964431763	44.334609031677246
42.384825229644775	52.3169059753418
55.25025939941406	58.6580924987793
35.4542350769043	40.313252449035645
42.725810050964355	49.14676570892334
53.20733642578125	55.77460765838623
45.09300470352173	46.72921371459961
35.4716420173645	45.396918296813965
53.966796875	64.38629007339478
44.98964595794678	63.03443145751953
40.96443843841553	41.54527997970581
38.087242126464844	47.569159507751465
42.13225603103638	54.90655517578125
55.311767578125	54.03746032714844
46.62016010284424	49.617623805999756
44.798248291015625	56.021422386169434
50.94392967224121	56.31819725036621
44.33142852783203	56.782814025878906
46.68529748916626	46.98324203491211
51.16905975341797	49.107569217681885
51.10411024093628	57.566314697265625
48.78959655761719	53.902586460113525
39.54104995727539	46.82901382446289
33.16372632980347	49.18426322937012
48.79767894744873	50.24730157852173
33.42212677001953	51.112632751464844
47.818604469299316	50.30513381958008
41.02554988861084	50.54930782318115
36.067917346954346	40.04860877990723
42.907931327819824	48.32554864883423
47.62524890899658	56.02077865600586
43.438841342926025	49.8801155090332
32.98462200164795	35.190958976745605
46.70778751373291	45.29545497894287
42.55549335479736	47.02835941314697
47.42833709716797	50.483585357666016
40.80044651031494	45.35365295410156
43.39900588989258	57.28113555908203
38.27744817733765	55.74397659301758
45.459197998046875	49.25213623046875
42.67220497131348	45.226229667663574
45.98727035522461	45.72623348236084
52.095778465270996	47.66439867019653
55.01666450500488	56.29298210144043
36.51317596435547	46.176289558410645
36.94636631011963	45.842522621154785
48.94782257080078	52.68244743347168
41.09201431274414	42.981881618499756
51.83327913284302	51.24995040893555
43.76640319824219	52.45908260345459
52.83203125	60.35822153091431
43.25417232513428	29.511263370513916
54.35391426086426	53.531832218170166
44.264885902404785	48.088119983673096
41.52579355239868	49.861167907714844
54.15605306625366	51.49659776687622
48.978824615478516	64.95250701904297
48.60271453857422	62.944769859313965
44.25425720214844	43.365294456481934
48.980295181274414	55.51113939285278
57.14461898803711	69.59758186340332
41.5746545791626	34.72578811645508
33.240684032440186	41.49128007888794
42.31531095504761	52.5523681640625
43.49735927581787	38.896090507507324
42.63549041748047	52.43516540527344
46.12424898147583	40.20676374435425
33.48609209060669	44.489227294921875
45.88822317123413	46.48765182495117
46.84112548828125	50.293792724609375
47.700636863708496	53.622849464416504
59.823625564575195	61.51652145385742
42.11813163757324	48.02682399749756
51.95615911483765	48.56105041503906
52.30160713195801	56.15887641906738
40.403770446777344	51.29128646850586
38.52621793746948	52.543946743011475
47.586984634399414	43.63257694244385
43.20376682281494	46.68736028671265
33.85016202926636	44.680755615234375
53.34461975097656	47.48143768310547
55.18570327758789	50.9548225402832
33.00892353057861	39.5399694442749
39.898741722106934	52.141300201416016
46.406540870666504	50.49892044067383
42.2891321182251	36.89149188995361
44.81707763671875	48.209415435791016
39.72350597381592	51.49484348297119
39.22421216964722	47.73076629638672
44.14441156387329	46.475830078125
49.42317581176758	37.678818702697754
51.36229705810547	52.53545808792114
43.47693729400635	45.325947284698486
40.14158535003662	50.08010816574097
33.1670036315918	35.756816387176514
52.013779163360596	48.7170352935791
39.937989234924316	50.852386474609375
34.021148681640625	52.697007179260254
49.47534799575806	46.503257751464844
45.98729610443115	49.59870195388794
39.280394554138184	47.39752674102783
36.93430423736572	45.84160327911377
38.6956353187561	43.63275909423828
50.35197448730469	51.76612854003906
53.45219039916992	53.287757873535156
50.68010854721069	59.617679595947266
32.64280986785889	40.75853633880615
40.52070713043213	45.87778615951538
51.36387920379639	57.47451400756836
35.29856014251709	35.79836940765381
51.478492736816406	61.461909770965576
41.23031949996948	48.61971426010132
46.78121280670166	44.04435586929321
43.71710205078125	53.30156707763672
47.096949100494385	64.50060272216797
37.09227800369263	55.62681770324707
55.298065185546875	59.87453556060791
44.653751373291016	51.203683376312256
44.942115783691406	45.26790761947632
46.224175453186035	49.949058532714844
47.443115234375	46.649845123291016
32.72465229034424	38.03020477294922
39.10623216629028	39.79937267303467
41.007981300354004	49.94046401977539
45.74799966812134	51.37894296646118
43.78797483444214	36.40305948257446
50.21988487243652	50.22877645492554
35.12171173095703	46.51136779785156
34.440410137176514	41.937907218933105
33.09939908981323	36.84210205078125
53.26716232299805	62.25184392929077
50.0928521156311	46.26094198226929
41.373215675354004	51.182373046875
31.06696367263794	37.79515743255615
45.64995288848877	52.995686531066895
48.86231231689453	52.66408920288086
37.76810359954834	49.30946350097656
39.71017122268677	50.041500091552734
44.34603834152222	57.466163635253906
39.118706703186035	51.78372526168823
48.47383642196655	47.85423278808594
42.86439514160156	47.084716796875
52.20908260345459	48.52923774719238
48.430747985839844	53.468300342559814
46.6462779045105	53.67618179321289
40.87709140777588	36.61190938949585
25.162540197372437	35.22502136230469
47.57084798812866	58.92922401428223
38.601887226104736	46.10364246368408
55.41203498840332	60.62029838562012
49.47068166732788	56.96140670776367
38.11629629135132	48.8395791053772
59.627639293670654	57.19907283782959
46.042569160461426	45.031007289886475
40.73902130126953	48.94609022140503
48.97391319274902	49.89910268783569
38.87996530532837	35.62929153442383
40.623793601989746	53.10460567474365
44.029847145080566	49.77891969680786
38.402968406677246	43.2501106262207
45.550926208496094	51.706350803375244
31.522679328918457	26.71583342552185
51.74384689331055	55.97760772705078
55.397804260253906	50.866222858428955
39.01744842529297	48.682716369628906
65.52358818054199	69.0974555015564
46.54650163650513	47.500648498535156
38.57732391357422	45.63207244873047
33.13480758666992	44.732354164123535
38.50479984283447	56.82051944732666
49.301331996917725	55.723509788513184
40.475152015686035	44.90782928466797
59.16719055175781	59.67857551574707
57.761260986328125	64.22524166107178
38.783203125	38.082263469696045
39.97866153717041	43.94447994232178
50.40679121017456	44.90305709838867
50.01480674743652	40.697261810302734
47.03720140457153	60.535987854003906
50.563124656677246	44.269859790802
53.71271896362305	51.09772491455078
47.687652587890625	59.08669567108154
43.703850746154785	45.09005069732666
42.51118469238281	32.60385036468506
35.85499620437622	53.12113571166992
46.14446258544922	63.30434274673462
39.780381202697754	43.78962707519531
53.891079902648926	57.940157890319824
41.76687240600586	50.05953025817871
50.132946491241455	52.35246276855469
45.88172149658203	50.09577226638794
39.80600118637085	42.262425899505615
40.22985076904297	52.18630790710449
39.864577293395996	51.58208513259888
42.239749908447266	48.99515914916992
56.099151611328125	54.59818649291992
48.32849931716919	55.85161590576172
44.76760196685791	53.84347867965698
50.06407308578491	47.58476638793945
43.025383949279785	54.73345756530762
36.907344818115234	53.025429248809814
43.85221195220947	50.9459023475647
48.889617919921875	56.37766456604004
37.918212890625	49.57270336151123
43.98018550872803	49.83028793334961
39.26132249832153	42.51795959472656
52.03703689575195	59.907288551330566
47.296051025390625	55.51518630981445
40.45784854888916	41.02793025970459
47.72428321838379	40.236735820770264
36.380478858947754	45.5809326171875
29.034476280212402	37.73931837081909
47.01242446899414	34.77841281890869
41.90970039367676	48.99932384490967
51.42021560668945	55.122416496276855
42.19818878173828	50.249284744262695
33.57430934906006	47.73456048965454
52.21637296676636	63.87658882141113
52.35107231140137	51.67031908035278
51.940338134765625	63.364136695861816
41.29556751251221	47.10974645614624
43.69542217254639	49.733211040496826
40.100403785705566	40.79695177078247
55.340476989746094	54.241268157958984
37.91913557052612	35.9631462097168
44.23803377151489	46.734848499298096
49.20365285873413	56.91762924194336
44.61752700805664	50.55470037460327
41.90580654144287	40.39815902709961
44.30759525299072	60.94460105895996
40.20049285888672	43.596558570861816
37.82508087158203	43.319369316101074
39.31238508224487	47.9978141784668
38.233872413635254	45.56352233886719
45.646902561187744	55.00556945800781
38.65502119064331	36.45490264892578
48.287105083465576	56.570016860961914
40.31374979019165	46.535064697265625
41.86368465423584	53.75857448577881
29.1507568359375	39.968201637268066
50.63392639160156	58.00317668914795
40.77688121795654	45.88640737533569
42.53700256347656	46.85013198852539
43.08638000488281	47.56244516372681
32.95607137680054	44.39691925048828
46.51120376586914	58.35675048828125
53.70499801635742	59.347612380981445
35.66093444824219	27.60254430770874
40.37032413482666	43.483885765075684
45.05532693862915	61.76231384277344
38.03999423980713	37.19462585449219
37.62265491485596	48.5329065322876
43.372231006622314	44.15766143798828
29.32023048400879	39.27705717086792
46.326395988464355	43.37910461425781
39.23312425613403	49.60154581069946
44.78586673736572	56.37029552459717
41.07453918457031	54.030245304107666
36.724929332733154	49.16917419433594
36.223548889160156	49.973549365997314
35.51949977874756	43.16867160797119
34.23358154296875	43.20444202423096
47.53752899169922	59.298847675323486
38.328017234802246	48.636757373809814
43.172454833984375	50.753355503082275
51.457984924316406	57.08981466293335
45.501792430877686	48.0417103767395
42.48294496536255	45.40299844741821
57.68394088745117	69.06172370910645
37.411277770996094	43.86077880859375
46.336788177490234	54.98586654663086
48.8011360168457	44.38924169540405
48.03619194030762	48.72805595397949
46.8996262550354	56.35605812072754
39.09770965576172	41.45046329498291
41.84467267990112	52.15370178222656
43.5988826751709	44.31910514831543
43.55214166641235	46.917083740234375
28.016724586486816	27.27992534637451
46.15351486206055	56.636534214019775
56.85722732543945	55.66268539428711
35.76181888580322	42.139288902282715
41.13797092437744	48.85539388656616
36.626526832580566	48.76787853240967
47.89880323410034	51.29181671142578
39.99245882034302	50.86760330200195
32.36388301849365	43.518412590026855
37.702805519104004	45.1602783203125
35.102660179138184	41.27742004394531
54.36105966567993	54.05555725097656
40.734450340270996	46.31999206542969
39.3363561630249	44.6424036026001
45.4322624206543	55.851783752441406
43.132925033569336	43.65374565124512
40.91806125640869	53.17106628417969
45.304858684539795	43.5037956237793
47.51366424560547	52.2117919921875
36.18489694595337	47.18458938598633
42.58194065093994	49.91791486740112
33.30353498458862	39.486016273498535
32.06078052520752	48.98126220703125
34.887420654296875	40.8223991394043
42.17658996582031	57.15999412536621
44.380828857421875	65.67787027359009
44.289387702941895	45.90101623535156
46.893531799316406	45.52473449707031
43.66506814956665	40.310699462890625
48.43709325790405	54.75916290283203
37.52521514892578	42.306541442871094
45.96994066238403	53.56086349487305
47.82710647583008	44.52811145782471
43.95671081542969	56.32371234893799
34.87925720214844	49.88499450683594
47.349021911621094	56.77957534790039
41.068965911865234	40.25247287750244
39.43593502044678	47.7410364151001
34.40922498703003	40.122127532958984
34.38882112503052	40.62791061401367
55.7891321182251	63.02438259124756
55.74185228347778	51.741743087768555
45.76008939743042	46.71375274658203
47.416526794433594	54.72671985626221
39.93344068527222	54.42829179763794
38.1027946472168	48.736907958984375
42.693142890930176	54.75674390792847
42.6644811630249	55.2915358543396
47.764667987823486	70.69733428955078
49.27923583984375	52.00183439254761
35.42620897293091	38.56352519989014
36.37135696411133	48.8415412902832
37.886549949645996	44.31287384033203
50.002708435058594	51.90007925033569
46.3884482383728	51.30287551879883
39.40988063812256	47.154541969299316
36.94412899017334	36.45532703399658
54.54026985168457	63.49461078643799
45.657517433166504	47.11658573150635
41.03368091583252	42.511523723602295
41.794955253601074	36.237911224365234
50.49344730377197	61.089935302734375
45.304195404052734	52.11925220489502
51.170907497406006	54.09026336669922
48.04935836791992	53.39681625366211
34.581719398498535	37.918277740478516
52.4302339553833	62.41604661941528
48.27295684814453	54.88398742675781
46.32037353515625	49.49238681793213
42.35847759246826	52.01176452636719
53.751808166503906	51.16465616226196
26.9488263130188	32.972405433654785
40.681654930114746	43.882025718688965
36.38687610626221	45.463276863098145
45.90013933181763	43.620380878448486
37.130187034606934	48.28443956375122
37.08796977996826	48.455681800842285
45.53579807281494	50.47107696533203
37.91388988494873	36.9429817199707
34.88898181915283	49.99065351486206
43.09431552886963	47.1767373085022
56.17820692062378	67.9288101196289
47.46219778060913	57.939971923828125
32.83023118972778	34.64432430267334
36.77335500717163	40.33466339111328
45.865886211395264	48.330604553222656
47.598052978515625	48.79369926452637
34.70308780670166	42.49522304534912
35.08124828338623	46.82401371002197
41.71833801269531	41.55669546127319
40.170204162597656	46.45256185531616
30.270285606384277	48.32637643814087
43.28064823150635	50.29304027557373
46.64873504638672	49.49586296081543
46.83989381790161	63.684410095214844
38.61666488647461	46.07666015625
39.156495094299316	49.52427434921265
51.51753234863281	53.97783422470093
44.04108142852783	47.59419250488281
43.78292798995972	40.44099426269531
45.69508743286133	52.901474475860596
46.991722106933594	49.71458959579468
51.60192108154297	56.24466133117676
47.71616888046265	62.62098693847656
33.375020027160645	43.044249534606934
43.94927358627319	45.828895568847656
49.692466735839844	58.67466115951538
50.426918029785156	60.38991451263428
37.00774431228638	40.509098052978516
41.48491144180298	42.73261022567749
33.15222406387329	34.80496883392334
39.325408935546875	54.77520561218262
39.991058349609375	43.92118215560913
49.36180067062378	44.47834777832031
46.92825508117676	52.88684892654419
49.98370170593262	53.21125268936157
37.2209587097168	46.34170150756836
36.352458000183105	43.97911834716797
40.19785261154175	43.096553802490234
52.69166564941406	53.831268310546875
34.874022483825684	44.68399667739868
44.371883392333984	48.57232475280762
38.42355823516846	49.804391860961914
38.885239124298096	49.318992614746094
40.26431179046631	38.87633037567139
35.19078016281128	40.93473815917969
39.58818054199219	43.66098928451538
50.91872549057007	49.091087341308594
53.32818603515625	54.68333435058594
39.576619148254395	39.83438014984131
40.985323905944824	47.53906202316284
54.94803237915039	54.869932651519775
44.56501770019531	47.318870544433594
48.112757205963135	52.52755308151245
46.41396188735962	45.14174556732178
46.86430263519287	50.16003608703613
44.648521900177	50.92424011230469
43.40888786315918	38.513598918914795
39.992445945739746	43.20773458480835
46.905601501464844	52.60588359832764
47.7885537147522	47.84232997894287
40.29088497161865	48.83342742919922
51.03699588775635	53.34150791168213
38.515305519104004	41.19584655761719
55.808234214782715	64.80217790603638
48.77664041519165	54.20891189575195
38.508434772491455	43.584312438964844
49.757415771484375	53.268741607666016
31.34706401824951	43.213619232177734
47.391465187072754	49.351139068603516
38.07919979095459	46.66973638534546
41.48657989501953	48.66843366622925
38.83747100830078	44.764846324920654
44.49354839324951	53.88506317138672
31.97653293609619	35.53307247161865
54.205886363983154	67.20810890197754
28.730895519256592	38.290653228759766
50.791526794433594	52.03076934814453
42.91355228424072	47.01421356201172
48.22627258300781	45.75900650024414
34.90048170089722	37.072346210479736
39.74853515625	35.95372676849365
40.548508644104004	47.183072566986084
41.21005153656006	50.68647766113281
45.05262756347656	57.03453969955444
55.988722801208496	57.960991859436035
41.981571197509766	53.87986755371094
34.609660148620605	39.30868625640869
54.37017488479614	65.99516868591309
50.77017402648926	74.30346488952637
46.44218730926514	54.01729106903076
39.81177520751953	55.92612314224243
39.260711669921875	45.27922439575195
47.757083892822266	38.83877944946289
53.24309539794922	59.669490337371826
47.06304931640625	57.87043380737305
54.26779556274414	61.26431465148926
48.00059461593628	51.218589782714844
51.617653369903564	60.29833793640137
50.83918762207031	60.86675977706909
46.01617670059204	45.459381103515625
40.17732524871826	51.65314483642578
45.06743621826172	51.63437747955322
53.24793863296509	53.15063238143921
46.421875	55.92739248275757
57.62075138092041	58.85032272338867
46.15294551849365	54.861244201660156
32.375946044921875	34.399662017822266
49.80311965942383	51.00061225891113
44.117332458496094	55.668278217315674
40.24446249008179	46.954383850097656
54.258331298828125	58.67485427856445
41.641825675964355	43.652374267578125
48.44099235534668	58.72446155548096
45.00201225280762	50.359375
46.542762756347656	45.938987731933594
34.32975387573242	47.371695041656494
51.38056945800781	61.661643981933594
36.803253173828125	46.628509521484375
50.602230072021484	57.53565788269043
47.14870595932007	59.966705322265625
44.36588001251221	47.32197093963623
55.67522621154785	56.928354263305664
39.92477560043335	53.43137741088867
39.8441162109375	49.692758560180664
43.883033752441406	52.749610900878906
42.458144664764404	46.64112091064453
45.77152633666992	56.72272539138794
38.69303846359253	44.39100933074951
50.97768259048462	50.220055103302
49.110663414001465	58.44764757156372
51.413182735443115	53.27667999267578
47.337066650390625	46.678192138671875
48.67707538604736	59.49424743652344
42.47411346435547	35.951072692871094
30.936906337738037	41.112144470214844
42.925804138183594	46.57042837142944
44.10077667236328	45.965492248535156
42.16463327407837	50.807029724121094
52.27541208267212	47.50564098358154
42.55155801773071	48.478485107421875
58.409658908843994	54.72429084777832
42.407958984375	50.50223207473755
38.9693865776062	45.958152770996094
33.27185392379761	43.62714099884033
36.7664680480957	40.979469299316406
38.086551666259766	46.29094076156616
31.07952356338501	35.263678550720215
46.665313720703125	47.59892749786377
35.74764347076416	42.581435203552246
35.56021213531494	45.29267120361328
45.444766998291016	49.113197326660156
49.908875942230225	50.09642696380615
31.872570514678955	40.57262420654297
42.86976623535156	40.13170623779297
49.1431884765625	54.798763275146484
36.79652786254883	53.642746925354004
55.308387756347656	55.27622604370117
35.64917039871216	44.811649799346924
30.796518325805664	36.51276397705078
40.25809097290039	45.35176467895508
38.90789031982422	50.88266944885254
38.40535497665405	49.32188415527344
37.09146499633789	44.15643882751465
38.95773983001709	46.21889591217041
39.37930345535278	46.28024768829346
57.42238235473633	57.252923011779785
43.37227535247803	50.49946689605713
40.069146156311035	50.51734447479248
40.20723867416382	48.312190532684326
40.756150245666504	39.89795780181885
52.742279052734375	60.07746934890747
43.40565490722656	53.0759162902832
46.708655834198	47.8135986328125
50.011810302734375	57.99628973007202
42.73030185699463	46.39734506607056
52.46339464187622	59.02200937271118
31.762229919433594	34.75902557373047
42.58663892745972	47.054534912109375
42.74114179611206	48.538657665252686
39.11723041534424	48.51860046386719
49.89052772521973	64.5988998413086
44.84065246582031	40.82240962982178
36.990803241729736	27.350674390792847
48.232529163360596	50.636497497558594
37.68208026885986	48.89003562927246
41.060505867004395	50.630417823791504
40.382460594177246	46.12842559814453
34.518465995788574	41.85204219818115
35.754676818847656	47.50660705566406
51.8402214050293	39.07377481460571
33.14720392227173	46.534088134765625
44.01636791229248	55.940185546875
36.03182935714722	46.2616081237793
32.86792039871216	40.60326862335205
45.170586585998535	51.83135986328125
49.11443328857422	49.379828453063965
33.45869541168213	43.198238372802734
43.93858051300049	57.230655670166016
41.32124328613281	46.1574182510376
47.108463287353516	48.91823101043701
38.6584038734436	46.763176918029785
49.29427528381348	33.43313217163086
47.92296123504639	48.7788667678833
38.60195446014404	35.06204080581665
35.90840148925781	60.78493309020996
30.993913650512695	51.98961639404297
56.71700477600098	54.337167739868164
34.668967723846436	43.39189338684082
42.99258232116699	56.686798095703125
47.87059020996094	49.07066345214844
39.24486684799194	46.56687927246094
41.1690673828125	57.78885269165039
43.594242095947266	47.04453134536743
47.51329708099365	48.84370470046997
