36.960365295410156	49.057716369628906
43.688283920288086	52.4587082862854
35.23020935058594	33.616451263427734
39.709426403045654	51.531333446502686
44.33074378967285	46.13379764556885
37.738426208496094	40.84800338745117
62.04991340637207	67.26067543029785
39.19578552246094	42.11464881896973
43.03304386138916	39.891554832458496
40.87455749511719	44.98237228393555
45.43446350097656	35.8481330871582
42.32145690917969	42.753028869628906
53.989134788513184	64.1113715171814
49.589988708496094	48.70195388793945
54.074506759643555	50.860605239868164
43.589406967163086	46.928375244140625
44.33561897277832	50.633862018585205
36.187034606933594	36.1490478515625
43.16875505447388	43.79882097244263
39.371002197265625	40.32203674316406
62.070064544677734	62.839765548706055
51.264970779418945	48.625513553619385
47.71135711669922	50.84816360473633
36.99791717529297	46.21326446533203
37.58847427368164	47.65675354003906
46.149779319763184	44.237746238708496
46.80647850036621	57.79224872589111
37.74303436279297	42.633235931396484
44.5201849937439	49.02674674987793
40.706281661987305	47.44900703430176
50.93947410583496	58.63593578338623
42.579360008239746	45.663321018218994
51.58819627761841	51.54415225982666
49.36055517196655	55.09559440612793
34.606536626815796	34.59914016723633
35.60628604888916	39.23232364654541
32.14064025878906	36.24410676956177
48.72797393798828	49.33894729614258
49.34468078613281	51.91354179382324
35.72104597091675	44.73076629638672
47.464613914489746	53.56864023208618
47.74754333496094	44.026066303253174
49.71389865875244	47.44153547286987
49.98736810684204	49.525689125061035
45.881638526916504	53.0717658996582
44.06051445007324	52.312753200531006
55.16530799865723	64.72352600097656
42.51896953582764	45.65147638320923
47.883620738983154	55.00052452087402
38.3444938659668	38.887451171875
48.50720500946045	55.49932050704956
47.93382167816162	52.395575523376465
49.4622859954834	53.12619638442993
42.730881214141846	51.39775085449219
39.87001132965088	42.66864538192749
53.79420757293701	61.73408508300781
40.00088167190552	43.1110897064209
44.768775939941406	46.266319274902344
60.46088647842407	62.85226106643677
42.96655082702637	42.14440441131592
42.4881591796875	42.46430206298828
42.011658668518066	48.02524423599243
48.62213134765625	53.336992263793945
42.04237937927246	45.09198188781738
60.60580253601074	56.68649196624756
40.99817419052124	44.675697326660156
56.43339490890503	59.14509439468384
47.40083312988281	53.63563537597656
35.70298767089844	31.560810089111328
54.2728328704834	46.54026985168457
50.550360679626465	54.593515396118164
44.6740665435791	44.67440128326416
38.298593044281006	42.45657920837402
45.74255990982056	52.788169384002686
43.364084243774414	49.88227701187134
50.11317253112793	53.17910194396973
45.62691688537598	41.30536079406738
66.3890528678894	71.9430627822876
55.81571817398071	52.43044424057007
56.64893627166748	46.21272087097168
44.90196418762207	47.92707967758179
42.603941917419434	42.052372455596924
56.03954267501831	60.07790231704712
34.210983753204346	36.227052211761475
33.448524475097656	45.67626953125
49.962371826171875	51.01873016357422
46.82888460159302	46.34449052810669
60.45459222793579	51.77182579040527
48.244991302490234	48.24557304382324
40.121426582336426	50.20988416671753
45.41491508483887	44.496331214904785
43.27504777908325	48.226062297821045
62.853689193725586	56.856536865234375
46.84239196777344	35.886009216308594
53.61977577209473	55.603885650634766
54.64704990386963	55.264201164245605
43.650883197784424	43.322752475738525
46.40520620346069	49.72802495956421
50.19760179519653	52.39428377151489
43.56753158569336	44.91341018676758
55.02114772796631	47.53884315490723
57.021655559539795	60.765522956848145
56.49879217147827	64.53560066223145
54.22948408126831	56.54917240142822
38.868513107299805	45.427968978881836
51.4031982421875	53.811025619506836
35.266265869140625	40.67913818359375
48.734862327575684	51.924352169036865
42.69294834136963	46.41828775405884
48.185776233673096	49.36278009414673
49.481544494628906	52.95392036437988
58.015456199645996	50.20103931427002
40.504661560058594	47.455108642578125
48.641971588134766	47.06770324707031
40.20713424682617	45.29100036621094
48.53274345397949	38.44616651535034
43.242955684661865	44.87336540222168
45.74148654937744	43.0155086517334
54.33734130859375	58.22755527496338
52.82588720321655	44.48921012878418
50.69674015045166	51.334228515625
51.669355392456055	46.548054218292236
40.53208923339844	36.39360046386719
47.507625102996826	53.30913591384888
42.737863540649414	50.6606240272522
42.66408348083496	47.06327962875366
46.61030387878418	43.462411880493164
44.707627296447754	47.26847171783447
33.62604117393494	42.637900829315186
33.59855604171753	39.99157762527466
40.85327911376953	37.81292009353638
39.185757637023926	43.67424964904785
50.22466850280762	49.4525785446167
37.94960975646973	38.3639874458313
46.5694785118103	53.02592897415161
32.834251403808594	41.55833053588867
49.01934623718262	54.25898551940918
41.09114170074463	40.393290996551514
40.5795521736145	43.99776363372803
54.17545938491821	59.711899280548096
43.61645221710205	50.284260749816895
45.65875244140625	47.72256088256836
68.41699981689453	72.09559535980225
64.13184547424316	54.35396862030029
61.280035972595215	62.335572242736816
39.26717758178711	40.49733352661133
43.127665519714355	47.759833335876465
46.587339878082275	53.28950214385986
48.11107063293457	53.469703674316406
40.53150939941406	43.44989013671875
34.60332012176514	45.46449422836304
54.59353446960449	60.968003273010254
55.270729064941406	60.43259382247925
53.386396408081055	60.53231620788574
49.803789138793945	57.89246463775635
45.894484519958496	44.41405534744263
45.02624702453613	54.53544616699219
51.648080348968506	52.60924243927002
53.84918212890625	55.74611186981201
53.654420375823975	62.597779273986816
52.92234659194946	60.9440541267395
49.13407802581787	53.639159202575684
60.965285301208496	66.31260871887207
44.03489685058594	38.88688659667969
59.02224063873291	50.619258880615234
42.17398452758789	44.691184997558594
41.699520111083984	43.684234619140625
47.29276084899902	52.20976495742798
44.89248847961426	40.02397871017456
37.43428039550781	45.71562194824219
51.558799743652344	55.912795066833496
45.164743423461914	36.5489387512207
47.061601638793945	51.58927345275879
32.137672662734985	46.01857852935791
46.11245155334473	51.56111240386963
50.83422660827637	53.84233474731445
58.358941078186035	59.67188358306885
51.738715171813965	47.06284523010254
32.140968322753906	35.20229721069336
44.78488540649414	41.13917541503906
45.88136959075928	44.82462215423584
49.79425764083862	42.72135400772095
46.775429248809814	45.451387882232666
48.82208824157715	52.889461517333984
55.100202560424805	53.11723709106445
46.81043100357056	49.699015617370605
57.07205772399902	59.77835655212402
47.28507041931152	48.01071739196777
54.23522758483887	53.41953468322754
49.88354301452637	46.49294328689575
45.501577377319336	41.05508852005005
54.41115856170654	57.38966464996338
48.245927810668945	53.205941677093506
47.16326713562012	48.27523231506348
42.28105545043945	46.69119071960449
49.55994415283203	50.894989013671875
43.13349151611328	45.30368614196777
59.489312171936035	59.3499231338501
48.305017948150635	55.19922637939453
40.38259220123291	40.57532072067261
54.12534284591675	52.42322587966919
54.94820594787598	57.38059043884277
43.47618770599365	51.17711019515991
51.32961416244507	46.221696853637695
37.19471740722656	43.47186279296875
36.53980207443237	33.414427757263184
37.52925395965576	43.182037353515625
47.07211971282959	46.73716068267822
47.699809074401855	58.67794990539551
45.23405599594116	47.35072660446167
57.765440940856934	55.062851905822754
54.31959629058838	59.69437599182129
56.03672504425049	51.62741661071777
51.012542724609375	55.91493844985962
43.80291938781738	37.1708607673645
47.225139141082764	52.6380558013916
46.08450508117676	45.35506010055542
34.55964732170105	35.968547344207764
56.21016502380371	60.22482872009277
45.45771408081055	37.20935821533203
51.95556640625	57.26618766784668
37.4263916015625	42.52680969238281
50.462655544281006	40.24196720123291
33.30168914794922	35.510711669921875
58.56224060058594	55.5602502822876
52.32114315032959	50.46663284301758
33.406986236572266	42.10789108276367
49.01314687728882	46.24091863632202
54.53643751144409	51.465514183044434
57.46687889099121	61.81441307067871
49.87887382507324	60.1329231262207
42.44480514526367	45.625244140625
40.91905117034912	49.53979015350342
41.931883335113525	42.70119667053223
39.86762237548828	44.93888854980469
46.50434494018555	45.52040100097656
48.58525085449219	51.86871671676636
41.78745174407959	47.42892265319824
60.19718599319458	62.22424507141113
50.92660427093506	54.98025417327881
49.404025077819824	54.987730979919434
46.299060344696045	46.7063570022583
42.35701084136963	32.857069969177246
53.893471240997314	44.505005836486816
65.06272315979004	62.315574645996094
51.379051208496094	45.04627227783203
55.8961501121521	56.151183128356934
41.983009338378906	48.792816162109375
44.215450286865234	35.28752565383911
45.82276010513306	47.52237939834595
38.82179117202759	54.54151010513306
36.060755252838135	44.87586307525635
57.89654731750488	59.52095985412598
55.15599727630615	61.67670249938965
59.344482421875	59.34258460998535
44.744415283203125	53.798744201660156
43.418814182281494	45.31925582885742
39.61894369125366	47.629218101501465
47.157769203186035	53.35744380950928
44.76487159729004	53.330912590026855
40.0334587097168	48.389647006988525
38.05115604400635	39.770233154296875
53.79662847518921	65.94738006591797
52.078919410705566	60.87460517883301
49.97025489807129	42.95254707336426
34.48647665977478	42.85690212249756
44.73212242126465	49.018558502197266
43.80712080001831	46.69492435455322
55.02061367034912	60.88597917556763
63.11433267593384	64.81414222717285
64.73572635650635	61.19933319091797
60.67756652832031	60.80106735229492
52.04409599304199	46.869258880615234
65.9610071182251	67.73467969894409
42.07420349121094	46.579917907714844
49.10810136795044	44.161760330200195
37.68394470214844	36.39735412597656
55.746026039123535	54.300599098205566
52.18767166137695	50.121397972106934
40.25240421295166	44.524399280548096
52.254276275634766	55.96976280212402
43.44902229309082	48.28798484802246
41.99623489379883	45.22474670410156
52.53592014312744	49.52752113342285
55.595102310180664	56.106247901916504
64.63363885879517	67.3168568611145
49.339492321014404	57.130682945251465
32.234925270080566	38.7651686668396
45.8398060798645	55.21637535095215
49.54972267150879	49.9323844909668
58.56507682800293	63.134450912475586
47.821927070617676	43.270368576049805
38.46244430541992	39.25843048095703
48.25623178482056	53.07213592529297
45.96127367019653	50.51808500289917
50.7073974609375	56.81935787200928
59.865660190582275	61.69929075241089
47.043405532836914	37.89513301849365
39.94986391067505	45.89643716812134
39.7261962890625	47.49842834472656
56.241769790649414	60.12372970581055
41.883577823638916	51.6691689491272
59.035468101501465	62.50998497009277
55.71439743041992	59.219932556152344
38.23942565917969	39.244441986083984
43.171722412109375	36.772735595703125
61.88779830932617	65.88833475112915
62.379741191864014	64.02684688568115
42.3819694519043	34.9383659362793
40.73574686050415	47.290443420410156
50.56002616882324	51.7641019821167
51.46054267883301	58.04311275482178
42.866493225097656	42.542076110839844
42.19107913970947	42.895259857177734
37.85398578643799	42.94965076446533
45.76742935180664	49.19206953048706
50.771379470825195	55.51413059234619
51.43731117248535	46.14804267883301
41.526230335235596	36.62920331954956
52.245521545410156	57.193946838378906
54.74690294265747	58.439624309539795
54.63522911071777	60.431551933288574
48.28384876251221	47.894277572631836
50.60286855697632	53.847418785095215
53.8297176361084	54.4775915145874
69.4302773475647	60.24529266357422
35.186767578125	39.96199035644531
64.6296215057373	55.19287586212158
41.97675561904907	48.029587268829346
51.17043685913086	53.89420509338379
60.74777317047119	63.25115394592285
47.30708312988281	46.87565994262695
50.786027908325195	49.9387264251709
58.56334209442139	56.54479789733887
53.77737522125244	58.04699897766113
47.918989181518555	40.97431182861328
48.556235790252686	40.762174129486084
41.944820404052734	36.794315338134766
61.62482261657715	62.76131629943848
44.6961784362793	44.87492561340332
50.19542598724365	49.28591251373291
44.10730743408203	46.86830139160156
53.199424743652344	50.3087043762207
48.27332925796509	47.156633377075195
42.4053897857666	46.209890842437744
48.00812530517578	46.180373668670654
43.472492694854736	37.525803565979004
48.0463981628418	41.55562400817871
33.332889556884766	42.81121826171875
41.55883741378784	49.09255313873291
54.544265270233154	50.83798027038574
43.79770088195801	40.66957139968872
42.21830892562866	51.226773262023926
47.54465675354004	53.92761039733887
67.22744178771973	67.10273694992065
41.734296798706055	45.32825946807861
39.952898025512695	45.37671518325806
40.313361167907715	47.11458492279053
50.585988998413086	55.0818305015564
53.42362880706787	49.77583408355713
47.55190849304199	40.37761688232422
38.52331495285034	44.9095344543457
55.41729927062988	61.803863525390625
44.95747518539429	46.643494606018066
40.50395965576172	39.37422180175781
46.446189880371094	48.28913116455078
47.23862171173096	47.835988998413086
70.20325469970703	66.65128898620605
39.36823654174805	44.73199462890625
49.76880073547363	47.937445640563965
54.174105167388916	63.64161777496338
56.54848098754883	54.25885200500488
53.482818603515625	40.78211688995361
52.44833183288574	51.23910665512085
44.32487106323242	44.424896240234375
50.33637714385986	56.83338260650635
33.066802740097046	33.53269600868225
46.12493133544922	47.00177764892578
50.0795202255249	54.923383712768555
60.23787069320679	65.42697668075562
51.63224220275879	52.274370193481445
62.88994789123535	52.02736854553223
35.096099853515625	37.07827806472778
60.28154230117798	55.49294996261597
48.465303897857666	55.210957050323486
40.73500442504883	46.42608118057251
48.52507925033569	54.92563247680664
49.25043487548828	39.823036193847656
41.0137414932251	50.596022605895996
46.03299379348755	44.99351978302002
48.18678379058838	51.056036949157715
45.63673973083496	40.547800064086914
42.462342739105225	45.908058643341064
53.74826431274414	54.624847412109375
55.726561069488525	58.889028549194336
53.637415409088135	54.462318897247314
51.86958074569702	57.95516109466553
39.69813108444214	53.72262096405029
49.71742630004883	49.15540266036987
43.562002182006836	44.464735984802246
43.85630178451538	46.12207746505737
48.13162279129028	50.813007831573486
50.74323511123657	51.53572654724121
62.269864082336426	68.25779914855957
44.3356146812439	56.58754634857178
62.24199151992798	59.122849464416504
61.87541961669922	61.508498191833496
48.21455240249634	43.026851177215576
48.83438730239868	51.35859489440918
47.34686851501465	44.72094535827637
33.82496643066406	43.0407829284668
57.71354055404663	55.4727349281311
38.263312339782715	47.47859287261963
54.416321754455566	58.99266815185547
49.03429985046387	41.377185344696045
38.766212463378906	44.590274810791016
53.99481773376465	52.686500549316406
46.197733879089355	55.0132417678833
55.034714698791504	55.574469566345215
40.211111068725586	41.64393424987793
55.87895393371582	56.01776123046875
58.55713367462158	57.607364654541016
48.82824897766113	41.966590881347656
38.90180253982544	43.254289627075195
49.10390281677246	53.87358617782593
56.06877279281616	61.199392318725586
45.280704975128174	51.897263526916504
53.93951416015625	51.97831153869629
58.88247203826904	61.738797664642334
50.47465801239014	55.85866689682007
38.23480796813965	39.91489219665527
49.78991508483887	56.90295219421387
36.6353702545166	38.03484392166138
40.326759338378906	46.2451286315918
46.04872131347656	51.52641677856445
46.956467151641846	53.06122398376465
57.15132713317871	58.42615604400635
45.20241451263428	52.37344408035278
49.58325386047363	43.88113498687744
56.12297534942627	60.610408782958984
35.56083297729492	41.01101303100586
46.43844985961914	36.157222747802734
39.72836494445801	44.60462522506714
59.19247627258301	54.9127197265625
39.3642578125	44.555660247802734
39.05269241333008	32.90795135498047
44.97509765625	40.82414245605469
47.145798683166504	55.913320541381836
54.986467361450195	55.429346561431885
69.8214282989502	64.89541053771973
49.12982940673828	54.33974266052246
48.5594367980957	56.397690773010254
54.89230012893677	57.401681423187256
46.085487842559814	54.13795566558838
49.94856834411621	43.47357416152954
41.922308921813965	42.38711643218994
38.74250936508179	46.427724838256836
47.388033866882324	50.382137298583984
44.50453567504883	45.57192611694336
49.81687355041504	55.4958872795105
47.323670387268066	55.303306579589844
49.206600189208984	50.03952503204346
43.707093715667725	54.23480272293091
48.30984592437744	53.61361598968506
39.92469024658203	32.365882873535156
47.54527282714844	53.90309143066406
40.45497751235962	33.72435808181763
45.67888116836548	41.73270344734192
41.064624309539795	42.30682182312012
65.90138483047485	59.3796443939209
65.48693990707397	69.08176469802856
53.06413650512695	49.501845359802246
36.5461540222168	46.05079650878906
38.74535036087036	39.561235427856445
48.15539360046387	48.80238962173462
56.23207330703735	59.9234414100647
42.49559783935547	48.788970947265625
57.080960273742676	59.09961223602295
53.801817893981934	56.285104751586914
53.56410884857178	55.881112575531006
43.82949686050415	52.15525817871094
39.47718048095703	42.12247085571289
46.90101623535156	39.062957763671875
35.202606201171875	41.32487869262695
48.040449142456055	52.2275447845459
57.8369140625	53.62067222595215
48.13197898864746	52.376237869262695
56.27854299545288	57.28224277496338
47.48936653137207	54.35389041900635
63.70324516296387	65.4602279663086
46.67015790939331	49.519423484802246
47.233948707580566	50.30098915100098
55.28707981109619	60.22085666656494
45.071136474609375	54.329113483428955
43.252023696899414	42.05275869369507
51.776442527770996	50.71897029876709
50.231995582580566	49.80395793914795
40.27889156341553	42.08887195587158
60.17153978347778	63.099945068359375
39.53419017791748	45.494401931762695
64.47638511657715	55.74681282043457
48.605170249938965	46.30788326263428
38.223976135253906	43.613677978515625
32.81106948852539	40.95477294921875
48.66267442703247	56.297932147979736
40.58305835723877	37.183523654937744
40.48100566864014	42.67267084121704
47.35909461975098	53.971452713012695
52.9719877243042	53.32892417907715
42.31404447555542	49.93180990219116
59.75386905670166	50.98757791519165
64.24201965332031	64.22670841217041
39.637081146240234	43.343116760253906
39.557167053222656	47.78557586669922
62.4818549156189	62.593299865722656
35.67732238769531	40.848167419433594
59.472211837768555	54.94380807876587
58.087568283081055	50.85728168487549
52.56346321105957	42.72856521606445
45.16046476364136	43.96026420593262
66.71139717102051	64.86321926116943
47.805049896240234	45.69261932373047
39.19824457168579	44.209022998809814
46.40003967285156	54.00298023223877
59.589735984802246	63.80821084976196
38.197265625	46.01640701293945
54.41084289550781	57.562150955200195
48.52903175354004	50.435816287994385
53.697638511657715	56.60862922668457
50.19518852233887	58.92575740814209
43.197362422943115	36.068883419036865
44.58712100982666	50.92294216156006
55.30100870132446	57.22196388244629
49.904189586639404	54.15912580490112
54.88735389709473	63.59662437438965
55.164361000061035	56.561384201049805
46.708592891693115	51.05039834976196
63.608412742614746	65.91336822509766
53.34670829772949	57.358099937438965
46.781707763671875	50.50747632980347
52.371344566345215	49.62578773498535
55.565996170043945	58.08865547180176
57.236048221588135	63.61304712295532
57.11059093475342	63.49337577819824
34.63430714607239	42.70276737213135
42.193260192871094	50.5955810546875
52.276039123535156	57.927536964416504
51.917341232299805	51.60574150085449
51.946874141693115	51.86195945739746
53.14737939834595	54.01629066467285
47.4121298789978	41.24440097808838
63.5885066986084	70.45551919937134
44.52581977844238	48.66482877731323
34.174906969070435	42.27712869644165
44.85926055908203	44.17799377441406
38.77579116821289	45.893150329589844
38.173561096191406	38.332977294921875
47.80300712585449	47.77600049972534
41.48051691055298	48.73788356781006
33.972877502441406	46.2075080871582
50.54652500152588	42.446670055389404
41.381648540496826	48.46960258483887
49.55859184265137	49.11282539367676
65.42551517486572	64.28305625915527
45.55276679992676	48.5508713722229
57.83489370346069	49.83079957962036
42.95495939254761	43.74027156829834
50.082733154296875	45.587852478027344
61.17646932601929	62.75433301925659
59.35472011566162	61.526994705200195
48.18107604980469	50.994319915771484
51.89098119735718	61.96909189224243
44.23102378845215	48.97428512573242
58.78905200958252	52.80712938308716
59.704298973083496	67.18316078186035
38.60200881958008	45.146034240722656
40.490806579589844	45.93250274658203
53.135900020599365	58.09353494644165
65.18103122711182	68.51360321044922
34.17215347290039	42.34899139404297
33.68687438964844	41.6759033203125
48.64858961105347	40.83572244644165
49.50166082382202	46.75434494018555
37.86566925048828	39.677791595458984
37.33491134643555	48.19070863723755
47.3990535736084	40.47396755218506
38.44135284423828	46.36032485961914
71.9252872467041	63.20404243469238
40.13963985443115	41.91816329956055
56.80002021789551	57.15889549255371
46.856584548950195	51.8514347076416
35.702678203582764	48.11164569854736
44.66362524032593	49.55454969406128
52.50157356262207	53.1390905380249
40.758530616760254	53.53083658218384
40.065711975097656	36.087867736816406
48.38359594345093	50.81868553161621
34.03080368041992	42.41145324707031
62.61325788497925	60.263771533966064
56.01132869720459	46.96022987365723
47.71868705749512	47.04539680480957
57.26129150390625	58.63715171813965
55.75540065765381	57.944231033325195
49.863080978393555	54.829575061798096
48.000932693481445	53.41009855270386
54.39765930175781	59.12362575531006
50.40724754333496	38.809547424316406
47.90957021713257	51.32936954498291
40.473559856414795	46.25368595123291
52.526307106018066	52.267446517944336
42.55113887786865	47.53072643280029
55.51414489746094	58.13972473144531
39.799582958221436	44.45501375198364
37.670814514160156	49.48689365386963
54.81605529785156	56.95672416687012
54.98380184173584	56.780967712402344
66.31609201431274	65.25899362564087
34.03254318237305	43.85658645629883
56.72127914428711	62.39461326599121
38.700077533721924	43.262696266174316
52.709312438964844	52.671213150024414
45.027976512908936	50.21353626251221
45.22395133972168	46.39620304107666
40.54495811462402	46.508697509765625
47.1858286857605	49.75305461883545
40.41995429992676	45.79186534881592
45.194608211517334	37.880258560180664
43.890440940856934	39.87071943283081
49.22522163391113	43.859232902526855
59.08532524108887	53.38593864440918
45.71810245513916	45.55849552154541
35.50759792327881	44.5145320892334
53.23019313812256	57.23200178146362
43.1129093170166	42.64585304260254
48.602906227111816	54.294875621795654
56.106529712677	54.335379123687744
40.53021240234375	48.91912841796875
44.028825759887695	46.66885328292847
51.619237422943115	50.52837562561035
40.8447003364563	47.90116739273071
45.98573541641235	53.39050769805908
44.24794006347656	55.52814483642578
48.933929443359375	56.47064781188965
51.2114896774292	54.72750520706177
38.494354248046875	42.489967346191406
55.24935245513916	58.96333694458008
49.8239803314209	51.97892189025879
44.43652582168579	48.67599534988403
42.47979211807251	47.856505393981934
49.67719078063965	50.71716785430908
50.47664165496826	48.454153060913086
46.93371820449829	40.412328243255615
60.897807121276855	66.3935112953186
55.753841400146484	56.397271156311035
58.902902126312256	60.673994064331055
48.17461442947388	49.846320152282715
52.71558237075806	54.91383504867554
48.017898082733154	50.59502649307251
42.92710876464844	38.67396545410156
35.2564697265625	42.13191223144531
30.26503562927246	36.603302001953125
69.87824440002441	70.67148780822754
44.90516662597656	50.50129413604736
39.81680679321289	47.21644592285156
44.91449689865112	56.82373809814453
41.10789489746094	38.725914001464844
36.65132141113281	47.47418975830078
52.062767028808594	46.989898681640625
49.479780197143555	55.05039691925049
39.37014198303223	33.129399061203
44.9622859954834	46.061777114868164
55.72195053100586	54.91487979888916
51.86221504211426	60.83704948425293
53.21129322052002	55.59443807601929
55.315656661987305	58.17677974700928
62.21846675872803	61.43215227127075
46.55150556564331	50.89456844329834
34.63927459716797	37.14194869995117
53.37657928466797	50.66068172454834
51.01726770401001	53.99506902694702
51.69601249694824	56.31349325180054
42.39881944656372	47.349486351013184
52.37380027770996	57.02554893493652
33.68981122970581	35.002716064453125
52.39503479003906	54.679362773895264
56.507272720336914	63.79237174987793
46.57711982727051	51.201233863830566
47.91910171508789	56.312174797058105
50.31616401672363	51.32354164123535
47.240095138549805	53.45222473144531
47.12124967575073	52.87482833862305
59.00115966796875	54.062395095825195
51.99172067642212	55.41757106781006
42.456727027893066	49.03297424316406
41.21686553955078	41.19007110595703
42.248260498046875	44.946781158447266
55.34738540649414	56.954360008239746
62.65473699569702	69.33262729644775
48.37377691268921	50.10324811935425
56.08957386016846	50.12074899673462
62.847933769226074	68.16422939300537
48.41521739959717	45.62819480895996
55.843350887298584	61.816059589385986
48.7321662902832	54.761977195739746
44.59101104736328	45.904396057128906
38.486145973205566	41.58433771133423
40.487327098846436	37.7087345123291
59.28381156921387	58.655324935913086
50.316091537475586	51.51079273223877
63.37126350402832	63.262996673583984
48.78856182098389	53.03729057312012
49.52225160598755	54.15145683288574
45.94918251037598	40.42609214782715
44.21883773803711	47.35826253890991
33.67034149169922	34.415401458740234
51.29646301269531	50.1016411781311
37.16624164581299	44.60635042190552
44.903886795043945	51.23057842254639
43.299848556518555	53.74652051925659
36.168567180633545	37.5651912689209
55.70904731750488	57.81820297241211
54.512009620666504	55.64754009246826
68.5995044708252	78.50687503814697
70.92926788330078	75.87400817871094
48.43369102478027	44.46226644515991
41.57241153717041	42.11026096343994
38.80650758743286	45.64109802246094
50.4051399230957	52.15718746185303
35.391746520996094	38.48985290527344
41.57659149169922	44.79959487915039
39.440319538116455	48.90948295593262
38.57559013366699	43.75107765197754
56.382301330566406	66.20631504058838
42.15101337432861	48.09049987792969
50.813762187957764	49.850794315338135
36.90203332901001	40.278719902038574
47.297829151153564	46.709421157836914
47.70096302032471	57.54946708679199
38.72666072845459	48.02990913391113
37.095186710357666	44.20918607711792
51.40287923812866	51.06766319274902
59.60191535949707	56.68727350234985
43.59720039367676	46.475120544433594
42.84715175628662	46.931593894958496
43.14979553222656	45.74683666229248
43.83337640762329	46.54643726348877
53.29999494552612	54.86513900756836
58.146278858184814	56.689950942993164
37.48808670043945	34.92240905761719
42.930686473846436	47.778236389160156
54.27922964096069	55.3759765625
52.218785762786865	64.07240152359009
42.16650152206421	45.53296136856079
47.27646827697754	52.405009269714355
33.487789154052734	39.617008209228516
54.18048858642578	61.52121067047119
43.76796340942383	35.66748809814453
56.52985954284668	48.8393292427063
60.54138994216919	59.891865253448486
53.38169288635254	53.2228889465332
49.62982749938965	48.08904218673706
63.17777872085571	63.67832899093628
55.267680644989014	47.45741844177246
44.64958333969116	49.381351947784424
60.36952018737793	57.31955051422119
58.74184274673462	57.87594795227051
50.02540397644043	51.69313716888428
55.55426597595215	57.89258003234863
58.44921112060547	56.41977787017822
55.848291873931885	60.574403285980225
54.02307987213135	61.49813652038574
42.997488498687744	38.876628398895264
49.518178939819336	51.882951736450195
46.861122608184814	43.86459732055664
46.63743019104004	51.850013732910156
53.59343719482422	53.415510177612305
53.03097724914551	56.26236915588379
58.66260528564453	55.493340492248535
35.40662455558777	47.14428663253784
46.58696222305298	42.742361068725586
42.15409469604492	35.44466781616211
56.216909408569336	68.97579050064087
39.749755859375	51.48737335205078
70.761474609375	71.5927963256836
64.47821140289307	60.87777614593506
43.706557273864746	52.000144958496094
46.46403980255127	46.02523899078369
57.50309944152832	56.6433162689209
39.08850145339966	43.499284744262695
51.81878089904785	57.50270366668701
52.261194705963135	49.4822416305542
48.27716827392578	55.336055755615234
46.01708507537842	51.541465759277344
36.470970153808594	44.51698350906372
46.467430114746094	52.956719398498535
33.37482762336731	40.757097244262695
38.53602647781372	46.12889242172241
41.18815994262695	44.19200134277344
44.467875480651855	49.4313268661499
52.697072982788086	61.405900955200195
45.069549560546875	42.21985626220703
55.32033348083496	53.3377046585083
61.863603591918945	58.733510971069336
52.883145332336426	56.998868465423584
44.20565414428711	48.429129123687744
42.38417673110962	45.83075523376465
44.21159267425537	43.87004375457764
42.11712837219238	47.88092613220215
36.08073425292969	40.50602340698242
49.126147747039795	43.542224407196045
48.49848508834839	45.718445777893066
52.852935791015625	59.129652976989746
43.03539276123047	41.78250503540039
45.57799673080444	47.030694007873535
49.05185651779175	46.51394176483154
45.92954206466675	50.56812000274658
57.35302448272705	55.51156044006348
38.20967674255371	42.51904249191284
33.46527099609375	46.06806182861328
55.19076347351074	57.25438117980957
57.978501319885254	59.03960704803467
51.66900157928467	50.20862579345703
49.686424255371094	43.50175666809082
42.313310623168945	32.02599620819092
60.44187784194946	64.14261388778687
39.46226119995117	47.709651947021484
52.61025428771973	51.025381088256836
38.54310607910156	42.77077865600586
43.70701599121094	45.280723571777344
48.44326972961426	59.270005226135254
64.42215204238892	64.74836730957031
41.30562400817871	36.94422769546509
37.58329725265503	39.70237112045288
47.52575874328613	55.38189888000488
44.94931697845459	53.50097608566284
49.588130950927734	48.261913776397705
38.59724950790405	47.428467750549316
37.72015428543091	35.963749408721924
40.647671699523926	52.06711006164551
53.03639888763428	59.63102340698242
47.70266103744507	50.845805168151855
61.70380163192749	57.94225788116455
34.162689208984375	30.9306640625
45.88149833679199	53.79822063446045
39.8568320274353	46.35036563873291
51.62353515625	47.35264778137207
43.69660520553589	46.641194343566895
61.82528495788574	62.258734703063965
49.86299514770508	59.37098407745361
64.98200988769531	63.622278690338135
41.68723154067993	46.42726135253906
60.59623718261719	64.07107353210449
52.079734802246094	49.84909534454346
40.827341079711914	40.32624006271362
48.07578086853027	42.66005516052246
50.99283218383789	53.17154884338379
48.67195272445679	53.31083106994629
37.83645486831665	35.510756492614746
37.92557716369629	52.673598289489746
65.85877799987793	64.78049421310425
45.95969867706299	56.225040435791016
60.05011320114136	67.16153573989868
36.85295867919922	42.059059143066406
48.1349515914917	55.873146057128906
47.65113401412964	47.83794021606445
71.17362785339355	71.32058715820312
47.36585998535156	44.178009033203125
40.39799690246582	48.9699649810791
40.044952392578125	38.94219207763672
64.82297229766846	69.14909934997559
46.50117874145508	46.14359092712402
44.92781639099121	38.045212268829346
51.845808029174805	59.755353927612305
44.02293348312378	53.74242639541626
42.68223285675049	46.630516052246094
48.40564584732056	54.041529178619385
58.43877983093262	57.554683685302734
55.55428981781006	51.79446220397949
42.85860061645508	54.423553466796875
49.71746063232422	46.823365688323975
60.70886993408203	61.560441970825195
34.582786560058594	37.6162109375
59.529075145721436	59.74160575866699
46.0520076751709	46.3591194152832
39.815608978271484	44.46295928955078
59.89121437072754	65.5626916885376
42.06977462768555	46.857178688049316
67.67406558990479	66.2970380783081
46.02070713043213	46.34649467468262
57.58495330810547	57.64805793762207
71.09495449066162	72.5599308013916
41.797295570373535	41.225250482559204
48.24338436126709	50.081820487976074
49.4663028717041	47.44210195541382
44.391489028930664	48.27277660369873
54.32509803771973	60.86323356628418
34.959938049316406	40.769927978515625
40.43476486206055	42.71862030029297
45.52079391479492	36.27105712890625
48.7978458404541	47.88355827331543
44.854652404785156	51.9860954284668
55.515581130981445	64.32022190093994
49.43308210372925	51.894890785217285
48.13760948181152	41.20390176773071
57.05240297317505	66.01921319961548
46.25697326660156	58.17422103881836
49.855966567993164	52.32251167297363
40.84491491317749	49.91979789733887
39.21868133544922	47.73428726196289
49.464491844177246	51.902302265167236
36.73050308227539	41.780757904052734
40.218780517578125	42.64691162109375
32.723628997802734	32.9879264831543
41.63680601119995	42.08300542831421
36.15644073486328	37.652374267578125
41.734089851379395	40.21209716796875
45.33237075805664	49.802969455718994
54.670658111572266	52.36520767211914
55.83753776550293	55.83130073547363
47.99803590774536	39.74801588058472
46.134188175201416	50.0495867729187
52.514495849609375	45.86135387420654
32.05474853515625	35.241146087646484
58.53402137756348	60.58755397796631
56.58087730407715	60.860886573791504
52.86913347244263	42.67616415023804
42.7858829498291	45.29856204986572
46.4967155456543	44.400474548339844
42.05680990219116	45.776166915893555
47.91979694366455	41.992990493774414
61.708364963531494	60.49488592147827
40.621583461761475	46.83087158203125
47.370920181274414	43.65009784698486
52.06345558166504	52.05025672912598
48.055453300476074	48.17868232727051
58.66661024093628	61.282896995544434
48.41572284698486	55.88073253631592
59.47149848937988	61.78118944168091
47.401774406433105	41.52847480773926
51.65712356567383	50.398011207580566
51.16222286224365	51.07142686843872
47.278018951416016	53.12358093261719
44.38973426818848	50.18244743347168
42.94312763214111	47.802629470825195
48.652610301971436	50.39096164703369
45.42877388000488	54.06659936904907
38.74396085739136	42.076730728149414
51.795454025268555	57.06406593322754
46.65989685058594	47.54312515258789
49.22242784500122	46.868577003479004
37.310386657714844	43.78755187988281
45.67638444900513	48.16459894180298
42.98310470581055	46.63208770751953
52.237539291381836	59.52733039855957
58.32932949066162	67.20404148101807
55.90655708312988	65.65482902526855
33.36686706542969	40.93369674682617
38.820892333984375	37.936927795410156
38.03695106506348	49.497528076171875
54.64979314804077	59.05780029296875
48.73318004608154	39.34724235534668
47.38588809967041	52.683749198913574
40.750675201416016	40.71391296386719
38.014366149902344	36.888851165771484
38.202372550964355	49.8416748046875
63.62308645248413	70.91685342788696
46.528968811035156	39.817161560058594
63.976298809051514	54.2794394493103
49.655821323394775	54.08132886886597
41.693570137023926	41.84704399108887
45.253814697265625	45.236236572265625
39.58376169204712	37.428149700164795
39.470027446746826	44.84750461578369
53.550071239471436	57.05673551559448
50.09528160095215	45.24914741516113
45.79295539855957	51.70422649383545
43.17840242385864	43.2790002822876
61.61607551574707	59.25169277191162
37.20875930786133	43.977752685546875
41.70677185058594	43.86735534667969
44.211524963378906	47.55620527267456
45.4840202331543	50.81597900390625
44.2917423248291	51.03670406341553
32.2094841003418	37.601497650146484
51.25037670135498	59.20036792755127
38.86891174316406	32.7442512512207
42.74478220939636	53.02326440811157
45.4235143661499	49.09214544296265
38.36103916168213	47.02612352371216
46.71073865890503	46.21599769592285
38.64036560058594	45.217594146728516
44.51525402069092	53.805052757263184
43.23465156555176	37.96730375289917
49.084373474121094	50.68156814575195
52.670698165893555	58.78425598144531
52.28632164001465	44.68992805480957
48.46779823303223	49.169344902038574
42.843242168426514	43.03796195983887
47.67154026031494	53.66225624084473
39.49232482910156	42.17452621459961
