43.473472595214844	48.606903076171875
37.8685302734375	43.711612701416016
35.6173095703125	40.65780544281006
43.49190902709961	48.45453643798828
39.359214782714844	45.04814910888672
40.44026184082031	38.13697814941406
54.18364715576172	59.223785400390625
45.92928218841553	47.7309889793396
36.71760940551758	40.164233684539795
35.19614124298096	41.277926445007324
47.08335876464844	49.6960334777832
35.70193576812744	37.204482078552246
39.35748291015625	47.27160930633545
41.144012451171875	42.304579734802246
51.066162109375	53.87382888793945
36.36276912689209	39.23664951324463
33.217698097229004	36.41450500488281
47.18742370605469	50.02116394042969
65.79747009277344	65.38182830810547
51.546717166900635	53.63674831390381
54.606903076171875	57.635257720947266
32.9925651550293	38.301483154296875
55.771400451660156	57.07022476196289
48.432546615600586	49.49977684020996
48.31688356399536	49.521480560302734
47.55876874923706	47.215660095214844
49.78925371170044	49.91887617111206
46.0632848739624	49.28509712219238
33.32668733596802	39.67540740966797
34.314720153808594	37.60404109954834
36.4535608291626	41.558292388916016
48.593528747558594	54.31398677825928
55.270790100097656	58.203575134277344
37.58903121948242	43.99163103103638
61.723753452301025	65.90193128585815
51.33429574966431	51.82639980316162
55.49516296386719	56.384769439697266
40.07022571563721	44.31338024139404
34.993287563323975	33.91881704330444
45.03746032714844	45.055381774902344
47.96915864944458	52.4267373085022
45.40049362182617	50.02072525024414
41.941864013671875	40.80741882324219
41.585838317871094	47.362515449523926
45.23267364501953	48.47738265991211
43.39164447784424	43.520413398742676
38.66185283660889	41.02570199966431
40.91222143173218	40.51335048675537
39.158921241760254	40.99056529998779
44.15859603881836	44.3040075302124
35.35282516479492	42.05976104736328
32.429137229919434	36.84634780883789
42.520352363586426	48.22836685180664
52.094383239746094	54.44643020629883
33.6924934387207	32.75151443481445
47.03989791870117	53.6625862121582
34.10125732421875	37.64207077026367
48.74571990966797	53.50467300415039
45.847476959228516	48.679115295410156
43.85623073577881	45.19691562652588
35.01597499847412	36.433897972106934
58.68101692199707	60.912962436676025
45.377326011657715	47.306118965148926
37.93465328216553	39.83630895614624
43.70335006713867	43.0395393371582
56.82908535003662	55.51844596862793
44.473190784454346	48.96323347091675
46.52306365966797	56.186798095703125
48.07266712188721	54.05713081359863
44.30891799926758	50.282532691955566
60.45535182952881	64.76306962966919
49.16134548187256	53.46606683731079
38.574923515319824	44.188199043273926
39.83360767364502	44.880560874938965
48.28185224533081	47.40831899642944
46.1334342956543	49.00091552734375
49.51751184463501	54.47216796875
35.24549961090088	41.65865993499756
46.24669647216797	52.94918632507324
45.570308685302734	47.809622287750244
49.65503692626953	54.83972930908203
37.563483238220215	33.09557819366455
50.62392044067383	55.14141082763672
38.145318031311035	44.13219451904297
40.01063919067383	45.68130397796631
37.979859352111816	36.77579212188721
64.1067886352539	69.4449691772461
45.21797561645508	45.68690872192383
49.315311431884766	54.29225540161133
44.04571533203125	47.96578598022461
33.12922382354736	38.45922088623047
43.05872869491577	46.52827978134155
47.872039794921875	53.90428161621094
51.18336296081543	53.57573890686035
46.21600341796875	47.530643463134766
42.33790969848633	42.19834899902344
40.17119550704956	43.959723472595215
39.07078456878662	37.25388050079346
44.492454528808594	49.9256477355957
32.436824798583984	34.474242210388184
36.91709661483765	41.01896619796753
55.85576248168945	60.728981018066406
34.13695287704468	36.92414951324463
38.57734394073486	46.435089111328125
46.319968700408936	47.91946220397949
38.458683013916016	41.40429210662842
41.58329772949219	34.460875511169434
44.553550720214844	47.34634017944336
57.86172103881836	61.84785079956055
45.75446844100952	48.73756408691406
54.75258255004883	57.1413688659668
42.52968215942383	37.94056701660156
38.84333896636963	42.28001642227173
38.293341636657715	46.6191987991333
56.047733306884766	58.884700775146484
50.93858242034912	58.10193729400635
45.0504035949707	48.76914596557617
47.40671253204346	46.91505575180054
49.62204360961914	55.07040023803711
36.39085626602173	40.76889705657959
49.438068866729736	52.2733097076416
42.49589824676514	43.43211078643799
36.97934436798096	37.861791133880615
28.156760215759277	29.08322811126709
51.03430938720703	56.22648620605469
45.70883321762085	49.80481815338135
48.3168830871582	54.331974029541016
45.43512201309204	50.48869228363037
37.25642108917236	38.922125816345215
46.7578010559082	53.893638610839844
42.77811527252197	40.068031311035156
42.51692199707031	45.71483612060547
43.30596399307251	42.15775108337402
36.909321784973145	34.72367763519287
37.580323219299316	47.88255214691162
54.10757541656494	55.73348045349121
49.06493282318115	48.360151290893555
44.18155527114868	48.07897424697876
33.622718811035156	32.522663593292236
36.09689426422119	42.770931243896484
42.612770080566406	48.96156692504883
37.11753845214844	45.011183738708496
42.72524642944336	49.029991149902344
47.16401290893555	48.340660095214844
46.09048414230347	49.890684604644775
28.104186058044434	34.69003772735596
36.92886257171631	38.07591152191162
43.63127517700195	49.26826286315918
49.22764205932617	50.37244749069214
41.29966354370117	39.10185241699219
36.450857639312744	35.67773914337158
33.289361000061035	41.11068820953369
52.9164776802063	60.345887660980225
44.958141803741455	48.17747449874878
51.80932664871216	48.611770153045654
54.03470230102539	59.49478530883789
42.136338233947754	50.62706661224365
52.11723709106445	56.055091857910156
42.05672359466553	48.30893898010254
45.72803735733032	43.77160835266113
52.68206787109375	56.82957458496094
46.66489028930664	47.58277893066406
45.566593170166016	53.0450439453125
42.700477600097656	40.018280029296875
46.961076736450195	50.70894241333008
49.750338077545166	49.45044136047363
40.76155471801758	42.65375518798828
40.40448021888733	39.781803131103516
40.8020920753479	43.6251106262207
56.23322868347168	57.97075080871582
40.07431411743164	38.55907917022705
57.812278747558594	59.20724105834961
44.18899440765381	46.570149421691895
43.983177185058594	43.05125045776367
38.22557830810547	40.32315731048584
47.55253601074219	51.472713470458984
48.50735092163086	53.366756439208984
36.5074143409729	38.663021087646484
47.10371017456055	51.46514129638672
48.640472412109375	51.51726531982422
36.74927616119385	46.26026916503906
40.845133781433105	44.30876445770264
40.93986797332764	42.851966857910156
48.88525438308716	49.929747581481934
50.31635284423828	54.46042442321777
40.399749755859375	47.142821311950684
46.69266414642334	52.50239658355713
57.416748046875	60.704166412353516
43.56618404388428	44.97624206542969
53.7449836730957	58.45879364013672
54.92721176147461	56.53239583969116
47.369141578674316	54.233802795410156
46.04217767715454	42.10648441314697
35.506072998046875	37.026268005371094
39.9682502746582	47.64830017089844
45.59108352661133	46.875792503356934
42.158668518066406	45.96330165863037
45.96825170516968	46.36669206619263
43.591400146484375	47.36194610595703
53.92223358154297	56.326725006103516
36.45343780517578	41.95315647125244
51.196876525878906	56.4908447265625
42.53365707397461	46.90251541137695
46.04972219467163	45.07009029388428
39.704627990722656	41.893409729003906
38.219590187072754	42.68122386932373
49.35662841796875	52.91449737548828
40.33685302734375	45.0587739944458
41.04627227783203	41.59300231933594
48.02119064331055	54.568931579589844
39.27926015853882	36.52997159957886
45.117554664611816	49.479209899902344
40.371331214904785	46.26114892959595
51.704458236694336	54.06054496765137
52.81092166900635	56.281381607055664
49.81878709793091	48.04491472244263
37.48530578613281	45.26001262664795
51.97376251220703	54.996788024902344
48.26303052902222	43.74348783493042
42.447853088378906	49.1135139465332
42.02310562133789	48.560333251953125
41.7773494720459	45.37920427322388
56.142873764038086	57.35869884490967
37.50832271575928	45.659302711486816
36.96509838104248	39.481080532073975
44.781578063964844	43.124427795410156
41.51648426055908	44.544363498687744
46.806135177612305	50.64217472076416
46.03819990158081	50.06459045410156
37.77180576324463	42.03804302215576
44.79586601257324	47.18829154968262
54.72150421142578	55.77371406555176
45.50580883026123	48.46161460876465
43.43211221694946	49.17326498031616
40.872825622558594	49.04533004760742
36.33450794219971	30.98433208465576
57.971343994140625	58.024658203125
49.892337799072266	54.09467315673828
58.07732677459717	62.866219997406006
39.4086389541626	42.19017457962036
41.46211624145508	42.06090545654297
49.65534067153931	54.281816482543945
49.89639186859131	49.93229055404663
50.96376037597656	49.54322052001953
42.72351837158203	45.28030014038086
40.111907958984375	43.37245845794678
50.972991943359375	51.416412353515625
40.109429359436035	44.99406051635742
51.663259506225586	53.657265186309814
46.67474985122681	54.13698673248291
43.51189136505127	46.71009063720703
56.84637451171875	61.221007347106934
48.246131896972656	52.1317253112793
56.16445255279541	59.7023549079895
41.50847339630127	45.17632436752319
46.97071838378906	53.520751953125
51.604576110839844	58.54369354248047
38.31134080886841	42.5837516784668
38.32456111907959	35.509520530700684
48.087615966796875	55.39049530029297
38.43896770477295	47.505191802978516
43.08595275878906	46.01655721664429
42.03406620025635	44.045130252838135
40.92527389526367	45.07654666900635
47.78595685958862	53.42892122268677
42.008254528045654	43.696857929229736
39.68701171875	42.523375511169434
45.210052490234375	43.48866271972656
35.35872745513916	37.660677909851074
50.391326904296875	48.69602966308594
38.96532440185547	42.673760414123535
38.28046894073486	44.091209411621094
45.639649391174316	49.4708685874939
50.92695236206055	57.01825141906738
38.718544006347656	39.01970386505127
45.450347900390625	45.73772430419922
41.121944427490234	45.2132568359375
44.09521484375	44.06999588012695
40.4368371963501	41.46734619140625
46.36471939086914	49.709421157836914
37.49623203277588	46.067039012908936
43.105393409729004	45.13637638092041
45.64755344390869	49.7832555770874
44.98933553695679	48.516448974609375
36.76857662200928	35.585323333740234
55.70975589752197	53.93022394180298
36.579041481018066	41.15394592285156
41.26126480102539	50.938655853271484
44.52577209472656	48.599780559539795
45.46808671951294	51.132235050201416
43.13153076171875	38.65159225463867
45.61109399795532	50.4131064414978
44.091773986816406	41.906497955322266
43.64550304412842	50.25363349914551
50.72414493560791	52.42412710189819
45.003424644470215	47.37536001205444
49.549471855163574	55.97231912612915
40.939513206481934	47.096946716308594
32.83319139480591	36.73350763320923
34.488441467285156	36.193671226501465
47.06927299499512	46.701273918151855
44.175583362579346	47.99329376220703
45.41414260864258	51.944435119628906
50.04362869262695	53.33942413330078
56.88577651977539	59.90231990814209
43.64680480957031	47.57068634033203
44.934722900390625	48.63816452026367
46.130821228027344	45.67043685913086
40.3065071105957	46.973411560058594
46.71382522583008	46.85935974121094
44.730316162109375	51.467063903808594
45.894747734069824	52.53005790710449
46.655067443847656	46.25730800628662
39.14254808425903	44.5868616104126
49.80478048324585	55.06420183181763
39.11803150177002	43.98262882232666
56.35157775878906	53.29158401489258
58.922441482543945	63.168532848358154
46.24479293823242	45.1844596862793
46.24007320404053	51.77778625488281
39.35420894622803	42.575011253356934
44.48500680923462	40.86318826675415
44.2393684387207	44.08433246612549
38.08255052566528	41.49301242828369
45.03537082672119	44.8083872795105
52.62927865982056	53.28369617462158
44.02128601074219	45.59263610839844
55.95388412475586	57.94254684448242
44.57963180541992	50.300400257110596
44.764991760253906	44.96506118774414
50.751953125	53.82394790649414
41.30451679229736	48.25676870346069
48.64680862426758	54.4748797416687
38.17863416671753	43.82839632034302
54.41172122955322	52.98218536376953
42.75763750076294	49.95380353927612
39.640602111816406	43.4462776184082
56.50407028198242	59.22838497161865
37.90159225463867	38.11824035644531
39.4289665222168	46.50331735610962
49.87695264816284	57.44383144378662
65.81048488616943	68.66845607757568
49.78605651855469	52.66148328781128
45.425081729888916	46.05039310455322
38.06606149673462	41.476890563964844
48.08926963806152	53.26970672607422
39.06671857833862	42.5049614906311
40.39666748046875	42.4119987487793
51.30731201171875	56.62032699584961
42.1256537437439	44.856857776641846
35.69118404388428	43.322959899902344
61.54487371444702	64.1804895401001
42.59520435333252	44.685296058654785
36.29103755950928	39.067569732666016
47.590492248535156	46.29339599609375
40.864449977874756	44.865482807159424
43.22381591796875	48.77775955200195
37.45332384109497	35.70592737197876
40.213623046875	44.60832214355469
45.322486877441406	48.13741683959961
45.39831876754761	55.81738233566284
43.45480966567993	47.8871374130249
47.64087677001953	51.174530029296875
38.234997272491455	39.61622714996338
37.27135372161865	44.59348726272583
43.97074604034424	45.06483316421509
47.947784423828125	48.81576919555664
39.77985239028931	43.091890811920166
45.419586181640625	50.49542236328125
46.04801940917969	48.700469970703125
58.962867736816406	62.29531717300415
39.11908292770386	45.45722532272339
36.40757369995117	41.783843994140625
48.1170392036438	52.17740249633789
54.31951904296875	57.27314376831055
58.11985492706299	62.97557353973389
43.49060821533203	48.53150939941406
50.634389877319336	56.28381156921387
41.47318887710571	44.39225435256958
52.2103271484375	54.97728109359741
49.98142623901367	54.152061462402344
46.64224624633789	52.71184158325195
41.7007942199707	42.02723407745361
46.90473175048828	41.319671630859375
42.376625061035156	49.75231170654297
39.65682077407837	45.83462190628052
41.040982723236084	43.47382211685181
53.370810985565186	58.3409481048584
38.759891510009766	43.10717010498047
56.74186563491821	58.87861204147339
46.368454456329346	52.22417593002319
57.51986026763916	63.51707935333252
40.13899326324463	39.20308971405029
45.41558790206909	51.002281665802
51.04063081741333	53.051050662994385
36.45450496673584	43.19407653808594
34.591461181640625	36.22883605957031
47.592679023742676	46.107110023498535
53.34203910827637	56.11804819107056
43.288639068603516	42.159759521484375
43.04146957397461	42.43319320678711
42.83518934249878	44.934967041015625
49.6668176651001	53.493637561798096
48.396438121795654	52.24871587753296
57.349984645843506	62.76450204849243
44.542458057403564	49.087979316711426
43.33954668045044	45.036561489105225
42.661179542541504	41.27175235748291
37.790013790130615	36.40194797515869
65.47863149642944	68.36695003509521
45.85844421386719	50.11985206604004
34.72916507720947	39.873061180114746
37.03460693359375	40.45993423461914
39.820438385009766	37.67351531982422
33.855998516082764	33.557637214660645
45.18336486816406	44.59324645996094
42.856658935546875	41.910624504089355
52.94746685028076	59.59213161468506
46.82220458984375	47.825923919677734
44.140193939208984	45.31256103515625
45.66640901565552	48.45874261856079
42.61963176727295	48.35105323791504
51.437472343444824	54.52895498275757
43.43781661987305	49.71342468261719
43.17002868652344	42.173248291015625
43.98747205734253	46.750542640686035
40.240580558776855	48.68076038360596
42.88780975341797	46.858070373535156
43.05754852294922	42.78028106689453
55.05611228942871	58.31612491607666
49.255577087402344	52.174949645996094
47.31108856201172	49.593414306640625
38.06560564041138	40.46096849441528
50.76861524581909	50.13452863693237
44.4309868812561	44.3315052986145
43.71734619140625	49.43905448913574
50.261335372924805	53.49838829040527
31.959776878356934	36.484089374542236
44.74293661117554	45.264540672302246
44.477020263671875	51.75001525878906
52.21954536437988	55.69979953765869
43.54668140411377	41.18481159210205
49.019421100616455	58.30360221862793
46.480427742004395	46.90946674346924
39.33824157714844	44.20297336578369
39.929840087890625	44.95995330810547
36.95600509643555	44.117061614990234
40.81171798706055	43.30567169189453
43.14904832839966	48.949645042419434
42.003173828125	39.9189338684082
39.85529327392578	44.5115966796875
54.43114900588989	56.39750576019287
46.40229034423828	45.623087882995605
39.16773223876953	43.65117263793945
49.954007148742676	52.11353588104248
43.7840895652771	44.97750806808472
46.423011779785156	49.430458068847656
45.76276636123657	50.54130697250366
44.246835708618164	42.248525619506836
45.61486577987671	51.88624095916748
44.69552564620972	48.07750225067139
56.7486891746521	58.03232145309448
39.99522686004639	42.86305332183838
46.54156494140625	52.88190460205078
43.579490661621094	50.32220458984375
40.54461669921875	38.62845230102539
39.387145042419434	45.70610046386719
42.029473304748535	47.00895643234253
35.98479080200195	39.22661590576172
43.03665590286255	48.027541160583496
60.91652774810791	67.50936889648438
48.63024139404297	49.20885467529297
43.703407287597656	49.04597091674805
47.70962142944336	53.62323760986328
51.794883728027344	55.822731018066406
44.34621810913086	42.840166091918945
45.61341094970703	51.83513641357422
51.984116077423096	58.08326196670532
39.01691436767578	44.99467420578003
36.43548345565796	40.867817878723145
42.43159532546997	46.40277433395386
49.641021728515625	52.68377685546875
40.59300994873047	47.91042709350586
49.613518714904785	55.58993053436279
40.982032775878906	44.31184768676758
54.946613788604736	59.257447242736816
56.93172311782837	59.15627861022949
50.464195728302	54.147998332977295
50.47998809814453	54.4354248046875
38.91999959945679	37.30247926712036
41.327712535858154	40.58866310119629
46.25041580200195	48.584373474121094
41.359474658966064	37.88642454147339
46.23258018493652	49.67448949813843
53.463412284851074	54.201951026916504
41.06148910522461	47.423851013183594
40.505324363708496	46.3006067276001
44.52128791809082	51.09537363052368
40.92985439300537	45.55500411987305
50.47727680206299	51.85385084152222
41.48166370391846	49.886011600494385
42.5358567237854	50.595810890197754
37.559691429138184	43.38198757171631
55.891356468200684	57.8055477142334
44.8132438659668	49.8607177734375
43.254698753356934	44.83250427246094
47.52085876464844	47.3299560546875
39.8855357170105	41.65416765213013
35.0390625	36.77503204345703
44.6786413192749	40.82153034210205
34.27209949493408	32.14272165298462
43.37151336669922	46.58696413040161
53.99125671386719	57.08332061767578
38.619873046875	36.39688491821289
34.97365093231201	35.70190715789795
42.47950744628906	42.60696315765381
40.363407135009766	43.47703313827515
48.38486099243164	56.82085418701172
35.51459884643555	42.83797073364258
42.894073486328125	51.73848342895508
52.6304931640625	58.93004608154297
55.063894271850586	54.50823211669922
45.12456130981445	50.21967315673828
33.0659704208374	37.1218843460083
37.126426696777344	39.466636657714844
40.63642978668213	40.0211238861084
39.42991781234741	43.81047868728638
47.694693088531494	52.240020751953125
41.690433502197266	45.69252014160156
32.13602900505066	32.05314230918884
45.498023986816406	51.23012113571167
42.86543369293213	43.733839988708496
43.250797271728516	41.95949935913086
50.668724060058594	55.206363677978516
56.70377826690674	63.2775936126709
42.4050407409668	45.20767879486084
40.357956409454346	46.895018577575684
31.969937324523926	36.84601879119873
36.30886173248291	38.45347881317139
43.671924114227295	48.22575664520264
45.006186962127686	49.33933353424072
39.439650535583496	42.688865661621094
36.693474769592285	46.17539119720459
46.99284362792969	51.15162658691406
40.846120834350586	43.444464683532715
44.39757585525513	48.93097257614136
37.45775127410889	39.95228290557861
49.399290561676025	54.756348609924316
54.63852310180664	55.89676284790039
33.414971351623535	38.75613498687744
39.650733947753906	42.810301780700684
45.4881591796875	51.81008529663086
49.72235870361328	50.02919387817383
43.73347091674805	47.28536128997803
40.16911697387695	45.533973693847656
45.404831886291504	50.73017692565918
40.592658042907715	45.29040575027466
45.90252923965454	48.588698863983154
46.33021926879883	53.05593729019165
52.86000156402588	56.83379077911377
48.93666458129883	55.01104736328125
47.65044641494751	49.00001668930054
41.67401123046875	45.02736234664917
31.634629249572754	35.03425645828247
42.51020431518555	50.26437759399414
61.047712326049805	62.00296926498413
41.08081340789795	43.7306604385376
41.56797409057617	45.20420551300049
45.689231872558594	48.27278137207031
40.85668087005615	43.52901363372803
50.21906661987305	56.64781188964844
42.373440742492676	43.00865936279297
43.628849029541016	46.37392330169678
39.80187225341797	46.768540382385254
43.01700973510742	49.015716552734375
46.84829235076904	50.20064163208008
53.05281066894531	59.90266418457031
45.8884391784668	45.91370391845703
54.75784206390381	57.9121413230896
48.44404602050781	49.838780879974365
46.401832580566406	46.79209899902344
40.61685562133789	44.12544250488281
50.642784118652344	54.476356506347656
45.01111602783203	43.68778991699219
47.98049545288086	50.55670166015625
49.289023876190186	47.83869552612305
55.115163803100586	56.65207386016846
35.08838367462158	40.358399391174316
57.005859375	60.74129247665405
46.29163360595703	52.52475023269653
47.189401149749756	54.80000591278076
44.342079162597656	47.989925384521484
34.479262828826904	38.793182373046875
38.0776481628418	44.712181091308594
54.36559200286865	56.063194274902344
41.67931652069092	43.89344501495361
45.8999719619751	47.877190589904785
46.87765121459961	53.08942413330078
44.62622833251953	49.106390953063965
45.27285861968994	52.475707054138184
49.62899923324585	48.22127723693848
44.129427909851074	45.06618404388428
40.45848083496094	39.54762649536133
39.3876371383667	46.415077686309814
42.04699087142944	48.35810852050781
45.048821449279785	44.560856342315674
37.46269512176514	40.288899421691895
54.605329513549805	57.214067459106445
35.80701541900635	34.345069885253906
31.043086767196655	33.46288347244263
42.5970664024353	48.567219734191895
47.77631378173828	51.94832181930542
40.17312574386597	46.01801919937134
53.74825859069824	58.673420906066895
40.2992467880249	45.25987100601196
35.50874328613281	40.84656238555908
40.52486515045166	44.44831466674805
36.35922336578369	41.40092420578003
48.43846321105957	48.37204170227051
53.32383394241333	60.220937728881836
47.981886863708496	50.258989334106445
46.01458120346069	49.151976108551025
38.479976654052734	40.91822052001953
35.40875244140625	42.01186466217041
41.40194225311279	45.276169776916504
43.679794788360596	48.651477336883545
40.00033473968506	45.80846834182739
36.62168502807617	44.02809143066406
43.90001392364502	49.53048133850098
34.27894306182861	34.37529373168945
41.070438385009766	45.05645751953125
44.872458934783936	50.09151363372803
40.22473907470703	41.946524143218994
45.402050495147705	44.88601064682007
46.074012756347656	48.612632751464844
43.71482849121094	48.42531967163086
46.49830627441406	50.009944915771484
40.28354358673096	44.88112163543701
52.07173156738281	57.488616943359375
48.19828414916992	51.561397552490234
44.003395080566406	47.21706771850586
40.72262763977051	46.99665355682373
55.310546875	59.6285400390625
58.985891819000244	62.5415096282959
38.79866170883179	42.015594482421875
42.74267864227295	45.98288440704346
44.36806297302246	48.68848371505737
50.743510723114014	52.68567895889282
43.1509575843811	47.5350866317749
36.33856534957886	37.29601049423218
41.65822649002075	45.02122402191162
49.19593620300293	51.359235763549805
62.81036853790283	65.12614250183105
33.377479553222656	34.46751117706299
55.243125915527344	58.447486877441406
48.30176639556885	46.56195688247681
38.326515197753906	44.37849426269531
44.976783752441406	51.624141693115234
55.95607042312622	58.46294689178467
42.908878326416016	50.0072078704834
43.1458854675293	48.17135810852051
52.10144662857056	56.70771789550781
46.88739490509033	47.46141338348389
51.27598571777344	53.36100769042969
44.65253400802612	48.59751749038696
51.694576263427734	52.78006553649902
52.179880142211914	54.49681282043457
45.31545639038086	48.714603424072266
39.10582637786865	40.29939937591553
45.04532241821289	50.18202590942383
51.712440490722656	52.811344146728516
44.28067445755005	47.669471740722656
47.317030906677246	48.67124080657959
37.59782314300537	43.05565166473389
36.05594873428345	33.301406383514404
41.26896524429321	45.84319543838501
47.04122257232666	49.70718955993652
60.4200496673584	62.68972635269165
44.06467008590698	48.30868911743164
41.82834720611572	38.793147563934326
35.96430587768555	41.68616580963135
39.83399963378906	43.71947479248047
42.08056640625	43.86348342895508
57.26727294921875	58.70668029785156
50.75046157836914	51.97792625427246
36.510440826416016	37.92623805999756
49.218756675720215	55.29074478149414
45.039363861083984	42.51868438720703
32.622769355773926	37.87002897262573
51.09556579589844	59.51988983154297
44.25062656402588	40.709017753601074
47.074249267578125	47.256385803222656
59.6130485534668	64.43647003173828
60.11955642700195	61.15506076812744
55.87189865112305	57.78495740890503
45.006070137023926	44.01235914230347
54.205079078674316	57.6721715927124
37.96347713470459	46.408873558044434
47.36145782470703	54.357608795166016
41.669808864593506	41.40023326873779
52.749459743499756	59.017786502838135
45.34210968017578	48.074459075927734
43.022056579589844	51.501033782958984
37.200568199157715	40.54489231109619
47.709442138671875	54.62080383300781
52.741958141326904	54.450018882751465
37.50615692138672	38.396424293518066
34.99578094482422	41.028717041015625
40.735191345214844	46.447181224823
57.649391174316406	61.78832244873047
44.82726001739502	54.39455223083496
52.76081705093384	54.609257221221924
54.41429281234741	56.38053607940674
39.6124267578125	39.19559097290039
37.36806392669678	42.38826084136963
41.014633655548096	45.493751525878906
36.51313018798828	41.401923179626465
47.79130268096924	54.2112979888916
37.87993240356445	42.25239658355713
42.02848815917969	47.70862579345703
41.45246744155884	43.824791431427
54.71888589859009	53.28763484954834
46.3931999206543	50.77480697631836
40.63414478302002	45.149319648742676
42.11762285232544	47.93036937713623
47.1672248840332	48.45308876037598
46.8745002746582	51.35719299316406
37.670677185058594	45.546226501464844
56.29627990722656	59.79987144470215
37.358909130096436	41.39906167984009
39.17281436920166	46.41918468475342
42.27373456954956	44.374109745025635
47.665627002716064	52.22792434692383
42.67170333862305	46.80064392089844
39.61701154708862	42.53237533569336
43.61340045928955	41.1479377746582
39.78374099731445	42.07272720336914
54.00784492492676	57.705044746398926
35.12945556640625	38.62861776351929
43.14688491821289	46.64825439453125
35.14352464675903	37.89075708389282
37.77240324020386	37.5968918800354
45.02468490600586	48.058244705200195
51.204477310180664	50.54828882217407
52.35622024536133	54.34796905517578
42.93789768218994	42.0250768661499
51.380674839019775	54.72887420654297
47.26509189605713	49.20883369445801
39.2949857711792	45.06166076660156
48.3234224319458	50.48242712020874
44.95792579650879	52.646342754364014
43.25656747817993	47.63669443130493
47.72833204269409	51.14239549636841
36.41229867935181	42.84206533432007
39.464839935302734	45.64820098876953
34.884986877441406	38.44902801513672
44.79368877410889	45.85877323150635
39.925543785095215	45.15946054458618
49.789737701416016	53.584022521972656
41.95749568939209	34.09850072860718
47.43360233306885	49.84398794174194
40.963741302490234	46.490286350250244
49.564454555511475	53.24962520599365
43.005794525146484	45.59917068481445
35.24455165863037	38.906925201416016
40.67613220214844	40.506561279296875
34.27311706542969	32.173553466796875
49.78861999511719	47.6603479385376
47.645987033843994	52.06581449508667
40.293105125427246	47.42960071563721
47.85417556762695	48.095115661621094
50.00969696044922	54.735633850097656
29.633042335510254	31.542016983032227
53.795066833496094	56.174400329589844
44.28996562957764	46.87014150619507
37.56921672821045	35.53084659576416
39.19225215911865	44.536949157714844
41.878963470458984	40.50086212158203
49.744754791259766	52.64384078979492
47.9588041305542	48.59700393676758
43.5539436340332	50.37470626831055
46.94456481933594	49.40501403808594
57.3321418762207	62.44340515136719
44.906071186065674	45.90808343887329
39.320823192596436	42.12464237213135
40.15128946304321	39.049301624298096
46.97904968261719	52.38003587722778
55.47722768783569	59.84315586090088
41.149017333984375	40.539302825927734
45.00859832763672	41.218746185302734
50.22608757019043	52.75148391723633
55.42852735519409	57.10274076461792
33.381157875061035	39.27602243423462
39.245924949645996	42.22453451156616
45.84258270263672	44.083242416381836
56.23438310623169	59.983978271484375
55.74385213851929	62.7601375579834
51.75053024291992	56.609031677246094
46.92276382446289	45.3559455871582
37.3249397277832	41.326332092285156
37.5796594619751	36.88396453857422
49.886695861816406	48.76441049575806
42.68935775756836	51.624637603759766
33.561561584472656	36.679049491882324
49.57321786880493	56.55238580703735
47.09623718261719	50.92987823486328
37.553412437438965	39.469937324523926
58.18641662597656	56.90998077392578
43.32598876953125	48.379878997802734
43.5614709854126	45.97562503814697
44.227721214294434	41.9946985244751
48.731101989746094	50.78709697723389
39.288325786590576	42.76372575759888
39.60640811920166	45.33987236022949
48.57167911529541	50.55766248703003
44.30545425415039	47.67066955566406
40.061309814453125	42.57881164550781
53.79364013671875	55.5604887008667
44.7521390914917	49.9713339805603
38.11031484603882	35.59067106246948
39.32886600494385	44.107064723968506
42.566077709198	50.71083354949951
51.802101135253906	55.431915283203125
47.7108736038208	43.84957981109619
52.6157341003418	55.91461181640625
49.100887298583984	56.34808301925659
45.53474426269531	43.24952697753906
45.937286376953125	45.50273370742798
55.50598907470703	56.37211990356445
48.92825937271118	53.402283668518066
49.188936710357666	50.17809247970581
49.86484479904175	57.14772033691406
50.013057231903076	52.400742530822754
41.28376865386963	42.361002922058105
46.75864362716675	44.346055030822754
48.230984687805176	54.63159799575806
46.428321838378906	51.26654815673828
46.137046813964844	47.0903205871582
39.726290702819824	35.87098789215088
41.00331115722656	45.14527893066406
43.037330627441406	48.8172492980957
46.58216857910156	52.80880165100098
51.212273597717285	52.42543888092041
34.33853244781494	39.60969543457031
46.4179482460022	49.89983367919922
49.180267333984375	50.386634826660156
64.83016204833984	67.16361236572266
47.33227491378784	50.73401498794556
56.39662170410156	53.13164520263672
42.57819080352783	46.42329549789429
38.82988405227661	44.42668104171753
47.57482051849365	53.01633358001709
33.969008445739746	36.205687522888184
45.959007263183594	51.98405075073242
43.78880023956299	42.56100082397461
44.778841972351074	51.35930633544922
42.91403293609619	48.06943464279175
48.865787506103516	49.226585388183594
59.78282928466797	63.250762939453125
43.69409942626953	50.799591064453125
49.4930305480957	53.935489654541016
45.16920471191406	47.401580810546875
40.022216796875	46.60084533691406
49.674156188964844	50.80832862854004
43.83141040802002	49.71175527572632
50.41412687301636	57.699169635772705
53.46860933303833	58.512303829193115
43.798561096191406	50.54715347290039
37.30419921875	42.890106201171875
44.35963439941406	46.67867946624756
38.36639881134033	44.279841899871826
42.07827615737915	47.73809337615967
45.2022590637207	39.737640380859375
48.576324462890625	51.24066352844238
37.35166263580322	36.04226016998291
39.25273418426514	44.12699794769287
53.94941329956055	56.916168212890625
46.547441482543945	45.167378425598145
32.41823101043701	35.067166328430176
46.33168029785156	45.98340606689453
41.18303203582764	44.27655744552612
52.136619567871094	57.78705978393555
53.7465763092041	58.96998739242554
38.71594953536987	41.63398027420044
46.75110626220703	44.1859245300293
50.06993103027344	52.43775177001953
45.993903160095215	48.69313049316406
48.52471876144409	44.53268814086914
45.165810108184814	49.81447458267212
34.64445447921753	43.06552839279175
45.610191345214844	47.39906311035156
40.96765995025635	48.46647644042969
50.74684143066406	54.877105712890625
45.09980058670044	50.07417345046997
32.873345375061035	38.12486743927002
47.2097954750061	51.155539989471436
33.38302516937256	36.21701717376709
45.228919982910156	49.80599594116211
39.19158172607422	44.5208740234375
34.118309020996094	38.426055908203125
33.073845863342285	39.92373561859131
49.711631774902344	56.05671310424805
41.321030616760254	39.30869007110596
45.252527713775635	50.60790729522705
49.07139587402344	52.91733741760254
36.747469902038574	40.627615451812744
47.45779514312744	49.12433195114136
34.37775278091431	39.94726610183716
34.86143207550049	40.301429748535156
44.77312469482422	52.864105224609375
45.144744873046875	48.795169830322266
45.002891540527344	50.74451446533203
50.732147216796875	48.70878601074219
40.09367799758911	45.60675811767578
44.82496643066406	51.311641693115234
42.74662399291992	45.42467498779297
42.31292772293091	44.575135707855225
35.87733316421509	41.11255979537964
51.30441427230835	55.482879638671875
38.593666076660156	36.450636863708496
50.67070436477661	57.31268072128296
51.33089303970337	59.37501382827759
40.106998443603516	39.34681749343872
42.441224098205566	44.934136390686035
49.24483394622803	50.592843532562256
39.05698537826538	37.37210035324097
58.24913692474365	59.525461196899414
40.67327880859375	50.39960861206055
40.52489614486694	40.01433706283569
40.865371227264404	40.60747480392456
37.1078519821167	38.13651371002197
48.72106170654297	53.858235359191895
45.400400161743164	47.377381324768066
53.621280670166016	58.34817838668823
59.83435392379761	63.30724811553955
48.53640794754028	50.238980293273926
43.20792818069458	44.57616710662842
55.656020164489746	57.639737129211426
55.25146293640137	54.26443576812744
33.977952003479004	40.525940895080566
38.86523199081421	44.20906591415405
42.88042402267456	44.89369010925293
45.70796871185303	49.658029079437256
43.88084077835083	50.30057716369629
46.889122009277344	48.402265548706055
40.507447242736816	44.09750461578369
45.88875198364258	44.209930419921875
48.144142627716064	50.1505970954895
44.698394775390625	47.62385559082031
48.603981018066406	53.416107177734375
58.4404296875	59.64870834350586
45.154685974121094	47.308937072753906
49.952125549316406	49.68029022216797
44.232147216796875	46.094409465789795
47.32970476150513	50.538920402526855
57.39546203613281	57.7358021736145
48.74585723876953	53.15974426269531
35.454734802246094	39.85675048828125
44.649173736572266	54.253173828125
36.12502670288086	33.38346004486084
38.97912311553955	43.144158363342285
55.595977783203125	57.475013732910156
47.359378814697266	45.753456115722656
38.174588680267334	40.588088512420654
54.506224155426025	52.99211406707764
48.936614990234375	50.00218391418457
45.904595375061035	48.0755729675293
42.44030714035034	41.58565807342529
47.88131618499756	51.346532344818115
48.373000144958496	51.08208703994751
45.318270206451416	45.45447492599487
38.53402614593506	36.89262342453003
45.20781326293945	51.603424072265625
42.90262699127197	44.21796798706055
48.02798843383789	53.31060791015625
44.584954261779785	46.21907329559326
53.864126682281494	56.35539531707764
40.725014209747314	44.028027057647705
32.74613332748413	31.555228233337402
51.30405044555664	55.92996597290039
37.209152698516846	44.160797119140625
40.83610486984253	44.21575164794922
49.8573112487793	51.989707946777344
47.682289600372314	53.099793434143066
40.410736083984375	40.78712511062622
49.942877769470215	50.536757469177246
47.549986839294434	50.69889163970947
32.64728593826294	36.299545764923096
53.98060607910156	59.059959411621094
50.30728626251221	52.50715637207031
43.71763610839844	49.06587266921997
58.61588096618652	61.60823917388916
43.65868663787842	49.90469169616699
50.53689479827881	51.16141176223755
42.95071029663086	50.66602325439453
42.00471496582031	40.322547912597656
55.031118392944336	58.56139898300171
45.927680015563965	50.92343521118164
48.343162536621094	52.47712564468384
46.6356635093689	48.99809741973877
