28.10610055923462	36.85225963592529
29.56451416015625	31.944427490234375
47.658599853515625	44.68360900878906
33.08833336830139	39.55134868621826
53.231008529663086	57.93481779098511
38.07342052459717	43.323283195495605
48.54639148712158	48.77762842178345
44.757296562194824	44.3208703994751
54.392555236816406	58.77924919128418
34.10812282562256	37.10077238082886
40.28104543685913	42.65883016586304
32.3087854385376	42.155110359191895
33.82694959640503	29.54458713531494
28.841845989227295	28.737879753112793
27.21053123474121	35.871829986572266
38.28893280029297	36.78710174560547
39.45587968826294	34.097293853759766
31.972515106201172	34.26219940185547
38.530357837677	37.897132873535156
47.59666681289673	49.87769317626953
38.35209560394287	43.15972948074341
33.91963577270508	38.12216091156006
34.31198596954346	35.434653759002686
35.510796546936035	37.848186016082764
24.938499927520752	27.948830127716064
33.94817352294922	36.47621154785156
29.04251003265381	28.685202598571777
41.966150760650635	44.368492126464844
30.379806518554688	32.57023620605469
33.569793701171875	30.5842924118042
32.61538028717041	28.697209358215332
34.57793045043945	36.695953369140625
40.98847961425781	44.67334747314453
32.52304792404175	37.042213439941406
53.91380071640015	56.381629943847656
27.144424438476562	32.82144069671631
50.794288635253906	53.17552328109741
26.880294799804688	30.886154174804688
28.94033908843994	36.97679042816162
45.89585876464844	52.650718688964844
58.1130108833313	63.42503356933594
55.28388023376465	58.2605504989624
37.32138156890869	39.30722141265869
55.840484619140625	58.771851539611816
27.304529190063477	28.761448860168457
41.89006519317627	45.12142992019653
41.45051145553589	45.60154724121094
32.90454149246216	34.43357467651367
43.98644685745239	55.35355091094971
30.584750175476074	34.07083225250244
40.97917556762695	49.75363206863403
57.08531188964844	54.991485595703125
38.95812129974365	47.46266555786133
30.96470832824707	32.64126539230347
33.73893070220947	40.358619689941406
37.09170913696289	34.289408683776855
33.68637943267822	46.4893684387207
53.0689172744751	54.759230613708496
38.22237682342529	41.36401414871216
36.475582122802734	40.03633117675781
35.21223068237305	35.56109619140625
29.1516375541687	36.07500171661377
57.066232681274414	62.430429458618164
44.42494201660156	49.035057067871094
36.7428560256958	29.49425983428955
28.897432327270508	29.791343688964844
34.32150363922119	38.16928148269653
29.111957550048828	35.10389041900635
32.454047203063965	35.057995319366455
36.89399242401123	45.113287925720215
48.403297424316406	50.31978988647461
30.970325469970703	36.637234687805176
34.60441589355469	40.189290046691895
33.97108840942383	37.616525173187256
33.774773597717285	38.31786632537842
54.687461853027344	66.03920793533325
34.87217330932617	32.98874568939209
38.21719312667847	39.33849382400513
41.79594326019287	41.075315952301025
27.591388702392578	32.4820556640625
45.75965881347656	46.61088466644287
29.411745071411133	29.85797691345215
49.40825653076172	50.29826354980469
44.15998077392578	46.65329360961914
46.80977249145508	48.69218444824219
48.556808948516846	49.555274963378906
30.603492259979248	34.69283580780029
38.43826627731323	46.07177734375
36.03262424468994	37.32542037963867
38.01807117462158	36.85373783111572
54.71401262283325	58.56356191635132
33.3355598449707	37.005462646484375
29.58225440979004	32.30895519256592
31.455440521240234	32.40990400314331
33.84739637374878	37.154107093811035
37.50297451019287	39.838852405548096
29.577545166015625	30.08658218383789
46.18178462982178	51.31717586517334
32.12747573852539	42.22060775756836
29.447851181030273	35.07243633270264
30.013458251953125	34.99310302734375
32.03533172607422	37.01652431488037
32.15807342529297	36.018688678741455
38.415653228759766	39.6883020401001
52.4852032661438	48.548614501953125
34.423447608947754	39.95515012741089
31.104249954223633	30.92360019683838
26.923178672790527	40.348663330078125
18.861957550048828	22.53171157836914
31.680519104003906	30.325334072113037
30.80207109451294	37.3912353515625
40.03758716583252	42.362388134002686
48.4124755859375	49.078392028808594
33.700833320617676	36.078346252441406
29.05290412902832	28.12370777130127
34.49050188064575	35.40660381317139
35.09833812713623	30.860342979431152
26.99374771118164	26.77398681640625
27.469680786132812	32.30580139160156
36.49368238449097	43.65550994873047
51.17301559448242	48.9575629234314
41.64153051376343	49.26634979248047
35.324883460998535	41.58092498779297
57.79270362854004	58.28020906448364
23.107614517211914	32.24761199951172
29.66153621673584	32.600696086883545
30.480388641357422	34.15754318237305
37.16027307510376	37.457008838653564
39.637375831604004	41.22966527938843
35.99618196487427	38.37311840057373
35.8826208114624	38.86787796020508
32.933735847473145	31.35604476928711
41.754310607910156	39.753172874450684
36.41920566558838	35.091957092285156
38.22816467285156	39.166343688964844
30.21291446685791	34.59262466430664
30.128507614135742	32.092010498046875
34.136295318603516	34.634621143341064
34.09669876098633	36.881890296936035
49.690887451171875	50.07282543182373
42.156896114349365	49.22425842285156
35.16803026199341	38.17489528656006
43.819908142089844	46.88935661315918
34.79209613800049	40.2322998046875
49.9604172706604	53.77856731414795
25.882640838623047	31.06879949569702
51.434974670410156	59.09052801132202
38.25450611114502	39.38116502761841
31.075246334075928	38.80683517456055
37.78508710861206	41.79468536376953
32.08380889892578	41.2120680809021
38.8473014831543	39.4515266418457
39.590312004089355	41.72765350341797
44.62791395187378	44.94653940200806
37.52441883087158	43.28710889816284
40.10914325714111	38.209099769592285
28.840412139892578	31.577543258666992
45.378028869628906	47.23976135253906
29.67083740234375	32.58878707885742
34.906156063079834	36.836660861968994
40.94530391693115	43.50670337677002
34.74703550338745	35.923686027526855
29.070022583007812	29.158180236816406
36.89094543457031	34.1044545173645
31.801421642303467	40.19750118255615
28.48843288421631	36.1976842880249
25.91639518737793	34.484703540802
43.51230764389038	41.786109924316406
37.368727684020996	41.95073318481445
32.36464023590088	29.006543159484863
28.172287940979004	34.67388153076172
29.151504039764404	37.60250473022461
40.30534744262695	40.36055088043213
37.79451084136963	37.1435022354126
34.91555452346802	33.401756286621094
31.04658603668213	34.41167163848877
31.88131809234619	32.96827793121338
35.69944667816162	37.990296363830566
29.275739669799805	32.73439025878906
54.1894154548645	55.250064849853516
27.876365661621094	29.242521286010742
30.098064422607422	37.944069385528564
45.079588890075684	45.830931663513184
30.713343620300293	36.681532859802246
33.766860008239746	35.92181396484375
29.369844436645508	29.96607208251953
20.632795333862305	31.641801834106445
32.901432037353516	37.60916185379028
30.383556365966797	29.665002822875977
32.5134801864624	44.45653486251831
34.20029544830322	30.934346199035645
36.741119384765625	39.41368103027344
30.836541652679443	35.420193672180176
41.444533348083496	47.010902404785156
44.82788372039795	35.252986907958984
49.92264175415039	58.08942461013794
30.4881649017334	32.456231117248535
53.093743324279785	59.337247371673584
35.46985387802124	36.694281578063965
38.88105010986328	44.65211009979248
36.2070837020874	38.870924949645996
31.021924018859863	32.63620376586914
26.57970428466797	32.23191022872925
48.342193603515625	53.03985595703125
39.72091770172119	34.65786266326904
30.50309419631958	35.38209629058838
41.93770694732666	41.24274969100952
35.51187515258789	37.29139709472656
32.79433012008667	37.49227523803711
46.8944206237793	48.15022277832031
34.451026916503906	32.858489990234375
33.41350555419922	32.62169361114502
49.26169967651367	54.59019327163696
35.95467281341553	35.042930603027344
35.23307800292969	35.42769908905029
44.991530418395996	48.63945770263672
35.99417209625244	33.801506996154785
28.86115550994873	32.86048412322998
39.880645751953125	46.08830785751343
36.210877418518066	35.33858585357666
29.824719429016113	36.00738525390625
34.29509353637695	39.4912748336792
45.15195083618164	45.05070495605469
31.19391918182373	29.309985637664795
55.505027770996094	61.88136005401611
28.80419158935547	30.06842613220215
36.90944194793701	43.75797414779663
39.884745597839355	39.38256025314331
33.56775665283203	46.7423677444458
58.625064849853516	53.71001434326172
41.509464263916016	43.98616409301758
31.186692237854004	32.69593906402588
40.71658802032471	46.39794445037842
31.130943298339844	42.15790271759033
28.978221893310547	30.301227569580078
27.118896484375	28.80316925048828
35.535887718200684	36.55602264404297
32.08044147491455	39.23595714569092
31.457018852233887	34.06256866455078
57.40839672088623	60.125661849975586
29.172828674316406	28.17596435546875
36.691651344299316	31.117023468017578
31.84130096435547	31.030960083007812
35.301175117492676	45.13608980178833
30.41663646697998	32.54549503326416
36.63121032714844	39.62551975250244
62.31457328796387	67.83516025543213
36.19632339477539	41.044358253479004
34.53472423553467	39.77468490600586
30.887317657470703	33.27051639556885
44.86478519439697	51.60179853439331
26.655874252319336	31.75446319580078
40.362075328826904	38.459364891052246
34.720458984375	31.611580848693848
46.1672477722168	57.27114915847778
26.748554229736328	27.85607099533081
33.54941654205322	49.38868713378906
43.600947856903076	44.100006103515625
24.665332794189453	29.15562152862549
38.56904983520508	42.16494083404541
28.541293144226074	30.28573513031006
42.66345691680908	48.34372663497925
29.66520118713379	34.96179962158203
35.07603073120117	37.73760366439819
29.489624500274658	32.22444152832031
36.647727489471436	38.02998447418213
28.44607162475586	30.973403930664062
26.947510242462158	28.756000995635986
42.91694355010986	45.198814868927
39.69632434844971	45.63434886932373
49.663902282714844	46.52617692947388
30.934377670288086	31.729698181152344
44.042980670928955	45.542357444763184
39.91340160369873	41.530396461486816
37.29276180267334	42.205565452575684
37.18842029571533	37.84229278564453
40.87336874008179	43.74846124649048
34.62528991699219	37.72426700592041
34.30952739715576	40.19444131851196
28.11632251739502	36.25839328765869
38.43626117706299	38.91387176513672
31.06365966796875	32.777963161468506
45.341431617736816	58.279945373535156
40.079458713531494	42.72224807739258
28.11656951904297	29.873119354248047
43.402628898620605	44.41569948196411
27.64971923828125	31.090179443359375
43.52423858642578	48.3193736076355
34.495957374572754	37.189581871032715
54.81179428100586	60.40248489379883
37.01756715774536	40.723626136779785
26.397830963134766	33.337398529052734
28.488239288330078	31.372323989868164
28.279190063476562	35.06713151931763
35.78348636627197	38.024760246276855
57.9642448425293	57.725624084472656
34.607932567596436	38.69938945770264
41.11233043670654	45.92155170440674
33.96812438964844	31.59552001953125
41.38638782501221	43.34759759902954
41.291954040527344	44.046515464782715
36.09597682952881	42.267022132873535
37.60626697540283	38.89418125152588
32.302308082580566	38.96960687637329
37.539881229400635	31.50772762298584
40.313138008117676	40.458462715148926
35.92972469329834	39.55264377593994
26.97467613220215	31.7680025100708
30.8897066116333	34.65681457519531
33.15740203857422	32.34980821609497
42.77610111236572	48.33515501022339
29.580078125	30.826435089111328
31.570053100585938	31.953938484191895
30.728116035461426	34.5947380065918
35.0982141494751	41.92807674407959
36.17698574066162	38.9979887008667
42.16445970535278	45.25942373275757
50.65924072265625	51.57740783691406
47.8567795753479	46.21173858642578
50.28913497924805	56.32799530029297
38.49286937713623	34.71105194091797
26.81978988647461	29.043046951293945
31.933002471923828	32.56833553314209
39.038506507873535	44.37070846557617
32.73896408081055	29.44702911376953
42.76578140258789	45.876962184906006
34.298157691955566	38.28801441192627
29.561996459960938	37.51343822479248
24.990148544311523	25.547571182250977
33.44396209716797	39.166534423828125
29.72963809967041	34.745774269104004
41.85116147994995	42.754977226257324
40.28841304779053	44.14885091781616
48.42962837219238	45.18173170089722
49.69184494018555	52.30728197097778
36.64751434326172	40.461182594299316
38.09993648529053	42.419108390808105
35.34975528717041	34.350943088531494
20.787939071655273	23.522594451904297
35.72258377075195	34.92189073562622
33.428699016571045	38.9834623336792
39.2120246887207	36.87119960784912
28.723915100097656	34.54441785812378
45.31766366958618	40.60523271560669
54.658321380615234	51.903533935546875
40.66134786605835	44.12717151641846
47.04981994628906	52.584158420562744
28.140071868896484	31.768085956573486
54.56952095031738	55.422539710998535
34.45648193359375	32.76367664337158
25.845361709594727	30.246002197265625
26.834471225738525	33.70403289794922
43.44496965408325	43.60088348388672
30.24562358856201	28.843994140625
29.82028579711914	31.570167541503906
42.11095905303955	45.664082527160645
31.296334266662598	34.788771629333496
35.098164081573486	29.789137840270996
26.80929946899414	32.20382308959961
38.550865173339844	46.51802730560303
32.826340198516846	31.901977062225342
28.735538482666016	37.1785888671875
34.6911735534668	39.86956787109375
50.947147369384766	49.65663528442383
42.44081115722656	40.96049499511719
31.987266540527344	33.802170753479004
31.616206169128418	38.36933612823486
43.7452392578125	52.22040796279907
27.069618225097656	28.53980827331543
20.688095092773438	21.713146209716797
34.471890449523926	36.783419609069824
32.45970964431763	39.98635482788086
30.56816291809082	26.842119216918945
31.85387372970581	35.82885265350342
34.82201385498047	37.35533428192139
38.31087589263916	37.32817840576172
42.372241497039795	39.85472774505615
29.845587730407715	43.029622077941895
26.811988830566406	29.373290538787842
32.930169105529785	38.143630027770996
44.25333309173584	47.05582332611084
33.184624671936035	38.25847578048706
44.79533672332764	44.69005584716797
29.430222511291504	36.871087074279785
46.73898696899414	49.41933631896973
36.12377643585205	38.30200910568237
48.41988945007324	52.00766372680664
36.561638832092285	37.52523708343506
30.32699489593506	35.03634738922119
28.286376953125	28.93514633178711
28.812915802001953	32.27349853515625
40.70639896392822	45.74406433105469
34.37222242355347	36.77347660064697
36.85891628265381	35.685038566589355
33.42784881591797	35.50833034515381
29.801712036132812	32.48068332672119
27.000587463378906	31.88643455505371
33.41899871826172	39.79537487030029
33.61093997955322	34.69668531417847
45.07855224609375	45.33070755004883
43.040499687194824	47.048903942108154
47.27475690841675	51.24021530151367
31.5671968460083	29.282029151916504
34.85940933227539	37.23742389678955
19.47710418701172	34.13129425048828
29.437101364135742	32.114112854003906
34.44130611419678	36.465216636657715
42.82117509841919	48.61893653869629
39.36592102050781	41.500107765197754
30.700674057006836	31.48383331298828
30.963263511657715	34.587158203125
36.0905122756958	42.90651273727417
36.68437433242798	41.67395782470703
36.590457916259766	37.40997934341431
35.07656478881836	39.50306034088135
29.294908046722412	32.970664501190186
35.109100341796875	34.760539531707764
47.346832275390625	46.614389419555664
35.32766246795654	39.7857403755188
27.76497459411621	29.416687488555908
56.364991664886475	61.181135177612305
41.257155895233154	49.54661178588867
47.14571523666382	46.19087219238281
32.22193241119385	32.27698230743408
39.92361402511597	46.82243347167969
34.8594446182251	36.32805633544922
30.81684112548828	30.308049201965332
36.873722076416016	38.257744789123535
24.830188751220703	27.347057342529297
28.30511474609375	33.02745342254639
26.186437606811523	31.262452125549316
33.84245300292969	30.890755653381348
27.94918441772461	33.83560657501221
34.698975563049316	37.94084167480469
39.65186405181885	40.785916328430176
25.471370697021484	32.08697557449341
31.304443359375	32.592952251434326
31.994338035583496	34.201457500457764
28.038530349731445	32.900203704833984
52.364301681518555	58.833069801330566
33.052974700927734	35.681525230407715
36.421631813049316	42.13143491744995
38.782015800476074	41.989869594573975
43.95576572418213	47.442352294921875
36.373409271240234	43.199615478515625
39.081353187561035	43.546043395996094
34.70885753631592	34.189205169677734
40.22156524658203	47.03216552734375
40.25535726547241	42.20307922363281
28.39032745361328	31.105812072753906
29.0314884185791	31.05614423751831
31.821507453918457	42.6992883682251
25.874669313430786	34.11994934082031
23.954768180847168	25.307395935058594
29.72038984298706	31.20215606689453
56.993064880371094	58.101101875305176
34.06829071044922	38.32356262207031
37.30795383453369	37.4097261428833
34.33051300048828	38.96557140350342
32.59164333343506	34.054882526397705
34.81517267227173	42.409671783447266
31.621140956878662	39.1209716796875
57.48532676696777	61.22721004486084
53.14776611328125	57.93885040283203
45.246524810791016	58.17131996154785
45.30863046646118	51.514034271240234
33.36643981933594	36.69030475616455
50.02314758300781	52.89918899536133
42.75514078140259	42.01807403564453
28.193248748779297	30.792553424835205
29.66262435913086	28.36042881011963
40.858778953552246	45.8117790222168
34.38313674926758	38.53421401977539
47.821738719940186	50.54362106323242
33.456501960754395	39.21056365966797
48.479163646698	48.37396764755249
42.57894802093506	44.55332565307617
40.383925437927246	43.76851272583008
31.55936050415039	30.31083869934082
27.228809356689453	29.555423259735107
33.24312686920166	36.27218532562256
32.18179225921631	36.57411575317383
37.0215425491333	38.61819934844971
41.15769100189209	47.765315532684326
44.983543395996094	42.894896507263184
39.17695140838623	40.239715576171875
31.780967712402344	38.83282423019409
51.36720275878906	51.07560348510742
29.964305877685547	32.208396911621094
40.35353708267212	53.50341796875
36.27315616607666	38.92420291900635
31.602481842041016	35.65448760986328
33.89563322067261	35.76616287231445
30.081777572631836	26.125340461730957
24.323902130126953	34.095741271972656
33.10868740081787	38.659719944000244
53.66951322555542	57.330565452575684
42.813995361328125	43.634934425354004
32.379112243652344	34.75494384765625
49.118160247802734	49.89646577835083
24.19332504272461	28.559508323669434
34.382357597351074	31.989266872406006
26.64630699157715	33.27834367752075
36.04002285003662	52.42432403564453
38.470513343811035	36.912217140197754
31.207012176513672	33.831565856933594
34.262847900390625	35.63056945800781
32.06140995025635	32.875099182128906
31.384589195251465	37.30601978302002
41.12873840332031	43.234832763671875
32.24430561065674	32.658236503601074
30.06593894958496	30.926950454711914
31.83121919631958	34.27124738693237
45.577842712402344	44.90353059768677
29.76386547088623	36.18762254714966
35.28141117095947	38.59720516204834
30.881916046142578	32.77859878540039
42.739837646484375	40.59155464172363
32.28771686553955	37.54713535308838
35.99037265777588	43.45565414428711
42.00524139404297	44.10074758529663
33.83983325958252	40.38646602630615
28.707001209259033	36.455140113830566
33.09434175491333	35.58942794799805
32.981048583984375	31.491875648498535
43.01895189285278	47.05916118621826
36.50761413574219	43.039329528808594
39.09231662750244	37.21598196029663
43.01152181625366	42.184112548828125
45.6727294921875	40.65257930755615
43.541175842285156	51.66166305541992
36.158660888671875	43.736217975616455
29.322242736816406	30.65802001953125
47.044532775878906	46.17107009887695
30.08787488937378	32.80213165283203
32.40309238433838	33.79568576812744
28.4228458404541	28.698291778564453
47.5927414894104	54.531227111816406
43.339362144470215	53.085811138153076
35.93506574630737	35.40609359741211
57.134438037872314	61.204867362976074
31.905694007873535	40.18742561340332
35.74940586090088	39.3158655166626
29.58271026611328	29.89260482788086
41.3193736076355	44.72005891799927
27.833800315856934	31.77475357055664
30.813852310180664	39.733169078826904
33.621535301208496	33.8260498046875
32.994911193847656	32.230820655822754
35.951602935791016	38.15611267089844
52.000168800354004	54.38361740112305
30.411814212799072	36.062180519104004
37.88679122924805	38.39927673339844
25.832237243652344	27.61953115463257
33.70368242263794	32.74546146392822
41.126018047332764	45.348724365234375
52.333884716033936	60.90670394897461
42.72991991043091	38.928245544433594
47.21038293838501	48.00335693359375
25.980695724487305	30.42907953262329
41.269615173339844	48.599857330322266
30.199493408203125	32.07446575164795
49.37802505493164	54.558045387268066
43.832093238830566	52.66403579711914
38.641676902770996	39.55459213256836
30.458545684814453	33.69473361968994
65.52267456054688	56.40495586395264
65.61544227600098	64.76642608642578
34.4239387512207	29.687530994415283
51.391335010528564	51.33814334869385
39.04442596435547	43.80595254898071
32.84952640533447	32.90369749069214
29.40209197998047	35.741775035858154
31.3629150390625	32.778377532958984
37.59464883804321	41.590638160705566
42.38081645965576	47.44057512283325
19.870712280273438	25.062384605407715
36.910223960876465	30.91830539703369
27.783775329589844	31.716227531433105
33.39141511917114	35.06096649169922
37.31817626953125	44.112491607666016
29.76917839050293	30.326732635498047
29.876961708068848	34.49165725708008
37.80123233795166	41.24662685394287
54.16746139526367	53.337071895599365
40.30371379852295	43.705946922302246
33.04710102081299	38.53557586669922
45.935019969940186	47.138198375701904
31.30082368850708	34.032729148864746
52.35456132888794	56.00819110870361
29.31741952896118	38.478535652160645
49.09249305725098	49.581475257873535
45.134281158447266	47.30418682098389
35.931077003479004	29.5451021194458
28.878936767578125	30.632386207580566
57.513904094696045	68.33515167236328
34.71090316772461	35.80667018890381
55.332332611083984	48.93869352340698
40.54973316192627	41.56881332397461
44.22974395751953	46.52479648590088
32.223252296447754	29.22440528869629
25.434776306152344	33.40289354324341
31.577842712402344	33.58327388763428
29.322668075561523	37.94729948043823
45.49269342422485	44.62083721160889
48.358463287353516	52.325843811035156
46.857032775878906	50.08191680908203
37.1255407333374	40.070008277893066
25.99238872528076	35.33634901046753
20.831012725830078	26.667981147766113
28.47787857055664	30.535463333129883
32.27874755859375	31.039893627166748
40.678653717041016	40.130066871643066
36.173264503479004	39.393702030181885
44.80625915527344	45.36405897140503
33.124892234802246	35.18293476104736
31.11471652984619	33.85878324508667
35.7732629776001	41.56709289550781
31.764175415039062	29.83124542236328
36.74149417877197	36.780762672424316
30.978903770446777	30.91538429260254
42.03515625	44.71267032623291
45.940430641174316	45.231772899627686
31.70327663421631	36.31673526763916
39.92948865890503	46.15415954589844
43.43557834625244	47.06519603729248
59.730931758880615	60.617408752441406
30.859718322753906	29.268112182617188
49.18828010559082	63.18742752075195
44.662941455841064	45.70685577392578
33.28879261016846	39.00448989868164
32.41484069824219	36.15010356903076
32.61034297943115	39.299864768981934
36.01231670379639	36.158660888671875
35.564406394958496	42.446311950683594
36.92866897583008	38.4544882774353
44.89592742919922	48.385826110839844
39.54782581329346	51.2232084274292
33.66702222824097	32.427701473236084
32.52849102020264	34.32289409637451
26.837005615234375	28.29180908203125
46.552528381347656	48.95590686798096
34.556427001953125	31.77788019180298
32.68986463546753	32.463812828063965
22.658076286315918	28.03549289703369
31.628482818603516	32.075096130371094
33.10690402984619	33.494369983673096
47.9228515625	52.909305572509766
38.110599517822266	38.0128059387207
48.4163818359375	48.640350341796875
58.21591758728027	57.88334083557129
37.019734382629395	34.998276233673096
35.12694454193115	38.53209686279297
32.81071758270264	32.83484363555908
43.8189697265625	46.39778757095337
34.133182525634766	36.25681972503662
29.582683086395264	36.522581577301025
41.71453619003296	46.2147331237793
53.48738098144531	57.13688850402832
52.46649169921875	54.967127323150635
28.39573097229004	35.351741313934326
28.67990493774414	33.07504653930664
28.856360912322998	24.217742919921875
40.33031892776489	42.619473457336426
30.945675373077393	33.99463176727295
33.818538665771484	42.701374530792236
32.001956939697266	31.13980770111084
36.35671138763428	40.112876892089844
30.34412956237793	35.11119842529297
46.362762451171875	52.706724643707275
35.483574867248535	36.13925218582153
43.61326503753662	50.023598194122314
36.77553462982178	40.22768306732178
35.095582008361816	41.00823497772217
27.67623519897461	35.95281219482422
41.10761260986328	43.38156509399414
39.321106910705566	56.97332763671875
38.502439975738525	40.104312896728516
34.76806926727295	33.179123401641846
35.155677795410156	37.143311500549316
22.55977153778076	24.0220308303833
32.16378450393677	29.893345832824707
46.0299186706543	49.44723892211914
45.791415214538574	47.88715744018555
32.00392150878906	36.24457836151123
26.740489959716797	31.148658752441406
28.625977039337158	29.693403244018555
30.89313268661499	32.031002044677734
31.684813499450684	41.55944585800171
38.60188293457031	36.401495933532715
34.67812776565552	31.465816497802734
34.17967987060547	40.57716464996338
31.355426788330078	33.16384553909302
26.553205490112305	29.187068939208984
36.53709411621094	34.84139156341553
31.664219856262207	36.444886207580566
46.492202281951904	48.75651168823242
29.914326667785645	33.08787822723389
42.79753828048706	49.93896484375
47.11178207397461	52.673842906951904
55.08399200439453	62.25827693939209
33.86330509185791	46.42202711105347
58.88134574890137	58.92867088317871
26.442943572998047	30.744075775146484
35.562867164611816	32.96579360961914
35.984639167785645	36.717719078063965
37.43782424926758	36.726731300354004
40.90435743331909	38.34095096588135
23.068164825439453	33.068336486816406
49.533066272735596	52.78734111785889
36.335479736328125	37.91897678375244
47.058345794677734	47.20154571533203
36.76480579376221	34.67935848236084
40.111942291259766	45.41163349151611
36.91830539703369	38.7811713218689
28.743062019348145	30.4110746383667
36.58989667892456	30.651994705200195
40.58034610748291	44.52769136428833
28.261470794677734	31.965935230255127
48.48698806762695	54.30091381072998
29.43568706512451	33.722877502441406
45.71685028076172	45.812896728515625
34.74821090698242	34.85631513595581
33.82429838180542	33.52767276763916
40.269700050354004	32.19632434844971
29.348890781402588	33.424530029296875
32.2974853515625	33.4306640625
35.93661403656006	37.29997158050537
33.829593658447266	34.79135036468506
31.81187152862549	32.02902603149414
47.35230875015259	49.45616912841797
26.807178497314453	31.056015491485596
38.65788173675537	43.287739753723145
28.20277976989746	33.950982093811035
28.372657299041748	28.56614112854004
26.72741413116455	29.132142066955566
33.60365295410156	48.696311473846436
40.327351570129395	42.396636962890625
28.195297718048096	27.589409351348877
30.065598487854004	33.39249801635742
40.60993814468384	43.23017883300781
45.06752014160156	47.14875411987305
41.69949722290039	32.48619079589844
34.197601318359375	41.086941719055176
30.007750988006592	34.5157585144043
36.99244213104248	40.33306932449341
40.2167387008667	44.51079511642456
31.185855865478516	30.231292247772217
51.63862609863281	54.13757371902466
44.00174045562744	47.10821771621704
25.896068572998047	28.1319637298584
24.559062957763672	34.95135498046875
24.043590545654297	29.5506649017334
29.034149646759033	35.43632125854492
40.05721664428711	44.241703033447266
57.31690979003906	58.969099044799805
30.257225036621094	35.830981731414795
44.07659912109375	41.25621700286865
28.882095336914062	30.966655731201172
30.57613754272461	32.16522979736328
28.513635635375977	26.854001998901367
51.22765350341797	52.24511432647705
32.33087158203125	33.52399444580078
35.60444641113281	38.864956855773926
33.72000503540039	34.619186878204346
50.25330972671509	53.22244310379028
33.47681522369385	39.7635498046875
41.475608825683594	42.17205333709717
35.04579162597656	33.80647373199463
29.902284622192383	30.977214813232422
33.124366760253906	39.49646711349487
35.507240295410156	34.41680908203125
56.236061096191406	53.16989707946777
39.23503875732422	42.25557994842529
27.577590942382812	33.281168937683105
28.703582286834717	32.98849010467529
38.60893106460571	45.028324127197266
32.329490184783936	35.803467750549316
30.144925117492676	36.419474601745605
27.82106590270996	31.32244110107422
29.814529418945312	35.823402404785156
36.39971971511841	38.834896087646484
45.17307758331299	50.68410396575928
32.863423347473145	44.77248001098633
34.876590728759766	32.19849348068237
37.169142723083496	41.36583662033081
32.588507652282715	37.98959255218506
53.563602447509766	53.149681091308594
30.550010204315186	33.89723300933838
34.161972999572754	37.62461185455322
34.825724601745605	36.58330535888672
47.1611328125	49.587623596191406
35.097594261169434	28.84249496459961
36.38972806930542	38.70490121841431
34.97601270675659	36.37910842895508
34.828433990478516	38.06872272491455
20.08147430419922	26.040329933166504
38.36721420288086	33.97948741912842
23.750739097595215	26.10457181930542
33.33234786987305	33.54539394378662
33.33713436126709	37.88660478591919
34.474759101867676	36.614651679992676
29.647743701934814	37.25850963592529
25.77568244934082	26.839893341064453
18.498394012451172	31.08068084716797
29.268962860107422	35.52143096923828
32.58320331573486	38.976073265075684
36.37731170654297	43.071449756622314
31.15739345550537	34.80499982833862
44.50724697113037	46.70851230621338
40.866539478302	38.28130340576172
36.697754859924316	34.970234870910645
34.35996198654175	38.71691131591797
41.40054702758789	41.8104829788208
45.136483669281006	51.03828763961792
45.26212978363037	42.14219570159912
36.1849365234375	41.72949981689453
40.18209457397461	40.5227165222168
34.82251739501953	36.48031711578369
37.48823547363281	42.49259090423584
52.45548629760742	52.14370536804199
33.82389450073242	37.62056064605713
34.603363037109375	33.87024784088135
29.27095127105713	37.666351318359375
26.50759506225586	29.303364753723145
49.414879322052	48.95452833175659
30.41908836364746	34.90509033203125
28.3848237991333	28.138747215270996
26.388306617736816	30.476712226867676
37.42880630493164	36.364991188049316
46.3902907371521	46.519081115722656
43.369505882263184	46.643681049346924
33.90322780609131	41.652889251708984
33.28047180175781	34.487597942352295
39.39877223968506	39.94597148895264
30.336454391479492	32.69681453704834
23.005459308624268	26.583569526672363
34.80170011520386	37.897762298583984
41.475205421447754	43.482276916503906
42.884156227111816	48.828604221343994
33.88733196258545	37.62317752838135
43.7559814453125	42.146427154541016
44.620357513427734	47.48863506317139
28.969173431396484	28.987350463867188
41.04759693145752	41.684054374694824
36.0784387588501	37.486605644226074
37.79480695724487	33.75150012969971
38.719791412353516	41.96930694580078
28.51958656311035	30.62081813812256
35.198936462402344	36.84154510498047
28.81112289428711	26.22748374938965
35.38204908370972	38.11721420288086
35.70804691314697	37.98750972747803
29.424941539764404	33.600285053253174
36.56009387969971	40.40273666381836
30.929447174072266	32.001075744628906
36.15032911300659	41.9445276260376
28.74773406982422	31.537628173828125
43.305931091308594	43.61373853683472
30.87953281402588	35.76136493682861
27.292189598083496	31.476222038269043
34.373366832733154	33.82714080810547
33.97985076904297	48.719496726989746
32.05022048950195	33.17009687423706
47.28128433227539	41.61650848388672
28.55370283126831	34.98786211013794
29.27860975265503	32.802090644836426
19.996660232543945	23.114303588867188
26.541247367858887	32.10897159576416
60.35879611968994	66.02186679840088
35.50286102294922	38.937835693359375
52.80992126464844	53.210593700408936
43.041812896728516	46.22323751449585
32.92919874191284	37.665802001953125
33.071067333221436	34.7054557800293
32.90609836578369	33.7633752822876
37.98599290847778	44.87886095046997
41.903926849365234	38.16462993621826
30.551490783691406	31.080446243286133
33.260436058044434	37.761298179626465
33.05098342895508	31.44127082824707
44.81861925125122	45.89331674575806
37.09152603149414	40.6869158744812
35.963356018066406	37.00934886932373
30.643417835235596	38.502745628356934
52.92518997192383	50.05490064620972
33.62311935424805	36.62797451019287
35.448317527770996	37.15276336669922
38.134522438049316	39.64112091064453
43.88575744628906	44.56768798828125
49.63805866241455	51.99907684326172
51.30747604370117	56.49021530151367
33.86692523956299	40.18812561035156
38.66093730926514	42.25495147705078
31.777700424194336	33.231918811798096
40.42472839355469	49.65095043182373
33.920411109924316	37.292195320129395
48.87123203277588	47.47822618484497
30.12484073638916	33.292874813079834
37.1345853805542	29.19412612915039
35.3460693359375	39.368408203125
30.96499729156494	32.414870738983154
31.663105487823486	34.75844621658325
35.697784423828125	38.53748416900635
35.39358615875244	39.64405059814453
46.64311218261719	49.696189880371094
35.29665470123291	34.64671611785889
53.5904974937439	59.11398983001709
37.123226165771484	37.98381328582764
58.85001754760742	57.23152542114258
27.54579734802246	35.78105926513672
29.16604232788086	31.826372146606445
32.09660243988037	35.047454833984375
28.973648071289062	33.04460906982422
27.920174598693848	38.74657392501831
29.03813600540161	31.11771821975708
20.50865936279297	22.83944606781006
31.309261322021484	33.95320177078247
20.02184295654297	26.271231174468994
33.887892723083496	36.22872972488403
29.66208267211914	31.070053100585938
31.150009155273438	31.490055084228516
28.345160484313965	30.91102695465088
23.221554279327393	28.62446355819702
26.466135025024414	29.205620288848877
27.390406608581543	38.762646198272705
32.11659336090088	35.41767883300781
27.148194313049316	29.082472324371338
50.55246877670288	52.57042407989502
34.87566375732422	49.50353288650513
34.16993427276611	36.81604623794556
30.63365936279297	36.22067356109619
35.69997024536133	37.78190231323242
36.920342445373535	37.30322742462158
40.98796463012695	43.344268798828125
29.370346069335938	34.77224349975586
53.96653461456299	53.22087860107422
30.280487537384033	30.635406970977783
33.72088623046875	37.95453357696533
30.966002941131592	33.644917011260986
30.397621154785156	32.23280668258667
31.985981464385986	33.008803367614746
46.991676330566406	50.09531021118164
35.12325382232666	37.42562770843506
42.54740238189697	38.460662841796875
35.2972149848938	34.946677684783936
32.514644622802734	42.943878173828125
27.817742824554443	38.53905773162842
46.33314895629883	46.830177307128906
27.143362998962402	36.54027557373047
28.60836696624756	35.59310531616211
27.654483795166016	36.54043197631836
51.92218065261841	52.543701171875
45.012298583984375	42.59139347076416
26.708710193634033	27.34101104736328
42.73189926147461	53.36174392700195
39.65133762359619	43.88596773147583
47.102763652801514	45.80848836898804
30.708775520324707	35.29816389083862
22.309221267700195	24.296863079071045
34.80525493621826	34.95859146118164
61.72818660736084	76.61302089691162
33.29279661178589	34.370243549346924
33.827725410461426	41.1110200881958
46.87580490112305	53.831510066986084
30.138442516326904	36.053123474121094
36.15966510772705	26.618319511413574
33.05180740356445	32.72669219970703
40.64334583282471	42.463672161102295
34.184678077697754	38.8185338973999
23.728079795837402	23.60020637512207
34.378453731536865	42.59181261062622
25.191161632537842	30.27876853942871
33.322139739990234	34.68109607696533
46.75660800933838	49.82913112640381
51.64496469497681	53.615121841430664
17.807010650634766	32.14895248413086
40.21711349487305	44.43324279785156
40.70829677581787	42.7787446975708
33.461341857910156	37.36467361450195
33.46669864654541	36.49510431289673
29.440673828125	31.189834594726562
28.37485122680664	31.6489315032959
40.630784034729004	43.37153720855713
34.21690368652344	36.07015371322632
35.587955474853516	31.214628219604492
35.474066734313965	31.351966857910156
42.79273223876953	40.02606964111328
37.27339553833008	33.302979469299316
34.17607069015503	36.117637157440186
50.90333604812622	59.96096134185791
30.01112174987793	29.65254783630371
32.53245449066162	30.11250400543213
34.196136474609375	37.375210762023926
51.30546951293945	56.57164192199707
30.256571769714355	33.78859806060791
29.666916847229004	34.02037811279297
30.593963623046875	34.876426696777344
31.787056922912598	34.953383445739746
33.160343170166016	32.477126121520996
