60.063385009765625	58.13668441772461
59.22367715835571	54.91763734817505
83.53366279602051	76.1200008392334
82.44209384918213	82.01380634307861
66.30516052246094	64.02355194091797
47.62263536453247	42.839455127716064
64.75621175765991	59.7503342628479
59.271345138549805	54.413933753967285
78.83512020111084	72.85634803771973
67.93026924133301	65.14087677001953
71.79016971588135	67.00786781311035
81.68281745910645	66.99870300292969
79.54755592346191	76.92059326171875
46.342552185058594	42.689109802246094
40.72827863693237	40.296873569488525
63.594290256500244	62.566391944885254
47.15373229980469	43.13740539550781
62.540239334106445	58.15507650375366
59.412269592285156	55.134034156799316
61.611680030822754	50.478182315826416
42.92921447753906	39.6969108581543
63.331703186035156	63.2159423828125
53.08635330200195	47.31162643432617
64.58128356933594	67.58522033691406
69.01602745056152	57.187209129333496
75.13717460632324	66.61913394927979
63.286781311035156	63.50642013549805
63.29607963562012	59.46070671081543
55.105873107910156	48.63728332519531
46.243858337402344	40.611595153808594
54.320884704589844	47.78152084350586
94.77043294906616	86.01567029953003
95.4591851234436	88.63986825942993
67.49127864837646	67.52626895904541
82.43880414962769	76.28035736083984
60.532958984375	60.06827926635742
66.04680490493774	63.0766167640686
47.492431640625	42.52339553833008
43.24285554885864	43.71772289276123
74.20073175430298	75.19916772842407
76.21783971786499	73.18934535980225
71.67643070220947	64.45227146148682
65.77227973937988	61.41719627380371
35.28593444824219	34.798837184906006
60.716049671173096	54.300222873687744
43.95642852783203	41.90644073486328
39.17461156845093	41.72367525100708
43.92848205566406	38.98986101150513
40.98210287094116	37.35936641693115
58.204593658447266	60.836082458496094
43.592891693115234	40.11719512939453
77.28388023376465	73.10343408584595
66.69081115722656	65.84571647644043
79.12178993225098	82.37576293945312
50.830467224121094	51.494319915771484
64.14008903503418	58.66491937637329
70.64014434814453	71.85011100769043
62.33793640136719	59.083245277404785
48.97507667541504	46.97519588470459
53.684349060058594	55.06598663330078
53.737735748291016	48.72505187988281
53.47613525390625	56.542938232421875
61.70654773712158	60.63677787780762
55.5912709236145	60.20105266571045
59.70179271697998	52.447773456573486
85.06981754302979	72.74832057952881
44.39854288101196	40.861939907073975
49.17779541015625	47.05268096923828
58.979501724243164	58.06144380569458
66.90425109863281	66.95140075683594
45.23588943481445	39.98329162597656
51.2376708984375	44.61201858520508
50.658714294433594	45.62053680419922
73.45594882965088	61.38181686401367
68.85678291320801	64.53625679016113
69.5193943977356	65.10203647613525
51.699867248535156	44.97712707519531
50.266828536987305	43.14652919769287
66.67956352233887	60.95089912414551
73.57916355133057	65.4366397857666
69.1971960067749	70.81393194198608
63.00836944580078	64.7664566040039
54.31648635864258	51.70471954345703
73.45295906066895	70.8292007446289
62.9972620010376	60.701664447784424
66.57254791259766	65.24839067459106
74.02535438537598	73.65481376647949
64.90981864929199	61.20979928970337
67.9610366821289	64.5413966178894
52.86536407470703	54.42253875732422
55.397518157958984	49.320953369140625
38.090667724609375	38.502464294433594
59.655006408691406	50.91313362121582
70.91275215148926	73.4451675415039
70.62732696533203	66.46945238113403
71.38034105300903	75.1944637298584
44.9022102355957	33.011131286621094
70.16235113143921	64.80442810058594
62.90810775756836	62.45566177368164
59.43970489501953	60.94122314453125
88.67845344543457	78.54179191589355
63.500046730041504	60.162668228149414
46.642677307128906	43.98652267456055
57.159263610839844	57.077518463134766
62.38883972167969	62.06401824951172
64.68259334564209	56.59735679626465
39.561389446258545	37.885666847229004
98.40151119232178	88.80612468719482
42.695491790771484	40.65214538574219
61.40092372894287	60.573363304138184
53.117798805236816	49.09477090835571
79.00094604492188	73.60743141174316
64.90401268005371	60.13257026672363
60.81524419784546	62.579219341278076
67.58334159851074	65.83713340759277
69.69961357116699	66.44837093353271
51.27213478088379	56.49658203125
40.230897426605225	37.37995767593384
41.895291328430176	40.748756408691406
94.2110013961792	84.75946998596191
86.53831672668457	75.29430532455444
62.967238426208496	64.13809776306152
55.04020309448242	44.81889724731445
38.69635629653931	32.0661244392395
64.24290657043457	61.45852565765381
48.5349497795105	47.96078538894653
51.44337844848633	48.514543533325195
39.04837369918823	37.77558422088623
44.90983200073242	42.37269592285156
35.57663869857788	31.840415000915527
89.45899486541748	81.9300856590271
50.56550598144531	45.2020263671875
72.52282619476318	67.73199558258057
48.0175895690918	45.64545822143555
42.465782165527344	40.37009811401367
83.20687580108643	76.56284475326538
34.90994119644165	33.36640787124634
57.74878692626953	60.09162902832031
54.6474609375	46.459808349609375
62.43759632110596	59.84921932220459
65.13158369064331	64.38476657867432
70.52441596984863	68.25588941574097
63.537686347961426	53.786298751831055
53.44910430908203	53.87748336791992
49.634117126464844	44.39656448364258
54.128746032714844	51.2728271484375
48.616703033447266	46.823001861572266
52.15271186828613	55.42481470108032
52.05905485153198	50.35603666305542
71.96953439712524	67.06977796554565
39.773253440856934	34.863094329833984
64.71920013427734	59.94104862213135
56.69361114501953	47.31011390686035
63.28351593017578	59.95843505859375
48.127113342285156	41.49138641357422
60.64121150970459	60.182103633880615
59.280394077301025	58.462663650512695
60.46372413635254	62.01200485229492
56.2174186706543	58.48942565917969
68.49263620376587	67.82359886169434
64.11605834960938	66.14314270019531
46.65986251831055	37.073524475097656
74.87390995025635	68.73114109039307
57.17607116699219	59.509769439697266
35.24927806854248	35.240159034729004
57.60761833190918	50.88430309295654
58.70943546295166	52.003183364868164
89.91509532928467	87.28086280822754
61.459938049316406	61.907203674316406
76.75760841369629	78.44955539703369
59.004905700683594	49.52581024169922
65.39033508300781	66.1480712890625
59.39669418334961	58.51039123535156
58.49945068359375	63.629817962646484
59.97743368148804	63.01504611968994
45.54888725280762	44.73749542236328
45.92354440689087	45.04551362991333
64.83046817779541	59.491026878356934
57.99546003341675	55.35628604888916
64.29438924789429	59.269694328308105
48.54711151123047	47.7092170715332
66.77146911621094	58.55524492263794
66.5730652809143	64.63196563720703
69.57528114318848	65.77074527740479
67.23777866363525	65.02603769302368
56.03416442871094	55.86519241333008
59.80845880508423	56.99519920349121
69.4465479850769	60.15923452377319
51.323734283447266	47.04704284667969
46.13588571548462	46.84962034225464
51.89305877685547	45.166622161865234
60.191925048828125	60.2307014465332
59.75803756713867	63.0012321472168
61.068307876586914	56.332351207733154
54.1970329284668	55.622314453125
57.190425872802734	57.633941650390625
56.68983840942383	43.320899963378906
60.82278871536255	57.12986755371094
66.94549512863159	63.75892782211304
64.08074140548706	63.961063385009766
83.85713243484497	82.14700317382812
58.67574691772461	52.91614294052124
49.659400939941406	46.60503387451172
56.64933156967163	52.99875497817993
51.8460693359375	48.99474334716797
57.00807189941406	61.61481857299805
55.43694305419922	49.993377685546875
57.7928466796875	54.959083557128906
53.17350769042969	51.38143539428711
57.04567623138428	58.74762582778931
28.606919765472412	24.620414972305298
60.32331085205078	58.36421203613281
85.0367488861084	79.46333312988281
53.16310119628906	55.706275939941406
62.3994140625	56.27275085449219
56.93403244018555	53.26585006713867
60.22503662109375	58.3825798034668
66.07996559143066	62.97487735748291
95.30652523040771	88.8972954750061
65.70450782775879	60.448594093322754
45.360450744628906	42.546661376953125
66.21485710144043	62.44053411483765
72.78175354003906	68.20662498474121
50.42004060745239	53.5206184387207
58.043792724609375	54.09740447998047
59.66992378234863	52.97330617904663
30.566744327545166	30.658939361572266
44.588393688201904	41.40694570541382
61.47093915939331	54.97775316238403
71.85784721374512	67.86608076095581
71.25704193115234	61.584420680999756
58.28737258911133	54.94831466674805
76.25495338439941	73.21610069274902
64.47949409484863	63.48069190979004
66.31634712219238	61.95964813232422
65.65103054046631	62.12657451629639
53.11640548706055	50.885597229003906
58.32704162597656	56.95018768310547
42.74811792373657	45.73213815689087
64.44455146789551	58.832664489746094
53.338637351989746	42.15433597564697
52.320138931274414	51.81511449813843
62.805413246154785	56.59686756134033
40.55141544342041	38.339272022247314
58.365386962890625	56.56188201904297
65.65652418136597	55.82403087615967
64.48066520690918	62.375959396362305
51.54011392593384	46.98950386047363
39.21023654937744	41.51696157455444
71.08834028244019	70.79384803771973
84.75131511688232	79.28942346572876
62.82025337219238	58.50555419921875
70.57562255859375	59.928497314453125
48.42448568344116	47.32270288467407
47.1496467590332	42.257280349731445
59.44544219970703	62.982948303222656
63.76591873168945	59.67525386810303
77.91295623779297	77.49156188964844
59.05473232269287	52.409071922302246
42.958770751953125	36.983741760253906
68.46014499664307	60.10708522796631
78.68240356445312	76.85486793518066
68.43843841552734	62.28239107131958
58.00537872314453	61.669166564941406
71.89857482910156	68.62671852111816
36.970866203308105	35.516587257385254
54.36221408843994	48.496497631073
51.13789415359497	44.81279897689819
70.91116905212402	64.76229286193848
48.71261978149414	43.289146423339844
53.75236511230469	46.3737678527832
51.77252769470215	50.3879451751709
41.70789051055908	40.3578462600708
82.32173109054565	74.06263589859009
53.28005599975586	52.878257751464844
59.98094987869263	50.63846206665039
65.06878662109375	66.06694030761719
57.082541942596436	57.0463080406189
61.32059383392334	53.82579803466797
45.965641021728516	37.234188079833984
56.34225511550903	55.16773509979248
63.67162084579468	64.40341758728027
56.027923583984375	51.09859848022461
49.35911560058594	43.918460845947266
65.24460554122925	70.91461944580078
50.35803985595703	44.130226135253906
54.01904106140137	51.31180763244629
65.33104133605957	70.11644554138184
60.71183395385742	53.28258514404297
59.00365447998047	55.30659627914429
55.45587730407715	53.38234090805054
59.93428325653076	59.15133619308472
55.966033935546875	53.824615478515625
44.477660179138184	48.69973278045654
72.60546207427979	66.57090663909912
54.93971252441406	43.164581298828125
66.13027095794678	66.1678991317749
46.93915843963623	45.58049917221069
61.6087532043457	53.99740791320801
49.11104202270508	49.64158535003662
75.74762535095215	69.80539512634277
70.62442255020142	70.01700639724731
58.127540588378906	56.480648040771484
51.10614776611328	47.55747985839844
57.324729919433594	49.87472915649414
64.55586242675781	55.79060363769531
77.25281524658203	70.26754760742188
37.39303541183472	38.03906488418579
48.37667465209961	41.37833786010742
109.8450493812561	107.12887287139893
70.08319854736328	68.755202293396
71.26835775375366	68.68078565597534
58.492167949676514	56.19275951385498
78.00369262695312	74.70935821533203
62.295557498931885	55.370595932006836
57.15354919433594	62.96031951904297
39.730889320373535	36.19468688964844
65.16885995864868	65.69004964828491
67.19480752944946	59.095364570617676
56.376365661621094	49.526893615722656
74.86606407165527	73.2037582397461
54.1030158996582	57.201942443847656
48.65679168701172	38.626953125
53.17264175415039	48.42454528808594
66.85536861419678	57.86575412750244
43.03724670410156	45.52050447463989
44.14160108566284	42.930054664611816
55.51585578918457	47.609694957733154
59.97504711151123	54.80379581451416
68.7029972076416	66.10524559020996
75.63773155212402	74.16130065917969
43.097557067871094	42.62934875488281
81.31906700134277	78.25272560119629
64.1069564819336	64.98417663574219
53.70256805419922	56.68682861328125
65.75828504562378	56.82007026672363
54.402408599853516	51.982322692871094
82.24575138092041	78.63267040252686
43.59136152267456	43.56468868255615
67.3236083984375	69.64573669433594
83.59976005554199	76.90422248840332
69.62059736251831	66.67805528640747
80.56465148925781	72.23714351654053
40.729759216308594	40.563316345214844
49.456183433532715	49.120551109313965
60.85015153884888	52.38542604446411
62.08930206298828	57.49339056015015
69.23765516281128	66.16763305664062
60.035308837890625	57.581199645996094
65.48059701919556	57.32860851287842
88.72583770751953	83.25164031982422
58.26317596435547	55.31559991836548
73.48562049865723	70.65519905090332
33.610655784606934	36.76107835769653
58.20100402832031	57.885780334472656
66.27877807617188	68.03678131103516
56.942626953125	58.62126159667969
71.15865325927734	68.78808689117432
54.72342014312744	52.60159158706665
61.473411560058594	63.701820373535156
50.041419982910156	45.589691162109375
64.89027500152588	62.55410957336426
71.49466753005981	61.99076843261719
56.67414093017578	57.330162048339844
65.77300930023193	57.80303764343262
66.95915937423706	65.00651550292969
66.88901424407959	62.56977081298828
92.32372283935547	91.9439435005188
57.68422317504883	59.812538146972656
61.91194152832031	64.39242553710938
42.494754791259766	40.96910858154297
50.11225128173828	46.917266845703125
54.15965986251831	45.09369421005249
64.5971155166626	54.95093822479248
52.41020202636719	50.67841339111328
65.67657470703125	74.8370361328125
59.77421188354492	54.01310729980469
70.08531045913696	59.98448467254639
47.95351028442383	45.379974365234375
65.76556396484375	63.43619918823242
48.9265251159668	48.06440734863281
55.90568923950195	58.22063064575195
73.54179382324219	64.22365665435791
47.083595275878906	43.85078048706055
70.11847496032715	68.39722299575806
39.67658233642578	37.57279968261719
56.7765007019043	58.19761276245117
85.47177267074585	81.8365650177002
66.76132822036743	59.71102809906006
65.97865104675293	62.424683570861816
60.06147909164429	57.019339084625244
49.394508361816406	44.14946746826172
75.0450792312622	71.64579772949219
60.23198699951172	53.339515686035156
47.17425060272217	43.25036573410034
82.10511589050293	78.49369812011719
70.11865997314453	66.4913649559021
50.58668613433838	51.53656005859375
63.66011619567871	53.17655563354492
68.4078369140625	66.82258415222168
56.54500436782837	49.26761770248413
43.27858066558838	46.173696994781494
52.8901481628418	43.90734100341797
66.27439785003662	62.347429275512695
63.884782791137695	59.17161464691162
68.79785871505737	66.26275491714478
53.1403923034668	56.18972396850586
69.90718173980713	64.44486093521118
58.21303367614746	60.30217409133911
63.62128257751465	63.108978271484375
65.44511461257935	71.36391305923462
54.45195007324219	49.60129165649414
54.47678756713867	52.33702850341797
49.54775619506836	46.469146728515625
59.285884857177734	54.80255889892578
59.93608093261719	56.115997314453125
45.087066650390625	43.511486530303955
38.914692401885986	40.60607290267944
65.47265625	63.59879684448242
66.57393455505371	61.24123573303223
65.86673736572266	69.121337890625
62.417664527893066	61.548173904418945
46.045040130615234	43.89616775512695
62.184133529663086	58.57304573059082
56.25678253173828	55.617408752441406
70.57174682617188	67.2335433959961
43.06279754638672	37.44070053100586
55.967613220214844	54.65571594238281
62.546595096588135	59.825921058654785
55.33814239501953	49.16276168823242
68.55849266052246	66.97928428649902
54.54063034057617	49.038981914520264
89.96510124206543	81.51118469238281
41.451202392578125	43.25254201889038
55.14084005355835	53.33828401565552
61.21922302246094	58.57827615737915
35.103971004486084	34.35432434082031
51.473453521728516	45.871543884277344
65.5880069732666	60.85604667663574
68.36392879486084	60.812896728515625
61.50598907470703	62.69392013549805
65.60723781585693	62.7711296081543
60.440391540527344	60.301942348480225
62.954163551330566	55.98721504211426
66.44050598144531	62.60508871078491
104.18064880371094	98.43186950683594
72.41618585586548	60.200902462005615
64.3813705444336	62.159481048583984
48.401363372802734	41.10430145263672
57.89055633544922	58.916099548339844
87.62861967086792	84.31830883026123
69.8591136932373	67.64649391174316
55.63942909240723	52.681779861450195
84.2589316368103	82.79486083984375
87.18769311904907	78.65764570236206
49.94339370727539	43.79889678955078
80.29289817810059	74.34020233154297
80.04770851135254	75.50129127502441
50.70610809326172	38.47337341308594
66.96375370025635	57.50807285308838
44.09385299682617	40.50505447387695
71.94295692443848	67.20878505706787
81.66166877746582	75.62737846374512
75.09512901306152	74.71833229064941
84.0823745727539	77.64319610595703
72.21467971801758	63.61181831359863
71.63942098617554	65.83280324935913
49.69478225708008	41.27534484863281
49.79792785644531	41.3189697265625
45.99447727203369	45.8802490234375
68.79486083984375	62.818145751953125
41.05641031265259	40.29809856414795
56.144168853759766	52.45836639404297
55.299787521362305	54.82088565826416
51.91643142700195	48.27203369140625
54.87825012207031	46.59002685546875
42.763832569122314	39.69020080566406
40.15048837661743	38.383381843566895
56.75143575668335	53.459434032440186
39.01912069320679	38.14434099197388
66.88516235351562	62.867279052734375
60.2379846572876	55.122976303100586
61.546607971191406	61.56040954589844
50.98424005508423	47.43008995056152
43.61861848831177	42.59138202667236
78.04986381530762	70.40413045883179
79.6172947883606	77.7574872970581
70.16974639892578	67.31415367126465
75.50220441818237	70.09889459609985
67.03103494644165	63.293750286102295
56.67595672607422	51.53150177001953
75.7620677947998	70.90788459777832
100.19424819946289	94.40306854248047
61.70923614501953	64.16497039794922
70.71947479248047	70.48318290710449
54.40683364868164	53.7889404296875
47.39147186279297	43.3534049987793
50.140533447265625	50.10361099243164
76.30890846252441	64.35061454772949
48.93628692626953	48.46077346801758
74.8274450302124	71.16915845870972
45.065457344055176	46.29862976074219
46.716758728027344	48.568031311035156
49.587547302246094	48.625709533691406
74.76463508605957	70.44293403625488
60.52350568771362	60.247941970825195
91.16511344909668	88.52663326263428
67.08760929107666	60.868545055389404
68.33473348617554	63.194307804107666
68.15666913986206	65.61775875091553
121.73538208007812	119.27556037902832
70.79770517349243	68.43044328689575
68.41962337493896	64.08402442932129
73.805673122406	63.64927053451538
61.43773126602173	52.96969270706177
73.80231380462646	70.15233039855957
64.84059190750122	58.45747947692871
75.6688928604126	77.03993797302246
64.46411275863647	57.207518577575684
52.210798263549805	50.316762924194336
46.590431213378906	47.130104064941406
51.701290130615234	46.11698913574219
45.80830383300781	44.53456115722656
49.48427677154541	49.835633277893066
75.79113578796387	70.47245979309082
65.83968257904053	62.70620584487915
64.96891784667969	61.907761573791504
52.75911331176758	48.489017486572266
81.35691547393799	73.68131923675537
62.534563064575195	54.97173500061035
52.62187957763672	54.66572952270508
72.61828994750977	68.59591627120972
62.16630506515503	59.72896671295166
58.67755889892578	60.431297302246094
55.72393798828125	55.42733383178711
53.13242244720459	52.46176481246948
65.36860513687134	68.24458980560303
43.42725229263306	42.42788028717041
52.49152183532715	48.082404136657715
41.478272438049316	41.47935724258423
67.9971227645874	64.4977798461914
44.87969207763672	38.799659729003906
47.85344314575195	44.27052688598633
59.46125030517578	55.904876708984375
67.07134246826172	60.31987190246582
44.31766891479492	37.88158416748047
44.46368455886841	39.62771272659302
70.3823037147522	66.34600019454956
61.71123504638672	60.5734748840332
61.49445343017578	61.00294876098633
57.84442901611328	53.87021541595459
65.31621408462524	62.94431734085083
74.54261779785156	69.70257759094238
48.998695373535156	39.65220642089844
78.8240213394165	77.91119241714478
54.072669982910156	49.55711364746094
45.314491748809814	44.391770362854004
51.22905921936035	40.021395206451416
65.19745016098022	57.57113599777222
98.33844757080078	100.08885049819946
68.70279788970947	57.872323989868164
57.17543029785156	49.8641357421875
62.87923622131348	53.86419439315796
87.27718591690063	83.26217651367188
82.15646266937256	83.40836429595947
77.9007019996643	67.69735479354858
72.08136558532715	70.63304901123047
114.16839647293091	116.82390928268433
61.11933374404907	54.87802219390869
65.5771312713623	56.83191537857056
77.64360284805298	68.66171789169312
65.03716135025024	66.85742855072021
50.09720993041992	49.880615234375
40.254212379455566	41.89896631240845
48.655128479003906	46.46327209472656
53.73494625091553	48.256845474243164
43.79999113082886	44.11964130401611
38.67197322845459	41.35165071487427
55.20857238769531	49.458404541015625
51.342952728271484	47.79792022705078
79.87570381164551	75.45939445495605
78.23507404327393	77.00321960449219
60.81685781478882	57.95712089538574
62.92063236236572	60.63184976577759
64.38183736801147	54.49606657028198
51.618385314941406	49.219825744628906
68.74387550354004	65.42360544204712
61.688504219055176	58.29627990722656
39.99951934814453	36.81224060058594
52.79494857788086	49.9830436706543
55.667301177978516	53.660400390625
57.16380071640015	62.82869482040405
46.48042297363281	40.20149087905884
49.04454708099365	42.19293832778931
77.52773809432983	74.35684204101562
72.21372699737549	69.60492038726807
70.01877403259277	66.88441562652588
70.13768863677979	65.63395071029663
76.33625555038452	72.84621953964233
43.48361873626709	39.22811412811279
89.74419927597046	86.0990080833435
59.20585250854492	57.00068664550781
52.318965911865234	48.73149490356445
55.89183712005615	56.05776929855347
56.7135329246521	55.57267999649048
36.82984161376953	35.70103740692139
66.57571506500244	64.06572103500366
49.501792907714844	48.37481689453125
36.843016147613525	35.700987339019775
42.32460689544678	42.92128610610962
61.794816970825195	60.796125411987305
62.4098014831543	61.97309112548828
96.07797861099243	94.39302206039429
57.65013122558594	59.242652893066406
76.79540920257568	73.08902931213379
43.957313537597656	41.90644073486328
37.98883676528931	37.687074184417725
62.152085304260254	58.5629940032959
71.17478084564209	63.17619323730469
85.62246036529541	80.2190990447998
58.10675811767578	46.831687927246094
86.65631246566772	83.20305728912354
84.06555128097534	82.66597986221313
47.943626403808594	45.28620529174805
50.602073669433594	52.525644302368164
67.2471170425415	58.192086696624756
63.67944574356079	55.47756099700928
45.55944061279297	41.1154899597168
75.68804168701172	72.0128116607666
83.24026679992676	75.05409049987793
65.44689130783081	59.13456344604492
51.921417236328125	52.21440505981445
56.44662094116211	55.58637237548828
42.312225341796875	38.8036003112793
57.30134582519531	49.384437561035156
63.164194107055664	59.046956062316895
70.41072034835815	60.371267795562744
51.25139236450195	52.57972717285156
75.36210536956787	70.05537509918213
61.31441402435303	61.0558705329895
55.86510515213013	52.28531742095947
65.9669017791748	61.8541955947876
84.56546878814697	79.91613149642944
49.39812088012695	43.467220306396484
126.16904830932617	118.62835264205933
57.33952522277832	59.295005798339844
63.72267293930054	57.37862205505371
63.71986389160156	57.434401512145996
62.262834548950195	58.125473499298096
47.29289627075195	45.66239929199219
65.79240274429321	64.26574516296387
68.64079284667969	59.03251504898071
44.26355314254761	41.702786922454834
67.56795644760132	64.12769937515259
53.426658630371094	47.401615142822266
48.89919328689575	47.770275592803955
67.5753402709961	64.92960453033447
57.64177703857422	60.04435729980469
87.47184991836548	81.02961730957031
59.528608322143555	54.62838172912598
67.817702293396	62.00190496444702
53.19833755493164	46.782989501953125
49.52585220336914	40.47520446777344
65.27033233642578	66.93537902832031
56.26490879058838	56.9161319732666
39.5811562538147	36.86936855316162
89.54574823379517	82.47176885604858
69.14987087249756	66.64831638336182
54.7020149230957	50.81313705444336
70.24598455429077	67.23774719238281
32.82015371322632	33.63580322265625
62.819931507110596	59.65849542617798
67.71260261535645	64.140625
74.35503101348877	69.95450019836426
68.13919830322266	66.68309783935547
66.49430847167969	58.14004421234131
63.457489013671875	60.79899215698242
57.96969413757324	46.102638244628906
61.30623245239258	58.50341033935547
54.24811553955078	50.81521224975586
73.83651924133301	64.51970100402832
76.08580017089844	67.32239532470703
70.9616231918335	62.35175132751465
57.575669288635254	55.77646732330322
67.94861793518066	57.85529136657715
53.686795234680176	43.03349447250366
59.49932098388672	55.46041965484619
54.04456329345703	52.90358352661133
52.98558807373047	47.497100830078125
42.89273738861084	39.485146045684814
51.57204294204712	48.532649517059326
47.50787973403931	45.89112377166748
61.18157958984375	61.09596252441406
55.14546585083008	51.25537872314453
42.930870056152344	36.24541473388672
56.13897705078125	48.23231506347656
65.83058166503906	73.74535369873047
59.59246635437012	56.42622947692871
38.76293325424194	37.346856117248535
63.90013122558594	63.015377044677734
59.19457197189331	53.4891357421875
64.64121150970459	63.230348110198975
57.35222816467285	58.91362190246582
58.13963985443115	57.79163932800293
45.284157276153564	45.161561012268066
72.55233764648438	67.16876983642578
56.2420654296875	56.008399963378906
55.88770389556885	52.96952724456787
36.401761054992676	35.77797174453735
54.92736053466797	42.770118713378906
47.37342405319214	37.483651638031006
44.634517669677734	41.253482818603516
67.25906372070312	57.825560569763184
80.98200416564941	75.0113353729248
84.3687744140625	81.96297454833984
41.65219831466675	37.6249566078186
59.94168949127197	57.6640305519104
61.876038551330566	64.31668138504028
40.61798906326294	38.99394989013672
73.98664951324463	68.51278781890869
64.07165622711182	63.066505908966064
47.477535247802734	43.49492406845093
66.94831895828247	58.02915859222412
44.612022399902344	43.03813457489014
59.763153076171875	61.881927490234375
53.95549774169922	52.74830627441406
75.56644248962402	76.5882625579834
49.235793113708496	42.399985790252686
70.35075187683105	71.87555694580078
66.54440307617188	68.54615783691406
64.17113399505615	61.43082618713379
66.24954223632812	65.27506256103516
42.304969787597656	38.80360794067383
63.58842468261719	60.637447357177734
64.47901153564453	66.55762481689453
66.9248719215393	58.72970008850098
84.02302551269531	73.7094898223877
47.304383754730225	44.55899715423584
68.90411376953125	58.03257942199707
41.00011396408081	40.983741760253906
56.074986934661865	46.669960498809814
59.215084075927734	59.661285400390625
50.487152099609375	45.251853942871094
41.255703926086426	39.21042013168335
50.58158493041992	47.8487663269043
51.81525278091431	49.329694747924805
66.46770477294922	56.84407711029053
60.84710693359375	65.64657592773438
100.30952596664429	95.14604234695435
52.9037971496582	50.964698791503906
54.481935024261475	47.15016174316406
83.96351766586304	80.8926157951355
70.04125785827637	63.544870376586914
63.47744369506836	65.0361099243164
64.43621063232422	69.12213897705078
72.90582180023193	70.35566806793213
53.12676239013672	52.790565490722656
46.24323129653931	42.05007457733154
60.807124614715576	52.60267639160156
58.641035079956055	52.67389678955078
81.50856971740723	84.98369407653809
70.9591817855835	68.2504940032959
54.11409378051758	48.517154693603516
49.63071060180664	43.591705322265625
58.472585678100586	56.62554359436035
54.99447727203369	51.550851345062256
54.1483154296875	47.837623596191406
43.726131439208984	38.107398986816406
45.41702747344971	45.920894145965576
37.56978511810303	37.47766351699829
60.75250196456909	59.961220264434814
76.18401336669922	68.523202419281
87.01846981048584	78.55736637115479
67.9636402130127	62.87463998794556
60.07226371765137	54.13120937347412
50.167945861816406	42.84158706665039
64.23845100402832	62.246779918670654
54.95540714263916	53.31131601333618
55.754924297332764	46.43395185470581
46.00274658203125	42.70362854003906
54.647918701171875	51.10304641723633
39.178964138031006	38.3085503578186
54.396554946899414	50.72101020812988
41.172858238220215	39.903717041015625
47.37732934951782	42.839051246643066
76.77731513977051	72.42581844329834
65.0140151977539	65.76806640625
52.34687042236328	50.25709533691406
43.96512174606323	44.00068664550781
57.91318416595459	50.01167297363281
56.684043884277344	50.14413070678711
94.60650825500488	88.00001049041748
60.47297716140747	53.73287343978882
62.38261556625366	56.74252653121948
61.563072204589844	48.68741989135742
42.61429309844971	44.76219940185547
46.07252502441406	41.43683624267578
69.86773824691772	65.85007619857788
69.89352226257324	60.50034523010254
46.31441783905029	40.63845682144165
42.564735889434814	39.61653423309326
73.94029140472412	68.17690324783325
94.74242877960205	91.11123085021973
59.14396667480469	48.72315835952759
58.33055877685547	61.28645706176758
44.137447357177734	40.50935745239258
73.85191202163696	62.661118030548096
88.9640760421753	78.23485088348389
46.16588640213013	45.25367259979248
67.69598579406738	62.3841347694397
64.42727565765381	61.543564796447754
46.41964387893677	48.80475187301636
54.88932180404663	51.57642459869385
75.35174560546875	73.66337060928345
64.39724922180176	54.478759765625
47.09795045852661	46.44626331329346
67.83001661300659	60.18709707260132
52.51972198486328	50.12255096435547
64.78139400482178	60.64551830291748
42.39337158203125	41.31914520263672
42.57206583023071	39.28832244873047
62.18502616882324	60.64042282104492
58.27785301208496	51.329734325408936
57.79178524017334	53.59407663345337
54.51180410385132	54.02583074569702
62.3038535118103	64.81810235977173
57.509681224823	60.39976787567139
35.989098072052	34.02058506011963
49.79205322265625	50.092952728271484
73.49469518661499	66.07710981369019
51.95473670959473	50.359649658203125
52.364952087402344	47.94808578491211
57.59056806564331	50.389403343200684
57.17027187347412	55.83503246307373
66.27339363098145	62.18046569824219
83.67237567901611	70.44992351531982
59.91002559661865	56.323533058166504
70.00905466079712	65.7771782875061
54.911274909973145	52.071290016174316
57.736467361450195	56.40018653869629
55.022796630859375	51.82835388183594
66.72082281112671	61.54876899719238
60.87456178665161	65.55559587478638
56.97837209701538	54.73342752456665
45.610299587249756	43.7633581161499
72.57718086242676	66.7165994644165
51.69878387451172	49.35505676269531
51.90437936782837	53.01586103439331
64.48891639709473	65.32052040100098
69.14833164215088	70.94390821456909
40.421035289764404	36.34868574142456
56.57168912887573	53.13214874267578
56.22028350830078	53.210044860839844
37.61329650878906	34.487213134765625
81.1581802368164	77.60307312011719
65.28711891174316	61.51808166503906
59.71136474609375	60.18153762817383
60.06300354003906	59.195594787597656
57.132455348968506	50.06821632385254
54.49240493774414	54.261207580566406
57.54813766479492	51.39031982421875
42.15823459625244	42.743464946746826
41.160558223724365	39.90711164474487
43.115787506103516	39.07556915283203
55.684457302093506	57.91142463684082
67.5585036277771	61.810200691223145
71.58026218414307	72.60360717773438
60.943236351013184	58.24450492858887
66.78647661209106	60.03660535812378
61.151573181152344	59.26332092285156
75.62419748306274	75.7894058227539
83.19199562072754	75.5929183959961
90.04881238937378	87.18257284164429
72.00738430023193	71.54466152191162
81.30632162094116	78.1203818321228
35.80662393569946	35.82551288604736
56.31698656082153	52.16539907455444
66.23117637634277	67.66438293457031
68.45194387435913	60.73691940307617
44.610039710998535	46.051451206207275
51.71949005126953	50.0677490234375
57.28882598876953	51.22502899169922
57.402482986450195	54.98861503601074
56.28525161743164	52.42198181152344
63.298630714416504	60.586106300354004
63.18099117279053	59.855987548828125
43.34500074386597	42.29990339279175
87.25472831726074	81.0728588104248
66.21501731872559	65.65642547607422
62.302982330322266	64.63536834716797
49.656402587890625	45.16088104248047
51.311771392822266	52.158203125
70.46431541442871	72.70844745635986
67.84519958496094	69.17660522460938
61.375147342681885	63.84232568740845
54.39173889160156	55.03740310668945
69.70864248275757	55.3294358253479
89.5603609085083	89.22782325744629
68.01349067687988	67.21568155288696
47.718170166015625	40.65892791748047
33.91620349884033	33.34955167770386
56.62162780761719	56.428558349609375
64.30378723144531	62.77864074707031
67.42543697357178	57.620582580566406
92.51229763031006	89.5930118560791
41.06448745727539	41.04072952270508
64.04340934753418	67.49865674972534
51.15031433105469	48.457515716552734
66.1388111114502	58.682851791381836
82.36895895004272	80.70375728607178
51.03203773498535	39.426560401916504
42.16964673995972	41.274826526641846
75.80361366271973	66.81056022644043
67.70518493652344	67.53572845458984
67.40903377532959	59.638214111328125
64.87089443206787	59.40475416183472
63.945425033569336	59.45974159240723
55.066402435302734	54.57075119018555
39.35769319534302	42.485708713531494
47.02455759048462	41.75163984298706
48.13165283203125	41.91864824295044
66.2163314819336	63.559261322021484
57.65727233886719	61.982078552246094
50.228614807128906	48.545326232910156
83.10157823562622	74.78853607177734
48.56275033950806	49.22052240371704
66.38258457183838	61.60661697387695
63.28934669494629	59.01945114135742
61.195130825042725	54.65524864196777
56.408546447753906	53.77058410644531
68.48868370056152	65.61863899230957
62.75789737701416	60.11153554916382
73.6772518157959	68.61420249938965
57.81723403930664	60.72785997390747
54.341163635253906	51.848548889160156
59.85797882080078	57.9981803894043
65.83377933502197	69.44753932952881
98.40523481369019	95.5333104133606
54.52293395996094	54.985191345214844
45.95164918899536	47.09915208816528
67.39611911773682	64.67914009094238
56.30476760864258	57.576412200927734
52.137049198150635	42.86959218978882
44.40433406829834	42.91072177886963
65.78216743469238	58.75462532043457
69.86327934265137	64.30342054367065
71.899573802948	69.72350406646729
68.24868822097778	59.830238342285156
93.2757568359375	89.18244171142578
76.36351585388184	66.2147045135498
49.56611108779907	46.26859474182129
61.158409118652344	65.79205322265625
52.86287212371826	54.9543342590332
79.82026863098145	67.34864616394043
63.3890438079834	61.76297664642334
74.87151527404785	72.60911512374878
85.50116920471191	80.04889822006226
73.81516933441162	70.73039054870605
47.936397552490234	49.00907516479492
57.606170654296875	53.19278335571289
53.33274793624878	49.91066551208496
81.33746242523193	81.66675662994385
69.07743215560913	61.041457653045654
67.20010900497437	59.93045425415039
72.44491195678711	63.7783727645874
63.31493854522705	60.956902503967285
59.05413818359375	46.770263671875
80.46857643127441	71.2708683013916
67.20457553863525	69.66372013092041
59.71109676361084	55.417734146118164
67.9263596534729	62.8969988822937
68.92873334884644	66.51745748519897
43.08163833618164	32.115230560302734
49.0799674987793	47.60686492919922
46.501800537109375	39.74092102050781
48.45866775512695	45.82381057739258
68.6527156829834	58.38662624359131
65.55484056472778	56.02450132369995
41.77040195465088	40.8919472694397
73.84287071228027	72.45433044433594
61.54117202758789	59.73054122924805
65.91976928710938	66.24919128417969
70.38845157623291	62.81624937057495
39.67504119873047	37.91057205200195
70.50023746490479	68.81025695800781
58.78451347351074	56.42298221588135
51.72620344161987	50.74265670776367
52.88495635986328	53.05342102050781
62.8041467666626	57.92859411239624
61.141958713531494	63.915761947631836
70.10037422180176	62.929534912109375
65.67597770690918	59.42324638366699
93.88941717147827	83.48029613494873
69.84335374832153	57.13972520828247
67.44617557525635	66.15235090255737
68.45378112792969	67.79167175292969
68.79030561447144	64.03640556335449
78.94183397293091	77.48571681976318
55.656898498535156	52.79895782470703
41.742103576660156	38.696656703948975
