77.30936765670776	72.18271398544312
94.2188720703125	95.00692081451416
94.58231449127197	98.43210697174072
84.74191904067993	87.72505760192871
96.61239624023438	90.36943054199219
70.92697143554688	83.7634425163269
92.43194580078125	106.83098983764648
98.70494651794434	91.33507490158081
68.23657512664795	74.24789428710938
78.42122030258179	93.05532217025757
89.96102571487427	97.82850885391235
121.46422863006592	131.43510103225708
122.18023300170898	109.79651165008545
83.7711033821106	78.06449890136719
73.830406665802	77.10105037689209
110.77932643890381	106.50663757324219
102.43430042266846	102.76233673095703
90.01744842529297	93.85458469390869
70.36654472351074	72.02963876724243
84.75166320800781	95.06548357009888
88.97686767578125	81.70082330703735
97.46762180328369	102.38516235351562
122.74361562728882	121.80672454833984
101.32756042480469	114.06492614746094
94.762451171875	85.45765399932861
106.00070095062256	110.36252641677856
77.14311361312866	75.42633247375488
71.65458393096924	84.62734937667847
111.27981185913086	103.27703475952148
86.2558012008667	85.0374755859375
119.86582660675049	127.14423179626465
67.88706111907959	76.60786151885986
90.51447677612305	103.78219604492188
90.73086547851562	93.8831434249878
118.82856369018555	120.23984909057617
83.84721994400024	99.47399139404297
80.01164293289185	84.090576171875
66.84899711608887	80.33353424072266
117.23507308959961	126.603271484375
106.06477737426758	114.39599895477295
64.74877166748047	65.13529062271118
136.6660451889038	130.9755096435547
93.5280532836914	100.80274295806885
95.21156215667725	92.43092584609985
112.0433292388916	104.01092529296875
130.05952835083008	128.21191215515137
80.20363187789917	92.32476377487183
120.49566507339478	138.48364353179932
76.3430323600769	63.02077388763428
95.96457195281982	94.18500518798828
76.43502807617188	84.52164888381958
95.19253492355347	104.2645034790039
110.12465286254883	121.93839836120605
74.55834197998047	82.91230010986328
94.07457733154297	93.26349639892578
100.19237995147705	98.6838698387146
132.80716180801392	132.8488883972168
109.47770261764526	105.31220626831055
81.91144561767578	80.76596260070801
87.38556146621704	94.31707859039307
129.49465894699097	127.11211204528809
93.54807758331299	99.46002674102783
79.13354158401489	79.45567035675049
75.77489233016968	81.33831691741943
97.63624572753906	87.71352291107178
76.9707260131836	77.97917175292969
90.4157567024231	91.88782453536987
116.07685232162476	122.68451356887817
81.68406677246094	94.08222198486328
96.33890533447266	84.34295654296875
113.07849025726318	122.97372817993164
67.56882953643799	79.54931974411011
99.30923461914062	97.38786315917969
107.73907947540283	102.30575180053711
91.23059749603271	93.47936153411865
86.39782905578613	78.77452611923218
93.15410709381104	83.49017333984375
85.77008485794067	94.12968635559082
96.95092010498047	106.1379132270813
112.3940658569336	118.71477127075195
95.5226182937622	87.3134994506836
93.57237243652344	93.98988389968872
103.28085851669312	109.01773452758789
74.04404640197754	76.93768501281738
148.67336511611938	129.74585008621216
83.44663381576538	84.70362710952759
75.78257894515991	81.26986408233643
78.38069248199463	88.93307447433472
85.13279056549072	85.74154472351074
91.1422119140625	86.10685729980469
89.31027793884277	92.59484052658081
69.42388916015625	87.66511249542236
75.6882095336914	76.4056396484375
96.95776319503784	94.34392929077148
115.8629322052002	107.92553234100342
85.3729019165039	76.60325288772583
80.99480152130127	87.3450493812561
108.96741962432861	113.2591552734375
107.37949085235596	121.19153594970703
65.33740425109863	75.08381652832031
101.70475625991821	98.50285148620605
72.38769245147705	84.03701305389404
118.58883333206177	116.08810901641846
104.30086517333984	104.10982513427734
122.26973104476929	135.33629894256592
82.3418197631836	86.0417251586914
103.60466766357422	101.65425109863281
81.36784362792969	85.68410396575928
98.37027311325073	98.57510089874268
100.31626224517822	94.61858081817627
79.39768505096436	86.66741752624512
81.9528636932373	101.2502932548523
95.10160827636719	79.9374303817749
92.70230627059937	102.09130048751831
97.43157911300659	86.41488647460938
91.73724317550659	95.97915315628052
74.96399402618408	91.83378028869629
66.11713600158691	69.20649719238281
79.97006893157959	82.68382263183594
105.16082620620728	99.37859630584717
111.40424728393555	123.5310173034668
121.41800117492676	131.43137121200562
79.72632598876953	82.39714050292969
63.692819595336914	76.04287147521973
89.32872772216797	91.86540126800537
105.93949127197266	92.83727169036865
113.44198226928711	113.13915824890137
78.22812509536743	83.76289129257202
97.829833984375	103.60137796401978
90.24069499969482	101.16178703308105
106.6660795211792	118.64240646362305
107.63314819335938	89.81951904296875
59.429609298706055	64.29167222976685
139.03417778015137	143.4116554260254
101.13345193862915	104.83155822753906
99.7835054397583	110.75847816467285
91.8173017501831	93.39748764038086
103.88556623458862	108.55598402023315
86.06355047225952	94.27427387237549
108.02203845977783	110.48581123352051
100.63180541992188	95.94704246520996
72.26946830749512	74.74561929702759
81.66906929016113	82.26455497741699
61.588197231292725	70.37252998352051
105.97478199005127	103.09640836715698
116.67110443115234	128.71189403533936
80.27923011779785	95.0143575668335
83.93974304199219	93.06396484375
134.87914752960205	149.83244037628174
81.79005432128906	82.73681402206421
105.36828517913818	114.26251077651978
77.96717071533203	84.84525918960571
75.18128681182861	90.53970336914062
77.00207614898682	77.14317417144775
74.5717134475708	83.57944965362549
90.07159423828125	101.25973463058472
71.48391914367676	80.92039680480957
81.88413715362549	82.74284172058105
99.0891695022583	106.27036571502686
95.94835758209229	95.53687334060669
103.82376194000244	119.44017457962036
86.00628757476807	92.36594438552856
65.24288177490234	75.64681720733643
88.64114093780518	89.18570947647095
80.51366424560547	83.30694437026978
73.14220428466797	82.93420791625977
93.85274505615234	90.17545223236084
81.21220350265503	102.50098943710327
119.44592142105103	107.65750408172607
78.85921955108643	81.98471069335938
69.14839172363281	77.81576299667358
115.85254240036011	102.19672966003418
100.67550086975098	105.80777025222778
78.02279949188232	76.71731662750244
83.12604331970215	82.51646900177002
118.24847221374512	100.33729362487793
77.37709283828735	84.21091318130493
114.23429346084595	101.08525800704956
118.19644546508789	121.87855529785156
127.19923210144043	115.07734107971191
102.26341724395752	99.53776454925537
91.391845703125	91.3891830444336
83.81518459320068	87.36336708068848
101.10563278198242	102.52138900756836
82.40258026123047	75.32194375991821
77.23090362548828	89.25464487075806
95.87441682815552	101.18548679351807
82.77320098876953	94.15928649902344
93.03401184082031	97.91821002960205
99.75962829589844	88.55563163757324
85.90204811096191	98.01226043701172
90.98835706710815	109.34993982315063
95.92100286483765	97.2043104171753
86.23355102539062	106.17555713653564
84.27905607223511	85.30211114883423
106.04034805297852	108.75669813156128
91.97268867492676	94.46559000015259
91.03753757476807	82.58931732177734
102.9921326637268	105.41871070861816
96.93560791015625	93.97540283203125
80.00515747070312	97.83630752563477
79.22173166275024	77.59804344177246
111.14631080627441	101.19192695617676
93.95338296890259	88.19687175750732
93.74459838867188	87.05195903778076
74.29654026031494	81.29545879364014
101.15197467803955	106.4339246749878
74.91782569885254	83.23516130447388
90.54808330535889	95.18971157073975
115.50232315063477	119.64617872238159
79.62779760360718	89.173743724823
120.4414176940918	119.18198537826538
77.61542558670044	71.42124319076538
75.14148616790771	86.93016052246094
83.62323045730591	96.25865936279297
74.76012897491455	84.15215301513672
68.10696697235107	81.06201887130737
97.42492389678955	90.44589614868164
72.15126705169678	78.98738861083984
79.50442314147949	82.62878608703613
83.2669324874878	89.84861850738525
101.57975673675537	91.87236642837524
128.55639457702637	121.89166259765625
98.98455905914307	93.9078598022461
87.9742980003357	79.3848180770874
83.61359405517578	104.66607856750488
76.46404266357422	79.81444358825684
82.999267578125	88.67011260986328
83.4653799533844	83.72727537155151
83.41090393066406	92.08670043945312
95.61634731292725	108.50802898406982
116.29558086395264	104.49807357788086
71.77471733093262	82.99273538589478
112.81815528869629	103.80860900878906
94.38272476196289	90.11135673522949
78.22953844070435	82.69054412841797
73.6210708618164	89.0943603515625
78.10414409637451	86.57710838317871
90.32066345214844	101.84690952301025
93.9454116821289	97.39962100982666
91.3073616027832	83.05325031280518
103.20804834365845	94.34306859970093
95.90550184249878	93.77516984939575
94.48885154724121	110.14925479888916
84.5850338935852	92.77555084228516
90.44827127456665	93.6203384399414
97.25435829162598	88.40879201889038
91.3990159034729	84.49435901641846
120.70202922821045	133.35175037384033
71.69370460510254	77.19715166091919
83.81681442260742	83.7833924293518
89.81470489501953	103.45925617218018
88.63962650299072	94.97346639633179
98.17599105834961	98.16528224945068
116.67994594573975	108.92890691757202
93.03462934494019	110.99108743667603
77.15189695358276	86.35363340377808
77.17463493347168	93.34761905670166
83.88286828994751	77.12723445892334
103.48278999328613	107.43082666397095
87.96944332122803	102.68965244293213
79.48687267303467	74.53993034362793
103.56241226196289	103.8395562171936
56.21276664733887	66.55650901794434
82.9758415222168	80.96388244628906
66.54016208648682	70.44041633605957
79.52877044677734	89.40565490722656
111.0395941734314	113.2210202217102
95.79265308380127	99.73702812194824
110.6822624206543	112.62251853942871
90.38830518722534	80.22743034362793
98.67062282562256	99.47306156158447
106.71888256072998	108.38550567626953
94.93019104003906	89.21785736083984
94.96630620956421	94.4822587966919
140.7352180480957	133.24632453918457
81.23394870758057	79.06527185440063
103.72113800048828	113.29392623901367
78.50998163223267	81.14183044433594
148.65748500823975	149.2837028503418
70.68209266662598	79.52424335479736
85.0383358001709	76.31536102294922
83.87485027313232	98.9461898803711
67.95720863342285	79.63359260559082
101.0337495803833	106.01119995117188
128.4200086593628	141.8280487060547
94.32550621032715	94.87743377685547
99.0750846862793	93.19197130203247
94.22673606872559	89.33080291748047
142.30977058410645	141.4177393913269
89.23123455047607	92.25679636001587
99.07507610321045	103.99616241455078
117.49812984466553	115.49772262573242
81.40984296798706	70.00900745391846
107.06976318359375	100.884765625
91.55802154541016	81.76659107208252
100.47501516342163	109.28528833389282
83.57107830047607	94.58213138580322
85.69351959228516	88.11849975585938
71.77553415298462	67.23537302017212
96.56481218338013	98.15210151672363
91.59926700592041	115.21905565261841
99.14922523498535	111.55588150024414
89.13479423522949	86.58061981201172
129.94563102722168	127.40446090698242
73.36699962615967	65.83416509628296
75.34540271759033	77.1647253036499
108.54470729827881	112.21422672271729
130.36822319030762	116.72117900848389
100.09906911849976	115.85168838500977
76.05512523651123	80.46276664733887
101.04695844650269	108.18905925750732
106.55698013305664	100.13347148895264
92.96903800964355	98.2742714881897
110.8704662322998	110.04204940795898
90.99676513671875	87.41716861724854
112.60170316696167	120.71581363677979
93.46324157714844	99.90393114089966
94.16632175445557	91.58805751800537
79.5748987197876	82.73064517974854
110.36310768127441	104.44615268707275
65.45852756500244	78.46871948242188
83.49014854431152	102.19206523895264
108.07426452636719	125.06601333618164
104.40686416625977	109.80705261230469
86.70359754562378	94.39230966567993
85.56104850769043	94.83388996124268
86.59582710266113	79.60644674301147
84.6254825592041	82.83702278137207
70.20353651046753	67.12545919418335
98.95511627197266	101.84807586669922
72.05460548400879	79.5360460281372
83.89770269393921	95.44532775878906
99.90434455871582	113.19614171981812
111.91535568237305	99.20626020431519
129.80781745910645	127.24561929702759
113.98765182495117	102.39748907089233
101.92923259735107	102.48907327651978
73.13263893127441	91.3343391418457
81.27568244934082	85.52882194519043
86.75964117050171	100.87179565429688
106.0038628578186	116.01553010940552
67.46842002868652	78.40404319763184
115.76984596252441	126.28489398956299
83.18185329437256	90.01894903182983
106.07678604125977	117.13235378265381
103.86095571517944	118.27862215042114
86.2445297241211	91.12221908569336
100.13216972351074	96.75065231323242
86.91397094726562	88.58554601669312
86.69420623779297	93.53470516204834
124.04867362976074	119.04149150848389
93.40202808380127	112.46108055114746
73.04780006408691	83.12707614898682
104.51272487640381	116.53702068328857
78.82327365875244	79.49308776855469
89.04350185394287	95.703200340271
78.8185806274414	96.09323120117188
78.28696489334106	93.31676244735718
102.74689197540283	92.97559261322021
90.50446557998657	100.23749113082886
104.98751640319824	112.78607368469238
107.18634033203125	115.30583953857422
91.47552251815796	105.95521688461304
83.30760955810547	94.61493682861328
72.61791229248047	83.25728178024292
85.24662160873413	91.27951240539551
86.94854736328125	74.43434047698975
99.880859375	118.92597198486328
115.8812894821167	130.89794540405273
101.29787063598633	103.91543769836426
128.4160499572754	128.30681991577148
92.59542083740234	99.34636974334717
96.54704475402832	88.44553756713867
88.06074142456055	96.8291187286377
90.5599365234375	91.90720796585083
104.3895468711853	117.47991943359375
92.69481754302979	115.92880249023438
112.68195819854736	116.32283210754395
75.61113739013672	82.98088312149048
86.53191375732422	100.87555503845215
88.21456146240234	86.52316331863403
84.77726745605469	66.6890344619751
102.00740051269531	120.05316066741943
80.34115076065063	92.49886322021484
82.69301176071167	82.08544921875
66.60417175292969	73.02160882949829
74.69185447692871	86.91028022766113
115.51874160766602	100.40126323699951
73.85884237289429	80.22278308868408
93.13216400146484	103.94810485839844
80.2132797241211	86.87928771972656
99.7828369140625	108.56932067871094
87.12662887573242	104.56307411193848
82.37970113754272	99.93481588363647
111.65885066986084	102.65237426757812
86.99679613113403	98.4520697593689
74.49706268310547	75.33612060546875
88.6630506515503	79.0465087890625
87.41147518157959	79.8305082321167
115.89920091629028	121.91033935546875
105.08741283416748	109.46938705444336
78.8145980834961	72.70584964752197
72.2553563117981	75.87226867675781
112.26246404647827	118.56204986572266
76.19708061218262	94.52232551574707
81.56434535980225	68.24051570892334
114.6377763748169	118.74750423431396
86.78515434265137	96.94792175292969
89.17412996292114	101.08381032943726
100.73237609863281	112.21205520629883
120.45705795288086	123.42393636703491
90.72284173965454	87.42576122283936
113.74814367294312	127.1577501296997
98.05841827392578	103.32774353027344
130.6054983139038	138.79671001434326
102.75062561035156	106.58080101013184
143.03647422790527	150.4228115081787
100.75257682800293	92.50053405761719
115.35647392272949	114.16260719299316
108.38447093963623	113.36124420166016
121.10213279724121	102.40573310852051
79.79440069198608	90.51057720184326
74.56375885009766	88.58576774597168
81.61359739303589	77.5654649734497
117.19078063964844	135.8880319595337
104.55714082717896	117.09449243545532
92.0471363067627	93.91616821289062
108.3006763458252	114.59271717071533
94.72094440460205	105.79011726379395
119.05803775787354	122.55550003051758
109.32526874542236	99.28452587127686
107.40462398529053	94.8957052230835
72.4126615524292	84.96050119400024
87.71766185760498	85.60486316680908
96.2741117477417	97.0182113647461
102.82025146484375	108.1192102432251
95.70992088317871	113.95070505142212
98.39825630187988	94.85655450820923
82.28186130523682	94.81582403182983
68.54294395446777	70.75412940979004
99.20498085021973	90.09102630615234
82.51462936401367	94.51649713516235
71.31367492675781	84.24944496154785
73.60944175720215	78.26145648956299
73.95159244537354	81.7660026550293
82.78808355331421	87.03005981445312
104.81576442718506	91.15997314453125
124.96127700805664	129.1677589416504
91.70013284683228	105.56530094146729
72.4877142906189	72.47320890426636
79.57069730758667	91.65707302093506
106.09240674972534	99.93617248535156
93.63224744796753	106.14317607879639
111.85712957382202	122.63008499145508
99.93370771408081	97.32520484924316
104.62005281448364	113.88284635543823
141.14747619628906	144.91943168640137
90.81518363952637	91.41014862060547
85.85674667358398	89.5781078338623
128.72506999969482	132.20293807983398
86.99288082122803	88.6666202545166
92.75423240661621	87.95897674560547
92.77009868621826	87.57213592529297
119.00758743286133	133.14895820617676
96.911376953125	109.02093505859375
98.1989164352417	98.63935947418213
98.07126760482788	96.18405818939209
71.12638092041016	84.91653442382812
94.8449478149414	97.21167325973511
85.21154832839966	95.55468368530273
126.00606918334961	132.75533723831177
90.89281940460205	108.46484184265137
75.68593740463257	77.41848087310791
80.56363821029663	76.33507823944092
92.67759561538696	94.31100368499756
65.83036994934082	80.19017028808594
95.35650634765625	101.29795360565186
102.43061780929565	106.71043586730957
75.07785987854004	78.76793766021729
99.09522914886475	92.51618385314941
80.75873851776123	100.58300638198853
77.10063457489014	89.08673095703125
99.6686019897461	99.12422180175781
89.17269897460938	83.93372297286987
78.42273473739624	84.43719959259033
98.23047256469727	96.3009786605835
76.93937110900879	91.3310546875
94.85941886901855	74.35320949554443
116.0113296508789	120.33012390136719
76.45063877105713	84.12551927566528
109.8878288269043	132.24340438842773
87.0028567314148	91.05962371826172
117.52353286743164	118.92919206619263
80.34352111816406	83.7341775894165
97.13320922851562	109.7011456489563
90.75175666809082	86.7049241065979
80.18200874328613	74.9706678390503
92.96277523040771	96.13133239746094
76.41135692596436	74.85424518585205
112.4188585281372	119.31093883514404
98.28330993652344	97.56072807312012
115.77913284301758	115.22141456604004
79.73161125183105	88.21784019470215
85.47436237335205	90.15830993652344
76.52331352233887	72.70440769195557
82.71846199035645	94.56782531738281
86.30097961425781	92.53079223632812
107.8060884475708	100.20361661911011
92.8787612915039	96.32223129272461
82.23996877670288	89.11566162109375
90.33969640731812	82.38729953765869
80.08460330963135	82.34413433074951
100.71082592010498	86.10163021087646
114.65116262435913	116.96954727172852
97.66958618164062	90.71829557418823
89.51930522918701	97.82634735107422
83.19816303253174	88.17195224761963
106.008376121521	103.29173612594604
90.30360412597656	94.76916027069092
78.54821968078613	76.51835060119629
75.2899808883667	91.10363960266113
69.93976020812988	69.9004955291748
80.477135181427	86.09861326217651
107.64325284957886	109.83188438415527
141.3097105026245	130.5828251838684
106.07045316696167	126.45293235778809
105.31807327270508	119.03554487228394
81.3752670288086	89.06636142730713
121.57810306549072	122.11631298065186
87.66141557693481	83.0713939666748
116.33592462539673	110.67584037780762
78.702392578125	89.39577770233154
98.02239990234375	107.70709228515625
97.78192234039307	102.0702486038208
84.2834644317627	88.09335136413574
87.61056232452393	87.60655784606934
91.53623390197754	93.92005348205566
98.94676399230957	94.32366752624512
75.69441223144531	72.2480821609497
105.6633996963501	103.8766860961914
92.96783542633057	93.27640342712402
109.14302444458008	111.39383125305176
80.32161140441895	77.95838069915771
113.19150924682617	123.42782020568848
162.91619300842285	154.89752197265625
105.85456895828247	104.10326385498047
87.2584228515625	100.2380781173706
96.73621559143066	113.58491706848145
81.27334356307983	88.0892014503479
129.64895868301392	139.01620388031006
122.80525016784668	109.03140163421631
114.2165470123291	112.28022336959839
98.57471990585327	98.41017150878906
111.3047947883606	109.56629180908203
113.36998319625854	123.95715951919556
87.72929382324219	78.78787136077881
80.27906036376953	82.31016397476196
74.96759939193726	89.30695486068726
95.19412279129028	102.17184448242188
94.79645538330078	105.84451675415039
82.76448631286621	80.64760780334473
101.63843536376953	102.76299858093262
102.00616884231567	111.29901504516602
102.19267702102661	106.40876865386963
82.16212034225464	69.61356925964355
98.86492824554443	96.5999755859375
95.4288854598999	107.5612154006958
96.02596664428711	107.70910024642944
83.07838535308838	92.34583139419556
67.84881591796875	85.98814487457275
94.94527435302734	94.07552003860474
99.33182573318481	116.0742015838623
66.26269388198853	82.30262470245361
78.56774568557739	83.25973749160767
80.37538290023804	77.89144897460938
110.9531717300415	117.36449575424194
110.53219795227051	106.18084573745728
86.77417945861816	104.21991539001465
123.28648853302002	134.3183708190918
76.84417486190796	81.9598217010498
91.6330795288086	96.20567321777344
120.6788535118103	122.36669254302979
84.70586395263672	76.11808061599731
86.0512285232544	102.3551025390625
69.90826320648193	70.74479007720947
95.37378692626953	89.14713621139526
91.85048818588257	88.09332132339478
82.91956996917725	99.25257682800293
113.80057334899902	108.55306673049927
88.0908145904541	88.16296577453613
104.89782047271729	107.79660415649414
93.96044254302979	77.00083923339844
96.10988235473633	91.29546976089478
85.37396907806396	80.7200574874878
93.42363595962524	103.22202253341675
127.58664131164551	124.68613195419312
78.6553316116333	83.06584644317627
69.1354546546936	66.80962371826172
121.6170072555542	114.2470817565918
95.34583473205566	98.6808557510376
100.44955158233643	114.7607421875
118.94035720825195	112.7550482749939
98.59563446044922	109.3998384475708
104.5956039428711	93.4162368774414
71.98121356964111	65.14171886444092
91.42369508743286	97.11872863769531
98.29580879211426	93.4162220954895
96.04723739624023	87.5267333984375
96.08587503433228	91.7807788848877
84.66542959213257	85.94967842102051
86.8058009147644	86.63920593261719
102.2065258026123	108.12802124023438
86.25043487548828	90.5280122756958
113.3425407409668	115.63428926467896
80.10355377197266	91.25103378295898
58.65662097930908	74.77650451660156
115.32386112213135	122.7779803276062
117.23061466217041	129.28897285461426
128.0783085823059	140.65827655792236
75.7293119430542	65.88546752929688
128.29988384246826	136.36747646331787
93.46916484832764	91.51195049285889
82.5318374633789	93.04305839538574
88.31109237670898	94.3553614616394
83.77043724060059	92.51893758773804
86.817626953125	103.5666732788086
86.60222625732422	103.7794303894043
104.71343326568604	109.82961654663086
126.24728536605835	123.16954612731934
137.37395095825195	128.63938426971436
68.95303392410278	73.30402565002441
100.02387237548828	91.48062944412231
73.61140441894531	74.74780559539795
80.80397176742554	86.7220983505249
70.74341487884521	70.44119167327881
110.19668769836426	129.95707511901855
112.24236965179443	107.573974609375
102.95060205459595	89.01936960220337
89.91241693496704	92.33614826202393
101.750075340271	108.85781478881836
94.5941710472107	89.4978404045105
85.09652853012085	89.322988986969
96.36680936813354	107.34304428100586
91.3743724822998	99.24811744689941
106.00852346420288	117.40597200393677
84.44328784942627	80.41393804550171
123.39132308959961	119.1880989074707
81.05614757537842	83.93498516082764
106.80871725082397	108.3828353881836
87.33431243896484	98.1225814819336
85.46973466873169	88.49118041992188
90.150634765625	98.56036376953125
86.61865997314453	86.35420560836792
90.04286193847656	95.77769947052002
69.45472717285156	84.88189697265625
79.86120700836182	87.98428344726562
102.47817707061768	103.05906295776367
85.64714813232422	88.22804260253906
65.14566326141357	86.28282928466797
78.31950283050537	74.19718980789185
112.73859024047852	111.35207939147949
136.07367324829102	145.3831911087036
78.94329643249512	83.24504232406616
71.22487449645996	72.15682983398438
93.94942331314087	103.84026718139648
113.59659194946289	122.71769857406616
121.47079706192017	123.55975341796875
103.86427116394043	111.37904262542725
99.70416927337646	93.80947160720825
127.86840391159058	116.9879298210144
94.70250034332275	97.43230247497559
91.53490543365479	89.90090084075928
100.974609375	92.12959671020508
114.02450752258301	101.89210510253906
95.04028940200806	108.35496139526367
99.02624702453613	98.34103488922119
99.45338249206543	97.6933479309082
87.8895411491394	98.87061882019043
79.95853424072266	95.07338333129883
94.46738147735596	104.48482751846313
91.00970888137817	111.30873680114746
87.00814819335938	82.24969625473022
94.8090672492981	98.60623693466187
95.7161021232605	96.67013645172119
91.89824914932251	99.49288845062256
113.01466941833496	110.1866569519043
75.91305255889893	77.08805274963379
77.62205600738525	82.97780513763428
81.46901893615723	89.83824443817139
82.04188251495361	84.10018253326416
134.81968784332275	126.9366102218628
98.00310897827148	103.72454404830933
84.72557067871094	73.55863952636719
109.55554533004761	97.10952663421631
114.29524040222168	99.47934150695801
98.08751916885376	94.95419883728027
101.4565372467041	107.46682405471802
84.28724813461304	91.19036769866943
93.20509672164917	105.66503143310547
117.43904972076416	122.1274151802063
94.81490850448608	100.21225690841675
105.90925884246826	116.77694272994995
97.74834632873535	101.43206119537354
109.96881008148193	109.87358283996582
87.4088363647461	87.64748811721802
76.8402099609375	84.69963550567627
90.42162895202637	101.6405029296875
105.24953699111938	123.22360038757324
131.98678970336914	142.14677238464355
105.55479049682617	101.30172157287598
96.0188250541687	94.72071075439453
96.26358032226562	89.55821132659912
102.00396871566772	103.91827011108398
95.05567932128906	92.96965789794922
111.158371925354	109.04174423217773
116.91577434539795	123.06661605834961
97.081552028656	109.72093391418457
74.51760292053223	91.50872850418091
95.95101642608643	96.55711364746094
125.34543991088867	109.39789009094238
74.97476005554199	95.91877698898315
100.81637620925903	101.71836376190186
84.5678653717041	73.66133880615234
78.03697967529297	81.54312801361084
76.69601440429688	75.13227367401123
90.31259155273438	104.53536701202393
116.53291416168213	114.59671258926392
67.92789363861084	67.40766906738281
96.06399822235107	87.16925048828125
105.03864526748657	114.19810390472412
120.73796272277832	129.1491503715515
73.22142219543457	76.04885673522949
83.23232221603394	87.76975917816162
100.16754579544067	111.46995782852173
115.11575031280518	116.11992645263672
99.25155115127563	98.80740451812744
82.88232564926147	91.66556787490845
69.54745674133301	84.95703744888306
100.55978536605835	102.55883598327637
106.95537042617798	107.45431756973267
89.20978546142578	88.22917175292969
82.8975248336792	90.73506116867065
103.49938631057739	103.24756622314453
82.63568115234375	101.3889684677124
83.75156545639038	86.82811260223389
115.48427534103394	122.29641914367676
98.03128051757812	77.72272682189941
52.966678619384766	67.67804431915283
85.69073295593262	82.40160942077637
122.93842792510986	124.78363037109375
92.05066108703613	96.0419111251831
82.82441139221191	79.09106540679932
86.25350189208984	104.09587955474854
94.32031679153442	99.38606643676758
82.49301242828369	83.63612985610962
107.06535768508911	121.62709951400757
94.47617435455322	99.90788078308105
83.19112300872803	88.65956592559814
93.1728162765503	108.00690841674805
104.64280986785889	108.31653785705566
93.91309261322021	89.93900537490845
72.23248100280762	85.19085502624512
106.68608283996582	94.36905288696289
105.57973766326904	100.49554014205933
119.76966524124146	105.5666913986206
119.5499267578125	112.64817810058594
107.98815441131592	90.674729347229
74.59622192382812	70.33576726913452
79.88800048828125	74.03428316116333
112.71969938278198	114.93812370300293
85.31314086914062	77.79141998291016
106.92422771453857	103.44949722290039
86.78183555603027	99.34635925292969
86.98566246032715	105.50784301757812
116.53513383865356	121.39410400390625
94.48345851898193	100.74593734741211
66.96412658691406	74.0583381652832
91.54691696166992	79.6438479423523
79.63390159606934	87.98875617980957
91.30227327346802	105.12042903900146
73.26501274108887	78.06054496765137
76.36166095733643	87.80197620391846
79.31442975997925	87.57562255859375
68.59891319274902	75.51502704620361
88.89484167098999	106.11753749847412
120.7636547088623	133.30898809432983
98.58422088623047	83.70711612701416
81.71190357208252	80.01862049102783
91.07202339172363	87.37852478027344
93.75551700592041	91.27205038070679
79.57638835906982	83.41888999938965
93.87923383712769	98.59651756286621
142.34566020965576	145.18449783325195
121.08179998397827	136.1122612953186
85.6504225730896	100.31803607940674
69.17466068267822	82.43825197219849
77.91707134246826	84.6990213394165
79.65343475341797	81.50820064544678
100.47473907470703	104.35985374450684
87.14497089385986	107.10640716552734
120.29364585876465	137.50277996063232
86.169189453125	87.4707841873169
89.02230072021484	71.83603000640869
108.72416687011719	115.87036514282227
115.1205825805664	117.37892532348633
117.65112733840942	103.50999689102173
82.58738279342651	80.56912422180176
90.47759771347046	91.2484359741211
98.3051552772522	111.41463422775269
85.96806240081787	98.88713836669922
97.88819074630737	102.50977993011475
111.43043518066406	116.09151649475098
91.96203565597534	92.58176898956299
98.25325012207031	94.78322267532349
95.98305702209473	94.625244140625
88.67806434631348	94.43264865875244
99.87795352935791	106.56506967544556
78.07304620742798	85.95411682128906
74.59457111358643	76.29280281066895
75.81365203857422	69.39601707458496
85.16197443008423	77.2673168182373
98.00002098083496	91.56902503967285
82.4649167060852	93.07177734375
84.85685539245605	92.76030731201172
83.56790065765381	82.418954372406
78.20940685272217	88.70824432373047
89.82482671737671	105.67612743377686
72.46088218688965	77.66170692443848
84.35488796234131	93.13441514968872
79.09310913085938	90.75418090820312
88.01026916503906	97.54094696044922
149.373872756958	150.56195449829102
101.18114805221558	101.41407346725464
102.24512958526611	103.31609344482422
82.31409358978271	77.25669193267822
105.03466129302979	114.5321273803711
82.54165649414062	100.0929594039917
84.01625776290894	86.07966756820679
90.6259274482727	80.96195983886719
84.45453643798828	89.81600952148438
95.36611747741699	98.57068347930908
69.78321075439453	79.42987775802612
92.90616035461426	92.30702447891235
94.48199272155762	98.62804412841797
73.92082786560059	76.84602928161621
80.53264045715332	104.51273918151855
98.5961446762085	88.01367044448853
101.84701919555664	105.7636833190918
111.24072074890137	110.97898483276367
98.21289014816284	105.5573468208313
71.92662048339844	80.95468711853027
68.7743444442749	81.87038898468018
117.324294090271	112.16346502304077
90.3060302734375	90.61991119384766
119.7841248512268	115.5884461402893
88.91311645507812	97.7177734375
91.99179410934448	93.99575805664062
82.72984409332275	78.62278747558594
99.74123001098633	110.64085006713867
97.90198087692261	113.335693359375
85.28601217269897	81.04690361022949
78.91678619384766	80.79749822616577
80.89665412902832	90.78472137451172
87.43939256668091	77.42605018615723
103.80968475341797	111.74404716491699
116.45672035217285	105.52982711791992
127.9918384552002	121.16377639770508
88.86044692993164	93.78044319152832
95.00947380065918	85.16276502609253
135.26978492736816	144.43561172485352
108.33686542510986	104.05496597290039
96.84132385253906	92.62760162353516
101.26238536834717	108.63159370422363
100.31441688537598	88.51966381072998
87.57896518707275	86.83403491973877
99.4060869216919	100.43504619598389
115.0383653640747	102.94361877441406
89.22333240509033	91.39379739761353
74.58862781524658	84.66111660003662
84.21765089035034	84.78867626190186
82.10956287384033	91.64515256881714
110.2622480392456	118.75603580474854
118.37715148925781	113.28106927871704
62.27501106262207	74.3668384552002
106.27276229858398	100.0345516204834
106.57513284683228	109.48770141601562
87.24365472793579	98.84603118896484
102.88353729248047	102.47580337524414
96.13082885742188	103.15608644485474
85.11617279052734	109.79190444946289
102.52720499038696	102.85725021362305
91.6982889175415	101.48619890213013
88.72486877441406	97.036376953125
100.8433427810669	107.87734794616699
75.66091060638428	86.62182569503784
71.99172019958496	88.538743019104
85.29051208496094	89.34867095947266
113.20514678955078	122.45131492614746
111.59641599655151	100.57273578643799
74.17957305908203	82.9342041015625
104.14968967437744	109.88848781585693
96.10177612304688	98.87359666824341
82.95474529266357	93.49209308624268
110.52263259887695	110.61351013183594
116.76255798339844	111.8565788269043
92.93745231628418	97.45962238311768
99.19597625732422	86.25410556793213
98.57447814941406	92.26673793792725
83.94403076171875	90.59394121170044
145.39706230163574	152.17187690734863
96.90202331542969	102.58996343612671
81.54830980300903	89.55013275146484
129.6675443649292	123.8572645187378
102.60953187942505	107.7334098815918
93.92287254333496	112.373046875
88.6577296257019	90.88750743865967
105.58237791061401	93.64716863632202
102.04884338378906	95.95125961303711
74.23539733886719	85.76834106445312
106.7470932006836	100.14924049377441
84.43087768554688	86.67771577835083
94.81448364257812	117.8162956237793
75.65906524658203	87.34569215774536
74.49840593338013	90.49434089660645
93.80806159973145	97.33833599090576
96.49554443359375	83.09894466400146
83.99881839752197	92.958909034729
124.42458152770996	125.64470291137695
88.05445003509521	97.51977729797363
102.29738330841064	111.27284145355225
104.34974956512451	99.56308841705322
109.76531982421875	108.49595069885254
114.15379333496094	134.4126262664795
79.11412954330444	79.78464603424072
71.49613952636719	76.43222236633301
88.51361274719238	86.93301916122437
82.8797435760498	85.30335998535156
100.86440563201904	99.48829221725464
132.92806577682495	127.88509368896484
94.03758907318115	91.20861053466797
63.25328350067139	76.66366386413574
99.4790186882019	103.02709197998047
80.97830772399902	85.97559261322021
82.78267574310303	87.05276012420654
85.45813322067261	99.760986328125
94.84040832519531	86.35002136230469
96.00050354003906	97.82059907913208
79.60774993896484	84.18977355957031
96.46367740631104	103.09876728057861
125.66931629180908	116.12078189849854
108.91534805297852	118.77259826660156
113.52278852462769	114.01859092712402
101.42846202850342	100.68184661865234
98.96600341796875	94.64059734344482
91.8427734375	93.60010528564453
76.83500957489014	89.68472290039062
87.42307424545288	100.82784175872803
93.30512523651123	100.94536304473877
76.47976732254028	89.31684827804565
66.0941710472107	69.37921142578125
128.021879196167	147.97167778015137
75.51928520202637	78.57648611068726
126.82508754730225	137.06873750686646
102.92887115478516	93.9408016204834
83.87862396240234	85.54821300506592
89.4271469116211	87.41811275482178
87.29378032684326	87.54251098632812
72.03883266448975	80.7780590057373
106.07835054397583	107.57585144042969
109.2107744216919	103.83794784545898
84.45836162567139	85.00839424133301
95.99454689025879	101.35044765472412
83.06210136413574	95.85636138916016
71.86220693588257	70.16994667053223
93.94190311431885	105.22185802459717
99.22877931594849	89.78811645507812
101.12646436691284	102.97270727157593
91.10137176513672	80.34599304199219
87.510751247406	90.51918458938599
86.26225519180298	97.1495623588562
91.41023397445679	94.33422803878784
88.98118114471436	89.2490029335022
87.83411979675293	94.05072927474976
121.64660358428955	129.68905544281006
95.42074584960938	96.21946239471436
91.64937973022461	92.3649172782898
99.57726573944092	94.63142490386963
133.22709465026855	143.55160236358643
83.11315298080444	88.56153297424316
89.96648406982422	101.07912397384644
76.75308465957642	92.53000020980835
83.84960460662842	77.62655639648438
102.79973602294922	111.04441833496094
102.92596435546875	99.76160192489624
105.99416732788086	121.69309329986572
65.15994358062744	84.78327512741089
106.21848821640015	104.60147953033447
90.11518478393555	90.07502794265747
103.59024810791016	107.48353099822998
