28.835883140563965	31.944470405578613
44.54007625579834	31.827070236206055
38.13172101974487	35.844624042510986
43.71859407424927	38.995235443115234
33.30461025238037	37.14070129394531
35.93484878540039	36.36838245391846
35.03858232498169	38.799789905548096
45.39380931854248	45.68748426437378
28.501968383789062	27.862613201141357
35.404852867126465	39.72198486328125
38.111783504486084	35.56938886642456
38.13529872894287	39.499942779541016
45.901695251464844	41.47911834716797
46.7712140083313	41.899672508239746
39.65854787826538	36.16949939727783
37.44671630859375	41.58164596557617
19.536632537841797	26.890472412109375
37.47186756134033	31.62890911102295
22.24307632446289	22.225069046020508
34.740397930145264	37.623019218444824
43.80155944824219	49.45877981185913
36.78535461425781	29.836952686309814
35.01514387130737	35.126471519470215
30.447662830352783	30.56352710723877
29.156742095947266	33.72117233276367
36.68175411224365	36.025978088378906
26.561012268066406	31.15645980834961
34.51582717895508	35.41725254058838
31.36194944381714	36.08684539794922
33.024468421936035	31.627931594848633
34.687652587890625	39.03505802154541
29.618945121765137	33.8163423538208
19.00670623779297	29.910295009613037
38.48449230194092	40.72824001312256
30.11143445968628	40.6682014465332
26.42219066619873	35.80465316772461
38.70241451263428	42.8822865486145
40.53234100341797	45.9082989692688
31.091513633728027	27.17750072479248
41.47900342941284	31.607760429382324
41.16377258300781	39.42994785308838
42.95914936065674	36.79045486450195
33.54407072067261	34.97669219970703
30.042757987976074	36.616764068603516
48.013275146484375	50.2673454284668
43.08866214752197	43.4996337890625
32.98943758010864	33.749496936798096
30.97891330718994	35.313629150390625
38.08790922164917	34.51560974121094
46.096816062927246	41.8644495010376
40.38398838043213	40.206724643707275
47.770455837249756	54.64266586303711
34.1365122795105	35.541954040527344
25.594844818115234	31.392626762390137
37.39457416534424	33.93518590927124
25.240235328674316	31.212494373321533
30.601885318756104	37.873451709747314
26.61064624786377	26.207561492919922
33.38503360748291	35.91880130767822
42.35838603973389	46.658774852752686
31.344964504241943	37.194480895996094
40.313756465911865	50.581815242767334
36.00578212738037	40.26681613922119
29.763922691345215	39.50868606567383
26.284517288208008	33.7367582321167
35.50438070297241	40.950820446014404
36.02801513671875	31.869049072265625
51.465163230895996	49.638429164886475
34.42733287811279	37.1666955947876
41.56262969970703	40.52717924118042
40.921894550323486	42.146071434020996
43.963741302490234	43.54017639160156
33.73401975631714	39.44729471206665
45.61153507232666	45.927778244018555
31.99569797515869	38.88893508911133
27.72247552871704	30.067708492279053
39.37700271606445	38.09287643432617
33.14932346343994	30.187885761260986
27.88517713546753	28.788297176361084
34.463101863861084	35.87602615356445
30.658281803131104	31.83052158355713
33.66597652435303	32.43111848831177
14.811524152755737	26.007180213928223
45.29737854003906	47.62834978103638
32.28635787963867	39.65217304229736
50.08197784423828	40.713890075683594
23.324730396270752	30.158634185791016
28.227845191955566	37.414066314697266
31.471694946289062	35.04938507080078
28.01326847076416	31.086530685424805
31.836330890655518	39.07951354980469
33.19855213165283	32.421841621398926
25.34238338470459	26.992080211639404
37.28306865692139	41.05141019821167
30.99658966064453	34.70416307449341
28.41719388961792	29.641282558441162
29.362101554870605	38.12116622924805
24.18219757080078	31.003095626831055
36.408531665802	34.58528137207031
38.13320875167847	40.4672908782959
47.56683969497681	40.643226623535156
31.29197359085083	32.906578063964844
48.51203489303589	42.57285022735596
27.30644416809082	28.964248657226562
21.797439575195312	23.834457397460938
35.85944652557373	39.34016704559326
45.05895185470581	42.46174955368042
22.712976932525635	37.2645378112793
53.446006298065186	56.60525417327881
30.38879632949829	40.61465263366699
28.69638204574585	34.002227783203125
35.4138765335083	36.09086894989014
33.91406536102295	30.588744163513184
24.839272499084473	35.631752014160156
33.36552381515503	36.336262226104736
41.65476894378662	44.20753049850464
44.17641830444336	41.911842346191406
41.97317361831665	44.09230089187622
33.63776683807373	40.39868354797363
27.961727142333984	34.489112854003906
31.0054874420166	27.47739028930664
35.18726062774658	35.68259906768799
32.721073627471924	32.19726085662842
31.248358726501465	39.58409070968628
40.53030014038086	38.03553771972656
23.513269424438477	24.63844108581543
52.90678310394287	50.88823318481445
30.3233003616333	36.85066223144531
19.02022361755371	28.36153507232666
17.978198528289795	26.294445991516113
32.541686058044434	32.961655616760254
35.85427522659302	34.173635959625244
43.44200134277344	36.85444736480713
45.29884719848633	44.62871837615967
33.29014539718628	36.34676456451416
23.521239757537842	29.446961402893066
30.91724157333374	30.94191074371338
46.85018444061279	49.89228343963623
42.33120250701904	45.6664023399353
30.812829971313477	31.420273780822754
29.176666736602783	30.804576873779297
40.26404285430908	33.09934616088867
43.208115100860596	44.03645849227905
44.4628701210022	44.103118896484375
33.2358775138855	36.86596393585205
37.20977067947388	35.762741565704346
25.524253845214844	26.99297046661377
26.30218243598938	34.40458583831787
30.671955108642578	29.65050506591797
36.35801410675049	45.30226421356201
28.931496620178223	33.63893222808838
32.95542049407959	49.300498962402344
26.53557777404785	30.53253173828125
29.165794372558594	26.748741149902344
40.38691568374634	41.459046363830566
33.418155670166016	29.208742141723633
35.048160552978516	34.58768844604492
39.457194805145264	40.94264602661133
30.087008476257324	31.163477897644043
33.41761350631714	31.82870864868164
47.41195631027222	47.85679626464844
39.126877784729004	42.40872287750244
40.800846099853516	49.53383255004883
28.500709533691406	34.20635223388672
34.681164264678955	36.85985231399536
31.016769409179688	27.13740348815918
37.33851146697998	37.80692195892334
27.885461807250977	31.36406898498535
29.419639110565186	34.42434597015381
33.13781118392944	36.41928148269653
48.03581237792969	48.63627338409424
35.04141283035278	37.100608825683594
29.19437885284424	28.22913408279419
24.31480121612549	32.34514617919922
37.361369132995605	45.406837463378906
31.772197723388672	35.40234661102295
28.72425079345703	33.8813853263855
39.93528652191162	38.79856872558594
29.137051105499268	29.775726795196533
31.169222831726074	27.717714309692383
40.147521018981934	50.049152851104736
34.59671115875244	31.528573036193848
32.615379333496094	38.489856243133545
19.036632537841797	20.840984344482422
35.461082458496094	35.0214958190918
29.043800830841064	31.318840980529785
49.34249782562256	45.614288330078125
35.61548709869385	38.872807025909424
39.082045555114746	39.7732629776001
29.835322380065918	36.2113037109375
35.6290283203125	41.81823682785034
37.317206382751465	38.45768737792969
28.961814880371094	38.01321315765381
44.14323806762695	42.829819679260254
36.83294677734375	34.786545753479004
42.3200569152832	40.946030616760254
44.86832332611084	47.80044174194336
25.760009288787842	21.366069316864014
28.72540283203125	17.798377990722656
31.94721221923828	30.844101905822754
25.91496229171753	33.83254289627075
29.33842897415161	34.57587003707886
34.022586822509766	34.63120651245117
23.56325912475586	33.9362154006958
27.93407440185547	19.03973388671875
35.23989915847778	38.98035907745361
31.361231803894043	30.194652557373047
33.62442493438721	34.670372009277344
27.55131721496582	29.440712928771973
32.42142963409424	36.22104549407959
34.08168077468872	33.96975755691528
30.94015121459961	39.30318355560303
37.78948974609375	36.029292583465576
33.64100360870361	39.380934715270996
39.729987144470215	39.229156494140625
54.36383247375488	56.144381046295166
30.545837879180908	36.92150592803955
31.440811157226562	31.241438388824463
33.04122447967529	37.47996997833252
35.69406032562256	35.53969860076904
37.63227367401123	40.769805908203125
35.000670433044434	42.321295738220215
25.939793586730957	30.150749683380127
28.26013469696045	36.99843978881836
37.268840312957764	48.870758056640625
33.21852922439575	33.787360191345215
29.196772575378418	32.21687316894531
37.56783199310303	39.92256259918213
36.998385429382324	36.75229740142822
40.91581964492798	41.379101276397705
44.18599605560303	44.66865634918213
34.27397966384888	34.42546844482422
35.524795055389404	33.848609924316406
46.63873100280762	46.56047058105469
37.68174695968628	39.37651205062866
35.93587589263916	37.11936092376709
36.06558609008789	36.1349401473999
36.42845869064331	39.68452548980713
25.82573652267456	35.868544578552246
31.748769760131836	33.977027893066406
63.28120279312134	57.51932430267334
55.10277843475342	54.078285217285156
38.90383243560791	40.356905937194824
33.82808065414429	38.80680847167969
31.124045848846436	33.95152187347412
32.91373157501221	34.687954902648926
35.553935050964355	37.895493507385254
29.47591781616211	39.54226016998291
31.50763988494873	34.636216163635254
31.12385320663452	34.095409870147705
31.02176570892334	31.093368530273438
29.2146577835083	31.42192268371582
38.897080421447754	40.020615577697754
45.63373136520386	40.09728240966797
35.632195472717285	34.07549285888672
39.50441884994507	38.278411865234375
36.14048480987549	38.51498508453369
44.56810283660889	53.32018280029297
23.453237533569336	20.326431274414062
19.03696632385254	29.326143264770508
39.36249494552612	39.34665298461914
33.270240783691406	31.49505376815796
27.15585231781006	38.18371534347534
30.982494831085205	30.81950044631958
33.993919372558594	39.33078336715698
48.850914478302	50.68678426742554
37.255637645721436	37.89086580276489
51.495323181152344	58.86369466781616
34.822794914245605	38.43492794036865
32.67315626144409	37.101707458496094
29.791569709777832	30.839171409606934
27.709668159484863	36.82830047607422
46.626280784606934	47.43595218658447
31.32071352005005	32.77569341659546
36.71360731124878	44.25360870361328
29.998321533203125	34.98986482620239
41.99386978149414	43.996917724609375
49.48380374908447	51.591758728027344
33.67468595504761	37.41957187652588
47.9679536819458	44.255996227264404
34.34048557281494	33.153098583221436
41.49587297439575	49.7503547668457
31.329593658447266	37.158474922180176
26.567542552947998	30.139634609222412
33.704750537872314	36.96725368499756
27.124686241149902	33.20078372955322
36.90798854827881	41.13215732574463
28.76391887664795	30.91048002243042
31.52254819869995	40.19453525543213
28.430221557617188	17.971221923828125
35.81553268432617	36.25788927078247
33.47745895385742	39.66082811355591
32.83814191818237	38.59149217605591
30.669937133789062	31.18915557861328
37.00662660598755	41.320223808288574
15.737109184265137	25.633597373962402
38.34110975265503	35.616538524627686
32.05396127700806	35.33577871322632
47.69452667236328	43.32439947128296
42.48211717605591	38.753665924072266
29.296598434448242	33.64297151565552
30.987244606018066	34.62509250640869
48.95734405517578	48.81976556777954
29.875168800354004	40.86387634277344
31.33610963821411	36.26838684082031
46.0175085067749	43.68605422973633
36.90469980239868	37.7197151184082
25.864474773406982	32.74065113067627
41.09164476394653	44.26117658615112
32.07557201385498	36.53015613555908
29.099841117858887	28.477089405059814
38.231192111968994	50.84141540527344
38.91073989868164	50.981842041015625
34.962074756622314	37.9449987411499
31.042755126953125	33.42987537384033
27.595985412597656	28.436851501464844
50.04954147338867	55.99297332763672
36.39045238494873	33.550347328186035
34.353867530822754	36.52799606323242
35.78132152557373	33.516128063201904
44.42906856536865	46.93577718734741
36.360023021698	38.26378345489502
34.066426277160645	36.891669273376465
35.0298171043396	38.94003343582153
27.192234992980957	33.3246545791626
45.01909780502319	46.27341556549072
29.750690460205078	37.60981321334839
35.40885257720947	31.212153434753418
45.549527168273926	48.518446922302246
28.12028408050537	30.6341290473938
36.91684007644653	32.11968660354614
35.06739854812622	36.36370897293091
38.718111991882324	37.79645919799805
33.53735303878784	34.189857959747314
28.1024169921875	25.48039674758911
26.954472064971924	34.44194793701172
28.239645957946777	25.93959331512451
30.695395469665527	35.150723457336426
33.08358430862427	36.64517879486084
32.93602466583252	34.441261291503906
30.77637529373169	31.880058765411377
33.02119731903076	30.766777992248535
44.965229988098145	50.82790803909302
31.857911109924316	38.88336181640625
34.45601749420166	37.640281677246094
40.20115375518799	43.2293004989624
38.53132915496826	39.772732734680176
31.342620849609375	35.959506034851074
39.94528341293335	39.11752223968506
60.482186794281006	58.88235425949097
32.84078121185303	41.55718278884888
32.01951265335083	38.733344078063965
33.59103441238403	37.67573118209839
31.72855567932129	37.16756057739258
42.74317121505737	39.23048734664917
35.718560218811035	36.529953479766846
31.926867485046387	34.309144020080566
32.700557708740234	38.25899124145508
37.707762241363525	38.39521789550781
37.440903663635254	40.63419771194458
19.008057117462158	30.40703535079956
27.386886835098267	28.48915672302246
29.93525981903076	34.49357986450195
37.0907621383667	38.63284349441528
38.2285852432251	38.66089725494385
19.79480743408203	22.514991760253906
40.84089660644531	37.45527648925781
37.21196985244751	39.50990962982178
38.54946041107178	47.19748592376709
30.987221717834473	42.32804203033447
42.164536476135254	42.667288303375244
32.67569303512573	37.528910636901855
28.53138828277588	33.17150115966797
34.24395275115967	36.151597023010254
32.62864685058594	32.30201005935669
23.69633913040161	30.641770362854004
36.27250385284424	41.147772789001465
41.7354040145874	44.579976081848145
36.96972608566284	34.832961559295654
27.592403888702393	30.837149620056152
33.62816333770752	38.40850353240967
32.42499589920044	35.691821575164795
40.063560485839844	40.24852132797241
35.89976119995117	39.730201721191406
21.736690998077393	19.78005599975586
21.108522415161133	31.17234706878662
31.690967082977295	24.817605018615723
44.213409423828125	45.231056213378906
17.297441482543945	29.86556339263916
33.86638641357422	31.725659370422363
41.75398635864258	38.680320739746094
39.31141376495361	33.52870559692383
30.59150505065918	35.324721336364746
54.97239589691162	57.903480529785156
33.47581386566162	32.287779808044434
31.28638744354248	32.96803665161133
50.73017644882202	52.41982650756836
26.329233646392822	39.10110950469971
27.708606719970703	34.18154239654541
33.209686279296875	36.356568336486816
28.955125331878662	31.772841453552246
35.27494955062866	32.583916664123535
54.25880813598633	54.191715240478516
33.39434862136841	32.789780616760254
39.14815902709961	42.12210559844971
30.616474151611328	27.94514274597168
59.68686103820801	64.23748016357422
20.108963012695312	22.990658283233643
27.063376903533936	28.909430503845215
39.90139055252075	43.269471645355225
38.55103254318237	39.536141872406006
38.633849143981934	41.126160621643066
31.81937026977539	17.974082946777344
44.271790981292725	45.569701194763184
41.420345306396484	35.23484706878662
42.13058042526245	42.35399675369263
33.040549755096436	38.51814270019531
38.15685987472534	35.363030433654785
42.75366544723511	46.55096197128296
28.102802753448486	41.408217430114746
24.349536895751953	30.932613372802734
31.784388542175293	29.992321014404297
29.944729804992676	36.52755832672119
33.27597379684448	43.03685188293457
36.29345417022705	36.393189430236816
42.07130670547485	42.091580867767334
29.945673942565918	31.09135866165161
37.63487148284912	46.765896797180176
33.44081211090088	34.20271968841553
30.81667423248291	35.945563316345215
38.780293464660645	35.591872692108154
35.067588329315186	38.62261962890625
39.05651092529297	38.322102069854736
37.398179054260254	47.83263874053955
34.27112817764282	31.66693639755249
25.610156059265137	27.488369941711426
27.230286598205566	27.506306171417236
33.006099224090576	35.682745933532715
32.31720685958862	36.66045427322388
25.28524875640869	21.97608232498169
28.20748519897461	26.169647216796875
37.27561283111572	37.76863479614258
51.88890075683594	50.874420166015625
39.07644271850586	30.17638921737671
39.748573303222656	43.7066535949707
36.19922733306885	41.084598541259766
27.56711721420288	31.98833703994751
28.90182113647461	33.44943618774414
45.48346424102783	46.45778560638428
34.39645290374756	33.94627094268799
37.573150634765625	43.742855072021484
38.820611000061035	37.41017818450928
43.71858072280884	45.87649059295654
31.486706733703613	30.32846450805664
48.38415479660034	51.06250047683716
37.18904972076416	42.3823356628418
39.755821228027344	39.580238342285156
33.78488540649414	44.73878860473633
40.54203796386719	45.860260009765625
34.484999656677246	38.23304843902588
32.471065521240234	21.65270233154297
30.982895851135254	32.384642601013184
41.68592405319214	34.31785297393799
45.71844482421875	49.472267150878906
30.866795539855957	29.250432014465332
32.699668407440186	38.65713596343994
41.225913524627686	40.003106117248535
47.9569787979126	49.92244100570679
30.98880386352539	38.022231101989746
31.41803503036499	32.672278881073
34.61134433746338	34.734649658203125
47.36798286437988	47.78800392150879
38.65608501434326	40.237770080566406
30.177693367004395	37.63233184814453
29.464519023895264	33.861236572265625
38.45580577850342	35.818843841552734
40.93553972244263	41.1088171005249
42.530956745147705	44.76067066192627
30.41783332824707	32.16212034225464
21.805461883544922	19.485549926757812
30.534896850585938	33.84188938140869
27.18167781829834	30.391077995300293
39.047245502471924	39.39360809326172
28.765860557556152	28.14004898071289
27.153925895690918	33.014801025390625
31.10109567642212	33.87132167816162
37.62147617340088	44.33432912826538
33.16359281539917	38.53586673736572
26.0172438621521	23.52118968963623
19.6708984375	19.657535552978516
29.830991744995117	30.01709747314453
20.243465423583984	20.84132194519043
32.32173156738281	40.37260293960571
36.97957706451416	42.71148157119751
41.073065757751465	42.23625469207764
28.291544914245605	32.22623348236084
30.991430282592773	30.902233123779297
39.404990673065186	41.28779745101929
26.023624420166016	28.736523628234863
37.97387981414795	33.85359191894531
38.997440338134766	35.01044511795044
29.24697494506836	18.3106746673584
36.27979373931885	38.070754051208496
31.146883964538574	41.4938702583313
41.170223236083984	33.24613809585571
25.916118621826172	27.4766845703125
41.127685546875	34.018073081970215
31.72341823577881	39.51273441314697
34.04267978668213	37.751423835754395
31.226837635040283	34.25849914550781
41.42241668701172	36.00859785079956
32.189316749572754	39.90074443817139
39.690948486328125	43.234031677246094
37.69117069244385	42.012725830078125
41.62244129180908	48.935813903808594
53.833961486816406	42.58746337890625
35.06628656387329	31.8070330619812
35.69655990600586	28.92377471923828
22.251937866210938	32.492018699645996
33.83648633956909	36.63640880584717
31.581765174865723	41.458313941955566
34.00294542312622	36.4363431930542
35.762200355529785	31.722373962402344
47.30167007446289	47.962032318115234
32.474501609802246	31.895745277404785
30.14845848083496	27.88161277770996
42.579749584198	50.17123508453369
31.018187999725342	32.945778369903564
26.703684329986572	25.529906749725342
22.77517795562744	21.61628484725952
32.48863506317139	42.43165111541748
28.96052837371826	31.712536811828613
35.733421325683594	41.794203758239746
30.371124744415283	37.93771266937256
30.748741149902344	27.114635467529297
28.207870483398438	32.24623203277588
50.61185598373413	40.927611351013184
35.132351875305176	32.41984176635742
28.06781768798828	28.286239624023438
37.81822919845581	37.37990617752075
22.40004062652588	27.025485038757324
37.45471954345703	37.409531116485596
30.673158645629883	32.94163513183594
44.11350631713867	39.83232021331787
41.33837127685547	42.7278356552124
34.55080032348633	33.94435214996338
42.67739200592041	48.41315460205078
38.8889536857605	39.944289207458496
46.50785684585571	45.93320083618164
38.40986776351929	37.19790267944336
42.10979461669922	47.605751037597656
36.46774387359619	40.628533363342285
31.885994911193848	35.53627109527588
37.68685054779053	39.64050340652466
42.39550495147705	41.704413414001465
28.16887378692627	31.74104404449463
28.171703815460205	32.123475074768066
24.25515651702881	37.36990690231323
34.109004974365234	40.20823001861572
39.181954860687256	42.225345611572266
37.15791320800781	34.9931640625
22.26025080680847	33.14253091812134
29.07954216003418	30.636703968048096
26.72014617919922	26.633800506591797
38.01749563217163	37.13432455062866
28.403039932250977	32.75394916534424
37.41496753692627	38.97920894622803
28.76272487640381	40.22523021697998
35.93285322189331	34.417662620544434
32.64906644821167	35.21275043487549
27.784306526184082	28.401787281036377
31.190683364868164	39.8091516494751
39.34685516357422	39.53199863433838
35.22134017944336	38.943474769592285
33.83376359939575	26.385555267333984
33.405394077301025	38.6463885307312
42.71520662307739	42.2469482421875
28.112930059432983	36.221031188964844
36.54731369018555	38.929649353027344
34.04611110687256	36.001227378845215
45.497591972351074	40.821730613708496
42.65756893157959	43.99008226394653
32.091633796691895	38.000614643096924
49.277466773986816	51.19908332824707
42.57810115814209	38.00561189651489
48.0292911529541	43.38489532470703
28.394062519073486	34.50356721878052
24.142086505889893	25.823888778686523
38.654276847839355	36.9532585144043
15.750713348388672	25.38905620574951
37.348225116729736	27.79871702194214
34.273314476013184	35.280539989471436
40.221076011657715	47.89832782745361
35.05300045013428	41.441551208496094
44.00182485580444	46.15165710449219
27.620995044708252	26.125102043151855
29.230008125305176	36.745338439941406
30.35907745361328	41.8638801574707
38.85831928253174	47.83170032501221
32.227641105651855	28.53785753250122
27.28804349899292	36.248841285705566
34.51438236236572	33.60337829589844
29.88980531692505	36.266746520996094
46.68226623535156	44.465965270996094
23.822569847106934	30.023369789123535
36.44746398925781	39.162869453430176
50.6396803855896	49.02335834503174
22.817626953125	23.624789714813232
35.959510803222656	28.01318645477295
28.951974868774414	18.57271385192871
33.34667205810547	41.02619552612305
33.85708999633789	36.077606201171875
23.331077098846436	27.714486122131348
30.838985443115234	34.600043296813965
27.017745971679688	26.474003791809082
46.30784559249878	46.12794828414917
42.70478439331055	43.46872329711914
43.6440863609314	44.483004093170166
35.22194766998291	37.83514881134033
41.13947629928589	47.00694274902344
28.930552005767822	31.91170835494995
50.37310791015625	54.577735900878906
30.62014675140381	33.83389663696289
36.379666328430176	39.59625720977783
29.014984130859375	28.855725288391113
39.899943351745605	37.95691394805908
35.113892555236816	36.02808380126953
29.745243549346924	36.837562084198
36.22535705566406	40.54135036468506
24.575960636138916	27.567830085754395
43.940908908843994	43.98664093017578
38.278870582580566	39.795247077941895
32.64615535736084	38.33137512207031
37.96981334686279	36.83776140213013
35.83034133911133	42.47215175628662
33.204872131347656	47.41921949386597
36.844913959503174	32.82389163970947
27.959983348846436	37.442848205566406
18.997791290283203	20.848487854003906
25.073498725891113	32.124847412109375
30.54004669189453	32.653565406799316
33.37010860443115	37.71481990814209
41.60573482513428	38.515753746032715
16.881368160247803	25.033535957336426
29.494348526000977	34.06026363372803
49.57977294921875	57.88631820678711
42.74023389816284	44.30844068527222
42.6642541885376	44.723533630371094
33.439955711364746	35.238189697265625
53.11018466949463	50.22858667373657
29.66733455657959	39.22746181488037
34.40104007720947	33.966376304626465
38.26765775680542	40.506839752197266
33.08142900466919	35.1739501953125
25.6201171875	30.387657165527344
50.039159297943115	49.00362157821655
38.036179542541504	42.06388473510742
28.468468189239502	28.578836917877197
40.36415481567383	41.11136484146118
28.34333896636963	28.150105476379395
36.89825439453125	44.94141244888306
33.182682037353516	31.034422874450684
33.97193431854248	32.84932613372803
27.794036865234375	31.66441535949707
39.09107685089111	39.524548053741455
27.70179271697998	28.789936065673828
33.243324279785156	41.800177574157715
30.102112293243408	32.09709548950195
31.769330501556396	33.90341281890869
25.80700159072876	36.89533996582031
36.246299743652344	33.99038600921631
29.153255462646484	33.43755340576172
34.42368268966675	36.84298276901245
31.050724983215332	34.202072620391846
27.298283576965332	27.293198108673096
31.834304332733154	36.03656768798828
25.86111545562744	34.23323154449463
37.593831062316895	32.51578426361084
24.85535717010498	31.97611713409424
36.173622608184814	43.4076452255249
34.06938171386719	37.38585376739502
49.066994190216064	45.550331592559814
31.30382537841797	32.091487884521484
28.529822826385498	23.696904182434082
30.970475673675537	30.989375114440918
32.83538818359375	37.02824354171753
30.0189208984375	33.796706199645996
54.75739669799805	49.608985900878906
34.21752452850342	29.704020023345947
29.027742385864258	15.09762191772461
26.081439971923828	28.706002235412598
34.46711778640747	33.98543119430542
39.55002737045288	32.21483612060547
33.22606658935547	30.606800079345703
27.82355546951294	20.62128448486328
31.558563709259033	43.239173889160156
40.97412109375	43.21238708496094
29.81757402420044	39.48000240325928
26.142313480377197	36.46385669708252
40.39250993728638	43.580453395843506
27.649803161621094	27.65408754348755
37.748451232910156	35.71523666381836
34.93585205078125	29.908177852630615
34.20805263519287	43.67483139038086
23.01520824432373	23.16319704055786
36.14656162261963	42.262962341308594
36.037559509277344	38.78297138214111
34.08009624481201	36.340373039245605
30.910656452178955	35.74959182739258
41.76140213012695	42.45790767669678
48.344539642333984	50.670021057128906
50.43218231201172	56.446537017822266
46.6361083984375	45.78650665283203
35.43040180206299	40.79421615600586
42.63555860519409	42.250247955322266
39.61352586746216	39.19689655303955
57.63716697692871	53.24387454986572
42.698630809783936	38.231359004974365
41.33357620239258	42.77656316757202
32.87716627120972	32.62888431549072
31.89946746826172	39.12845230102539
29.132468700408936	34.20565366744995
25.25156021118164	34.410948753356934
17.78278350830078	29.583065032958984
37.18945264816284	35.43447923660278
35.64654064178467	33.30208969116211
27.391921997070312	28.970691680908203
40.496832847595215	39.36045742034912
33.428297996520996	39.73688793182373
26.220964431762695	26.195144653320312
33.77934789657593	41.62091827392578
37.445616722106934	36.65328311920166
31.4373779296875	32.05188751220703
31.88420534133911	40.103139877319336
26.146810054779053	31.395108699798584
45.24191665649414	52.730265617370605
24.557342529296875	32.5728178024292
46.24469327926636	45.989190101623535
27.978100776672363	35.51039934158325
39.620601654052734	39.60806751251221
32.38203430175781	31.527996063232422
33.5014271736145	37.373595237731934
20.434898376464844	22.204721450805664
29.979177474975586	33.602622985839844
54.108561515808105	51.330190658569336
33.74991989135742	45.308074951171875
25.480562210083008	31.063118934631348
38.803611755371094	37.4344916343689
29.36473560333252	33.49123477935791
40.561062812805176	33.91822099685669
28.759949684143066	36.2221155166626
25.86078643798828	18.580284118652344
35.05656719207764	33.8353967666626
22.331509590148926	27.47133731842041
37.39206314086914	35.8598518371582
19.005666732788086	30.1533203125
32.568260192871094	33.11619472503662
32.52367830276489	35.77562189102173
35.34524154663086	33.729759216308594
35.21418857574463	37.58419418334961
31.531445503234863	26.035919189453125
36.29386806488037	36.54965829849243
43.15690231323242	42.98787975311279
25.74673891067505	29.7237229347229
23.385436534881592	26.127705574035645
34.13034725189209	37.50100326538086
23.924098014831543	28.78934621810913
30.817790985107422	39.83351135253906
32.22752332687378	37.050957679748535
21.465861797332764	31.78048610687256
43.928775787353516	38.12344837188721
36.08157730102539	41.24584197998047
39.28716421127319	42.55545663833618
35.05635738372803	33.43339443206787
25.004374980926514	26.022155284881592
24.513797760009766	30.39602041244507
35.874083518981934	41.98139142990112
42.677902698516846	46.181838035583496
43.33105516433716	41.36358690261841
30.835375785827637	40.158395767211914
30.582592964172363	28.569388389587402
34.23797607421875	35.51335573196411
21.722769737243652	32.95421123504639
33.380286693573	36.00940704345703
34.24276828765869	41.46083450317383
19.798990488052368	28.08844757080078
32.75820255279541	40.6363582611084
36.21555185317993	44.913981914520264
28.77598524093628	40.118465423583984
35.82561492919922	37.75553226470947
43.249545097351074	35.118950843811035
29.43787670135498	28.74371862411499
41.08344078063965	32.62132263183594
32.1415901184082	34.803173542022705
29.25314426422119	33.17401361465454
34.61776828765869	36.69474792480469
27.539401054382324	30.697743892669678
22.585654258728027	22.891039848327637
33.255813121795654	35.406010150909424
43.30470943450928	46.80436563491821
39.496750831604004	42.86503982543945
33.24578523635864	37.12979555130005
32.4374885559082	35.094632148742676
32.40884780883789	29.38910484313965
36.580307483673096	41.725969314575195
37.67506456375122	38.506622314453125
29.187541007995605	31.770858764648438
18.511796951293945	22.771076202392578
32.395262718200684	32.694549560546875
40.02717304229736	32.5984263420105
23.596336841583252	27.013964653015137
35.86142635345459	35.775020122528076
41.51383066177368	41.6408429145813
37.54378795623779	35.489375591278076
40.07540988922119	41.61789035797119
44.454068183898926	30.400068283081055
33.97737121582031	37.24940013885498
29.433448314666748	38.071815967559814
27.010101318359375	29.86113166809082
38.244927406311035	39.13998460769653
35.43858289718628	36.99168682098389
35.5109977722168	36.896865367889404
39.30174398422241	35.63613271713257
21.248218536376953	24.951133728027344
37.38527297973633	40.17111778259277
35.07359218597412	44.341795921325684
22.437503814697266	19.66452407836914
30.73713779449463	36.57590389251709
32.55750751495361	32.319621562957764
39.45770740509033	37.9656457901001
28.703112602233887	24.701049327850342
30.257954597473145	38.59177350997925
33.72792720794678	38.49692916870117
31.601832389831543	25.618500232696533
31.409337043762207	35.96330165863037
41.079766273498535	41.64089870452881
39.58750820159912	29.49481964111328
41.967384338378906	41.145721435546875
30.829301834106445	30.08444309234619
11.6649751663208	23.617489337921143
36.01235866546631	37.0349383354187
34.24347400665283	35.22607088088989
37.26654052734375	32.36563062667847
34.60744857788086	39.90025234222412
36.967880725860596	36.389381885528564
42.00531721115112	41.328736305236816
21.022725105285645	29.786171913146973
39.62126970291138	42.694549560546875
38.41355037689209	41.73769283294678
43.19099521636963	39.815781116485596
29.25830078125	30.748302459716797
40.483577728271484	49.02180862426758
33.01675796508789	34.368858337402344
35.51640033721924	35.151978492736816
47.517799377441406	45.74819993972778
33.128464221954346	33.52699279785156
24.19358491897583	27.351387977600098
24.990696907043457	25.70948362350464
36.38285160064697	37.01351881027222
34.691657066345215	36.70415782928467
45.889808654785156	58.15999889373779
37.64037609100342	41.117920875549316
26.7775936126709	31.39995813369751
37.54617977142334	39.58019495010376
33.394989013671875	36.15096569061279
28.614962100982666	30.71561336517334
41.178452491760254	42.4298529624939
45.75249910354614	49.80465316772461
30.40861988067627	40.038265228271484
29.06175136566162	24.415690898895264
48.18880558013916	39.41243505477905
31.266563415527344	44.90699100494385
31.030875205993652	35.290520668029785
27.463045120239258	32.83236026763916
36.99166774749756	33.326849937438965
30.008923530578613	31.46506977081299
29.501869678497314	35.35710573196411
36.43847417831421	47.742117404937744
32.16584300994873	32.752638816833496
29.95354461669922	25.39076805114746
32.64222049713135	37.644164085388184
32.96234893798828	30.728445053100586
45.781333923339844	46.254554748535156
42.51155376434326	43.92265748977661
30.351131439208984	29.004684448242188
29.83046054840088	35.878098011016846
39.67236328125	39.65573072433472
34.35128402709961	37.19351863861084
26.522483825683594	26.583569049835205
40.597941875457764	43.977134704589844
34.8345422744751	35.558903217315674
49.862112522125244	38.672924518585205
45.07108163833618	47.1644172668457
32.16481018066406	32.96831130981445
38.256752014160156	41.47038173675537
30.147717475891113	29.68659496307373
36.06126308441162	36.336636543273926
37.3590087890625	38.099209785461426
33.79178524017334	38.08388948440552
36.21487760543823	36.901854515075684
32.43640184402466	36.91850662231445
25.064635276794434	27.527470588684082
31.728603839874268	33.3484411239624
31.906381130218506	34.718307971954346
31.258692741394043	37.51271152496338
30.430381298065186	33.741722106933594
38.6330304145813	40.31250810623169
36.22291564941406	37.515602111816406
38.46237659454346	41.73403072357178
40.438819885253906	45.20387935638428
38.42021179199219	35.77664661407471
25.333545207977295	27.080578804016113
34.48165225982666	40.09035587310791
43.738097190856934	42.338829040527344
40.71621561050415	34.237586975097656
34.9791784286499	38.21385669708252
34.7526969909668	37.384703636169434
40.76340579986572	44.44973945617676
37.342803955078125	39.36863422393799
42.08755874633789	41.8266077041626
36.44744157791138	34.14184093475342
26.509642601013184	35.05911350250244
35.635669231414795	38.577927589416504
34.225685119628906	30.437504768371582
28.658655166625977	34.448204040527344
26.84058666229248	37.117698192596436
26.35596990585327	27.186026573181152
19.745445251464844	20.322376251220703
36.19302797317505	37.840972900390625
32.81658887863159	36.19706392288208
31.36732578277588	25.134456157684326
33.43417406082153	31.180737018585205
40.52943992614746	50.73054599761963
34.40751314163208	36.260857582092285
28.45969009399414	28.768068313598633
27.535709381103516	38.535770416259766
45.91410827636719	44.74260330200195
38.56652355194092	35.45478916168213
35.964377880096436	45.42363977432251
38.82976055145264	35.79304504394531
32.396957874298096	39.12709712982178
37.32224941253662	37.466607093811035
50.96730136871338	58.54768753051758
38.623772621154785	39.74060583114624
37.26989030838013	37.344157695770264
48.98144817352295	46.330360412597656
25.753145217895508	26.54738998413086
38.211158752441406	42.830403327941895
32.21938228607178	30.581310749053955
44.80719757080078	45.67449188232422
39.13707447052002	38.16536808013916
36.709364891052246	35.93701457977295
34.875807762145996	40.7174015045166
43.02412557601929	45.58256530761719
42.266873359680176	42.9501314163208
40.8955078125	42.57796049118042
43.02355146408081	43.8319878578186
36.07978105545044	33.591179847717285
27.484612464904785	34.27933216094971
39.307945728302	39.945637226104736
46.09470319747925	46.69482374191284
32.95783281326294	33.458876609802246
38.006718158721924	38.85545825958252
39.82875871658325	41.88502073287964
37.93626880645752	31.49813747406006
31.01112699508667	35.588318824768066
36.272979736328125	37.78350496292114
30.223557472229004	27.95460605621338
37.535136222839355	42.738152503967285
41.13525867462158	40.49988555908203
46.605299949645996	48.7296142578125
11.676828384399414	22.228221893310547
41.79306936264038	42.28392839431763
31.980334281921387	36.82583999633789
25.17705202102661	32.74829864501953
37.08370113372803	39.578627586364746
11.67265796661377	22.27411651611328
31.201992988586426	33.63322448730469
38.041972160339355	31.38161611557007
31.325663566589355	31.613073348999023
39.61753749847412	40.752811431884766
34.38484191894531	35.08946180343628
47.06641435623169	48.76496124267578
22.084113597869873	30.914390563964844
32.22074031829834	38.397674560546875
45.248809814453125	46.4521484375
29.59226131439209	25.36212682723999
38.100037574768066	37.2602653503418
34.234206676483154	39.46147918701172
43.87586975097656	38.303956031799316
31.138678550720215	33.53783130645752
27.334132194519043	30.183911323547363
37.30323886871338	40.8304238319397
38.28801727294922	39.63340759277344
31.056957244873047	36.582438945770264
33.856407165527344	38.15543460845947
26.733624935150146	36.848435401916504
48.7036714553833	50.74331760406494
29.212739944458008	28.645824432373047
38.247233390808105	37.3199987411499
