66.49838256835938	69.62281799316406
45.33588409423828	54.390220642089844
63.18432569503784	67.50621843338013
50.640578269958496	60.56500434875488
47.8038010597229	52.686326026916504
50.550601959228516	56.58060073852539
60.315311431884766	60.61908721923828
46.16502285003662	51.474045753479004
42.55899524688721	37.21110534667969
30.46565532684326	34.323952198028564
75.27653503417969	80.96940994262695
53.362369537353516	57.299949645996094
66.00404405593872	72.58892726898193
31.57258176803589	37.06186294555664
49.550650119781494	56.76087188720703
39.73724365234375	38.47257995605469
33.60451126098633	38.961456298828125
55.11765670776367	62.87720489501953
39.24070644378662	39.235716819763184
53.18472385406494	59.415788650512695
41.88703155517578	47.585086822509766
55.19566535949707	62.888288497924805
52.38344764709473	59.916266441345215
55.06835174560547	55.543527603149414
49.457645416259766	53.007484436035156
60.46908187866211	65.20011901855469
40.543251037597656	45.54935359954834
47.05008029937744	43.95271396636963
37.952200412750244	38.111239433288574
49.801876068115234	54.83714294433594
41.586846351623535	51.17912197113037
33.54557752609253	25.55635094642639
48.482046604156494	49.62302112579346
51.093048095703125	56.43809509277344
29.5116548538208	38.98362350463867
63.35049629211426	67.5778341293335
39.437127113342285	44.99010944366455
43.39263153076172	43.38325595855713
30.319945812225342	34.89672899246216
56.62936210632324	61.80039405822754
39.71452045440674	47.105040073394775
54.43225860595703	57.41818428039551
57.18423938751221	62.56932258605957
36.01430797576904	42.06779766082764
48.59393930435181	53.89635372161865
54.87879276275635	60.87601280212402
53.935569763183594	60.042083740234375
51.147682189941406	56.34181213378906
66.79567766189575	71.57921504974365
38.94435262680054	47.391632080078125
43.8100004196167	46.01892948150635
42.62578201293945	46.374022006988525
26.73710346221924	33.40602159500122
26.357855796813965	29.673125743865967
43.71376419067383	40.61715602874756
23.70974063873291	30.502407550811768
47.724700927734375	55.82490158081055
36.97550868988037	45.70638942718506
43.84370040893555	47.61408233642578
37.37479019165039	37.3095817565918
61.50086975097656	67.81088256835938
53.611351013183594	59.37433624267578
45.865814208984375	45.858384132385254
66.97808742523193	68.40317726135254
42.934897899627686	48.914494037628174
51.58805465698242	58.96595001220703
58.35845184326172	64.43611145019531
48.98864459991455	55.49517202377319
39.02527713775635	50.64520454406738
40.58284091949463	40.5488977432251
57.29688262939453	62.069061279296875
32.27309513092041	35.024516582489014
52.00421905517578	44.44289016723633
53.533501625061035	59.390658378601074
58.39393997192383	63.22710418701172
50.77819490432739	60.015252113342285
45.26770830154419	52.821669578552246
36.222779273986816	39.129286766052246
51.81547164916992	56.109352111816406
41.31861925125122	42.3191294670105
51.108853340148926	56.828837394714355
53.71832227706909	58.15854072570801
52.310569763183594	57.18074131011963
30.826082229614258	37.56573438644409
32.21536159515381	38.40054702758789
57.094114780426025	60.75257921218872
48.26880645751953	54.61088180541992
48.292884826660156	55.12167739868164
48.61552333831787	47.52409601211548
64.32679748535156	70.0872802734375
31.611878395080566	34.987486362457275
49.149879455566406	50.38824462890625
53.49399375915527	58.47565841674805
55.042842864990234	60.577056884765625
35.843971252441406	36.215054512023926
35.75061798095703	36.36323928833008
73.47363567352295	77.77353000640869
44.43277072906494	49.78474760055542
49.42527770996094	56.666526794433594
58.425846099853516	66.73109436035156
36.111998081207275	35.16326141357422
42.05417013168335	49.89778757095337
28.73990249633789	35.05341625213623
51.76638126373291	59.16821479797363
44.702393531799316	39.55875778198242
35.52851867675781	37.01702117919922
45.56336688995361	50.077491760253906
37.66611385345459	33.13880252838135
37.703529834747314	44.93470001220703
53.63850021362305	59.544368743896484
57.12572479248047	62.02565002441406
51.96251678466797	55.773613929748535
54.62790250778198	53.76764249801636
55.399410247802734	64.35475158691406
45.90149974822998	45.897934913635254
65.86656188964844	72.406982421875
68.10211181640625	75.38977146148682
43.18574523925781	42.0313081741333
62.077016830444336	68.26931762695312
27.45248794555664	28.84509563446045
38.37135314941406	41.035261154174805
54.331310749053955	40.874380588531494
39.16841125488281	44.17418670654297
40.77391719818115	47.28585720062256
39.246360778808594	42.54608917236328
52.77047681808472	59.63574409484863
46.894423484802246	57.31412315368652
31.927629947662354	38.934579372406006
50.73945236206055	45.199913024902344
54.87915515899658	61.13144016265869
40.11247682571411	46.76920461654663
59.13428449630737	64.76911211013794
60.927391052246094	65.56311798095703
43.92652940750122	48.17628622055054
56.789371490478516	62.364280700683594
43.222487926483154	52.15140390396118
44.70098876953125	54.08419990539551
45.9364013671875	42.217254638671875
50.49359893798828	54.0472412109375
54.138484954833984	61.85524368286133
63.65030765533447	69.79098320007324
46.197349548339844	46.203941345214844
46.24142360687256	49.997880935668945
42.43861484527588	47.58317852020264
40.132864475250244	41.49000835418701
51.524999141693115	51.5283637046814
29.017626762390137	35.68090009689331
40.021971702575684	45.54335117340088
61.65400314331055	68.10799407958984
37.22964382171631	41.03693389892578
51.16753578186035	52.4179253578186
45.09718179702759	48.49074697494507
54.64545249938965	46.499210357666016
46.361968994140625	58.32460594177246
25.91850471496582	30.09598159790039
83.85694885253906	89.64299011230469
45.483527183532715	52.26742601394653
40.92635536193848	45.86094617843628
56.00261116027832	61.078635692596436
53.559783935546875	59.950233459472656
55.344153881073	57.84197473526001
86.3892593383789	92.83719444274902
53.93983268737793	57.33845329284668
45.36502695083618	53.072206020355225
43.83316898345947	49.707298278808594
49.99791669845581	55.51711177825928
27.882099151611328	32.50122785568237
57.20075225830078	62.59161376953125
66.64698600769043	63.03166389465332
64.51341247558594	70.06130981445312
60.47605895996094	65.3202133178711
47.13009023666382	37.245360374450684
35.76746082305908	41.738662242889404
46.35618209838867	48.66143989562988
42.092013359069824	50.60781669616699
54.718597412109375	60.35653305053711
50.93790149688721	54.811421394348145
43.56846618652344	48.55976867675781
38.372923851013184	38.36155700683594
52.48076248168945	59.73289108276367
43.56888437271118	38.979012966156006
53.34499263763428	48.849979877471924
53.27810525894165	58.33905220031738
56.84330749511719	63.19258117675781
75.69997692108154	77.6843614578247
50.38587951660156	50.30018615722656
63.85235023498535	69.83553886413574
53.70546817779541	59.86157417297363
46.98310947418213	50.69213104248047
32.485690116882324	39.162818908691406
38.619486808776855	45.921555519104004
54.01293182373047	59.33882141113281
60.50986289978027	62.87126541137695
43.65468740463257	59.10635948181152
57.99068832397461	63.896915435791016
51.89248609542847	55.56503677368164
66.50865411758423	72.69044733047485
61.033973693847656	67.14680480957031
58.67024087905884	64.6308045387268
57.750545501708984	63.15123748779297
40.832173347473145	45.30542850494385
57.49822998046875	64.34568786621094
50.278404235839844	55.737186431884766
47.60511016845703	46.79062271118164
54.888283252716064	59.96309566497803
61.922038078308105	67.14846611022949
52.489726066589355	59.255141258239746
30.618392944335938	37.01891326904297
64.82760620117188	69.32830810546875
52.73303937911987	60.14393329620361
31.508193969726562	34.660346031188965
35.59810781478882	34.222472190856934
76.978355884552	82.0043420791626
44.847084522247314	50.319639682769775
47.18822622299194	54.172144412994385
45.82141876220703	51.2183837890625
53.53685760498047	59.30245590209961
27.82886505126953	33.26738357543945
51.213515281677246	57.0775146484375
59.935821533203125	56.55344581604004
60.23429870605469	66.33190155029297
44.63210391998291	44.63225841522217
49.63474988937378	54.305076599121094
28.09367561340332	28.622404098510742
59.35573101043701	64.46931266784668
48.09038972854614	53.356958866119385
46.24787092208862	48.47540903091431
65.7564525604248	72.97612953186035
58.01071548461914	62.35984802246094
59.678897857666016	63.78925704956055
47.08256149291992	38.60276126861572
40.69757699966431	47.914204120635986
55.135557651519775	62.08435821533203
26.78357696533203	31.421079635620117
53.0457878112793	59.713985443115234
53.54667091369629	47.375184059143066
37.01025867462158	37.00037097930908
53.9140362739563	57.60691022872925
44.64389896392822	45.312472343444824
54.508036613464355	56.44695281982422
51.75752305984497	56.01718997955322
54.13584899902344	60.64424514770508
63.033621311187744	64.96588134765625
47.36589050292969	48.535396575927734
69.67250776290894	69.68290615081787
58.5244574546814	64.61213636398315
62.296573638916016	67.69935607910156
57.218366622924805	63.99039268493652
42.619486808776855	42.57023334503174
39.664100646972656	40.4772834777832
38.542359352111816	47.21306133270264
45.882418632507324	53.58184051513672
52.927024841308594	57.955833435058594
51.43865776062012	57.21338081359863
47.67951822280884	48.87094688415527
41.92007493972778	48.05026197433472
41.73231363296509	43.5356559753418
39.51059055328369	42.74418926239014
29.148259162902832	41.713624000549316
48.02266454696655	53.12593221664429
59.17327880859375	63.553977966308594
58.32478332519531	61.62159729003906
51.075581550598145	56.883578300476074
53.89807605743408	59.97571849822998
47.11240339279175	50.963656425476074
43.96872329711914	42.76331186294556
55.965062618255615	60.35592746734619
58.53414535522461	64.14842987060547
46.69437503814697	50.4686336517334
31.643433570861816	37.64400005340576
47.881436347961426	47.87702560424805
35.58943271636963	39.34542989730835
60.279991149902344	65.3667984008789
49.69420623779297	55.79667282104492
59.05525588989258	65.70125484466553
45.61903667449951	41.52037525177002
52.50534391403198	56.55385112762451
43.306946754455566	44.22041702270508
66.06914758682251	73.67851877212524
36.89927673339844	46.570149421691895
35.215224266052246	40.39064025878906
40.105295181274414	41.1165714263916
44.3911657333374	51.6005744934082
69.5749340057373	70.88408088684082
55.778350830078125	56.51488494873047
39.29596424102783	41.59284210205078
54.530824184417725	63.744916915893555
42.32409620285034	46.02474498748779
56.15364074707031	63.181434631347656
42.839561462402344	49.92571258544922
28.384812355041504	24.873624801635742
30.308215618133545	33.06460618972778
50.58369064331055	57.539344787597656
30.14225721359253	29.506478309631348
60.802536964416504	59.61699199676514
67.70868873596191	74.09829425811768
39.357115745544434	44.705589294433594
48.680076599121094	48.913841247558594
41.15153789520264	50.251590728759766
56.98366355895996	62.992807388305664
22.22416639328003	22.436378002166748
55.80202865600586	62.68068313598633
46.70895290374756	36.005380153656006
56.633907318115234	60.30975341796875
59.22873020172119	58.42049598693848
39.29970932006836	43.995999813079834
45.3876371383667	45.390403747558594
46.768900871276855	53.02010202407837
66.49456548690796	65.27261543273926
35.68260097503662	39.77070236206055
46.59002161026001	43.08958435058594
53.84136199951172	60.244869232177734
51.491214752197266	56.53622817993164
36.509212017059326	42.79385948181152
45.032066345214844	52.251983642578125
57.287574768066406	64.18467712402344
46.098907470703125	39.82242679595947
58.023136138916016	65.38291931152344
62.798508167266846	66.9967360496521
60.11238098144531	64.1052017211914
32.651607513427734	40.16641902923584
45.45600128173828	55.47645950317383
51.831350326538086	53.03158378601074
46.29828929901123	49.65763187408447
38.566829681396484	36.60768508911133
56.97255277633667	62.548513412475586
45.343231201171875	46.41606140136719
47.88698196411133	54.65885543823242
51.598920822143555	44.239651679992676
41.4732551574707	47.38009452819824
53.26852083206177	52.372984886169434
68.21902275085449	74.8184871673584
27.258479118347168	27.081753730773926
55.205514907836914	56.885873794555664
59.057716369628906	65.812255859375
38.53286075592041	37.90498352050781
104.22158575057983	108.21429395675659
26.69091510772705	32.87523651123047
47.36835050582886	45.57778882980347
54.133845806121826	60.62156105041504
35.470130920410156	41.34841966629028
25.4805326461792	25.489773750305176
40.70949649810791	46.784752368927
57.8211350440979	64.23394918441772
40.088050365448	47.3370246887207
56.601593017578125	58.962127685546875
49.58272361755371	54.2985405921936
42.12106990814209	52.9160099029541
46.78303670883179	45.07860517501831
35.65605068206787	33.320228576660156
36.59889602661133	34.957210540771484
32.97627544403076	37.21054458618164
55.634634494781494	61.55132865905762
49.882566928863525	57.63312816619873
33.03236103057861	38.63218688964844
63.05512046813965	70.27798318862915
44.23801803588867	31.74236011505127
53.075523853302	58.43974208831787
51.46900177001953	57.702749252319336
37.44985580444336	34.231204986572266
34.230926513671875	40.77590274810791
62.1243896484375	65.2249526977539
59.3401665687561	61.55404472351074
45.20396423339844	52.242774963378906
42.36136722564697	41.19471073150635
43.98153066635132	47.43638277053833
33.39547061920166	36.92712688446045
46.881874084472656	53.34526062011719
39.320809841156006	45.4612340927124
39.26987409591675	43.126060485839844
51.14984607696533	52.94065189361572
55.6472110748291	56.65448999404907
46.015278339385986	45.53982353210449
59.213271141052246	67.33188152313232
52.56246566772461	53.0149507522583
44.27973508834839	51.38244104385376
41.08695316314697	47.755608558654785
29.988910675048828	25.481956720352173
46.941505432128906	50.43909454345703
50.45157051086426	41.097267150878906
61.69242858886719	67.95845031738281
51.23141098022461	56.88560628890991
40.581315994262695	45.75669193267822
33.90080213546753	34.647629261016846
29.77723789215088	36.284966468811035
44.004244804382324	51.45365762710571
53.782586097717285	59.56058216094971
38.031381130218506	38.261680126190186
41.23402452468872	47.924691677093506
30.515421390533447	36.265456199645996
37.470080852508545	36.89833164215088
65.84733009338379	67.71955966949463
23.963627815246582	23.972153663635254
58.667288303375244	64.15945243835449
67.14024353027344	69.99520683288574
34.741684913635254	35.97074031829834
28.598220348358154	33.87263774871826
61.60402297973633	61.43521499633789
45.440401554107666	48.9178147315979
43.603431701660156	46.41061019897461
37.192543029785156	41.27775478363037
43.14285659790039	48.96248245239258
58.12085723876953	65.4171142578125
69.4694595336914	75.41300010681152
43.97280979156494	43.98959255218506
38.66691589355469	46.18934631347656
52.82652282714844	59.545143127441406
57.45966339111328	65.98631286621094
45.12715148925781	50.83796691894531
36.825602531433105	42.89204692840576
31.491672039031982	38.060630798339844
51.44985914230347	52.388832569122314
34.457499504089355	44.18106937408447
45.49544906616211	53.10824203491211
45.597378730773926	52.645408630371094
55.11458921432495	55.96266269683838
42.66555404663086	38.463664054870605
64.52209568023682	68.92439889907837
63.12727737426758	64.65931701660156
56.10093021392822	58.992838859558105
46.593717098236084	51.084391593933105
69.23552799224854	75.58547735214233
32.97349452972412	34.29625988006592
33.107059478759766	37.92729949951172
91.24507904052734	95.58435916900635
34.565131187438965	34.5613317489624
51.49119186401367	55.38044357299805
35.750407218933105	44.23805236816406
43.201778411865234	50.88860321044922
57.27522277832031	64.30884552001953
52.24888277053833	58.40742492675781
57.73143768310547	64.87423753738403
59.8524169921875	65.99787282943726
30.456928253173828	37.24118900299072
38.48891544342041	26.817535400390625
36.9262580871582	36.45103454589844
53.68332767486572	58.796828269958496
63.4181547164917	70.37927150726318
91.54692125320435	91.6341643333435
60.32628059387207	66.16083335876465
45.649452209472656	40.87374973297119
37.767863273620605	49.2586784362793
39.55253744125366	42.79200077056885
54.24097394943237	55.611599922180176
45.27473449707031	42.803030014038086
38.699538230895996	46.20326042175293
46.28615951538086	50.340394496917725
33.304484367370605	33.63872051239014
54.67905378341675	53.4262261390686
53.04565668106079	55.79617357254028
50.54399871826172	47.4182710647583
43.39596939086914	48.9227294921875
61.915401458740234	67.29606628417969
49.36379814147949	53.8791618347168
35.744049072265625	41.708598136901855
55.90809631347656	64.18133544921875
37.306583404541016	38.7286491394043
47.532745361328125	51.99054718017578
45.177903175354004	45.160189151763916
37.80985403060913	46.91732883453369
37.486228466033936	41.080145835876465
44.31105709075928	49.75531196594238
73.17827796936035	80.95339775085449
44.29954528808594	50.42048645019531
29.512115478515625	30.395244598388672
38.93403339385986	46.90219974517822
54.93608093261719	60.623802185058594
50.98643398284912	56.29508686065674
40.13442659378052	36.48106527328491
44.75715494155884	50.486971378326416
58.87600326538086	63.00486755371094
40.44137477874756	41.32137393951416
50.02828788757324	52.94429397583008
30.167242527008057	34.012290477752686
55.94186019897461	53.18016052246094
68.56881093978882	76.09475040435791
39.170875549316406	46.10099792480469
31.758479118347168	37.86624813079834
50.718971729278564	57.63522148132324
55.73713302612305	62.137413024902344
54.75858449935913	60.7879843711853
63.56516885757446	71.74879598617554
36.128273010253906	36.835265159606934
50.80760145187378	50.84370708465576
39.17537593841553	45.671112060546875
45.7167592048645	49.60556745529175
48.465919494628906	49.281063079833984
42.28208255767822	47.233330726623535
37.93934440612793	43.49936628341675
36.55762577056885	42.90604543685913
36.34819793701172	34.49110794067383
19.750835418701172	16.73077392578125
48.468525886535645	53.86522817611694
54.37208557128906	60.5700798034668
44.67393207550049	49.36066246032715
37.81667995452881	42.14506673812866
70.79885053634644	76.65612554550171
36.27311611175537	34.98910045623779
55.84304428100586	55.9826545715332
52.51356887817383	54.862762451171875
57.37067222595215	62.644033432006836
55.144959926605225	61.42704963684082
43.283050537109375	40.756954193115234
52.63677978515625	55.44956970214844
46.191264152526855	49.62788486480713
53.96270704269409	56.45394229888916
57.81113815307617	62.676143646240234
53.61976146697998	58.12606143951416
39.46248197555542	46.63586711883545
66.1944580078125	70.30828285217285
51.83264636993408	55.12531328201294
55.44302940368652	62.28695869445801
50.835752964019775	61.43844223022461
55.90311813354492	61.641422271728516
38.55799102783203	45.87769317626953
40.78017568588257	43.52552890777588
41.91637659072876	42.94404697418213
54.13517761230469	57.76576232910156
38.36832904815674	38.36437225341797
43.16542911529541	42.29988956451416
58.916120529174805	64.93786811828613
46.037535667419434	52.454566955566406
41.15771770477295	50.06807899475098
54.29961395263672	60.95340442657471
58.47647190093994	66.34436130523682
50.037681579589844	54.53260803222656
71.49122714996338	77.20252990722656
46.03147745132446	49.141114711761475
49.94063758850098	49.684593200683594
53.48240661621094	58.678184509277344
29.374732971191406	35.65074920654297
47.90255069732666	50.6140193939209
99.38399028778076	103.4827356338501
64.15923118591309	71.9186782836914
48.94527578353882	55.87163591384888
41.84913873672485	45.15327978134155
55.06787109375	60.05248403549194
49.1811408996582	53.169769287109375
49.553213596343994	54.60441732406616
46.16386413574219	52.41816329956055
49.21131706237793	54.72082328796387
38.92977285385132	43.06985092163086
59.792320251464844	67.96176147460938
85.8087215423584	85.63316345214844
42.2529411315918	41.855342864990234
44.58413791656494	50.69542598724365
45.775256633758545	51.79709005355835
50.06563711166382	55.40388107299805
57.04228973388672	60.34886932373047
33.60781192779541	37.895684242248535
33.928303718566895	34.25013780593872
35.57710361480713	39.30882167816162
53.35191869735718	53.24192953109741
35.48338222503662	34.99758052825928
48.14531135559082	43.235389709472656
58.79956817626953	62.94842529296875
62.86708688735962	69.40947103500366
25.230666160583496	29.101404190063477
56.70694541931152	63.40481615066528
68.27975749969482	72.5545334815979
50.95602798461914	55.087852478027344
35.04099655151367	42.29814147949219
30.322368621826172	37.31447696685791
49.014015197753906	53.20556163787842
44.16560363769531	50.162986755371094
38.11824893951416	42.194714069366455
50.59776306152344	51.45354652404785
28.504786491394043	33.354140281677246
39.49668502807617	41.55336380004883
45.36574172973633	45.35570812225342
31.824371814727783	28.080880641937256
43.258562088012695	40.51048278808594
40.21672439575195	41.90900802612305
34.35654163360596	37.220637798309326
59.257110595703125	64.91185760498047
31.090643405914307	35.67641496658325
53.51289939880371	52.62381553649902
47.350022315979004	53.892284870147705
62.561293601989746	71.04518795013428
38.97744417190552	43.37593603134155
53.97057771682739	61.23270320892334
34.45537090301514	35.29289245605469
73.96437644958496	79.46733951568604
59.359612464904785	66.92354679107666
28.792522430419922	36.22737979888916
58.724520206451416	68.31215572357178
35.79430389404297	42.79659175872803
47.359405517578125	49.95619583129883
50.78352355957031	56.79345703125
44.81250762939453	51.10395002365112
52.75882339477539	58.40678024291992
40.70306396484375	36.19234085083008
57.17438507080078	63.83218765258789
32.884854793548584	36.30443239212036
57.013282775878906	64.80615139007568
37.43126392364502	51.595401763916016
50.24908447265625	57.43991470336914
51.88793659210205	52.74499225616455
49.01856851577759	52.64315748214722
44.791969299316406	52.564552307128906
21.263957023620605	21.3183331489563
59.29274940490723	65.89757537841797
42.122923374176025	47.28176975250244
56.667396545410156	63.00940704345703
56.9383659362793	62.723243713378906
45.139145851135254	45.76278591156006
39.095213890075684	47.14608907699585
36.851521015167236	43.73372793197632
44.134581565856934	40.07714557647705
46.83345937728882	52.72532415390015
29.155506134033203	36.25328350067139
25.432205200195312	31.88201665878296
34.551055908203125	36.05373001098633
53.17273807525635	56.473769187927246
51.17852020263672	56.876617431640625
48.27659225463867	51.15352392196655
74.92435550689697	81.26441764831543
43.6881103515625	47.62564468383789
57.883392333984375	61.38720703125
52.0363826751709	57.71803951263428
45.218955516815186	49.89606857299805
48.70250129699707	52.179697036743164
54.837284088134766	61.66966247558594
63.17575263977051	63.159645080566406
57.50258731842041	63.03217792510986
55.23046016693115	60.28764724731445
47.37171936035156	42.118346214294434
17.9862060546875	17.973968505859375
60.80534362792969	66.5714340209961
49.25533103942871	49.66257619857788
39.82375431060791	39.82046413421631
29.082560539245605	24.949803352355957
56.01072549819946	58.62817096710205
56.508195877075195	60.21548366546631
50.678412437438965	49.92363882064819
31.349936485290527	35.553900718688965
57.97343301773071	65.29557609558105
40.9755539894104	48.26543712615967
53.00992012023926	53.698516845703125
47.170472145080566	50.076096057891846
51.01915502548218	56.23021221160889
55.309757232666016	61.796908378601074
38.505303382873535	35.49166202545166
77.8916015625	75.01402473449707
39.958011627197266	40.331729888916016
38.86146068572998	46.811119079589844
45.13356685638428	49.93368148803711
30.35854196548462	30.35909605026245
51.51415252685547	56.987060546875
58.860782623291016	64.16913604736328
41.003639221191406	46.66862487792969
60.82077407836914	60.76995849609375
58.02809143066406	63.89519500732422
44.990081787109375	42.792301177978516
32.851696491241455	39.90045928955078
45.25421142578125	52.44916534423828
42.254661560058594	47.878509521484375
51.88115692138672	57.9101448059082
41.553053855895996	48.832526206970215
59.324596881866455	62.54703712463379
45.562371253967285	51.675902366638184
19.53681993484497	27.37173557281494
45.64393186569214	52.12718105316162
28.95259666442871	32.70436191558838
26.382417678833008	32.17327833175659
26.980273246765137	30.589539527893066
36.98734188079834	36.72335720062256
24.357800483703613	25.513253211975098
55.7923469543457	62.49219512939453
42.60836172103882	48.89238739013672
24.60165309906006	27.090949058532715
52.33305025100708	58.41506862640381
57.19969940185547	63.833412170410156
71.57777309417725	77.34999656677246
41.11044883728027	45.09474277496338
40.793211936950684	47.63044738769531
41.520286083221436	46.26044464111328
43.85398578643799	43.64944839477539
64.39801692962646	61.67304039001465
36.94478988647461	36.10836696624756
46.58079242706299	39.12364482879639
58.16739749908447	64.16288137435913
46.09612464904785	52.30074882507324
53.88534164428711	59.931976318359375
51.157612800598145	55.39512300491333
50.61447715759277	49.5410270690918
39.62508249282837	46.68887233734131
55.537017822265625	44.56066131591797
33.30057621002197	34.60373783111572
42.26176166534424	47.10282039642334
47.96640157699585	56.46506404876709
39.224669456481934	34.56285381317139
23.862056732177734	33.779098987579346
50.2414436340332	51.683433532714844
59.09992218017578	65.05242204666138
42.524507999420166	47.910452365875244
43.992825984954834	49.855650424957275
39.63365650177002	48.83880043029785
50.33473348617554	54.04043245315552
52.474708557128906	56.95758819580078
44.26531219482422	46.23784637451172
59.705564975738525	49.34998941421509
36.02135181427002	35.12746810913086
61.005372047424316	63.68019962310791
28.03981304168701	27.50133991241455
36.802337646484375	47.80354070663452
45.528038024902344	52.93294143676758
27.972679138183594	32.8617582321167
62.01973628997803	66.502601146698
61.640920639038086	61.66214942932129
57.23204803466797	62.567012786865234
46.70164632797241	53.378231048583984
43.575897216796875	48.786383628845215
37.97020483016968	38.37903928756714
51.82259559631348	55.825927734375
62.37786293029785	59.74728202819824
34.15036869049072	27.847689628601074
30.41521167755127	36.270057678222656
37.203789710998535	40.81156253814697
27.36185312271118	32.160961627960205
50.39060878753662	55.309354305267334
41.12922191619873	54.78336524963379
45.50157880783081	52.637850284576416
52.62178182601929	58.88534641265869
58.35029411315918	61.917280197143555
45.93315124511719	48.08873748779297
39.448426246643066	40.172585010528564
41.73025417327881	48.62228441238403
48.74428987503052	53.894371032714844
36.18119716644287	40.828579902648926
36.069286823272705	39.644482135772705
70.21594142913818	77.56448936462402
29.8075213432312	33.602808475494385
36.12860059738159	40.92253875732422
59.59140920639038	65.26836156845093
61.91351556777954	68.67689752578735
46.40314483642578	48.849525928497314
61.51287841796875	67.75436401367188
38.47155141830444	37.51439332962036
31.586750984191895	34.01514768600464
43.466522216796875	50.676536560058594
43.55543518066406	44.921085357666016
58.23507308959961	63.957733154296875
52.427284717559814	52.51893901824951
41.63949966430664	45.79476547241211
44.75936555862427	50.61537408828735
51.31952476501465	51.31922435760498
43.1875638961792	40.6396050453186
46.36982345581055	48.087982177734375
42.423797607421875	41.40681457519531
54.54158544540405	61.13350200653076
56.838626861572266	62.86145782470703
59.792266845703125	64.00317192077637
47.96719264984131	53.6572961807251
62.09118843078613	67.73602485656738
56.41099548339844	57.30641174316406
39.24339151382446	34.34435415267944
36.25669765472412	40.85531759262085
36.507259368896484	43.16504669189453
19.699617385864258	17.95342254638672
47.674530029296875	53.15540313720703
46.08036804199219	45.09077739715576
51.940260887145996	57.40810298919678
58.761240005493164	62.50601005554199
46.89409399032593	52.14896059036255
38.44202470779419	43.72387456893921
54.13296127319336	60.24696731567383
52.262393951416016	57.434024810791016
40.209495067596436	47.00978755950928
44.681973934173584	48.824124813079834
58.501426696777344	63.70051574707031
51.06401968002319	58.11368465423584
68.40859413146973	75.31733512878418
46.359302043914795	46.358694553375244
51.416160106658936	58.15421485900879
48.741445541381836	43.11742401123047
44.266637325286865	50.457316398620605
67.5382080078125	66.32817840576172
46.28038835525513	50.63834524154663
47.96199989318848	56.172786712646484
37.16485595703125	43.47169589996338
67.20120000839233	67.65367794036865
32.87153244018555	28.07699680328369
41.95173120498657	41.06620693206787
65.49586629867554	78.56246852874756
47.895978927612305	47.871877670288086
37.5659499168396	37.72899103164673
81.07003211975098	76.96044731140137
43.872379302978516	49.58000946044922
57.480926513671875	64.09243774414062
38.23345184326172	50.77947235107422
50.62492370605469	55.85286045074463
44.58421325683594	44.5803337097168
38.924509048461914	42.454472064971924
42.6441764831543	42.64288330078125
50.062500953674316	55.9512038230896
47.238975048065186	52.02625894546509
48.21490526199341	55.02147626876831
36.33273410797119	42.74173593521118
57.109283447265625	63.79998779296875
51.03470849990845	60.273802757263184
48.196842193603516	53.76996612548828
77.52538108825684	81.93870496749878
30.858273029327393	33.55706310272217
55.279563903808594	63.38804626464844
29.55618381500244	29.56939935684204
54.743309020996094	59.558433532714844
48.41849136352539	49.67755889892578
70.46197319030762	69.81037139892578
48.12604522705078	41.36238098144531
56.55887460708618	61.80075645446777
40.890708923339844	46.81729984283447
45.20325565338135	51.350046157836914
30.559260845184326	33.17272186279297
42.71134948730469	39.83749771118164
51.23942041397095	45.06652879714966
49.53951644897461	44.33176803588867
52.312315464019775	58.86818981170654
48.75067186355591	55.343509674072266
41.47569274902344	41.65251159667969
38.71957445144653	46.29580593109131
53.504310607910156	57.145355224609375
67.17264604568481	53.573331356048584
44.614816188812256	50.35302495956421
54.56970977783203	60.680931091308594
45.23726272583008	52.79234313964844
45.32631969451904	48.278663635253906
19.409893035888672	19.27410125732422
44.57174205780029	50.21965026855469
42.479583740234375	36.345924377441406
71.45992136001587	75.04232025146484
27.123188972473145	32.616305351257324
60.000404357910156	64.82542419433594
38.55512237548828	48.38262176513672
52.63340377807617	58.52280807495117
34.5374493598938	38.7381329536438
30.897436141967773	30.906047821044922
32.89376163482666	22.81851625442505
74.14544725418091	81.24647378921509
69.43412733078003	74.09665632247925
47.99143123626709	47.9815149307251
47.032569885253906	54.40865707397461
67.58010864257812	71.55732536315918
39.572081565856934	39.576401710510254
38.7142539024353	46.60818958282471
61.96941804885864	68.17494249343872
54.91454315185547	57.35365390777588
67.4600601196289	74.43092346191406
60.611494064331055	62.55362796783447
45.7073278427124	51.32366132736206
47.88065242767334	44.10472011566162
51.82661819458008	55.717987060546875
62.00175857543945	66.9439697265625
42.02429962158203	44.439720153808594
47.60924005508423	46.21189069747925
21.592496395111084	29.01163673400879
51.4515380859375	57.993510246276855
32.102272510528564	36.025943756103516
65.63316583633423	71.44444799423218
53.74323272705078	58.61536407470703
56.58246612548828	60.621646881103516
56.37103271484375	62.26634216308594
61.800334453582764	69.48159646987915
34.76505994796753	22.31884002685547
54.79877471923828	59.9790096282959
58.54530143737793	62.37312698364258
51.12053918838501	58.93055438995361
72.54081106185913	78.70051717758179
49.494407653808594	54.79145050048828
47.74620962142944	54.520583629608154
56.05681657791138	62.16537380218506
52.57427215576172	58.437801361083984
27.99177074432373	34.597289085388184
37.98164701461792	41.75603914260864
57.48963117599487	63.104116916656494
47.30267810821533	49.03907299041748
53.16567420959473	57.53433179855347
45.40765714645386	48.780691623687744
54.87281131744385	59.156954765319824
44.16664123535156	48.76582336425781
47.095885276794434	42.982415199279785
62.99079132080078	68.92230224609375
52.04436492919922	55.934597969055176
57.18711853027344	62.665390968322754
50.05116605758667	55.24201726913452
32.89962387084961	32.93106937408447
58.20901870727539	63.1601448059082
40.877872467041016	45.47981262207031
44.702914237976074	40.38208866119385
49.19078540802002	56.93906021118164
34.13228988647461	32.98773431777954
60.422393798828125	67.63999938964844
39.06348896026611	43.00146961212158
59.88404083251953	59.723045349121094
46.4024772644043	51.45737838745117
31.582648754119873	22.989516258239746
44.24168682098389	42.11631774902344
50.076279640197754	57.4638786315918
54.31449890136719	59.300811767578125
43.63012742996216	51.70363664627075
47.285667419433594	54.65610122680664
60.14551544189453	65.79359436035156
47.65518569946289	45.12010192871094
49.70327377319336	55.75019121170044
53.73976135253906	59.75978088378906
60.073822021484375	64.64981842041016
51.181201457977295	58.041375160217285
51.23342800140381	59.715577125549316
42.252662658691406	47.88141632080078
44.57473850250244	43.18215990066528
38.96879196166992	49.50945281982422
29.19228744506836	27.257288932800293
37.997071266174316	25.742403030395508
40.699188232421875	43.743961334228516
48.170570373535156	57.67808532714844
39.480560302734375	48.54775428771973
25.033719539642334	25.030243396759033
51.07343101501465	44.88141345977783
51.54034996032715	43.22329330444336
50.65769290924072	54.48280620574951
59.8869047164917	65.33243656158447
45.3830246925354	52.368905544281006
29.878487586975098	44.46488285064697
46.94908857345581	58.11082935333252
58.586936950683594	61.74930191040039
43.00732421875	42.748207092285156
55.76653289794922	62.92661905288696
51.57182455062866	57.78060817718506
40.657455921173096	44.354843616485596
57.75765895843506	64.9497127532959
36.407713890075684	38.29864501953125
59.43177032470703	62.460723876953125
37.760499000549316	44.67118692398071
60.27744770050049	65.03366947174072
58.13414764404297	64.087815284729
68.77925252914429	75.87304067611694
50.58669662475586	54.70810317993164
36.91007375717163	42.44255352020264
41.5216064453125	44.693023681640625
30.45275115966797	36.08895778656006
38.254974365234375	43.384605407714844
55.96527099609375	60.99908447265625
29.448200225830078	34.38976192474365
53.731388092041016	56.97985076904297
50.48503303527832	41.5427770614624
20.44762372970581	20.583789348602295
47.393935203552246	48.37861728668213
44.10739803314209	55.50965881347656
71.9436240196228	79.96224212646484
50.04072141647339	49.55093050003052
70.51613807678223	74.45632934570312
64.76899242401123	71.56681156158447
43.4637017250061	49.503779888153076
40.439276695251465	50.60808086395264
33.550140380859375	38.91861820220947
58.0797233581543	66.59041595458984
73.26243782043457	77.37832832336426
90.66242742538452	97.9008321762085
39.837170124053955	46.16177415847778
45.83391571044922	50.58429718017578
38.59313106536865	38.60001754760742
47.392311573028564	55.219825744628906
74.84132194519043	80.35513114929199
46.77216196060181	53.045145988464355
46.36575508117676	49.96996593475342
60.22734975814819	56.49769878387451
51.96471405029297	56.9908504486084
50.68177080154419	54.52001953125
30.89762020111084	37.15412521362305
33.70762252807617	38.20462417602539
37.828983306884766	43.832945823669434
63.66271495819092	66.26768398284912
60.78049564361572	66.53215169906616
54.94149971008301	54.38587760925293
58.55667495727539	65.78314208984375
33.69899654388428	40.41219234466553
42.783616065979004	46.96737337112427
29.00717067718506	29.068748474121094
69.39749336242676	73.3831787109375
36.009989738464355	41.350592613220215
35.24788570404053	36.05962657928467
66.79390954971313	69.72558784484863
26.321731567382812	27.503337860107422
56.248172760009766	60.497161865234375
63.647918701171875	69.07960653305054
37.902549743652344	44.129441261291504
46.33406639099121	51.06977462768555
35.97135257720947	29.817835807800293
22.50048065185547	21.458730697631836
54.16099262237549	59.777496337890625
44.830204010009766	59.287353515625
55.84510040283203	63.69010543823242
59.35188293457031	65.56285095214844
41.77869129180908	47.61654567718506
43.33995294570923	50.968528747558594
54.96861124038696	61.25005340576172
51.73684120178223	57.784996032714844
56.02368927001953	62.12144470214844
44.35284423828125	50.38864994049072
41.61229753494263	49.15523386001587
