38.094483375549316	34.779691219329834
36.19593524932861	42.25410795211792
40.81174850463867	47.74478101730347
35.39562654495239	35.939157009124756
38.32539367675781	42.25760269165039
42.353729248046875	46.54652404785156
35.94911050796509	35.04990100860596
47.87795639038086	48.41828155517578
47.516845703125	53.02052307128906
39.52220964431763	42.048362255096436
42.17510986328125	46.55614471435547
29.254027366638184	33.80606746673584
42.76343536376953	42.90276336669922
35.8687047958374	35.95948791503906
34.9571418762207	38.07953643798828
42.35963439941406	43.378273010253906
39.55479049682617	43.38477802276611
38.414427280426025	40.88979434967041
38.237266540527344	40.19295120239258
45.713990211486816	46.09979009628296
33.36941862106323	38.20627498626709
46.37605285644531	48.756752014160156
35.133864879608154	38.31981897354126
38.48714590072632	42.52307605743408
58.57804012298584	59.73481845855713
44.28354263305664	46.26280212402344
43.37096405029297	41.776206970214844
32.5969877243042	36.57049322128296
43.00432872772217	45.86210107803345
36.42592716217041	40.65758943557739
45.95077896118164	46.43180847167969
42.57855987548828	46.70638656616211
41.99348783493042	44.82047176361084
45.23438262939453	47.492958068847656
44.53553771972656	42.191436767578125
39.193992614746094	41.92767333984375
48.06553649902344	49.5545654296875
32.749184131622314	36.42003583908081
41.050498962402344	44.055784702301025
35.16211652755737	39.952099323272705
35.1358642578125	40.36536407470703
35.16527080535889	38.73855686187744
41.056617736816406	46.1046257019043
45.29297924041748	46.478450298309326
40.0713210105896	42.95588970184326
40.85154342651367	44.23375701904297
32.01291561126709	35.85891819000244
39.471901416778564	40.21864414215088
40.683815002441406	45.15468502044678
39.486487865448	45.89921808242798
40.4677619934082	42.73065948486328
33.45328903198242	37.37008762359619
39.73530864715576	44.81365919113159
46.94971466064453	50.21030807495117
35.65760850906372	39.22365140914917
40.072672843933105	42.865967750549316
40.3316764831543	42.08173370361328
45.24797058105469	52.36272430419922
46.468238830566406	45.6357307434082
30.855719566345215	36.838356494903564
43.584609031677246	44.57285261154175
36.95408248901367	39.907127380371094
31.859243869781494	34.593665599823
42.062522888183594	46.69602584838867
39.98743391036987	42.17074489593506
40.66518020629883	45.59744644165039
49.18738555908203	53.079132080078125
44.596961975097656	50.458805084228516
38.653648376464844	38.94566774368286
42.747300148010254	47.36879777908325
44.292362213134766	49.27558898925781
43.90143966674805	42.41378402709961
29.036936283111572	33.1007776260376
39.65668869018555	43.62215805053711
45.40844249725342	45.2059211730957
39.01336669921875	47.600807189941406
52.242302894592285	53.06628227233887
48.16734313964844	51.01972579956055
35.978710651397705	38.55524492263794
40.639695167541504	40.74252796173096
35.44560098648071	40.61092281341553
35.87785720825195	38.131507873535156
42.96052932739258	46.29524230957031
35.353726387023926	39.8714165687561
44.195777893066406	47.55384063720703
53.25505018234253	53.679272174835205
53.88767623901367	56.73176193237305
38.8203010559082	43.816444396972656
39.36571502685547	45.13225555419922
38.992095947265625	46.70616149902344
47.02647399902344	48.98169708251953
43.944480895996094	46.01968002319336
40.87225389480591	41.56584453582764
41.20246171951294	43.681620597839355
30.944777011871338	33.05944490432739
33.71079158782959	39.32593011856079
44.85197067260742	48.30122375488281
43.31053924560547	46.11579132080078
54.80213928222656	57.57043647766113
38.49488973617554	39.49117422103882
34.35163068771362	39.824613094329834
49.65931272506714	52.596105098724365
41.678650856018066	44.00163125991821
41.51173400878906	48.967201232910156
42.96945142745972	43.920841693878174
42.82084655761719	42.01918029785156
34.47481107711792	40.11387538909912
36.52825927734375	41.294933795928955
32.08540391921997	35.070759296417236
48.15869140625	50.727752685546875
35.55705547332764	43.514320373535156
42.29602813720703	40.185726165771484
36.085585594177246	40.37168502807617
37.943331718444824	40.917365074157715
44.2029333114624	48.212409019470215
40.192368507385254	43.32030725479126
40.946266174316406	46.05772399902344
37.36050462722778	39.58152675628662
38.76832056045532	42.42866802215576
35.54872417449951	40.52537679672241
39.67176580429077	42.748658657073975
42.4997444152832	47.55338144302368
42.814594745635986	49.58475637435913
40.512906551361084	45.885900020599365
44.16294860839844	45.885459899902344
47.56856155395508	52.3035774230957
36.093231201171875	39.24720001220703
39.40758419036865	46.14437389373779
42.64231872558594	49.1802864074707
33.78096008300781	38.29035234451294
46.57233428955078	50.0504150390625
44.917911529541016	49.18452072143555
44.10911560058594	46.28460693359375
45.2662467956543	50.795570373535156
48.119224548339844	47.010597229003906
43.66206359863281	47.273521423339844
38.477455139160156	46.03892517089844
46.49021911621094	51.20578384399414
39.981812953948975	41.663763999938965
42.02617263793945	42.2169189453125
35.26008605957031	39.04060983657837
45.141462326049805	48.71877336502075
41.329734802246094	47.96208190917969
38.176995277404785	42.84330701828003
35.87703275680542	37.04280376434326
42.474717140197754	45.86723470687866
47.74492645263672	50.456504821777344
38.42888021469116	41.55216932296753
44.29474639892578	49.325408935546875
46.06816482543945	45.710914611816406
47.96003818511963	51.13966941833496
40.54948425292969	49.54184341430664
35.10235548019409	39.98546123504639
31.441016674041748	31.638941764831543
31.351608753204346	36.114498138427734
49.482948303222656	48.67115020751953
44.419960021972656	47.49801254272461
41.054893493652344	44.61420822143555
43.250709533691406	46.402870178222656
45.62041473388672	49.28277587890625
35.0303111076355	41.119025230407715
40.51512908935547	45.6367301940918
33.69340467453003	33.663437366485596
49.42465591430664	52.64000701904297
36.48166275024414	34.7403678894043
42.23548126220703	41.935245513916016
46.00294494628906	48.776710510253906
41.759156703948975	40.31504821777344
50.497230529785156	50.68059539794922
46.82073974609375	52.52092742919922
44.998538970947266	50.512107849121094
45.10211944580078	48.11161422729492
47.14607238769531	46.303279876708984
41.48802185058594	40.87334060668945
47.23558807373047	51.597198486328125
41.734893798828125	45.45488882064819
41.500335693359375	41.08359384536743
53.07988739013672	54.61357498168945
38.95184946060181	40.41960000991821
41.171226501464844	40.81678009033203
45.51321792602539	49.91166687011719
41.1068000793457	47.864437103271484
40.094268798828125	48.235599517822266
40.70767593383789	41.22554397583008
44.59145545959473	46.75473213195801
41.051880836486816	45.097527503967285
43.52232360839844	42.35162353515625
50.24879455566406	50.45790481567383
39.5528244972229	43.63560485839844
40.5438232421875	43.287662506103516
37.71888732910156	38.57127332687378
32.71828556060791	39.362242698669434
38.99346923828125	39.4342737197876
36.62501382827759	37.61858797073364
52.491939544677734	52.35464096069336
41.317047119140625	42.52558135986328
46.0838623046875	47.022216796875
35.386277198791504	40.01330900192261
38.16442108154297	44.801753997802734
38.977293968200684	42.343125343322754
39.89357376098633	42.25766372680664
43.31111526489258	46.485984802246094
35.177520751953125	34.086554527282715
45.24211883544922	48.21281814575195
36.42926836013794	39.13864278793335
52.5628080368042	59.822333335876465
42.01919937133789	41.86548089981079
43.77436065673828	45.85908508300781
40.57805633544922	42.22888946533203
49.46353530883789	51.09722900390625
43.354692459106445	47.234368324279785
51.84080123901367	50.56352615356445
42.07014083862305	47.92200469970703
36.51085901260376	40.50012254714966
41.18749237060547	40.968833923339844
40.39976644515991	44.1251220703125
41.1330680847168	44.69005584716797
40.69865036010742	42.56847381591797
37.52424621582031	42.433677673339844
42.413424015045166	47.95032978057861
39.3648796081543	43.38026523590088
41.1068320274353	41.556331634521484
38.99046850204468	46.149911403656006
41.12539291381836	42.726585388183594
33.116291999816895	36.46418905258179
45.173096656799316	52.00308799743652
48.57732391357422	52.852542877197266
40.98713302612305	39.27911329269409
41.64857864379883	45.61668395996094
46.593326568603516	50.587562561035156
41.62881088256836	43.955284118652344
46.97840881347656	50.53596878051758
34.26988983154297	43.727839946746826
47.27853775024414	48.33518600463867
38.93299865722656	43.820343017578125
47.04019546508789	46.38393783569336
40.64537048339844	39.97041702270508
43.965484619140625	43.537071228027344
43.390913009643555	45.15305995941162
34.58354187011719	36.37800216674805
36.620614528656006	36.65622615814209
37.551169872283936	40.91725492477417
39.34445524215698	45.15890407562256
35.968443393707275	40.39511013031006
31.15406084060669	36.27628755569458
36.27927494049072	42.038382053375244
40.750365257263184	43.42523956298828
48.79112243652344	53.06620788574219
46.719608306884766	49.904136657714844
44.527976989746094	43.2534065246582
45.424781799316406	44.835243225097656
43.578773498535156	43.27897262573242
42.510422229766846	44.61778688430786
39.447341442108154	42.45817470550537
37.05526065826416	39.12657642364502
46.47636890411377	50.59595584869385
40.22698211669922	42.05620622634888
46.118751525878906	45.799522399902344
42.175323486328125	48.330772399902344
45.764591217041016	49.382057189941406
40.318199157714844	42.01760387420654
45.568965911865234	46.26142883300781
39.85866594314575	43.0530481338501
35.23511552810669	39.3697829246521
37.52805852890015	44.57005548477173
46.05457305908203	48.690879821777344
39.216400146484375	41.686798095703125
35.50022840499878	36.3011679649353
40.17958116531372	41.555203437805176
41.8273024559021	43.743571281433105
47.07488250732422	47.463653564453125
35.833343505859375	37.925774574279785
38.184547424316406	40.37464141845703
47.10099792480469	50.48303985595703
33.425811767578125	40.52769327163696
42.64710998535156	46.74165344238281
42.30070447921753	46.06371784210205
39.413522243499756	42.5068473815918
34.49428081512451	32.51783037185669
42.20500564575195	46.90828323364258
43.45832824707031	46.82299041748047
48.20470428466797	51.87779235839844
43.099090576171875	45.39129638671875
43.10688400268555	50.7098388671875
34.52265930175781	38.86265516281128
43.42087697982788	43.22434377670288
40.275694847106934	42.69774293899536
43.05694580078125	47.880733489990234
44.712562561035156	46.94979476928711
45.948768615722656	47.19005584716797
46.86338424682617	52.693336486816406
41.32134962081909	41.51339673995972
39.45715808868408	40.643977642059326
52.1846079826355	57.2835488319397
39.052305698394775	43.91131544113159
30.813846111297607	33.877838134765625
34.47366952896118	40.88606929779053
40.207645893096924	47.03904056549072
46.18065643310547	48.274574279785156
42.43795394897461	42.35196399688721
37.94937992095947	40.63136386871338
46.31071472167969	50.934852600097656
43.685128688812256	45.668678760528564
40.27009725570679	43.88308382034302
38.80510377883911	42.181766510009766
44.72576904296875	43.361915588378906
36.902650356292725	40.53990983963013
38.79431915283203	42.401164054870605
45.851688385009766	48.52715301513672
36.901301860809326	42.65963125228882
46.587371826171875	51.85973358154297
47.17957305908203	49.99272537231445
44.59932327270508	42.781253814697266
45.42128372192383	48.691558837890625
32.29387331008911	35.29924917221069
42.91172790527344	44.85662078857422
46.55413055419922	48.72725296020508
36.97997188568115	39.979249477386475
35.86967468261719	39.84961700439453
43.90531921386719	51.4598503112793
46.71814155578613	56.42085886001587
45.719587326049805	50.85403490066528
31.108963012695312	32.238441467285156
42.960235595703125	44.84949445724487
34.10465908050537	39.452805519104004
46.51215362548828	51.17353057861328
46.37559509277344	48.6409912109375
34.96016597747803	34.49042558670044
39.53901290893555	44.27616882324219
32.40007734298706	37.134244441986084
42.78944778442383	43.02370071411133
45.10340118408203	47.71736145019531
44.42578887939453	48.75220489501953
41.78872346878052	44.47193241119385
38.91128921508789	43.982479095458984
35.37660074234009	35.4675407409668
44.79173278808594	50.409366607666016
39.06243276596069	38.47331714630127
32.97310781478882	33.46878004074097
35.69176483154297	36.27041292190552
38.71237134933472	43.2986478805542
42.000999450683594	45.15687561035156
31.837444305419922	37.78961992263794
35.73637533187866	39.739627838134766
33.82846117019653	33.98307752609253
47.27607727050781	48.5484504699707
47.95950889587402	50.38827896118164
49.403289794921875	50.69198989868164
41.15885925292969	42.73443603515625
44.810707092285156	50.16943359375
42.93184041976929	46.150859355926514
40.7123236656189	45.288466453552246
42.01234817504883	45.20096969604492
42.119056701660156	41.275718688964844
35.26021957397461	39.11381244659424
32.59068250656128	33.41481018066406
41.57502746582031	42.872642517089844
30.294962406158447	33.24092102050781
41.78256177902222	44.4725866317749
44.90503978729248	46.225961208343506
42.42435073852539	47.772010803222656
41.5384521484375	43.753021240234375
30.082394123077393	34.93124341964722
41.84672546386719	42.49763822555542
38.958985805511475	42.20807218551636
37.96871280670166	41.8277063369751
43.810951232910156	48.189483642578125
37.809082984924316	42.63501787185669
36.959343910217285	42.8253493309021
43.58502197265625	47.70555877685547
37.3095121383667	41.5391149520874
45.53009796142578	47.98889923095703
46.79330062866211	49.23024368286133
42.80046081542969	46.52587127685547
40.895291805267334	45.97039461135864
32.38729000091553	36.10809946060181
33.00058841705322	35.132880210876465
40.4967246055603	41.549105167388916
41.215782165527344	46.513126373291016
45.72990417480469	49.782371520996094
37.45813035964966	41.51744890213013
41.7471923828125	41.08964920043945
48.15412139892578	51.90966033935547
44.593233585357666	46.97299098968506
31.039632320404053	33.00353240966797
34.04517841339111	37.911248207092285
47.382126331329346	51.980857849121094
37.5121169090271	39.092116355895996
36.948519229888916	34.47970104217529
43.261237144470215	47.3342809677124
43.865421295166016	49.99885940551758
38.57279872894287	42.615925312042236
37.42042922973633	41.962539196014404
47.392921447753906	46.61915969848633
33.98753356933594	39.348544120788574
34.769073486328125	38.37608861923218
42.17250061035156	47.247650146484375
34.844902992248535	36.82143688201904
49.809814453125	50.320945739746094
48.174285888671875	50.433143615722656
44.55865478515625	46.008453369140625
43.26894426345825	44.60388803482056
52.75055551528931	56.87923240661621
39.37342071533203	43.587364196777344
43.45768737792969	44.486846923828125
46.62234878540039	45.629098415374756
43.36469268798828	45.969459533691406
38.78069305419922	45.302398681640625
44.03947448730469	47.28348159790039
44.480560302734375	46.60453796386719
46.53335952758789	50.38836669921875
47.5013313293457	54.139747619628906
43.12725830078125	46.201820373535156
34.701141357421875	38.27799892425537
37.39960765838623	40.91625690460205
39.825225830078125	43.58147048950195
32.94275999069214	38.367146492004395
35.042133808135986	41.20306921005249
45.89409637451172	49.107845306396484
43.777931213378906	43.21791076660156
38.636374950408936	37.76219606399536
39.92340850830078	43.84775924682617
37.36229372024536	42.44250011444092
43.123451232910156	47.3951416015625
45.74299621582031	45.523887634277344
36.74626922607422	42.5934944152832
50.157203674316406	57.903648376464844
40.65307664871216	38.43187761306763
36.10164403915405	40.81435537338257
47.106943130493164	50.009193420410156
51.77010536193848	53.634074211120605
44.38868951797485	47.12604522705078
39.45754528045654	41.74942684173584
41.82511901855469	46.686954498291016
42.17527103424072	45.71943759918213
39.92289638519287	49.73543405532837
32.03607702255249	35.198572635650635
35.57016324996948	35.944077014923096
35.96324634552002	37.6394829750061
37.36092519760132	41.49317932128906
42.30464553833008	48.32611083984375
34.93556594848633	40.56644582748413
41.053810119628906	45.966644287109375
43.676170349121094	48.849639892578125
35.91490411758423	43.80581569671631
46.63788604736328	51.28260040283203
41.622231006622314	44.64108180999756
41.31244659423828	45.98004150390625
42.194969177246094	47.51224899291992
40.40514039993286	42.499637603759766
38.613730907440186	40.53467607498169
40.539485931396484	42.923866271972656
43.935420989990234	48.3616943359375
49.29655456542969	51.00624084472656
40.722747802734375	44.22126770019531
34.64315938949585	35.04989767074585
45.105857849121094	48.714820861816406
39.178157806396484	44.46162414550781
40.17861986160278	40.85231018066406
35.241814613342285	39.6102991104126
48.137977600097656	52.86229705810547
35.170918464660645	39.74812936782837
38.54619264602661	41.574339389801025
48.23838806152344	50.816246032714844
40.920185565948486	42.33271789550781
34.76126956939697	41.31499433517456
34.04448413848877	39.071932315826416
42.58526611328125	45.3849983215332
32.23888540267944	37.03030347824097
44.00080108642578	45.62913131713867
48.96687316894531	52.35408401489258
37.309959411621094	41.691471576690674
52.10136032104492	53.75831604003906
46.849632263183594	52.46976852416992
32.26303148269653	36.61737680435181
42.97276306152344	42.20024108886719
39.142881870269775	42.33570861816406
47.64498519897461	49.07180404663086
37.52432680130005	37.83059549331665
37.871954917907715	42.14597463607788
38.87629699707031	43.704132080078125
38.2441930770874	41.59819507598877
40.69463634490967	44.01424503326416
45.67478942871094	50.245574951171875
38.52247714996338	41.759530544281006
39.151530265808105	41.574059009552
42.08245086669922	48.412208557128906
37.700669288635254	43.061920166015625
41.52251434326172	40.42803192138672
41.84442138671875	40.892024993896484
33.624961853027344	36.22096920013428
37.92508363723755	42.23345994949341
44.49951171875	46.87394714355469
37.93308115005493	36.71918487548828
35.95898389816284	37.552464962005615
50.58695125579834	56.065300941467285
39.46922779083252	43.85570001602173
38.00795602798462	40.200873374938965
47.93257522583008	50.345829010009766
46.37982177734375	49.95842742919922
35.45797109603882	39.99228048324585
39.20601749420166	41.70137166976929
49.488455295562744	50.09245157241821
44.941856384277344	43.84328842163086
44.364070892333984	44.59846878051758
41.90739440917969	41.30120229721069
36.837034702301025	44.24184036254883
40.72850036621094	44.946327209472656
29.71202850341797	34.22559642791748
40.277931213378906	38.938414573669434
36.563167572021484	39.12953186035156
39.45218801498413	40.648343563079834
43.619760036468506	48.79606342315674
33.789635181427	38.18567371368408
46.716915130615234	46.17119216918945
37.64521408081055	45.5334153175354
43.8885612487793	47.32335948944092
35.13849115371704	39.69052791595459
40.37660503387451	40.19499206542969
39.956478118896484	42.11253356933594
39.90494203567505	44.52148962020874
32.7899694442749	35.99834394454956
54.20804691314697	56.72993278503418
43.2473030090332	45.07363510131836
34.94176769256592	39.62538957595825
43.407684326171875	48.93131637573242
36.9466552734375	40.19742965698242
41.54082107543945	40.230140686035156
42.798736572265625	43.89661407470703
34.92612314224243	41.382325649261475
37.924537658691406	42.72050476074219
37.148497104644775	39.32688808441162
34.06351327896118	35.23166751861572
39.40113830566406	42.285736083984375
38.646485328674316	37.54229784011841
38.10043716430664	43.40457534790039
39.674095153808594	42.36279296875
38.65104818344116	42.84208536148071
50.09971618652344	53.00609111785889
39.58747148513794	48.60146951675415
40.50261688232422	44.5638427734375
44.90338134765625	47.968971252441406
35.354888916015625	39.30731964111328
37.14073991775513	41.574119091033936
50.621055603027344	53.28026580810547
33.76108980178833	36.174663066864014
37.292877197265625	40.407066345214844
42.905738830566406	48.41960525512695
34.876375675201416	35.48464059829712
43.62797927856445	47.349876403808594
33.95867109298706	39.46879053115845
45.00618362426758	48.03837966918945
41.98417520523071	46.8236517906189
30.665398120880127	34.915061473846436
41.56770324707031	41.4378662109375
46.50696563720703	47.4439697265625
32.737167835235596	36.94182348251343
39.279240131378174	42.2143874168396
35.645668029785156	40.46068572998047
50.88201904296875	52.635894775390625
46.13059997558594	50.52295684814453
35.51965808868408	39.01127338409424
42.65455770492554	42.63723087310791
42.49755096435547	45.10737228393555
43.355674743652344	43.00885772705078
42.88045406341553	45.67499399185181
41.12856864929199	44.40328121185303
37.533729553222656	41.03587245941162
46.938262939453125	51.95757293701172
35.92157983779907	37.29288625717163
41.128841400146484	43.85673522949219
41.484500885009766	45.137237548828125
45.67121887207031	46.84751510620117
37.385375022888184	39.31430768966675
37.8120002746582	40.01373291015625
45.11903381347656	49.52385711669922
35.69620752334595	42.42901849746704
47.59417724609375	53.486854553222656
41.383949279785156	41.75175476074219
39.72803211212158	46.9145884513855
39.39612531661987	39.55929660797119
46.9552001953125	49.11707305908203
40.124794006347656	43.3049201965332
43.7974739074707	47.220245361328125
34.81809997558594	35.13634490966797
48.8994026184082	51.805015563964844
40.297354221343994	43.51676034927368
38.55489444732666	44.75560712814331
46.05137252807617	50.383583068847656
36.95756530761719	42.909088134765625
30.37125253677368	33.60917377471924
47.045204162597656	49.92804718017578
41.32175350189209	42.00156879425049
34.88514757156372	40.538527965545654
41.37391757965088	45.133973598480225
34.2741322517395	37.88455867767334
41.76854705810547	47.126808166503906
47.944576263427734	48.853050231933594
43.13689422607422	43.8270263671875
36.41865396499634	40.74726438522339
39.43422031402588	42.18354892730713
44.21056365966797	52.687225341796875
55.9100341796875	56.041038513183594
41.527130126953125	41.42333984375
41.906253814697266	47.817806243896484
38.99593257904053	44.06034755706787
38.805591106414795	40.842750549316406
41.90596008300781	43.26554870605469
29.35503101348877	36.9231481552124
46.219703674316406	47.52659225463867
34.967172145843506	39.36359453201294
45.6370735168457	47.75367736816406
46.933013916015625	51.066802978515625
31.919899463653564	36.34009408950806
45.86456298828125	49.89173126220703
43.31787109375	46.81243133544922
42.109153747558594	42.84528350830078
45.766632080078125	49.648319244384766
44.21666717529297	46.40018081665039
51.82364845275879	55.72548055648804
36.76199960708618	41.85435914993286
39.88893365859985	40.071067333221436
49.71425533294678	50.347514152526855
38.15506887435913	38.68871259689331
41.83295440673828	46.46116638183594
36.76612091064453	42.4904899597168
48.20084571838379	50.39997577667236
43.46662902832031	47.555824279785156
49.66264724731445	48.73481369018555
46.13101005554199	52.20114231109619
43.948463439941406	42.24114227294922
42.23250961303711	45.65243148803711
43.362979888916016	48.88404083251953
35.8658242225647	42.212181091308594
40.05414438247681	40.8677077293396
41.02383804321289	44.02949523925781
42.928802490234375	46.68572235107422
41.72356033325195	42.598819732666016
42.09652757644653	41.19663381576538
35.501373291015625	38.51431608200073
35.283841609954834	38.68753433227539
36.290236473083496	43.49362230300903
39.65851449966431	39.2095422744751
43.18030548095703	48.00743865966797
51.429219245910645	53.37850093841553
41.73341369628906	47.796756744384766
37.59702205657959	39.85914993286133
48.92424011230469	51.82966995239258
37.8506760597229	41.75091552734375
36.91355895996094	40.845401763916016
39.303138732910156	41.933921813964844
32.75105333328247	36.420069217681885
41.38452911376953	45.910587310791016
34.152647495269775	32.69229030609131
44.34805679321289	47.72690963745117
40.61740159988403	43.47061777114868
44.33845138549805	49.42668533325195
41.2060432434082	44.41108322143555
44.20442199707031	47.97186279296875
40.105300426483154	43.31257677078247
36.60430574417114	38.06738328933716
45.984371185302734	46.965797424316406
39.14136981964111	41.449142932891846
46.85923767089844	45.71958923339844
41.80407762527466	43.51367950439453
40.56342840194702	40.99873208999634
40.642738342285156	43.32529067993164
30.42459487915039	34.94132375717163
43.439727783203125	48.147518157958984
45.89476776123047	48.94688034057617
37.44498920440674	41.85527038574219
48.40194320678711	49.271202087402344
38.78010559082031	41.86939239501953
32.26114559173584	37.30554676055908
47.569522857666016	50.84767532348633
39.689927101135254	46.387550354003906
46.27750015258789	49.77715301513672
36.89972972869873	36.8840651512146
43.587005615234375	48.07729721069336
37.34849500656128	39.70971393585205
43.84447145462036	42.210472106933594
39.75217151641846	37.95799160003662
41.58623123168945	42.872642517089844
37.67170000076294	38.89780282974243
44.54083251953125	45.96515655517578
38.52229022979736	40.907888889312744
39.910789489746094	45.50596618652344
47.961158752441406	51.350730895996094
34.77509164810181	36.96416711807251
44.47874069213867	45.47666931152344
45.69572830200195	47.606407165527344
36.33862543106079	36.842642307281494
44.153968811035156	44.921844482421875
41.927878856658936	47.39488649368286
44.247955322265625	43.454959869384766
43.24724578857422	47.45809555053711
37.835134983062744	36.77739715576172
44.589683532714844	46.67377471923828
30.90916872024536	34.06342315673828
41.310875415802	45.79908227920532
42.51151704788208	44.70027208328247
42.67311096191406	46.09213638305664
43.32682418823242	50.301368713378906
37.37081861495972	40.0068736076355
36.87583065032959	42.248340129852295
45.91749572753906	46.08397674560547
37.52645969390869	40.92955493927002
39.249823570251465	38.75008249282837
38.10891628265381	41.74322509765625
48.16105651855469	50.53907012939453
36.61144208908081	40.85935640335083
48.6176872253418	52.48185729980469
40.01408767700195	44.29022216796875
40.61802911758423	42.21949768066406
44.494327545166016	47.8902587890625
43.78369140625	47.93817138671875
46.41893768310547	48.036376953125
45.31337356567383	51.11719512939453
48.92172431945801	50.32160139083862
42.33983755111694	44.24413013458252
42.10721969604492	46.623985290527344
36.7867431640625	42.75188064575195
39.87555551528931	42.19551181793213
40.54542064666748	42.653356075286865
44.830902099609375	49.409271240234375
43.493247985839844	44.461299896240234
43.80316925048828	48.03794479370117
38.90203523635864	41.60611581802368
34.756529808044434	35.04005432128906
37.87629747390747	39.74272871017456
40.802520751953125	41.26315689086914
41.53932571411133	44.23028564453125
43.218994140625	48.2403450012207
42.19548797607422	44.966156005859375
43.87449645996094	43.8900146484375
44.40556716918945	47.563533782958984
52.982598304748535	56.6543493270874
46.74590301513672	52.1374626159668
50.056419372558594	51.88658905029297
34.84687805175781	39.75276184082031
33.990787982940674	35.17783451080322
37.14239549636841	40.6711745262146
41.19964599609375	47.68103790283203
30.236149311065674	35.008020877838135
30.128116130828857	34.286155223846436
42.575984477996826	42.28911542892456
35.870657444000244	37.880216121673584
42.710548400878906	44.771690368652344
35.32183313369751	40.1422438621521
45.84195327758789	45.969154357910156
35.964768409729004	39.77151107788086
34.596195697784424	38.622689723968506
39.12702035903931	40.63453817367554
42.15065002441406	46.14554214477539
33.726966857910156	34.04914045333862
38.10608243942261	41.649664878845215
50.12642478942871	51.22561597824097
42.30512237548828	45.45351791381836
36.67002868652344	41.7485237121582
41.848801612854004	43.68893051147461
39.06005859375	45.00136947631836
43.1434440612793	45.152732849121094
45.34083557128906	47.599143981933594
30.401113033294678	31.196631908416748
42.07362365722656	39.29094314575195
44.901947021484375	47.95833969116211
39.599159240722656	45.08179473876953
45.829139709472656	47.6556396484375
33.970191955566406	41.48167419433594
41.601280212402344	42.83842086791992
41.495521545410156	45.51634216308594
35.643853187561035	35.97449493408203
40.92685794830322	43.95996809005737
43.95488739013672	43.17517852783203
43.03679656982422	46.970428466796875
44.63745880126953	48.3515510559082
44.579444885253906	45.567543029785156
42.90187978744507	46.30383348464966
38.604668617248535	42.44661569595337
35.420777320861816	37.38071870803833
46.659339904785156	49.99540328979492
42.82752990722656	51.25849914550781
37.57299041748047	44.09571838378906
43.01294708251953	47.915618896484375
47.42804718017578	52.54656982421875
43.44590377807617	42.7552375793457
41.58702087402344	44.26848602294922
48.64141845703125	52.03199005126953
40.856202125549316	49.23581647872925
45.702003479003906	47.463645935058594
39.96435546875	46.1536865234375
39.643768310546875	44.29497528076172
52.57854080200195	53.85426330566406
36.616759300231934	37.16412830352783
49.955034255981445	48.008832931518555
35.421181201934814	39.37857151031494
39.758056640625	44.853553771972656
53.00080871582031	55.54911804199219
35.492037296295166	38.317896366119385
37.8616828918457	43.8641471862793
38.13109636306763	41.00839853286743
56.141857624053955	58.37892293930054
37.61588430404663	39.60068607330322
37.13617706298828	36.978129386901855
44.169437408447266	45.621768951416016
33.269516468048096	38.06055736541748
35.09783601760864	36.25919437408447
40.5569953918457	41.55224609375
40.256685733795166	41.974345207214355
40.107933044433594	42.29121398925781
38.52170181274414	44.3948860168457
37.103946685791016	39.65937900543213
40.47314453125	42.36030197143555
42.052063941955566	43.859044551849365
44.129364013671875	46.90740966796875
51.048583984375	55.36186218261719
40.297364234924316	46.0780873298645
44.42689895629883	47.69868469238281
47.52943420410156	51.94565963745117
44.09172058105469	48.04969787597656
37.44202518463135	41.2239875793457
44.72416305541992	48.73037338256836
39.165184020996094	44.72061538696289
44.16436004638672	45.95695114135742
42.2950325012207	48.53809356689453
42.68583679199219	43.739219665527344
42.34431838989258	46.81031036376953
35.11604070663452	39.78237581253052
30.566977977752686	35.182801246643066
44.126983642578125	47.600223541259766
39.990825176239014	43.54766893386841
44.73334884643555	48.624855041503906
45.46044635772705	45.627249240875244
43.28064680099487	43.21655988693237
34.72002363204956	35.552422523498535
44.15419387817383	48.38849639892578
41.051753997802734	43.847232818603516
40.93136978149414	46.25738525390625
47.873565673828125	49.377601623535156
37.41049242019653	40.683921813964844
32.39351177215576	35.563454151153564
41.05726623535156	47.49293518066406
36.90996026992798	41.175278186798096
48.88385009765625	48.86564636230469
49.026405334472656	52.57051086425781
34.02595567703247	41.31732416152954
36.426841735839844	41.32095241546631
50.17945861816406	53.81548309326172
41.02125549316406	47.024330139160156
40.1643705368042	40.46794891357422
46.93111753463745	49.014567375183105
36.86888122558594	41.83205556869507
49.558135986328125	51.75118637084961
41.98528289794922	44.80223846435547
47.61300277709961	52.45332717895508
42.171722412109375	46.29438018798828
44.26048278808594	46.70636749267578
48.87775802612305	54.49612045288086
35.06645345687866	37.42898416519165
40.738224029541016	45.76484680175781
41.602760314941406	41.49066925048828
40.872039794921875	46.719207763671875
48.03800582885742	45.464324951171875
33.929107666015625	38.49885559082031
39.06784009933472	37.6865234375
35.82425785064697	38.460983753204346
36.490234375	38.621448040008545
43.10506057739258	47.660545349121094
37.854286193847656	42.476871490478516
41.05024862289429	44.69271516799927
35.923582553863525	39.73729467391968
40.989930152893066	41.99015665054321
39.49558687210083	45.358795166015625
35.57304382324219	41.588191509246826
41.9971809387207	47.4062614440918
50.34376525878906	55.36248064041138
34.40451908111572	38.142234802246094
31.988749504089355	35.179176330566406
33.942612648010254	37.30623769760132
39.29313898086548	42.52527904510498
40.312654972076416	44.45289325714111
35.64125967025757	34.74955701828003
34.28762722015381	39.61586332321167
43.10319519042969	46.661556243896484
46.65986251831055	47.73309326171875
32.66556406021118	40.00347900390625
44.514713287353516	49.01811981201172
42.555519104003906	46.18402099609375
45.35200119018555	49.491966247558594
30.648571968078613	35.423924922943115
35.05318546295166	41.1966438293457
42.04364776611328	47.44907760620117
47.75204849243164	53.01416015625
41.066856384277344	40.97917938232422
41.597206115722656	47.01423645019531
38.7647590637207	39.86402988433838
38.879173278808594	40.58450698852539
44.936065673828125	49.77691650390625
44.022560119628906	47.21190643310547
32.959402561187744	38.668832302093506
42.883262634277344	51.0097770690918
46.34442901611328	48.038169860839844
36.96023178100586	39.89784240722656
44.183860778808594	48.17439651489258
43.777587890625	44.9877815246582
35.175968647003174	37.65002393722534
41.99338102340698	42.33173990249634
36.79924011230469	38.80260705947876
42.204674243927	45.251075744628906
43.717045307159424	45.55617952346802
48.368186950683594	53.898223876953125
34.93697118759155	39.83902597427368
39.336387634277344	44.93922281265259
34.10215759277344	39.010765075683594
30.967788219451904	32.838622093200684
44.35157775878906	42.50354766845703
43.23485565185547	47.96039581298828
44.815269470214844	49.01448059082031
41.372886180877686	48.37790632247925
35.04677677154541	40.81617450714111
45.34593200683594	47.588592529296875
45.16488218307495	45.02023935317993
41.384178161621094	44.440189361572266
38.45780944824219	41.316429138183594
37.35649251937866	41.045058250427246
41.74043273925781	41.2962760925293
42.51811599731445	45.952415466308594
51.31110382080078	53.303253173828125
44.728614807128906	50.539947509765625
39.41708040237427	45.80039739608765
33.2846565246582	37.17903137207031
46.76100158691406	52.0606689453125
47.67949295043945	48.970176696777344
44.271324157714844	44.71397399902344
43.4518928527832	45.59648132324219
38.197715759277344	45.05530548095703
41.49832534790039	39.492149353027344
46.040977478027344	48.816680908203125
35.896058559417725	40.52128458023071
44.60319519042969	48.73940467834473
42.18060302734375	42.32727813720703
38.25992441177368	41.941407203674316
40.70319747924805	44.39421081542969
34.49708795547485	39.29321908950806
39.82599639892578	41.71483612060547
41.41599798202515	40.23658514022827
45.04029083251953	45.575469970703125
40.20198059082031	41.591827392578125
41.336546897888184	41.6607666015625
34.37697505950928	40.20471525192261
42.53633499145508	45.43463897705078
40.52108383178711	44.45874786376953
43.43693542480469	46.538272857666016
46.26995849609375	46.1174201965332
53.11970520019531	55.7676887512207
47.245601654052734	52.316490173339844
38.52984619140625	43.931175231933594
33.76119327545166	38.703919887542725
40.76500177383423	44.308547496795654
37.81828689575195	41.850799560546875
40.61416721343994	46.308730125427246
36.02158212661743	40.23568058013916
45.67011260986328	48.718204498291016
46.68840789794922	50.219581604003906
35.64691400527954	41.77484130859375
39.81026363372803	46.12189340591431
42.69210433959961	45.04158401489258
40.24030303955078	43.74701690673828
45.3322639465332	48.711097717285156
32.74925088882446	36.42000913619995
37.25575923919678	39.36463928222656
43.96450424194336	47.799007415771484
46.62664794921875	49.32719421386719
49.68222141265869	50.90441703796387
41.19713115692139	43.890687465667725
46.360015869140625	51.0222282409668
35.00335693359375	38.80510711669922
37.624953269958496	41.9612774848938
43.14202880859375	46.76154327392578
48.73621368408203	50.54938507080078
41.49956464767456	42.97168779373169
43.42179489135742	44.42226028442383
37.60099744796753	40.64851713180542
33.591429710388184	32.20666837692261
35.86908197402954	41.37826681137085
33.32103967666626	35.257752895355225
40.94921112060547	43.50458526611328
43.59729290008545	48.17158651351929
44.96473693847656	49.76797103881836
37.639976978302	41.93691110610962
44.649497985839844	49.28975296020508
45.99919509887695	45.98474884033203
43.54461669921875	48.151878356933594
40.63596248626709	42.71537780761719
32.2007269859314	37.965491771698
45.39665603637695	46.94407272338867
43.07261276245117	48.124168395996094
34.82310342788696	39.148940086364746
45.08414602279663	44.73573350906372
33.87349224090576	41.16752767562866
