43.811853885650635	36.349313259124756
62.327144622802734	44.93288326263428
37.44256925582886	35.30394887924194
53.70756149291992	55.940284729003906
41.99572420120239	39.693358421325684
56.777259826660156	48.57560729980469
41.983506202697754	35.66081142425537
64.51010942459106	63.13462972640991
42.63767766952515	37.846595764160156
52.135292053222656	53.141573429107666
42.403480529785156	43.757553577423096
88.58499526977539	62.86871337890625
73.86662006378174	68.36048698425293
55.59295654296875	47.94600296020508
61.038479804992676	51.907142639160156
50.28051996231079	49.431979179382324
52.49334764480591	51.13071298599243
44.13842010498047	37.49501705169678
39.4334192276001	37.460543632507324
102.64734172821045	90.70915460586548
58.204383850097656	50.205326080322266
43.417969703674316	40.818581104278564
44.937620639801025	40.48648738861084
46.480387687683105	41.69776153564453
105.4221076965332	83.55768585205078
61.529552936553955	57.028342723846436
52.360697746276855	49.432586669921875
44.120933055877686	43.52393674850464
59.553903579711914	39.619872093200684
83.3063907623291	76.52152061462402
37.70305252075195	38.45211124420166
70.51656341552734	52.364540100097656
46.305121421813965	45.72384166717529
33.13377285003662	30.773005485534668
56.2358078956604	53.05314588546753
99.00472640991211	89.36834907531738
39.75168752670288	37.95924997329712
46.49066162109375	48.08194541931152
53.86122131347656	52.435115814208984
67.65776062011719	54.11751174926758
73.73906946182251	63.43683433532715
53.34634208679199	34.60964584350586
50.797157287597656	48.20014524459839
41.70842456817627	42.795939445495605
38.21128177642822	36.59651184082031
48.95916128158569	45.02694845199585
52.2989616394043	39.06270503997803
51.02155160903931	45.13065242767334
65.84027862548828	47.75781202316284
64.34051561355591	61.693384647369385
65.14788627624512	65.13267517089844
38.64360809326172	37.444722175598145
71.36645698547363	67.59493160247803
59.482765674591064	55.16873073577881
46.50731611251831	40.847360134124756
61.70726013183594	52.08150863647461
59.592437744140625	53.295440673828125
38.57524538040161	38.58286905288696
51.40308952331543	38.29137897491455
65.66804695129395	61.476030349731445
73.6488938331604	65.31164503097534
53.04770278930664	49.53307294845581
98.85079860687256	94.43503665924072
37.397149085998535	35.08598327636719
42.47725296020508	37.862342834472656
57.17628479003906	56.486148834228516
54.403014183044434	48.32449388504028
46.64558029174805	38.8449912071228
62.83564758300781	55.324012756347656
51.73522186279297	51.22671127319336
42.77764892578125	38.55725383758545
44.61496067047119	38.77668285369873
42.280694007873535	38.15682125091553
44.03727722167969	39.81861877441406
38.45464324951172	38.537532806396484
59.587852478027344	52.526188373565674
52.28248167037964	50.14285326004028
53.42084884643555	50.79174613952637
55.07131576538086	41.905372619628906
45.735252380371094	46.029571533203125
36.541133880615234	34.955220222473145
57.370849609375	57.48527908325195
44.159371852874756	35.69269609451294
43.22064971923828	39.02193546295166
49.56392812728882	44.41231822967529
52.92801380157471	47.337799072265625
61.35017967224121	58.84436559677124
46.31449794769287	49.00954294204712
44.81614923477173	39.32739543914795
56.13471221923828	55.45059013366699
36.52744960784912	35.80783939361572
47.73030138015747	38.04112768173218
52.59431838989258	51.38619422912598
45.72066593170166	41.4743127822876
57.7035813331604	52.43649959564209
40.76019525527954	43.870593547821045
56.41316032409668	49.08195114135742
48.157373905181885	48.04404020309448
55.761756896972656	53.87608337402344
60.05571746826172	56.45264434814453
47.70512056350708	42.424262046813965
62.87714385986328	56.56275177001953
71.92730140686035	53.474544525146484
48.682600021362305	42.717942237854004
49.419382095336914	41.08084774017334
76.02171897888184	74.51124668121338
58.38087558746338	46.1764440536499
60.69049644470215	35.778202056884766
58.825721740722656	50.63674545288086
51.54963684082031	48.284302711486816
51.68497848510742	49.23169708251953
85.5651683807373	72.74968528747559
38.69285202026367	39.18955707550049
60.757347106933594	57.403963565826416
55.17427349090576	42.80447769165039
38.02250289916992	38.46968078613281
57.60461616516113	49.66126346588135
39.15467119216919	37.45529651641846
53.54525089263916	43.62116861343384
47.16223764419556	44.96471071243286
48.97557020187378	40.82188558578491
45.877891540527344	45.38606262207031
38.413055419921875	38.440399169921875
72.17776298522949	59.64774131774902
63.980064392089844	56.67112731933594
44.105979442596436	47.07487916946411
46.59180736541748	42.062928199768066
51.72023916244507	49.6039023399353
47.55339813232422	41.824552059173584
50.37863636016846	42.6971755027771
48.815553188323975	48.89337205886841
87.71190690994263	74.21015739440918
85.23417377471924	64.9940185546875
67.04740905761719	51.98480987548828
40.08343505859375	37.394004821777344
53.81603145599365	43.0360951423645
48.782097816467285	43.06168985366821
46.5099983215332	45.57207107543945
45.35709762573242	42.360267639160156
58.971038818359375	50.50117111206055
42.96676254272461	44.44643783569336
43.663275718688965	41.6600456237793
41.134254455566406	36.616868019104004
61.65477991104126	57.714295864105225
40.33120679855347	43.975088596343994
43.00899410247803	44.03302001953125
56.810593605041504	54.99215126037598
50.35278797149658	51.344242572784424
40.70384216308594	35.61831188201904
55.38633728027344	49.71134090423584
63.067026138305664	59.197598934173584
61.216941833496094	53.61296844482422
52.60443830490112	37.31527328491211
62.60549068450928	51.70910835266113
44.16729736328125	38.79549026489258
86.47320556640625	64.81661796569824
70.47729444503784	62.08597803115845
43.724945068359375	39.5919713973999
54.83580207824707	44.81102657318115
104.45106983184814	106.63722038269043
50.38919448852539	44.06662368774414
57.35078048706055	52.20439529418945
41.47599506378174	41.996498107910156
54.301788330078125	59.34079360961914
73.42128801345825	78.00174188613892
52.767486572265625	48.776615142822266
46.76698160171509	45.48963928222656
45.23962688446045	37.399303913116455
52.19894599914551	44.825849533081055
54.17825269699097	48.79867696762085
34.68354034423828	38.60749912261963
62.83831787109375	54.055023193359375
83.48542881011963	78.55160760879517
47.137160301208496	41.48678731918335
63.49033546447754	52.27859687805176
70.6076431274414	70.65749168395996
49.003037452697754	44.249817848205566
46.380187034606934	41.17944383621216
45.911078453063965	44.777655601501465
38.91169738769531	44.04093933105469
42.29210615158081	44.806068897247314
55.183210372924805	53.06040716171265
51.71660757064819	48.75663661956787
44.29142761230469	41.18930721282959
44.09374237060547	41.85402774810791
48.89388608932495	47.14988422393799
50.68286895751953	40.636741638183594
46.3089804649353	46.97868204116821
33.282410621643066	29.72014284133911
54.201998233795166	52.68539476394653
47.03523874282837	44.925774574279785
55.15777063369751	54.39554738998413
54.068023681640625	50.30342102050781
45.08625793457031	42.72488784790039
57.62512731552124	57.37206172943115
48.18543863296509	47.01344585418701
53.10463333129883	51.910789489746094
82.83020162582397	77.31852579116821
50.732688903808594	46.54791259765625
37.70284557342529	37.45863103866577
50.319018840789795	46.11950349807739
58.01759719848633	50.91461658477783
55.38602066040039	44.5849609375
82.68049240112305	60.06175994873047
49.832862854003906	39.18091678619385
73.62552642822266	57.104347229003906
37.38408279418945	37.96310520172119
40.61274862289429	42.023869037628174
62.66549110412598	65.06421089172363
47.265777587890625	47.02341079711914
43.910499572753906	41.103941917419434
89.51361322402954	81.18884801864624
46.377010345458984	40.68352508544922
47.67429876327515	43.940391540527344
63.371479511260986	48.71981191635132
50.222190856933594	50.75806427001953
75.53429460525513	65.35830640792847
38.154953956604004	37.47688579559326
69.11344051361084	64.06656742095947
75.03692626953125	73.91766548156738
44.6399302482605	43.611475467681885
50.2423038482666	40.98984432220459
51.057547092437744	43.756919384002686
50.97291898727417	41.39185857772827
77.56472110748291	58.53470802307129
56.495431900024414	50.244938373565674
42.62886428833008	42.059340476989746
49.06127977371216	41.933486461639404
55.855223655700684	53.828328132629395
46.14452075958252	36.571417808532715
68.97525787353516	55.44734477996826
65.75263023376465	59.05255317687988
63.92253828048706	49.46273231506348
42.56763553619385	40.051302909851074
62.32199764251709	50.865158557891846
50.31554412841797	40.122867584228516
47.6519775390625	45.808128356933594
46.485519886016846	45.25645971298218
74.1362476348877	60.879998207092285
48.94497537612915	48.63473463058472
55.62253141403198	49.453004360198975
63.64503479003906	50.94064235687256
54.17824935913086	50.65420150756836
46.1048903465271	43.934927463531494
64.4524097442627	57.8983211517334
53.4960241317749	51.42485857009888
42.77665662765503	46.44438076019287
54.01787519454956	50.912023067474365
50.9718017578125	42.67573642730713
51.90058898925781	49.41149139404297
46.00022840499878	38.64079427719116
56.92612838745117	52.048973083496094
49.08353328704834	48.32314205169678
56.43193531036377	54.81307411193848
51.39832305908203	37.44157791137695
55.16597366333008	49.45890808105469
49.61349534988403	46.4086389541626
49.49242401123047	48.591461181640625
69.20793199539185	66.3205189704895
99.3695855140686	90.5254340171814
49.16672611236572	43.00064039230347
35.591580390930176	36.90863513946533
44.35694122314453	43.658287048339844
36.558096408843994	39.23754024505615
57.88461208343506	56.118621826171875
42.01291751861572	41.300880432128906
46.90576171875	37.73861789703369
40.07633113861084	37.33293628692627
42.99862575531006	39.7161169052124
78.11508178710938	74.42418479919434
48.59696960449219	47.498558044433594
34.66728973388672	33.78181457519531
61.84509229660034	54.358956813812256
37.88839387893677	34.919527530670166
52.310386657714844	50.78201675415039
54.85016632080078	55.140586853027344
45.4580397605896	42.582032680511475
46.32679796218872	43.965829372406006
56.7639045715332	51.53131866455078
55.72765350341797	54.22319793701172
61.363603591918945	45.249701499938965
76.24564981460571	65.78232383728027
54.95500946044922	51.31300163269043
67.07903385162354	65.46968841552734
91.93383693695068	89.6367540359497
55.53067684173584	50.167540073394775
73.74107360839844	60.96001052856445
53.24906253814697	50.02475309371948
50.743316650390625	46.606178283691406
41.792935848236084	38.01328992843628
49.64901685714722	45.954659938812256
74.95448112487793	64.41483497619629
39.398014545440674	34.98437213897705
57.12721252441406	48.44894027709961
42.86884832382202	45.07913255691528
104.90953540802002	81.64396619796753
43.45503902435303	33.543396949768066
67.36081171035767	65.83680057525635
51.88132095336914	45.992576599121094
78.1930103302002	75.02022743225098
41.865347385406494	37.65688991546631
56.25269317626953	55.8739013671875
43.389601707458496	42.549336433410645
50.12152433395386	47.23105764389038
115.05401611328125	113.89276123046875
49.961684226989746	47.65575361251831
93.75491714477539	84.30379581451416
64.70423698425293	58.27679634094238
104.32316017150879	95.83300256729126
54.67802810668945	54.43141174316406
49.06983804702759	44.31082057952881
53.53396224975586	46.88983488082886
35.38322925567627	37.44236469268799
47.25456953048706	46.92702865600586
54.66933822631836	49.00563049316406
73.21119689941406	78.35687255859375
57.191524505615234	56.421730041503906
52.59306287765503	46.77097034454346
49.093870639801025	43.457199573516846
74.7076416015625	71.13542079925537
55.50531005859375	42.17212772369385
38.723880767822266	36.760963439941406
56.37021064758301	50.024800300598145
55.47891855239868	56.058159828186035
47.26058101654053	44.96636962890625
89.96184539794922	81.84654235839844
64.84866094589233	63.60206890106201
72.25186347961426	67.83869743347168
46.41032266616821	43.82329988479614
60.251609802246094	54.83266830444336
76.20304107666016	64.97776985168457
48.48677396774292	47.883923053741455
50.85488224029541	50.03634548187256
75.8313512802124	71.17372035980225
48.34482479095459	45.861817359924316
32.85110569000244	30.776228427886963
35.853684425354004	34.55851078033447
49.759276390075684	45.39968729019165
46.6837272644043	37.089542388916016
44.11552047729492	47.934791564941406
44.307509422302246	36.56571340560913
47.80091714859009	48.60307168960571
54.499075412750244	51.279802322387695
84.68071937561035	76.29734992980957
64.60858297348022	60.083683490753174
90.00940799713135	83.84591007232666
53.04231262207031	48.53732681274414
59.157355308532715	38.812931060791016
54.88902282714844	43.127285957336426
46.131317138671875	43.3804817199707
51.38096237182617	48.26648187637329
63.090688705444336	55.817692279815674
42.05448055267334	41.917988777160645
48.10307025909424	44.17495632171631
41.796650886535645	42.98701190948486
44.079193115234375	38.52691650390625
55.7932243347168	50.41768264770508
78.26467990875244	73.56223106384277
69.85030174255371	62.432405948638916
73.1275463104248	64.20863151550293
79.34666633605957	72.80146598815918
44.29432153701782	37.89291000366211
87.60786294937134	85.98288774490356
53.87582015991211	48.979591369628906
66.4647912979126	62.78728485107422
42.458038330078125	39.11377716064453
65.54787540435791	63.50838375091553
70.31800174713135	58.94422960281372
84.61917114257812	80.95958518981934
58.22408866882324	34.217591285705566
63.49343299865723	66.90403938293457
46.484031200408936	48.83664846420288
79.96957492828369	70.38373565673828
44.144405364990234	41.20954513549805
56.264058113098145	49.67817974090576
35.40615463256836	37.47267150878906
88.09108543395996	79.80570030212402
42.159210205078125	41.059075355529785
38.18114757537842	38.5494704246521
63.03860664367676	58.75440216064453
77.54378318786621	75.4810094833374
49.646416664123535	39.997567653656006
45.02739429473877	37.8191614151001
48.9951868057251	43.25935125350952
60.76068305969238	51.62467956542969
59.23342752456665	54.51843452453613
54.22734832763672	55.29694890975952
82.00040817260742	56.33375358581543
40.1451416015625	30.59384250640869
108.47492694854736	99.34982299804688
50.663087368011475	49.97281551361084
47.193960666656494	40.730568408966064
59.210463523864746	56.2809419631958
67.1422963142395	62.142577171325684
53.568328857421875	47.339664936065674
58.816436767578125	54.256534576416016
69.16058349609375	60.23026514053345
77.4571533203125	64.07109832763672
41.902594566345215	38.120612144470215
63.211894035339355	63.47453594207764
45.53951168060303	49.435386657714844
43.30763339996338	44.38857936859131
48.991952419281006	39.9392786026001
47.296019554138184	39.05716609954834
101.7801833152771	96.95444631576538
47.3547887802124	41.71177911758423
45.53025770187378	41.32466745376587
49.79556226730347	47.39336442947388
48.85486650466919	47.84348487854004
42.94607162475586	42.3171272277832
42.0056791305542	45.53953456878662
49.17384576797485	37.92014026641846
71.64523983001709	64.10899209976196
76.93170928955078	75.00158786773682
40.8268518447876	42.56605052947998
50.75929927825928	48.53825378417969
59.70896339416504	57.139238357543945
61.241888999938965	43.20607233047485
51.87812042236328	47.95989227294922
103.06508922576904	91.88010692596436
45.44915199279785	38.3153600692749
43.618523597717285	37.52149200439453
81.41693782806396	74.15338850021362
43.243369579315186	43.608417987823486
51.68559265136719	51.373817443847656
46.91675806045532	46.918450355529785
57.99277114868164	55.0543212890625
62.184814453125	59.914154052734375
63.87676239013672	59.674434661865234
56.04011917114258	53.112953186035156
87.48800468444824	76.10544776916504
66.24500846862793	68.22301626205444
66.05673217773438	53.6938591003418
72.83765602111816	54.451409339904785
59.73085403442383	56.89424991607666
94.89580535888672	93.12682914733887
49.46327829360962	44.97026824951172
60.68926239013672	53.084068298339844
59.837961196899414	58.917880058288574
45.53104877471924	41.732590675354004
66.26976728439331	55.16383409500122
43.534847259521484	39.28159046173096
49.29995012283325	45.79657745361328
55.99131774902344	43.93968486785889
47.82356119155884	45.21921920776367
97.6926736831665	94.33094501495361
61.929622650146484	46.271060943603516
60.22579097747803	48.22057294845581
51.988749980926514	39.84590530395508
54.27958011627197	52.068087577819824
52.299988746643066	49.46672296524048
46.2262282371521	41.85712957382202
92.08252143859863	83.88197326660156
63.38821220397949	60.26209115982056
75.84602355957031	62.01467990875244
46.03355312347412	36.525057792663574
48.88757514953613	46.73668384552002
55.70087432861328	54.75798797607422
45.914523124694824	39.559295654296875
42.9638557434082	41.84956741333008
39.451446533203125	38.6431303024292
41.99601459503174	39.78512191772461
82.36528205871582	77.12042999267578
54.9084095954895	47.82425546646118
69.26870918273926	58.267959117889404
71.10183715820312	62.34980583190918
54.54264450073242	50.73854064941406
81.78934478759766	76.91535186767578
50.51197052001953	41.10665512084961
38.19893169403076	34.92049551010132
50.58798360824585	44.40514850616455
41.819748878479004	38.655457496643066
71.66571092605591	68.4609603881836
41.933059215545654	40.11158895492554
40.42894649505615	37.53489303588867
46.147554874420166	41.56167554855347
48.08361053466797	44.21186923980713
42.319703578948975	37.12680435180664
40.68519973754883	36.070369720458984
51.83261823654175	42.7662091255188
48.30999755859375	47.306376457214355
50.279972076416016	48.342655181884766
67.56214141845703	66.43669128417969
36.379700660705566	40.89994812011719
41.98819828033447	37.85888671875
34.83219242095947	36.555335998535156
43.187049865722656	37.373642921447754
54.585525035858154	52.35890865325928
63.31880187988281	50.700462341308594
41.83973407745361	40.18897247314453
49.29439926147461	44.12528896331787
41.038238525390625	42.16989040374756
46.24390125274658	38.366623878479004
39.996739864349365	39.89395046234131
39.50410079956055	37.77073001861572
58.37786674499512	58.35590362548828
73.5587706565857	64.75317192077637
98.98140335083008	90.01718330383301
57.284812927246094	55.76312065124512
76.03856086730957	65.81861019134521
57.45138931274414	48.56247568130493
65.55235290527344	58.823190689086914
51.909912109375	51.23667907714844
53.20568037033081	47.03404378890991
64.59536933898926	51.83677053451538
77.52163696289062	64.81484413146973
52.88414430618286	41.94684457778931
58.69338607788086	54.04405069351196
95.80070638656616	88.39416313171387
66.09923458099365	58.44403839111328
52.41170883178711	50.37691879272461
46.362290382385254	39.70015239715576
53.466064453125	57.95131301879883
57.834598541259766	56.11815643310547
83.43292427062988	76.1820707321167
56.264068603515625	54.060791015625
82.05854749679565	76.578369140625
48.64935779571533	40.84515047073364
42.96093988418579	42.06833600997925
63.72689151763916	65.00175619125366
43.39175319671631	50.231231689453125
62.95395612716675	53.90858173370361
60.037442207336426	57.550416469573975
38.830214500427246	38.168814182281494
51.16154479980469	49.09440612792969
69.95099067687988	66.94262504577637
72.57118225097656	72.57009029388428
56.76162624359131	49.083045959472656
60.23427200317383	56.98859405517578
58.96973419189453	56.94933319091797
47.28086853027344	43.87865447998047
52.35685348510742	47.36753463745117
38.831886291503906	33.647034645080566
47.571502685546875	48.440635681152344
48.78645372390747	44.66898965835571
44.83261156082153	44.063148021698
78.07477474212646	80.22381544113159
46.19888782501221	37.08122253417969
54.93669128417969	41.33892345428467
47.47745418548584	45.679747581481934
43.10884094238281	43.30842208862305
47.12127685546875	44.46638202667236
41.249969482421875	43.207984924316406
58.2305645942688	56.03807973861694
40.297367572784424	37.28519916534424
63.184749603271484	56.71678161621094
115.11516571044922	114.40240478515625
62.56451606750488	59.18476104736328
67.96673822402954	64.00564050674438
35.563918113708496	32.35020303726196
67.4066162109375	54.871009826660156
50.926666259765625	51.194032192230225
32.91322326660156	30.948215007781982
63.30002784729004	58.564767837524414
78.39636278152466	74.15020227432251
45.0958251953125	41.781517028808594
44.40088748931885	43.063719749450684
58.59577941894531	55.15205001831055
75.85649728775024	65.15775203704834
40.26757049560547	40.554219245910645
52.1822452545166	50.75526237487793
49.750107288360596	37.27911424636841
44.03733730316162	43.10636043548584
45.289037227630615	39.246639251708984
54.7716908454895	46.6610426902771
45.56421661376953	41.48272705078125
44.205941677093506	44.77553415298462
110.44264841079712	98.11558294296265
52.70810508728027	40.77336502075195
43.25310516357422	39.896942138671875
50.267579078674316	43.10120677947998
46.2448935508728	41.29913282394409
94.05351400375366	86.72554779052734
57.087799072265625	50.94715118408203
46.479689598083496	40.96281337738037
50.34934329986572	44.61988306045532
96.77761316299438	92.1562671661377
38.43991470336914	34.79084873199463
47.43311309814453	50.132572174072266
39.21023654937744	34.95985507965088
58.4095344543457	51.583953857421875
49.33862590789795	44.005459785461426
52.660951137542725	47.97517490386963
43.42937517166138	37.58396768569946
66.29112243652344	58.13955307006836
41.359227657318115	39.044862270355225
44.83424377441406	40.88392925262451
47.00504779815674	45.96448230743408
43.950345039367676	42.97982883453369
45.15892696380615	41.99101638793945
50.26411437988281	49.3833532333374
59.40241098403931	54.872610569000244
66.83380889892578	63.92594909667969
54.973280906677246	41.95225191116333
69.69937133789062	52.878990173339844
57.009653091430664	48.577659130096436
52.19902515411377	49.20167684555054
46.59450435638428	37.552438259124756
41.90876483917236	41.24144268035889
52.884544372558594	51.44040298461914
41.84659194946289	34.010437965393066
99.5412425994873	77.87977361679077
57.80513286590576	51.836676597595215
48.71708106994629	38.52078151702881
103.47084045410156	99.24553155899048
44.65198802947998	40.902920722961426
64.57147264480591	62.55182075500488
74.53696537017822	70.7592978477478
79.7867112159729	77.48570108413696
67.85478401184082	45.65139865875244
47.63876390457153	40.95728921890259
44.408432960510254	42.877349853515625
40.911128997802734	38.72769641876221
64.33305263519287	61.567888259887695
48.616827964782715	46.8935751914978
61.34183406829834	61.692495346069336
56.976457595825195	48.56343460083008
45.644142150878906	30.93801784515381
75.85017585754395	64.43286180496216
50.286895751953125	42.84323787689209
102.37700271606445	83.78636169433594
48.425050258636475	50.0076265335083
57.94336700439453	55.93002700805664
54.80887269973755	44.05557060241699
41.713500022888184	37.00572109222412
42.956570625305176	45.076488971710205
65.7171835899353	66.53486442565918
75.71426391601562	66.04442596435547
60.065673828125	58.54438781738281
61.9258074760437	60.406625747680664
39.688719749450684	41.22964096069336
47.59237289428711	42.87725830078125
99.23478698730469	79.21570014953613
50.494630336761475	41.67027950286865
43.78612232208252	41.45864248275757
57.81911373138428	50.67793369293213
58.757439613342285	39.23590803146362
48.681100845336914	40.46121311187744
44.94282388687134	37.13282346725464
52.512693881988525	40.747671604156494
60.812171936035156	56.32256317138672
37.796688079833984	31.928051948547363
81.04101371765137	73.51171588897705
42.388787269592285	40.51667833328247
38.39299154281616	37.01165819168091
73.33760261535645	63.44504356384277
33.04820966720581	34.88771104812622
57.2859992980957	46.536834716796875
48.36159324645996	45.9832649230957
56.21966743469238	56.88651180267334
49.0316219329834	39.1514368057251
44.242366790771484	39.42861270904541
61.93677282333374	58.39746332168579
51.108280181884766	42.107582092285156
50.026832580566406	43.585373401641846
58.103844165802	56.41877317428589
38.431694984436035	38.54036235809326
50.371347427368164	47.237342834472656
53.83802795410156	49.56321716308594
47.787933349609375	48.966331481933594
49.765716552734375	50.24425506591797
57.402008056640625	53.49623107910156
52.767459869384766	49.855567932128906
38.633620262145996	38.09585094451904
89.11478042602539	65.81464290618896
43.53141689300537	44.971123695373535
65.28975677490234	61.51726531982422
39.62077617645264	37.905964851379395
85.61611747741699	72.71726417541504
55.78636932373047	48.71610641479492
51.04389190673828	43.98345994949341
51.6922812461853	49.844078063964844
43.44115114212036	43.827171325683594
61.076881408691406	50.93478775024414
62.078843116760254	57.3366641998291
45.743348121643066	42.59912967681885
36.9836802482605	39.02389049530029
35.79364633560181	33.124810218811035
86.04260873794556	74.31642007827759
48.485313415527344	46.42180633544922
45.431793212890625	38.5609016418457
51.58305358886719	39.44879150390625
36.09712886810303	37.591712951660156
64.7121753692627	46.21955919265747
46.155348777770996	47.01691389083862
52.64839172363281	50.69239807128906
49.93901014328003	49.938472747802734
44.745386600494385	40.4910101890564
49.01617193222046	42.82121706008911
71.353759765625	61.674160957336426
56.86098861694336	56.92460632324219
45.35195732116699	45.610191822052
45.64580774307251	40.52169179916382
39.4379620552063	40.5740761756897
65.96775817871094	50.39152383804321
41.467644691467285	34.33721113204956
41.35612106323242	35.96297836303711
46.82856845855713	45.663331508636475
35.216294288635254	34.40686511993408
46.4333758354187	42.88478994369507
51.84534454345703	51.64197540283203
43.12034511566162	35.458943367004395
53.87873983383179	46.561609745025635
42.18303823471069	36.75
62.0505485534668	60.02354431152344
59.44643783569336	56.83094024658203
62.87744903564453	53.417015075683594
40.122300148010254	39.413872718811035
42.540435791015625	42.12202548980713
51.20521545410156	52.931541442871094
84.41253089904785	78.03692436218262
49.42446041107178	41.11408853530884
42.91863250732422	48.00534772872925
41.56200313568115	41.27368927001953
61.40216827392578	62.52291202545166
40.373345375061035	40.4331693649292
48.0348916053772	40.12833595275879
63.353302001953125	58.12443923950195
54.06070327758789	48.23006582260132
48.31108903884888	45.454925537109375
54.63650703430176	49.07400608062744
73.52564334869385	66.80373191833496
63.620662689208984	59.159523010253906
54.36693525314331	47.73057842254639
60.8222131729126	56.17836856842041
43.05373477935791	38.77814197540283
40.11871862411499	35.145243644714355
47.338623046875	47.644004821777344
61.82463026046753	58.14649772644043
59.253501892089844	55.52546501159668
57.422996520996094	61.1741943359375
49.818214416503906	48.269073486328125
48.91978454589844	49.184733867645264
50.313941955566406	43.935481548309326
58.01802206039429	59.19445180892944
43.5831413269043	37.05930805206299
53.454604625701904	40.773526668548584
59.71971893310547	51.63862609863281
46.45458126068115	41.91606616973877
46.22662878036499	35.01364850997925
35.23480176925659	32.30007839202881
45.34551382064819	39.700110912323
51.498812198638916	41.61994791030884
45.296570777893066	43.52428388595581
92.50520324707031	91.0799732208252
76.99635457992554	71.5021505355835
39.23228359222412	35.500210762023926
51.48745012283325	46.74324941635132
38.6984338760376	38.15453338623047
56.60764408111572	51.234490394592285
76.56974077224731	73.09177923202515
65.64475059509277	64.61441040039062
44.171874046325684	39.359564781188965
58.7051420211792	45.897602558135986
42.53340005874634	45.30567979812622
52.2417197227478	46.8562126159668
40.12899112701416	38.15460205078125
42.85638475418091	42.79016160964966
68.1302261352539	62.6043176651001
52.401405334472656	43.8062744140625
37.044779777526855	38.668747901916504
63.03811264038086	60.14157485961914
43.9890832901001	40.02961349487305
53.09746837615967	52.620484828948975
46.78606414794922	41.29271745681763
36.69363498687744	35.2069616317749
32.6916389465332	30.60603618621826
51.63314151763916	42.48259878158569
58.14863920211792	52.06817007064819
47.40849161148071	41.79965162277222
57.88006591796875	57.16004180908203
42.2317476272583	35.71510314941406
41.57175350189209	39.51237487792969
46.797237396240234	43.641963958740234
57.44282150268555	57.50238800048828
58.40936470031738	56.384499073028564
55.55699920654297	53.013607025146484
65.1929931640625	60.15574264526367
49.9753475189209	46.82199668884277
61.83194160461426	62.945733070373535
93.20185565948486	89.91331720352173
51.54877424240112	45.08178377151489
38.32427167892456	39.23119497299194
59.95162868499756	50.61773872375488
47.63646411895752	42.04204034805298
60.166110038757324	40.995060443878174
38.40603160858154	39.125301361083984
73.77035617828369	71.03219032287598
69.86929178237915	52.30896806716919
46.62373352050781	42.6953125
43.271138191223145	36.83705806732178
53.303253173828125	44.97013854980469
41.91020965576172	42.44997310638428
55.4581184387207	46.455782890319824
47.06020259857178	43.93340539932251
78.86737298965454	74.57171487808228
44.154024600982666	39.73530864715576
44.21526765823364	44.50037431716919
58.43967819213867	60.59361267089844
56.715797424316406	53.41424322128296
81.59304714202881	57.60224533081055
60.439777851104736	51.684648513793945
56.122751235961914	54.06580448150635
49.203001976013184	46.405471324920654
40.124229431152344	40.37660837173462
74.52323913574219	58.34524917602539
60.781704902648926	55.445130825042725
35.142897605895996	34.62081527709961
63.21606159210205	57.92776584625244
49.812705516815186	49.59167242050171
50.41217041015625	52.07642364501953
61.27564001083374	60.05625629425049
69.51432037353516	46.93741226196289
45.90526485443115	43.36328601837158
56.99835395812988	49.90933656692505
61.43399620056152	54.16179370880127
47.08082723617554	44.17223262786865
61.95732116699219	57.12536334991455
42.0596923828125	41.256019592285156
60.14230155944824	65.26530361175537
79.89262390136719	81.58769416809082
50.072007179260254	40.636147022247314
50.91345167160034	47.339985370635986
66.83985424041748	40.662269115448
59.90353775024414	56.33121871948242
49.730717182159424	43.2811074256897
42.02703094482422	38.65029430389404
84.74729204177856	76.49839496612549
39.766868591308594	38.697157859802246
40.70870876312256	42.451191902160645
47.17933750152588	43.331939697265625
30.813042640686035	28.566012382507324
48.58721351623535	32.66534900665283
62.53859996795654	59.79286766052246
73.57792615890503	58.14656925201416
44.28600358963013	40.47011852264404
44.015716552734375	43.437941551208496
90.44500780105591	77.92848348617554
37.96017837524414	35.09554195404053
67.83613586425781	60.46470642089844
60.95580339431763	54.182130336761475
54.436169147491455	51.17479944229126
87.92356777191162	80.93177223205566
39.62351131439209	36.72798156738281
49.189857482910156	47.21247911453247
57.46308898925781	51.246864318847656
70.6718978881836	50.63069820404053
36.60231113433838	36.295108795166016
50.022586822509766	44.429161071777344
54.49525594711304	50.75676727294922
44.975178241729736	40.05741214752197
65.8659839630127	61.90448760986328
90.12947082519531	73.16237449645996
61.863829135894775	57.91228723526001
52.153090953826904	51.9712028503418
55.71805143356323	53.316375732421875
38.84010314941406	39.012428283691406
49.06838274002075	47.011666774749756
59.40448808670044	57.39793395996094
40.89359951019287	38.44813632965088
50.1866569519043	49.40467834472656
45.952667236328125	39.162381649017334
44.01118087768555	37.81178331375122
85.33347129821777	73.35693168640137
52.604151248931885	47.434937477111816
72.49756908416748	60.530638217926025
80.61141014099121	72.9594669342041
50.47777080535889	44.14063310623169
50.64734745025635	46.229806423187256
87.9877758026123	73.53080749511719
67.48130798339844	63.72123336791992
62.48911428451538	48.59898853302002
56.04530334472656	54.816009521484375
63.242082595825195	44.536030769348145
36.77314281463623	36.33420467376709
77.92364454269409	66.17725133895874
47.6606559753418	44.724815368652344
51.2468957901001	46.72611713409424
42.48801517486572	42.32985067367554
45.03780269622803	42.234131813049316
44.43307638168335	40.15541172027588
51.64461898803711	50.38587188720703
41.99826765060425	40.87174320220947
95.21884822845459	94.20133876800537
76.06756687164307	70.40047645568848
101.34214305877686	91.1564826965332
66.15704154968262	47.92259216308594
64.09817361831665	57.968021392822266
64.86376762390137	54.77410316467285
77.8075122833252	70.30247688293457
50.36994457244873	40.89533853530884
48.363409996032715	36.31842803955078
51.02515411376953	50.83460998535156
49.009005546569824	34.05082941055298
65.63351440429688	59.29418182373047
44.417441844940186	42.49128293991089
53.97912263870239	44.68158674240112
56.37859344482422	56.69032573699951
55.74681329727173	52.19740629196167
40.58506107330322	39.55915832519531
43.84075927734375	39.72123718261719
70.7250452041626	68.69897365570068
38.44717311859131	38.67136001586914
51.654550075531006	47.455138206481934
31.66248369216919	33.44967746734619
84.40861701965332	85.01173210144043
51.08400535583496	47.10180044174194
47.878976345062256	50.07125949859619
45.59270238876343	43.438480854034424
41.876132011413574	35.0994873046875
46.749908447265625	45.01080322265625
42.52643060684204	36.755624294281006
38.07912540435791	35.301621437072754
41.78596639633179	39.14058542251587
86.42878723144531	77.3296537399292
46.53449296951294	37.579017639160156
58.00748062133789	56.401878356933594
42.430312156677246	44.16240692138672
46.33249568939209	44.837788581848145
58.427237033843994	59.21270799636841
43.897263050079346	42.986504554748535
53.34840965270996	58.41797733306885
51.249600887298584	47.10931921005249
36.18628215789795	36.83569955825806
56.49713134765625	51.5228157043457
40.23389148712158	39.001526832580566
65.48237800598145	64.01759147644043
41.66355228424072	41.9225435256958
49.08534240722656	39.55030107498169
74.42154884338379	69.78596687316895
51.21410274505615	35.92030477523804
41.50235652923584	43.028228759765625
46.18158435821533	47.04384708404541
89.3722791671753	87.12398338317871
67.49607753753662	50.75805473327637
66.87519073486328	52.974735260009766
39.4109787940979	41.24847412109375
45.95926284790039	35.351683616638184
52.92052364349365	53.31364345550537
64.17080688476562	59.823768615722656
40.38887166976929	43.991801261901855
45.86062574386597	41.37572002410889
64.42689514160156	50.41128396987915
41.910149574279785	39.54795742034912
47.95974683761597	46.595837116241455
44.75651264190674	41.70286846160889
56.05664348602295	53.32001209259033
55.21926784515381	51.500078201293945
36.55058670043945	35.475460052490234
49.979938983917236	43.62593173980713
56.84939384460449	52.44074821472168
59.63818550109863	56.72050476074219
57.87641143798828	56.53823471069336
40.64243221282959	39.57695722579956
61.65148735046387	55.582518577575684
42.57521152496338	45.24449443817139
58.296921730041504	46.53559112548828
80.5240535736084	73.42862606048584
74.18664455413818	54.270851612091064
54.43160629272461	49.09324312210083
45.90304660797119	42.3064489364624
45.00297832489014	39.919464111328125
50.77040147781372	52.71788692474365
69.53853034973145	61.43694591522217
51.35509395599365	50.59992980957031
50.3297233581543	39.584667682647705
68.5660753250122	53.78486251831055
45.15846014022827	38.28639364242554
53.833853244781494	47.14166879653931
35.63985729217529	35.61123275756836
45.384507179260254	38.17607402801514
53.53148889541626	50.38120222091675
82.76166915893555	68.16392421722412
60.13961219787598	44.289971351623535
48.593191623687744	49.74417591094971
49.24745559692383	44.64945983886719
58.2901725769043	58.485652923583984
71.4594178199768	60.10798358917236
61.93198585510254	50.24665832519531
53.18473815917969	50.57271194458008
35.51704788208008	37.99086284637451
66.03398895263672	62.807440757751465
61.406049728393555	55.608205795288086
66.53495788574219	57.03480911254883
49.7384033203125	51.48977279663086
52.01049613952637	36.101097106933594
38.33195877075195	37.09307861328125
46.61486196517944	46.47550296783447
45.184664726257324	42.894307136535645
41.13460636138916	43.881680488586426
64.91783905029297	55.89551544189453
44.44089460372925	37.547844886779785
37.76216268539429	40.765328884124756
53.8137583732605	50.4730544090271
46.241512298583984	43.05506420135498
48.33766174316406	37.151487827301025
65.38989973068237	61.24350070953369
48.56718301773071	41.838027000427246
51.08303165435791	38.58635711669922
58.98168087005615	53.2004451751709
