60.49376678466797	53.60886001586914
65.5356616973877	66.78472995758057
78.16105937957764	74.1329755783081
58.82159900665283	60.624223709106445
50.44181203842163	50.80449390411377
46.71515655517578	48.513999938964844
55.57650089263916	56.599669456481934
57.586615562438965	60.2069149017334
42.36206674575806	41.88018751144409
72.95319557189941	78.4771819114685
45.7916054725647	49.56290006637573
35.8939208984375	35.19615936279297
43.28256273269653	43.21946048736572
32.768046379089355	34.85096454620361
59.50093173980713	62.88810682296753
65.28364562988281	67.03083658218384
49.73472213745117	46.964149475097656
48.150551319122314	49.38220167160034
47.806644916534424	43.36180353164673
47.60066223144531	49.933624267578125
51.72149658203125	56.53745651245117
59.966936111450195	61.43473148345947
44.96016454696655	43.29822063446045
96.3058409690857	96.72646617889404
47.05208492279053	46.90061950683594
57.88013458251953	59.82429122924805
47.734554290771484	48.774757385253906
39.03878402709961	40.18161725997925
36.325218200683594	40.416563987731934
39.563265323638916	39.52641201019287
56.45444965362549	58.34684944152832
51.45897388458252	55.454134941101074
59.502925872802734	57.694488525390625
41.4815468788147	41.54191541671753
49.88877534866333	53.60696792602539
66.30364418029785	66.2819766998291
46.882362365722656	48.72297286987305
48.90100860595703	48.311622619628906
53.81413221359253	53.52072095870972
59.79216957092285	56.84899377822876
50.646759033203125	52.263614654541016
44.038875102996826	45.70362949371338
40.80524921417236	38.12571048736572
49.37899398803711	54.42982482910156
41.97034549713135	42.070404052734375
51.80989408493042	50.54178762435913
69.0088939666748	74.2064380645752
42.70063018798828	43.83184814453125
41.59323167800903	44.301527976989746
41.81340026855469	41.77691411972046
40.35825729370117	41.747371673583984
42.24754333496094	43.65818786621094
39.88323497772217	40.44333744049072
43.17140293121338	46.674373626708984
57.41253662109375	56.46073532104492
52.174476623535156	56.17308807373047
73.83171081542969	76.52542114257812
56.63673162460327	55.92777442932129
46.06532335281372	52.82372570037842
66.27361106872559	64.61471557617188
59.286940574645996	57.58512210845947
60.637463092803955	55.541587829589844
59.09141540527344	64.25886535644531
53.335949420928955	55.53421068191528
42.54463720321655	44.723196029663086
86.73756122589111	84.71472311019897
39.916961669921875	42.3258752822876
40.89519500732422	40.18012189865112
98.67364883422852	101.28838348388672
61.296239376068115	61.576772689819336
40.924551486968994	45.071739196777344
38.61523962020874	38.065807819366455
51.700374603271484	55.46240997314453
41.79594659805298	45.591477394104004
57.79141902923584	60.85085391998291
39.94035339355469	43.5581431388855
59.37428855895996	61.6371374130249
43.869712352752686	40.37001943588257
60.610708236694336	61.626434326171875
52.91094970703125	53.39200973510742
81.52784156799316	85.67227363586426
59.03822898864746	57.2389554977417
66.17213201522827	63.20256233215332
44.17314147949219	40.08707046508789
48.6530327796936	47.74678373336792
83.47261619567871	88.56765174865723
58.16155242919922	55.12351942062378
62.21915245056152	60.69783687591553
40.16210412979126	43.46330785751343
41.00733184814453	45.835227966308594
51.31684875488281	52.3323974609375
45.39817428588867	49.577247619628906
76.76630973815918	76.96927070617676
43.82372188568115	49.317678451538086
46.31712484359741	49.510902881622314
81.4671778678894	83.1946702003479
59.07086372375488	55.28090476989746
57.3050594329834	55.96659183502197
45.15193796157837	47.91235828399658
53.601927757263184	54.136199951171875
45.1712441444397	42.841734886169434
67.54467010498047	67.45506286621094
46.86941051483154	46.477752685546875
59.29381799697876	61.28220176696777
47.908244132995605	52.63284873962402
52.84410858154297	54.90369415283203
66.77686262130737	68.390944480896
65.08497619628906	64.34066772460938
48.7614164352417	51.288737297058105
62.09570264816284	60.98675012588501
43.404632568359375	46.842411041259766
77.54925727844238	76.27528381347656
49.38438415527344	51.93488311767578
53.5877571105957	54.12554931640625
49.625465393066406	54.61686706542969
94.8163890838623	94.30421447753906
34.7513861656189	39.16054582595825
49.89390230178833	47.97865152359009
41.946650981903076	43.59731960296631
69.67801570892334	77.70087242126465
60.69452667236328	60.72031784057617
51.028504371643066	58.37149620056152
37.41140699386597	43.169108867645264
52.69092559814453	52.705963134765625
53.349514961242676	51.658281326293945
36.98823642730713	40.98543405532837
54.73879623413086	55.05512523651123
82.45295524597168	85.94993114471436
48.69828414916992	45.682400703430176
43.623541831970215	46.022451877593994
51.48218297958374	53.803804874420166
50.756802558898926	50.91643571853638
55.40049743652344	59.96372604370117
60.2489013671875	60.6544189453125
54.50183820724487	58.35580825805664
46.282565116882324	45.659817695617676
53.04998016357422	53.892059326171875
47.37232685089111	44.777021408081055
46.13670349121094	51.961806774139404
55.82553291320801	56.779747009277344
73.13542366027832	74.21064853668213
43.06141376495361	43.89723300933838
43.933268547058105	46.00611972808838
43.8194842338562	48.577406883239746
47.97138595581055	47.51673126220703
37.57129383087158	36.96694278717041
56.59597063064575	55.10135793685913
66.50186204910278	65.14753532409668
78.82682991027832	74.52144813537598
72.52275371551514	70.32939052581787
68.79075527191162	67.79718685150146
55.25053691864014	56.052103996276855
72.32646179199219	75.06469535827637
44.5756196975708	41.27189254760742
99.15890693664551	98.29013586044312
94.42880058288574	94.47920370101929
77.3171558380127	81.5671534538269
76.45681571960449	76.81196022033691
62.535072326660156	65.9245433807373
60.95456886291504	65.37100410461426
63.97696495056152	66.94200325012207
38.37824249267578	38.44322204589844
50.1002197265625	51.8251838684082
68.9695291519165	72.115394115448
75.0439224243164	77.05618286132812
94.49429178237915	90.71203088760376
50.76934051513672	48.63746643066406
44.12440872192383	44.796348571777344
52.239845275878906	53.667640686035156
41.04950761795044	44.952537536621094
53.01155662536621	49.60908651351929
55.449753284454346	52.73502731323242
50.50633239746094	53.8836669921875
50.55163097381592	54.81291675567627
83.63834953308105	86.5111141204834
53.3755989074707	56.17486572265625
58.92490482330322	55.39730644226074
59.31187152862549	59.18331718444824
45.18248748779297	49.400590896606445
46.56863212585449	43.8225793838501
45.838889598846436	44.08754777908325
50.410308837890625	47.27748107910156
58.55145263671875	63.974822998046875
50.75806427001953	50.45836639404297
82.75296592712402	84.58456420898438
59.06719970703125	60.800331115722656
51.70535945892334	51.333008766174316
57.6999135017395	61.2117223739624
55.606109619140625	55.80738830566406
52.07648849487305	52.869876861572266
34.47208786010742	34.139811515808105
55.113121032714844	60.44351148605347
56.84894371032715	60.60674858093262
42.94622039794922	48.517690658569336
84.89614200592041	86.10201072692871
54.72002077102661	54.69194984436035
61.27936506271362	62.84017038345337
60.479421615600586	58.4885835647583
73.83679294586182	72.88371229171753
63.166189193725586	63.143296241760254
66.27329063415527	64.15683889389038
46.767587661743164	43.84288787841797
48.227073669433594	49.396820068359375
40.214378356933594	39.61618709564209
58.76080322265625	60.083797454833984
41.27306413650513	42.56136465072632
59.718894481658936	59.09075975418091
70.45174598693848	72.85730838775635
53.97927761077881	55.34598350524902
52.20520496368408	53.18026542663574
41.51514530181885	41.34995937347412
66.20281076431274	64.6357569694519
42.44148874282837	41.298935890197754
42.91017150878906	47.27402400970459
39.985631465911865	41.00787115097046
41.42734622955322	39.25275135040283
59.817771911621094	62.933311462402344
53.25736045837402	53.23883056640625
52.553497314453125	48.75370788574219
69.2172384262085	66.66365623474121
42.976173877716064	43.849825382232666
36.27615737915039	34.29753065109253
67.3891830444336	65.8001184463501
50.99624252319336	47.74851989746094
67.67560005187988	67.65271186828613
67.0693826675415	66.11152648925781
47.845985412597656	49.78373718261719
70.32443332672119	67.45068311691284
74.87596130371094	76.87705993652344
48.320823669433594	48.640769958496094
39.598777770996094	37.02540588378906
39.48357391357422	38.699764251708984
42.32821178436279	49.38854360580444
86.6207275390625	85.55673789978027
52.26827621459961	49.39319610595703
64.97970628738403	65.31329154968262
55.56031799316406	62.42729949951172
87.13586568832397	88.3029055595398
47.783920764923096	49.39417123794556
60.35850524902344	61.491554260253906
38.2690167427063	41.00662279129028
46.22365188598633	46.996612548828125
61.45632743835449	62.548866271972656
92.6231689453125	92.1797103881836
47.37989950180054	45.21313428878784
43.32125186920166	47.01520824432373
33.3649525642395	35.797184467315674
46.292030811309814	48.69849443435669
43.741929054260254	45.692744731903076
60.53736209869385	59.80939865112305
58.913564682006836	59.82647895812988
43.7220573425293	39.291443824768066
52.62334442138672	55.19621276855469
34.591506004333496	34.9955472946167
58.49762678146362	59.51415395736694
27.21502709388733	30.739014625549316
42.251280784606934	45.55469083786011
50.564781188964844	50.35616683959961
43.73654842376709	41.367138385772705
53.46810722351074	55.546274185180664
66.55983686447144	67.41612768173218
45.4038462638855	45.483951568603516
56.443488121032715	60.934231758117676
49.696990966796875	47.47109603881836
56.050132751464844	56.40149688720703
40.74892330169678	45.59583377838135
45.405558586120605	43.57290983200073
46.13943386077881	45.722548484802246
80.45733642578125	84.28543090820312
40.146482944488525	44.26800584793091
73.5401439666748	74.15106773376465
54.171953201293945	56.814388275146484
55.0802001953125	53.12581253051758
62.27753305435181	66.04586935043335
51.89033031463623	53.89519691467285
44.82928705215454	46.11179971694946
57.856204986572266	55.381858825683594
41.09014129638672	41.90546417236328
51.671775817871094	49.626068115234375
46.65058898925781	46.18035125732422
57.072052001953125	62.71476745605469
69.1307544708252	71.06707763671875
49.788262367248535	52.4715142250061
59.89615058898926	60.14050912857056
60.20825386047363	59.20391035079956
47.58503770828247	46.78979253768921
43.47756052017212	42.828423500061035
44.26737070083618	43.96829795837402
43.80464553833008	46.75877380371094
56.17709970474243	55.89665222167969
74.39535522460938	76.92605829238892
58.43948936462402	57.66340398788452
41.70837450027466	45.355233669281006
44.43761587142944	47.05159091949463
85.8543529510498	87.54100227355957
29.745917797088623	35.36913728713989
43.18569087982178	42.15058994293213
41.59694004058838	41.815476417541504
43.26173400878906	47.10068893432617
52.34228324890137	54.17593002319336
40.98847198486328	44.98026657104492
105.93753433227539	109.62651443481445
88.2251033782959	91.47482395172119
34.44348859786987	34.26186227798462
41.76588821411133	46.64939880371094
57.321550369262695	59.980247497558594
45.574222564697266	49.62062072753906
39.57616424560547	43.46081829071045
69.08584022521973	74.5971908569336
56.545939445495605	58.70436668395996
53.27857208251953	53.285396575927734
47.84189987182617	49.364078521728516
63.73283386230469	68.37706756591797
44.31460475921631	44.84630584716797
67.3355712890625	69.55718994140625
66.45759582519531	72.254319190979
66.05727195739746	71.88137769699097
48.472838401794434	49.10722208023071
59.10527801513672	61.35220718383789
49.98579025268555	52.34152173995972
36.683356285095215	37.54064893722534
54.15882635116577	56.91400623321533
59.10893440246582	61.270734786987305
45.8364462852478	48.24487257003784
44.501047134399414	39.08583402633667
76.5392518043518	76.23099994659424
67.54163360595703	65.12670707702637
45.07160234451294	43.045711517333984
56.34363555908203	62.263864517211914
54.368943214416504	55.79689979553223
76.71143531799316	83.16311645507812
42.48367929458618	45.961342334747314
110.3196496963501	108.41002178192139
62.52599334716797	62.115702629089355
77.49545288085938	85.70808219909668
50.80376958847046	47.281132221221924
45.57149028778076	45.93083429336548
41.48679733276367	43.26305627822876
42.73021602630615	48.20298957824707
61.02274417877197	60.13656806945801
66.5465841293335	65.17921543121338
66.12187385559082	70.59422492980957
55.05380344390869	55.38451337814331
51.24156475067139	52.951372146606445
47.65638780593872	47.69832468032837
78.45928001403809	80.40006065368652
41.063172817230225	45.818084716796875
42.65325593948364	41.22923135757446
59.10840654373169	57.30767011642456
36.75652313232422	44.40196990966797
56.35684633255005	56.91938066482544
90.68534660339355	92.30292701721191
51.31390714645386	52.133877754211426
52.207602977752686	55.096312522888184
40.546632289886475	42.149906635284424
75.9198350906372	75.80473899841309
34.00569820404053	37.46169376373291
49.5808482170105	51.31896686553955
42.1755952835083	45.256361961364746
57.2706298828125	61.62887382507324
48.76192378997803	53.08041048049927
43.20035934448242	45.0733528137207
60.543131828308105	64.28663730621338
56.539093017578125	52.50307083129883
43.810608863830566	44.040921211242676
40.39813756942749	40.72464036941528
68.45908498764038	69.47184038162231
44.64221668243408	45.95101499557495
53.418296813964844	51.03144454956055
42.009446144104004	40.63626050949097
55.63743591308594	57.49359893798828
59.22312355041504	65.16557264328003
48.47718095779419	45.94810771942139
51.06416130065918	52.751365184783936
64.02251243591309	63.88415336608887
37.642356872558594	41.994168758392334
39.416441917419434	46.504486083984375
44.54689121246338	42.54907035827637
64.89288330078125	65.50177574157715
53.48777961730957	58.49246835708618
69.06382608413696	71.6227011680603
61.154680252075195	65.63742637634277
41.533233642578125	45.0522575378418
37.17951250076294	36.61821794509888
46.63104057312012	47.75409650802612
45.63855791091919	53.274113178253174
47.14896011352539	48.093177795410156
44.86616516113281	45.255531311035156
69.23340797424316	69.05243110656738
48.72002696990967	48.197197914123535
37.21099376678467	39.79093265533447
56.60508584976196	55.23647689819336
68.68025302886963	68.20391654968262
60.798187255859375	66.28592681884766
51.334197998046875	53.22941589355469
68.36857843399048	67.37147569656372
38.81946659088135	38.98367929458618
51.57596683502197	49.514023780822754
46.485366344451904	41.6412034034729
42.48992109298706	41.978761196136475
69.52803611755371	69.98509407043457
43.19139862060547	41.9000358581543
61.38763427734375	65.74966430664062
39.428245544433594	38.69778060913086
53.08220863342285	49.48145389556885
48.91629648208618	49.267592906951904
48.11545372009277	50.62400436401367
46.48568344116211	47.4459228515625
41.76371765136719	42.44237518310547
49.487576484680176	50.45231819152832
68.63967895507812	66.93707466125488
56.8635892868042	63.33361625671387
47.10168170928955	53.617624282836914
44.72964859008789	44.068153381347656
47.22009611129761	52.63450241088867
43.268802642822266	46.720314025878906
58.47831344604492	56.78565979003906
43.7031831741333	48.912047386169434
44.49864959716797	47.71198272705078
54.83970260620117	59.136070251464844
44.351645946502686	45.19102096557617
43.69134521484375	43.400146484375
51.59055995941162	48.42994022369385
70.839186668396	72.05299615859985
42.52841329574585	45.44555616378784
51.5706787109375	55.072898864746094
55.30318641662598	59.59768581390381
44.46213245391846	48.57764387130737
39.597413063049316	42.631370544433594
46.248374938964844	44.71011734008789
42.22148895263672	42.26322937011719
65.43939971923828	67.37518501281738
45.033748626708984	42.25904846191406
39.08747339248657	42.56948900222778
66.30652475357056	67.09036350250244
47.17295551300049	50.09558582305908
58.12359619140625	59.76757049560547
51.826202392578125	52.07682418823242
47.77697134017944	45.95227336883545
43.76794767379761	45.33799362182617
51.18773603439331	49.28762912750244
53.02871036529541	47.57446002960205
41.97471618652344	45.956790924072266
44.73584461212158	44.44532775878906
75.64380407333374	80.20695734024048
71.19938850402832	72.64315128326416
73.96412563323975	74.55989217758179
36.49803161621094	36.39362335205078
62.75669860839844	65.51571655273438
46.42523956298828	49.76869201660156
72.6459732055664	75.9228343963623
75.23131561279297	78.65141201019287
41.91592264175415	46.261062145233154
69.85191345214844	76.99323177337646
56.30423545837402	59.880008697509766
50.4876766204834	48.656816482543945
46.51791715621948	49.36570596694946
59.954062938690186	61.49013805389404
49.72532653808594	48.459651947021484
59.8621129989624	59.51032638549805
53.65489959716797	51.83802604675293
56.22059440612793	59.138756275177
46.473426818847656	51.05695295333862
61.21807098388672	58.58204650878906
61.0559778213501	64.35609483718872
85.5998306274414	84.6595458984375
46.09375	46.66859436035156
46.07427215576172	46.693965911865234
56.88566780090332	56.09342670440674
53.65683174133301	53.83399486541748
47.67448902130127	45.8074369430542
48.48861312866211	49.81769561767578
44.24555206298828	43.1057562828064
39.120898723602295	39.912108421325684
49.93145751953125	49.87128829956055
66.72662401199341	68.59560203552246
47.2337212562561	45.92095422744751
83.81809186935425	86.10388660430908
50.12105941772461	50.430747985839844
68.36621761322021	69.64408874511719
35.758949279785156	35.696768283843994
44.14605712890625	42.85948181152344
43.96503925323486	39.05192852020264
45.34338426589966	50.23485469818115
39.823548316955566	45.446722984313965
60.82718563079834	60.84494590759277
49.57497310638428	53.77338981628418
59.47615432739258	59.480552673339844
52.9864616394043	54.59062957763672
48.15538024902344	51.245941162109375
49.237815856933594	47.924781799316406
70.66407632827759	75.14588165283203
76.95191144943237	75.5323052406311
69.34980869293213	67.98945426940918
50.198638916015625	54.6254997253418
36.46004343032837	41.54863786697388
80.38636779785156	79.19950675964355
54.22086048126221	55.37435817718506
42.628140449523926	43.28456211090088
76.25104713439941	78.04367065429688
41.34806442260742	41.017757415771484
53.53357696533203	61.151329040527344
40.52158832550049	45.37772083282471
77.09180355072021	79.97880458831787
58.99106311798096	61.6517972946167
55.64580535888672	55.74784851074219
47.63138437271118	48.915621757507324
64.51628065109253	64.17686319351196
52.570000648498535	52.582064151763916
40.61911392211914	45.152151584625244
59.92257595062256	63.62316131591797
50.91669845581055	49.791542053222656
35.273712158203125	40.27411651611328
56.81320571899414	53.39466857910156
71.55780792236328	75.66681861877441
65.06106376647949	69.43666934967041
61.389129638671875	66.8220443725586
67.29691982269287	66.76252222061157
37.92256021499634	35.285483837127686
60.43755531311035	59.831228256225586
51.893009185791016	54.78716278076172
40.323272705078125	38.96118879318237
40.80014944076538	46.015328884124756
43.32556438446045	46.627212047576904
74.27227020263672	73.27398490905762
42.52602672576904	43.00339412689209
46.65330505371094	46.428592681884766
100.28335952758789	101.78845977783203
41.78265380859375	41.49210739135742
43.423606872558594	47.80255126953125
52.56399917602539	53.218994140625
103.47416114807129	108.18932914733887
40.67870807647705	43.39752531051636
45.382890701293945	51.50524091720581
55.93001174926758	55.705392837524414
41.95759916305542	40.474674701690674
42.20479202270508	43.78929805755615
58.72849893569946	64.18744468688965
46.21979522705078	46.92456817626953
47.25267791748047	45.85964584350586
45.604708671569824	47.83724308013916
37.75797653198242	39.39038848876953
45.455474853515625	46.18354797363281
69.13201379776001	70.14442300796509
56.77399444580078	59.824302673339844
48.40305805206299	51.28641128540039
63.84204626083374	65.75555992126465
72.51375389099121	70.24813270568848
47.248634338378906	51.26836395263672
41.43929958343506	42.29910230636597
43.257014751434326	45.59481191635132
42.65324926376343	38.740986824035645
61.68546438217163	61.32307291030884
61.90229845046997	64.27682590484619
60.834861755371094	58.18505859375
36.116360664367676	40.914981842041016
70.70086479187012	70.57337284088135
42.175204277038574	47.07012605667114
46.790672302246094	45.969512939453125
60.35473823547363	60.190935134887695
55.16443634033203	58.280303955078125
54.95404672622681	53.26262855529785
53.36477565765381	51.76932907104492
47.315815925598145	48.55300045013428
52.0303955078125	54.455623626708984
41.59213352203369	44.01027965545654
50.06911087036133	47.94606018066406
51.05015563964844	52.89242172241211
57.69817543029785	61.51887130737305
42.1384711265564	42.27197217941284
37.77556610107422	36.213645935058594
59.15353202819824	59.41892051696777
39.572364807128906	47.074424743652344
40.28440999984741	44.42382049560547
52.488800048828125	47.0251579284668
56.45638561248779	55.98394823074341
53.6204137802124	51.47091722488403
55.67461538314819	53.32456827163696
47.3951301574707	53.81538772583008
65.58318185806274	66.92814445495605
46.493263244628906	47.520904541015625
44.342597007751465	44.11824703216553
47.680824279785156	44.89073944091797
37.7374792098999	39.20588207244873
49.6244535446167	48.0585298538208
49.17531442642212	52.31858730316162
45.90236568450928	46.07902193069458
43.554872035980225	48.09856081008911
74.71218681335449	74.2961654663086
48.12368822097778	48.860257148742676
45.93994617462158	49.48685646057129
46.32908773422241	44.56902074813843
46.317420959472656	45.06627655029297
37.087958335876465	37.80387592315674
42.89615535736084	46.478522300720215
42.609416484832764	43.48820495605469
44.94864273071289	46.98764419555664
52.724449157714844	50.75574493408203
82.58070850372314	82.07537651062012
79.29360914230347	82.14619493484497
51.91771745681763	54.96558666229248
65.38994026184082	70.43765115737915
55.93319892883301	54.04911231994629
42.98612070083618	45.90196180343628
43.200191020965576	42.79979467391968
61.131264209747314	60.07325506210327
45.892635345458984	49.24168014526367
51.29632568359375	48.563568115234375
65.08079528808594	65.01725769042969
43.22877645492554	47.52718257904053
47.989715576171875	44.172996520996094
43.466758728027344	46.003963470458984
36.0234375	39.32586669921875
39.64776659011841	43.88628816604614
67.12777137756348	76.63057804107666
50.12537384033203	54.24898147583008
63.85427951812744	60.62190055847168
50.35474395751953	47.70786428451538
43.90559005737305	44.31816864013672
49.39268493652344	47.31056213378906
60.349849700927734	65.72278594970703
53.691795349121094	55.15480041503906
50.32910919189453	51.707982540130615
72.75323295593262	73.88507080078125
72.99433374404907	77.82872200012207
65.36054992675781	65.9811315536499
71.9842586517334	71.70212411880493
44.34297180175781	50.12150001525879
59.207884311676025	61.170814990997314
53.90715026855469	54.5517578125
42.33358669281006	46.53776550292969
56.2263298034668	61.79910659790039
43.66701889038086	47.22890853881836
52.21926212310791	53.56722831726074
52.42195415496826	55.506460666656494
45.56476974487305	43.606529235839844
59.9349365234375	54.23344039916992
55.166534423828125	54.54434585571289
36.06252431869507	42.03839874267578
45.1635856628418	45.61930847167969
46.20785665512085	46.02540922164917
55.91801643371582	57.83439636230469
54.747950077056885	55.933778285980225
53.71580505371094	50.15858459472656
64.33130741119385	70.41481018066406
44.67538547515869	48.67117881774902
34.92747974395752	36.38430118560791
58.81731176376343	59.706650733947754
46.831703186035156	45.31913375854492
44.50999402999878	42.22897720336914
53.647085666656494	52.95191955566406
51.26866912841797	48.873558044433594
60.80409049987793	58.949941635131836
41.461716651916504	44.93656587600708
58.654919147491455	61.16930961608887
49.094093322753906	47.724456787109375
50.12773132324219	46.955708026885986
73.32357549667358	73.9935827255249
53.60462665557861	51.13699913024902
71.55060768127441	71.54507637023926
33.52704572677612	31.09372568130493
58.80816650390625	55.49687957763672
61.588807106018066	63.133177757263184
50.831727504730225	55.03487777709961
56.66191101074219	61.05097579956055
42.64839267730713	44.88362741470337
58.702457427978516	57.67614555358887
55.06255340576172	60.22523498535156
76.63845825195312	76.01935577392578
67.5986099243164	71.63439750671387
56.54330492019653	59.2326078414917
80.46395683288574	80.35981845855713
39.73340606689453	41.85343790054321
49.07865905761719	54.67961883544922
72.33410835266113	75.64844608306885
44.285643100738525	44.379340171813965
50.14345932006836	46.41175079345703
52.67011260986328	55.89847183227539
56.08503723144531	56.537986755371094
50.769474029541016	47.406288146972656
41.43095827102661	42.659454345703125
50.97821807861328	49.48820114135742
47.68229961395264	47.71947002410889
42.94737148284912	43.63942337036133
67.03401947021484	70.26303291320801
41.98320770263672	41.56844711303711
48.83658838272095	49.681320667266846
43.35241413116455	48.08247232437134
63.718746185302734	62.11688232421875
72.71280670166016	66.4731616973877
58.87919235229492	67.78097534179688
52.33915853500366	52.00536251068115
58.83571815490723	60.66843795776367
39.0569953918457	37.960264682769775
54.50843048095703	58.84041881561279
52.83828353881836	54.66456604003906
57.34943675994873	55.62040853500366
61.115129470825195	61.20537185668945
43.028725147247314	48.61334228515625
51.94876480102539	50.38710021972656
49.735595703125	52.66315460205078
63.03903150558472	62.723676681518555
54.20448303222656	59.5875883102417
50.42775630950928	53.24326992034912
45.70225429534912	45.34683895111084
41.259490966796875	44.954139709472656
39.63861083984375	39.685978412628174
48.99430274963379	50.943477630615234
45.69345474243164	46.223267555236816
71.56648302078247	75.64732885360718
51.08445358276367	51.95181655883789
51.751980781555176	51.424851417541504
55.716553688049316	64.54967308044434
73.84397029876709	70.07657527923584
58.86884880065918	64.08594703674316
64.97374534606934	64.90414619445801
48.58519411087036	50.93575191497803
47.14083766937256	49.16651916503906
59.72674369812012	60.552924156188965
59.82234001159668	61.212873458862305
56.80370235443115	55.70009994506836
59.251022815704346	67.24452924728394
38.92343091964722	40.89224100112915
68.86832237243652	70.27199745178223
46.88606309890747	50.93032121658325
47.21618413925171	45.510066986083984
55.65215492248535	56.65237855911255
61.41749668121338	63.16511678695679
70.86127948760986	73.88948965072632
44.13581085205078	43.99159622192383
61.368041038513184	64.79515743255615
42.51560926437378	41.302250385284424
56.528944969177246	53.64018440246582
72.66811323165894	73.16989088058472
57.313865661621094	59.7475471496582
46.41042995452881	49.29287910461426
51.62387180328369	54.14956855773926
52.85725116729736	50.28464221954346
47.76382827758789	44.10487365722656
39.855557441711426	40.129448890686035
57.95552730560303	59.41032886505127
85.44511413574219	86.36363983154297
62.33905792236328	63.656394958496094
51.810874938964844	53.67436981201172
81.07853889465332	83.94838619232178
60.73601722717285	56.44718647003174
45.580328941345215	41.95529270172119
44.05128192901611	43.18675947189331
71.08867073059082	72.09802198410034
47.01822566986084	51.48673915863037
40.94596767425537	41.359402656555176
57.30636978149414	63.621944427490234
64.32318210601807	63.427414894104004
43.20948028564453	46.1236891746521
44.53819561004639	43.05976724624634
55.67479705810547	54.41240310668945
55.24939012527466	59.64668083190918
47.7036919593811	51.425626277923584
58.78481864929199	57.38003730773926
37.864097595214844	39.77402448654175
45.88770294189453	51.68072509765625
47.389522552490234	48.294753551483154
48.733154296875	48.15843200683594
44.41245174407959	44.35559797286987
41.73106002807617	45.64514923095703
47.171974182128906	47.06077194213867
50.9487829208374	55.02865934371948
46.39454650878906	48.84959411621094
66.19815111160278	64.69673204421997
37.10526180267334	38.04015636444092
47.14128112792969	46.40139389038086
56.51341915130615	56.722445487976074
58.52300834655762	58.068695068359375
48.281311988830566	46.57457399368286
59.84475135803223	56.43763542175293
56.01512861251831	57.67077684402466
52.33951187133789	54.88927459716797
33.58776140213013	32.45125675201416
57.39856243133545	56.77683353424072
58.92587900161743	59.65489482879639
39.8291392326355	43.5236496925354
53.460025787353516	54.87549591064453
41.844740867614746	43.001609802246094
95.50018978118896	96.11743354797363
39.89407253265381	44.527785301208496
54.20294189453125	55.280025482177734
50.888607025146484	53.35970687866211
79.60513114929199	80.06902313232422
46.432411193847656	46.78269910812378
53.04136562347412	53.089821338653564
49.43427228927612	50.812681674957275
34.79270887374878	37.011117458343506
66.23863077163696	67.17022180557251
77.43759155273438	79.40127754211426
56.41805171966553	58.21485996246338
63.84623336791992	66.67888736724854
42.71531581878662	48.99801063537598
58.04924821853638	59.3274827003479
52.56063222885132	55.41740369796753
49.67978525161743	53.90516138076782
90.38626098632812	95.82540273666382
34.35006809234619	38.73992443084717
45.443100929260254	48.09019660949707
47.49120378494263	51.299004554748535
60.34633827209473	64.89883232116699
54.414459228515625	57.58628845214844
59.42612838745117	59.640777587890625
44.892552852630615	44.9446234703064
49.81383562088013	56.10571002960205
41.1835560798645	44.428770542144775
47.090256690979004	50.647247314453125
80.75604200363159	81.34885311126709
44.135032653808594	47.34689712524414
57.54751968383789	58.607447147369385
46.61120414733887	44.49134826660156
46.42164373397827	50.978060245513916
44.56422805786133	44.228126525878906
41.64050912857056	41.74115228652954
50.25612831115723	54.64742088317871
50.92327880859375	55.40403747558594
57.81452178955078	61.50014305114746
59.01902389526367	58.703460693359375
69.7527379989624	69.93145895004272
65.41064500808716	69.47008466720581
33.47164821624756	32.922749519348145
46.42182922363281	46.03169250488281
82.23849487304688	82.35769748687744
58.39830017089844	58.94683074951172
46.16608667373657	44.882622718811035
50.27122497558594	47.973602294921875
44.674522399902344	46.915740966796875
51.7127685546875	48.450408935546875
54.384544372558594	56.549224853515625
55.71430683135986	53.20155143737793
42.50948238372803	45.158698081970215
71.70678520202637	71.81493186950684
57.451136112213135	57.893773555755615
81.72703456878662	84.52443027496338
48.40472221374512	48.437771797180176
55.680572509765625	54.165618896484375
43.1671257019043	46.642372131347656
37.42154312133789	40.606101989746094
61.32168769836426	61.216063499450684
36.845664978027344	39.88911819458008
48.32178497314453	49.615922927856445
49.320000648498535	50.09052228927612
45.530484676361084	42.06336259841919
47.340253829956055	47.16418266296387
48.7727952003479	48.922179222106934
63.11271667480469	66.90454864501953
39.488770961761475	44.685144901275635
57.68911361694336	59.982200622558594
40.88041591644287	43.89949035644531
83.96109008789062	87.06016731262207
48.844791412353516	52.29901123046875
43.02920579910278	40.761393547058105
56.2412109375	53.38789367675781
46.35643148422241	45.677998065948486
53.91210174560547	55.65419387817383
41.85476303100586	46.12801504135132
53.40590190887451	49.74916934967041
36.03507709503174	37.56575298309326
48.90482711791992	56.41482162475586
43.85719871520996	48.88045692443848
59.32298278808594	58.64350509643555
70.7261061668396	74.59870672225952
71.12932634353638	69.45848608016968
50.746883392333984	50.344566345214844
45.043888092041016	49.86356449127197
84.07368278503418	80.04006385803223
51.0733528137207	49.39311981201172
54.70385456085205	52.60219144821167
75.00418663024902	77.69939517974854
87.09990692138672	90.5412826538086
42.72531080245972	45.53733015060425
40.00635623931885	42.15242004394531
53.374345779418945	55.05779457092285
42.70006275177002	45.99696731567383
56.95197677612305	53.0398063659668
46.093201637268066	46.256985664367676
41.77731800079346	44.7587513923645
49.33782196044922	49.47993850708008
57.514118671417236	58.16648769378662
44.68443202972412	47.21011447906494
47.983237743377686	50.25684452056885
49.14519500732422	48.40343475341797
58.736515045166016	63.336456298828125
63.22442579269409	64.12343788146973
60.68640375137329	62.748855113983154
54.12272262573242	58.928260803222656
60.049405097961426	62.90637016296387
50.33779525756836	51.0801887512207
38.15597677230835	40.21612071990967
56.9191575050354	62.812700271606445
54.55349826812744	54.51303005218506
41.731003761291504	42.1162748336792
68.95350456237793	74.27764892578125
56.596856117248535	60.55375099182129
66.2603988647461	63.56811761856079
44.135284423828125	48.331825256347656
40.68695068359375	43.37672424316406
50.18919372558594	53.85653305053711
86.27295112609863	85.08851623535156
45.81284713745117	47.33915710449219
46.86086893081665	48.1021089553833
45.16282081604004	44.09796714782715
55.746686935424805	51.46966505050659
60.55762767791748	64.87174987792969
36.649940967559814	40.88619947433472
46.15864658355713	44.648622035980225
39.81853485107422	42.026001930236816
75.1816463470459	73.06086540222168
58.4803147315979	53.83543682098389
56.6166558265686	56.46407461166382
35.4070086479187	34.84724283218384
50.582275390625	51.01813888549805
46.19400501251221	46.515503883361816
45.25497055053711	48.8223991394043
43.56519269943237	47.2309775352478
52.67496728897095	56.25240898132324
103.13456773757935	106.13571357727051
47.27064228057861	49.269158363342285
51.600096702575684	52.40805530548096
105.42163228988647	107.58593940734863
52.59721374511719	54.17950439453125
55.04045104980469	55.74034118652344
44.70138692855835	48.65267562866211
65.3367748260498	66.34033298492432
47.616573333740234	45.763145446777344
49.897470474243164	52.42868614196777
86.2558422088623	93.36884307861328
62.13532257080078	59.79948043823242
49.00318145751953	49.46640396118164
53.36605453491211	53.67123794555664
74.38831901550293	76.7354679107666
57.89726257324219	61.37982940673828
63.43090009689331	66.90582418441772
80.91746282577515	84.63691902160645
65.38441467285156	60.525779724121094
56.77392578125	58.54267120361328
38.98586368560791	38.88895511627197
61.26874351501465	62.994657039642334
46.41957950592041	44.36702013015747
58.15657138824463	58.42021942138672
43.962928771972656	41.84813404083252
54.50160217285156	54.11176681518555
45.323455810546875	44.416725158691406
59.48409605026245	60.076744079589844
54.257333278656006	59.56001329421997
69.51708030700684	71.76375007629395
45.11082458496094	47.29932403564453
46.760719299316406	45.807315826416016
50.96085977554321	54.08602809906006
46.28801345825195	47.36940002441406
48.275811195373535	50.26250886917114
67.65342664718628	64.39112663269043
96.07515573501587	96.07695960998535
44.783387660980225	41.248539209365845
54.04369354248047	54.95945739746094
44.815948486328125	43.674346923828125
49.9904670715332	45.37725830078125
56.282259464263916	55.57873010635376
39.20878601074219	40.874510765075684
71.60678672790527	70.36274528503418
48.83768320083618	48.6181321144104
47.872581005096436	46.25854206085205
58.42082977294922	60.444705963134766
85.27212047576904	85.5005555152893
38.47763729095459	43.357375144958496
35.98028564453125	39.107872009277344
40.858288288116455	46.245901584625244
55.997910499572754	52.94389247894287
62.729949951171875	63.88801956176758
43.47541809082031	46.9392786026001
55.09001541137695	54.36990165710449
48.81674575805664	47.76041793823242
50.9775505065918	52.006534576416016
51.77027368545532	57.21092891693115
80.12832641601562	82.45671653747559
77.4806604385376	85.13917398452759
47.22480392456055	50.176490783691406
55.23576736450195	54.02058792114258
47.04840850830078	46.96586608886719
55.6785249710083	53.28359603881836
45.544066429138184	48.88305473327637
44.635345458984375	47.469300270080566
56.636322021484375	61.35103225708008
62.57557773590088	65.1468915939331
38.85727787017822	38.97499752044678
50.71400451660156	51.26192760467529
49.36428737640381	49.69956874847412
59.856412410736084	60.31153392791748
57.56046438217163	63.32012319564819
58.454904556274414	61.502748012542725
66.1251220703125	65.77169895172119
55.18081188201904	53.75716209411621
76.38029432296753	76.9646315574646
42.52275466918945	47.86299133300781
46.654738426208496	53.33160638809204
39.300262451171875	35.98716735839844
