41.04141616821289	44.5101203918457
32.682921409606934	44.320366859436035
48.05182600021362	55.42980623245239
29.35491943359375	35.095919609069824
43.30829620361328	48.06169509887695
36.43974590301514	38.50538635253906
33.64247131347656	37.971802711486816
21.51644229888916	20.243117809295654
46.45163059234619	50.426194190979004
36.55833339691162	42.45268392562866
50.63319253921509	53.624210357666016
39.562721252441406	31.562451362609863
31.488487720489502	37.97255992889404
28.02631378173828	33.710909843444824
31.209328651428223	34.530235290527344
30.367427349090576	32.69545793533325
41.61584234237671	45.48100757598877
29.548270225524902	36.598777770996094
35.42405843734741	29.020467281341553
36.345454692840576	42.580323696136475
38.542118072509766	49.16776657104492
42.221540451049805	37.92668867111206
53.86255073547363	58.70193386077881
37.19710636138916	41.23135423660278
32.28471279144287	38.78742599487305
31.38633441925049	39.07891845703125
33.32486343383789	36.95972156524658
26.59062623977661	35.21110534667969
42.027710914611816	31.9181170463562
42.03746747970581	43.552818298339844
45.919822692871094	49.034698486328125
30.1698637008667	38.45081806182861
29.521084785461426	34.65515899658203
27.997567176818848	31.82398509979248
32.9756178855896	39.47496557235718
52.25192928314209	49.008419036865234
29.048008918762207	36.685707092285156
50.37078094482422	56.58362579345703
28.29008674621582	33.64832782745361
28.17629337310791	33.56106519699097
38.870492458343506	43.28404474258423
46.5477409362793	52.283145904541016
29.80529022216797	38.24260711669922
40.98535919189453	42.12562561035156
43.47887849807739	53.14981269836426
32.00084209442139	38.858073234558105
36.14072370529175	41.20381021499634
45.999290466308594	50.73794174194336
41.42891216278076	42.2372350692749
42.47107553482056	50.40018081665039
30.842411518096924	32.32039213180542
31.925774097442627	25.051546096801758
34.70714569091797	41.92654037475586
31.001358032226562	38.36107635498047
27.655885219573975	22.864737510681152
56.32041311264038	58.265708923339844
55.56421709060669	58.71516036987305
30.431878089904785	30.43039608001709
36.38480472564697	30.610021591186523
50.27744150161743	53.983627796173096
46.334468841552734	38.459341526031494
42.518836975097656	46.84523105621338
26.224379539489746	30.121418952941895
31.319509506225586	34.08830165863037
26.807421684265137	21.016669750213623
47.77930498123169	49.90610361099243
26.92837142944336	39.61113357543945
31.410388946533203	37.00497817993164
35.82848024368286	40.050105571746826
27.104185104370117	26.311291694641113
48.57817459106445	54.85807800292969
43.75907230377197	37.20630216598511
27.523250579833984	34.385318756103516
46.389610290527344	48.71527099609375
28.18612575531006	23.424007892608643
30.073976516723633	27.852445602416992
53.537139892578125	52.27463912963867
35.71617126464844	44.25416707992554
40.515610218048096	42.45333814620972
33.533973693847656	39.52451276779175
25.609130859375	32.885704040527344
34.85940599441528	39.72770833969116
44.99678087234497	42.239187717437744
34.27192258834839	37.66824197769165
33.483933448791504	37.205986976623535
31.632542610168457	35.2641019821167
31.785072326660156	42.83462905883789
43.85684251785278	45.20765018463135
29.197952270507812	39.04486083984375
45.37784433364868	43.37156009674072
39.88567590713501	48.06053924560547
32.31434726715088	35.61006259918213
48.2451171875	54.598175048828125
47.73547983169556	42.48109245300293
46.4347038269043	51.450326442718506
46.5830078125	44.79104995727539
42.3572883605957	50.7109375
56.54129648208618	63.517348766326904
46.61870241165161	51.885276794433594
34.60353755950928	36.317627906799316
32.26603603363037	37.55481815338135
48.144195556640625	52.49119186401367
27.888218879699707	31.487560272216797
32.89380741119385	36.400394439697266
32.33289957046509	37.87473201751709
48.464385986328125	50.54477310180664
28.305782318115234	26.31129026412964
53.194976806640625	58.693687438964844
45.40308380126953	45.189910888671875
39.562355041503906	40.872276306152344
46.662353515625	49.33856964111328
26.89347743988037	20.593175888061523
30.85410976409912	43.30478620529175
32.78511142730713	44.98173379898071
26.048649787902832	33.598076820373535
25.367889404296875	21.355280876159668
32.163856506347656	41.26801300048828
51.93267059326172	53.37946939468384
37.263272762298584	41.61326885223389
36.43629455566406	34.47392177581787
54.03743076324463	62.209482192993164
48.77612113952637	41.35829448699951
30.727649688720703	39.41543483734131
38.836392879486084	38.947747230529785
51.433924198150635	59.29302406311035
46.16692352294922	51.99302673339844
38.34153747558594	40.657386779785156
34.496002197265625	27.291046142578125
32.35759735107422	34.9408483505249
47.21504211425781	47.83235168457031
28.336939811706543	33.24203014373779
39.62433624267578	46.783443450927734
53.310322761535645	50.88001728057861
28.93038511276245	21.999688148498535
42.73895883560181	48.76891326904297
39.903770446777344	40.56822490692139
43.16661548614502	38.14305782318115
29.861774444580078	34.49981689453125
47.78451490402222	54.14427709579468
38.97544479370117	38.96305847167969
35.002867698669434	38.66173267364502
30.491332054138184	34.52233028411865
32.89634037017822	37.93163251876831
27.73122549057007	31.476494789123535
32.31641721725464	39.83586835861206
31.820117473602295	37.436033725738525
32.63237714767456	44.78993511199951
32.51168727874756	41.60310459136963
34.41423559188843	43.122966289520264
40.09611797332764	32.28303861618042
30.308289527893066	36.12413692474365
40.46342468261719	45.6286506652832
30.46144151687622	37.96367597579956
37.22183322906494	45.06398868560791
46.43302917480469	57.76163721084595
38.05389165878296	39.385130405426025
35.590779304504395	36.50596904754639
36.074363708496094	41.3818359375
41.19732666015625	44.358951568603516
38.4201021194458	36.097686767578125
44.37183666229248	52.1846923828125
34.41628932952881	30.713038444519043
36.62661266326904	36.98497009277344
39.50640153884888	43.372100830078125
34.35266876220703	29.171985626220703
56.953399658203125	52.022377014160156
40.89531850814819	48.818180084228516
38.56580352783203	33.017852783203125
51.636643409729004	47.09002876281738
39.64341735839844	41.95642852783203
62.86386489868164	62.86456346511841
25.03871440887451	29.23604965209961
36.29478931427002	38.24147272109985
30.01694917678833	35.99520778656006
35.798943519592285	32.715561866760254
33.85774087905884	39.17757797241211
28.320536613464355	34.87539768218994
34.32975482940674	32.557339668273926
35.92854595184326	38.72024631500244
31.145689487457275	22.65066146850586
29.348994255065918	26.965078353881836
39.69195556640625	49.17776107788086
40.8907790184021	47.03589963912964
31.55518627166748	24.05280590057373
38.17914962768555	29.46865463256836
30.644079208374023	40.982688903808594
23.86979627609253	16.077980518341064
29.989047527313232	34.838067054748535
44.70270538330078	48.600830078125
36.671170234680176	35.64480686187744
32.31726884841919	33.60511064529419
48.490509033203125	51.23262023925781
49.62133026123047	48.73213720321655
63.070030212402344	55.080501079559326
47.0656623840332	52.64753723144531
43.665592193603516	49.877084255218506
30.749004364013672	34.982826232910156
34.84675216674805	43.86214542388916
34.78399038314819	45.1297721862793
50.83342361450195	55.34616470336914
28.101024627685547	30.045154094696045
30.705697059631348	43.89302062988281
37.02073049545288	42.475194454193115
35.5693359375	39.441673278808594
31.56394338607788	34.664942264556885
36.72032833099365	44.56320285797119
33.106300830841064	31.81941270828247
36.38029193878174	39.56322526931763
38.049957275390625	39.05554676055908
26.045353412628174	36.706077575683594
43.155677795410156	48.64031219482422
45.357547760009766	52.616004943847656
37.48404550552368	46.41038131713867
39.83721160888672	50.60695838928223
30.621577262878418	38.030882835388184
41.90777826309204	43.52572584152222
30.68466854095459	32.00470447540283
35.6078143119812	39.70778131484985
40.20563983917236	39.96485996246338
27.80314350128174	29.277514457702637
26.632890701293945	31.772522926330566
35.21678066253662	39.102139949798584
49.527854919433594	55.56890106201172
47.08683776855469	49.229984283447266
25.21449565887451	31.424460411071777
24.25865650177002	28.154934883117676
40.219218254089355	44.33039093017578
30.30320405960083	35.40793180465698
33.23242950439453	34.009263038635254
29.145890712738037	22.34080672264099
54.16041326522827	57.646658420562744
36.601234912872314	39.667980670928955
34.0604248046875	40.92093515396118
41.278037548065186	40.590508460998535
33.11615467071533	35.7938117980957
20.08335590362549	29.004039764404297
29.629998207092285	34.143917083740234
28.0237078666687	31.693034172058105
27.300543785095215	39.12055492401123
41.70648956298828	48.015079498291016
22.362427711486816	32.40624189376831
45.57970428466797	52.525428771972656
32.886245250701904	23.900470733642578
34.081583976745605	39.33302593231201
28.272093772888184	25.04857349395752
49.755595207214355	55.47974252700806
43.99242401123047	34.21934127807617
45.36980438232422	51.95294952392578
52.6376953125	59.41528558731079
47.01607608795166	41.56111812591553
29.95535182952881	36.567702770233154
46.15496349334717	39.84014654159546
40.99432373046875	46.4581298828125
25.694496154785156	30.278057098388672
54.09467124938965	60.61591958999634
26.60917854309082	31.265361785888672
29.548068046569824	33.1931734085083
30.430975914001465	37.35124111175537
41.3812141418457	42.875823974609375
33.43726444244385	38.793986320495605
32.046624183654785	25.670720100402832
30.04354476928711	35.319153785705566
30.3903865814209	35.152716636657715
40.61960983276367	43.950313568115234
35.8435640335083	38.54938507080078
33.741517066955566	37.69577741622925
37.993560791015625	37.84995174407959
30.70444965362549	28.583227157592773
46.64063262939453	44.02268314361572
28.742634773254395	37.24170684814453
35.31260061264038	41.55091094970703
51.121429443359375	50.90349197387695
37.826863288879395	31.599926948547363
31.482315063476562	35.582947731018066
33.744126319885254	39.1422643661499
31.108202934265137	33.626564025878906
44.54789876937866	33.84866189956665
30.542969703674316	24.524540901184082
46.530866622924805	55.21003246307373
35.87688446044922	35.3939323425293
34.04182052612305	47.63610029220581
27.64000654220581	21.530203819274902
41.24093770980835	47.46383857727051
22.954094409942627	36.20596408843994
44.411834716796875	49.88902282714844
28.766117095947266	36.43759250640869
26.6229510307312	38.9959716796875
31.47038698196411	32.00707674026489
50.92388153076172	53.026519775390625
27.910284996032715	32.107815742492676
45.24724817276001	38.99036693572998
37.79294204711914	45.710243225097656
32.618897438049316	31.75803279876709
55.29826736450195	61.07062911987305
33.369526863098145	37.85888671875
33.76520538330078	38.6628942489624
34.104034423828125	40.68928527832031
27.288193702697754	34.77653503417969
52.94622802734375	62.70357942581177
43.99944305419922	48.0113525390625
34.76810884475708	38.649476051330566
33.27645254135132	39.131202697753906
54.395546436309814	59.695419788360596
43.019569396972656	39.98940992355347
27.309494018554688	32.64508008956909
24.609708786010742	22.612171173095703
47.92108201980591	54.63792848587036
30.50449275970459	41.98865461349487
28.18260908126831	33.06051254272461
33.12898921966553	27.60307216644287
41.87500715255737	47.53401517868042
33.69832992553711	28.041146278381348
25.149357318878174	37.6537823677063
30.796534538269043	34.112571716308594
31.843706130981445	26.20512080192566
30.943184852600098	27.083618879318237
22.163796424865723	30.30301332473755
41.84894847869873	46.4828987121582
48.41997528076172	51.4791784286499
43.292381286621094	40.217613220214844
37.97509813308716	42.89956331253052
49.327510833740234	50.52351379394531
31.923059463500977	35.96840286254883
54.90222930908203	60.068907737731934
45.03269958496094	50.93604278564453
49.05620574951172	45.453593730926514
27.29637622833252	29.47141170501709
33.78015899658203	40.46846008300781
31.367976665496826	32.07692623138428
51.55548858642578	57.65861511230469
54.472060203552246	62.30093050003052
34.026000022888184	37.793938636779785
32.75040912628174	39.89333438873291
32.631287574768066	41.81195831298828
55.753883361816406	60.32102823257446
34.769874572753906	37.90406799316406
32.514769554138184	31.262150764465332
33.60220241546631	35.436461448669434
26.733275413513184	31.425868034362793
32.59798336029053	27.471957206726074
36.850467681884766	28.067519187927246
30.898032188415527	42.3613600730896
29.32364845275879	42.90173292160034
41.49092102050781	37.17871856689453
34.085025787353516	38.26333570480347
38.45574188232422	28.48234462738037
40.87950134277344	46.38288879394531
34.128878593444824	36.28422832489014
36.317885398864746	36.34567165374756
38.64543914794922	44.87249755859375
41.93717956542969	53.16370439529419
28.65666103363037	25.31967258453369
27.013269424438477	35.462599754333496
29.141507148742676	37.058518409729004
34.57290744781494	49.520198822021484
28.132336139678955	29.89201068878174
33.71235179901123	25.7063570022583
31.611267566680908	40.50350046157837
46.838008880615234	49.31264877319336
42.215641021728516	46.49964141845703
47.333919525146484	52.306331634521484
48.95131301879883	51.231590270996094
41.361228942871094	49.39889574050903
33.41181945800781	37.171855449676514
43.89623260498047	47.38048553466797
28.250374794006348	34.53032732009888
37.089667320251465	42.240816593170166
34.741759300231934	39.348724365234375
54.51462173461914	57.75308847427368
59.85258913040161	46.74717903137207
45.659339904785156	51.87066650390625
41.59376907348633	39.88525867462158
25.931217670440674	31.205074787139893
31.942153930664062	42.54978942871094
33.19402027130127	26.531378746032715
46.83144664764404	55.661635398864746
33.73143768310547	37.02052402496338
43.49140930175781	50.017967224121094
25.782597064971924	20.443403720855713
37.148433685302734	31.21945571899414
38.280829429626465	44.45433187484741
33.69534730911255	34.76145267486572
37.51232051849365	29.89144515991211
53.21578598022461	43.866241455078125
44.148240089416504	43.169846534729004
34.04623031616211	36.14256191253662
29.131224155426025	38.8672456741333
43.35579538345337	46.329795360565186
34.432079792022705	37.345160484313965
49.82197570800781	54.68056869506836
34.37297344207764	39.30398654937744
57.989869594573975	52.45770835876465
42.588868618011475	50.69587326049805
29.79372501373291	31.641018390655518
20.14721393585205	21.405460834503174
36.548269748687744	45.414607524871826
30.393966674804688	30.533692836761475
21.139480590820312	38.35916233062744
36.99478530883789	42.00342130661011
33.69143199920654	28.466666221618652
38.52919626235962	52.32316589355469
26.771342754364014	28.755459785461426
40.85573387145996	46.22015619277954
36.784974098205566	37.47126817703247
36.42001819610596	40.51193904876709
45.042749881744385	38.219112396240234
30.274085998535156	37.01818370819092
45.61309814453125	50.822914123535156
29.1559100151062	31.8770694732666
28.589261054992676	25.35322666168213
50.289276123046875	40.170387268066406
27.808260917663574	19.393898248672485
49.717580795288086	52.47045850753784
32.873414039611816	45.97959041595459
39.34422159194946	41.43589162826538
40.84835147857666	33.200562953948975
34.37819194793701	38.50721454620361
29.99520492553711	26.2783842086792
33.72355556488037	37.19831943511963
29.249659538269043	39.362990379333496
29.652245044708252	22.072360515594482
54.99271774291992	61.4945125579834
36.27751541137695	47.29945373535156
48.984445095062256	53.48554801940918
44.29977798461914	40.657493591308594
33.42220973968506	39.97678756713867
31.502692222595215	23.168277740478516
29.637234210968018	37.57185745239258
32.4467396736145	33.48131561279297
28.52183437347412	31.732738971710205
33.82715606689453	38.844489097595215
31.068692207336426	34.568392753601074
56.0711030960083	49.422218799591064
32.94560623168945	35.38308048248291
29.25794267654419	33.3414306640625
42.46345853805542	47.59151840209961
33.25150394439697	36.55971622467041
34.6724157333374	39.9323844909668
44.76521682739258	52.59186935424805
22.153992652893066	28.16530704498291
55.66357469558716	57.29031944274902
29.90708827972412	36.3158483505249
31.853516578674316	36.93658447265625
32.76612043380737	31.74486541748047
27.95126438140869	30.685298442840576
25.491291046142578	28.890875816345215
31.61349105834961	34.63516902923584
32.14803600311279	34.52066516876221
33.01797580718994	45.505884647369385
29.071898460388184	36.70870113372803
39.48306655883789	44.316577434539795
32.998695850372314	35.83835697174072
33.66955900192261	27.37697172164917
35.12877559661865	39.268798828125
39.58253002166748	33.00796985626221
39.01123809814453	40.2885160446167
41.36641073226929	45.63552713394165
37.28847599029541	39.303757667541504
28.04795551300049	37.732048988342285
35.091118812561035	29.395873546600342
28.97451877593994	33.361408710479736
35.8379430770874	26.79837203025818
33.84411334991455	38.789085388183594
36.72212600708008	48.028602600097656
47.49182891845703	49.366092681884766
44.288854122161865	35.91805171966553
32.87402057647705	36.874131202697754
44.55928039550781	48.283912658691406
42.59893798828125	44.89748764038086
27.097411155700684	37.836936950683594
33.43000888824463	28.922335624694824
30.305099487304688	36.963111877441406
29.108097553253174	36.63496398925781
24.36595916748047	32.987098693847656
31.329445838928223	35.79854679107666
49.41086196899414	55.43879318237305
55.359487533569336	48.75923156738281
57.45662498474121	61.765851974487305
49.5588755607605	58.86496067047119
36.628254890441895	36.46760034561157
37.969844341278076	46.45694446563721
52.46804666519165	60.274858474731445
28.42580795288086	28.540642261505127
28.27602481842041	25.789738655090332
42.32811641693115	49.60232734680176
43.87053680419922	48.322818756103516
34.09456539154053	41.06233501434326
24.533379077911377	36.69375514984131
27.665888786315918	35.40062713623047
31.118996620178223	36.47324466705322
42.0504035949707	48.37602138519287
35.652087688446045	44.19374179840088
37.0694899559021	30.17526340484619
46.24480438232422	47.62714385986328
25.583157539367676	32.84212827682495
32.66726303100586	37.747976779937744
61.1628737449646	55.95607566833496
44.44240951538086	54.74674415588379
28.54182481765747	21.98183536529541
45.2271294593811	50.691059589385986
34.77933597564697	28.750774383544922
41.902889251708984	48.366783142089844
42.93776845932007	47.0210394859314
39.97207689285278	46.223366260528564
22.5207781791687	30.040316581726074
37.17578601837158	37.0501971244812
30.57096242904663	37.22530460357666
36.155235290527344	38.387351989746094
41.52403783798218	50.57719898223877
31.488598823547363	37.51839351654053
36.76586151123047	29.278332710266113
42.96683120727539	47.36484146118164
50.99766540527344	42.76408290863037
29.487730979919434	36.032904624938965
41.610488414764404	39.50076723098755
37.85075378417969	32.136024475097656
32.99457550048828	38.25384521484375
45.54544162750244	36.81342315673828
49.98466873168945	60.16792631149292
42.5040602684021	39.75247859954834
24.439032554626465	26.75694751739502
31.47084379196167	43.30850124359131
50.4605598449707	52.4128303527832
40.01374959945679	46.708699226379395
36.555596351623535	42.3257417678833
35.259644508361816	34.28401851654053
39.40754747390747	44.712295055389404
35.377220153808594	39.81882858276367
48.967639446258545	43.252169609069824
37.27577590942383	28.013211250305176
36.23196315765381	29.07564926147461
26.04583740234375	31.53665065765381
40.77023220062256	42.70537328720093
44.14356994628906	49.68674612045288
32.34579086303711	33.8402795791626
27.718284606933594	26.256431579589844
26.738743782043457	34.24708604812622
37.78393888473511	38.9580979347229
49.77873086929321	52.98324966430664
31.74064350128174	42.04566192626953
35.47474765777588	38.48317050933838
47.72163009643555	55.739028453826904
28.263859748840332	36.92476558685303
26.775155067443848	35.55146789550781
33.3202862739563	31.876347064971924
23.74720811843872	30.51842212677002
37.36332702636719	43.101707458496094
48.801836013793945	57.132991790771484
28.284713745117188	26.435400009155273
46.09995889663696	48.508432388305664
28.01795196533203	38.42747497558594
29.761996269226074	32.506072998046875
25.912717580795288	40.64883089065552
29.837891578674316	26.313365936279297
39.28715515136719	45.12180233001709
54.49601984024048	59.01545190811157
33.299506187438965	36.35292148590088
36.807804107666016	46.66287088394165
32.16682434082031	39.24425411224365
46.76648712158203	48.670955657958984
41.40535020828247	33.41774082183838
29.302276611328125	36.022799491882324
50.68570327758789	52.550514221191406
42.32585144042969	49.653465270996094
25.420040130615234	19.764105319976807
31.924471855163574	22.56392002105713
42.93435049057007	49.62980651855469
32.525588035583496	28.228434562683105
56.47503089904785	63.53168249130249
28.81863784790039	31.511387825012207
32.03408432006836	24.962093353271484
45.89730262756348	49.21330451965332
31.73540210723877	40.95990610122681
32.86572217941284	33.75539016723633
39.43993806838989	33.16889667510986
34.755706787109375	29.34133243560791
37.177639961242676	31.88565969467163
37.295228004455566	33.699774742126465
38.407596588134766	39.653411865234375
32.80629634857178	40.779913902282715
29.82993793487549	38.02988576889038
29.377169609069824	32.941176891326904
43.928532123565674	50.28043985366821
37.62483310699463	42.359591007232666
41.34511852264404	46.766494274139404
45.95655059814453	48.86585998535156
37.474616050720215	44.0667462348938
28.999603271484375	33.66072463989258
58.83805704116821	64.27963256835938
34.63687992095947	34.36878204345703
65.57309150695801	64.58236694335938
26.480238437652588	35.891273021698
22.79574966430664	31.812023162841797
37.811814308166504	34.05527114868164
30.42447853088379	34.577914237976074
36.719401836395264	41.895808696746826
41.467681884765625	43.65811538696289
36.27170467376709	39.31337308883667
38.0186071395874	42.41731929779053
34.83848190307617	41.833577156066895
37.581077098846436	44.85867357254028
39.111451148986816	39.251747131347656
36.25090026855469	40.49645233154297
33.00407409667969	37.92634677886963
31.91677951812744	28.04245090484619
47.003485679626465	52.93767786026001
31.013036251068115	22.345107555389404
31.531757354736328	39.0339674949646
27.786246299743652	34.67621612548828
29.84615993499756	38.12673282623291
39.524986743927	45.76350402832031
46.980350494384766	52.80116653442383
32.130560874938965	35.925164222717285
32.514312744140625	41.30032444000244
27.906837463378906	20.383763313293457
60.33579397201538	64.9006175994873
27.47401237487793	25.231492519378662
33.42546844482422	27.245295524597168
47.19359636306763	57.802316665649414
39.75924777984619	47.06343698501587
49.7523307800293	43.80675506591797
33.531944274902344	32.74796390533447
31.152514457702637	34.74740695953369
26.448208808898926	26.456628799438477
45.58289337158203	49.511844635009766
42.246826171875	43.507110595703125
41.64121341705322	31.701011657714844
34.362032890319824	25.956164360046387
23.319368362426758	19.438079595565796
25.36005735397339	32.55907344818115
34.5568323135376	36.91212177276611
51.81044006347656	54.135093688964844
29.938740730285645	33.81513595581055
30.992594718933105	36.49298858642578
52.11182355880737	55.45615196228027
34.971734046936035	34.30692672729492
25.26797389984131	25.277240753173828
33.24141025543213	32.32600021362305
29.582359313964844	35.9381422996521
32.82131481170654	35.386651039123535
44.10774230957031	52.800537109375
37.69969081878662	36.80247402191162
49.618003845214844	40.35955810546875
34.17722749710083	40.81396150588989
37.457244873046875	43.518287658691406
42.561370849609375	48.02510070800781
33.72777557373047	42.27727270126343
27.610490798950195	35.58598709106445
28.81239414215088	33.215298652648926
50.84817695617676	42.07130432128906
41.07194519042969	50.233795166015625
28.650758266448975	29.699227809906006
46.54696273803711	43.432350158691406
41.9734206199646	42.82855701446533
33.524505615234375	38.59681797027588
44.71859693527222	52.24998426437378
36.294859409332275	40.61010503768921
59.74832582473755	69.12554740905762
32.41013431549072	35.2793083190918
50.45155429840088	53.539644718170166
30.284191131591797	26.998412132263184
51.33314514160156	57.06696701049805
37.56166076660156	42.773162841796875
38.67566680908203	48.532066345214844
31.89668369293213	38.012526512145996
34.345215797424316	37.87192440032959
52.441550731658936	50.76361846923828
33.94710159301758	38.87693405151367
25.159707069396973	32.65505313873291
29.40497636795044	34.36835765838623
35.13540697097778	41.77043867111206
60.148202419281006	63.510040283203125
63.29897451400757	66.86769914627075
27.19982624053955	27.467658519744873
31.34165668487549	41.13794755935669
36.054863929748535	40.539936542510986
29.607224464416504	40.40819787979126
41.27806091308594	42.06609296798706
45.81508255004883	38.23369598388672
26.851577758789062	35.802669525146484
31.252453327178955	33.69096040725708
44.674461364746094	38.35842514038086
38.211448669433594	42.64437389373779
45.16162109375	44.69385528564453
29.05620288848877	33.040306091308594
30.84042263031006	37.612778663635254
38.44357347488403	39.75571298599243
50.73972129821777	58.516977310180664
39.48883056640625	48.39550018310547
35.809935092926025	45.23718023300171
27.83390522003174	23.785111904144287
36.70702362060547	41.991416931152344
35.443053245544434	44.09403991699219
34.75970411300659	43.85652446746826
43.62409591674805	50.94169616699219
24.57828426361084	16.076602935791016
34.1138014793396	37.958348751068115
37.93589401245117	41.08468151092529
38.967973709106445	43.04408597946167
61.278717041015625	51.201584815979004
30.017828941345215	22.259647846221924
35.20708465576172	38.73939228057861
34.42484378814697	41.396241188049316
49.82963705062866	56.334744930267334
31.094887733459473	31.945701599121094
27.734875679016113	31.058883666992188
49.0581693649292	52.21861410140991
33.54825496673584	37.378844261169434
27.226670265197754	34.162376403808594
38.70474100112915	31.739678382873535
36.56733322143555	40.54003143310547
30.149359703063965	36.158477783203125
34.97797393798828	28.876550674438477
56.29318571090698	56.07958221435547
34.94295263290405	35.45726680755615
47.05786895751953	52.84461975097656
32.31148624420166	25.696309089660645
36.873538970947266	40.871872901916504
35.575469970703125	34.98039722442627
42.46728515625	45.52656936645508
52.67534637451172	61.18094730377197
29.50693130493164	34.1990327835083
32.439720153808594	37.56828689575195
31.3879337310791	36.89784622192383
42.19356918334961	44.56199645996094
36.17649555206299	41.51938486099243
23.388264179229736	33.990211486816406
28.917205810546875	36.441452980041504
20.631298542022705	34.54877185821533
35.7713041305542	41.85885715484619
26.608881950378418	33.138976097106934
28.874327659606934	36.524150371551514
35.927791595458984	44.631028175354004
35.36788845062256	42.865530490875244
30.395562171936035	36.37459421157837
31.05893039703369	39.00764513015747
33.84928894042969	38.62452220916748
31.833672523498535	28.977718353271484
31.859816551208496	34.711944580078125
26.68485164642334	28.514647483825684
26.822795867919922	30.390102863311768
37.1304931640625	44.421302795410156
32.98261642456055	32.76200580596924
29.652122497558594	36.4707612991333
25.009233951568604	37.03632831573486
29.91965389251709	36.21302032470703
32.650291442871094	37.882781982421875
52.74033737182617	46.961917877197266
49.757354736328125	53.569679260253906
41.76511764526367	40.78945541381836
34.06118392944336	36.322434425354004
33.45505142211914	28.3763370513916
43.33424091339111	44.8226523399353
32.23812770843506	40.390260219573975
28.691401481628418	36.9995641708374
30.36958408355713	39.1157341003418
27.090575695037842	23.022079467773438
40.8897705078125	42.52820587158203
29.72752094268799	34.050514698028564
28.872690200805664	36.266212463378906
39.740328788757324	42.231290340423584
29.552112579345703	40.177611351013184
27.109363079071045	20.214219093322754
30.36893129348755	21.71902894973755
35.30675268173218	42.006168365478516
58.262892723083496	66.52407646179199
27.50660753250122	39.787182331085205
43.30080795288086	52.34299850463867
31.702795028686523	38.535552978515625
35.916139125823975	40.071224212646484
31.293940544128418	37.286622047424316
34.98219585418701	41.836034297943115
25.128161907196045	31.250510215759277
32.52382278442383	35.029151916503906
33.304078102111816	37.26115322113037
35.5578088760376	42.24220418930054
34.98086071014404	35.19129180908203
29.77491855621338	37.001564025878906
38.94707489013672	34.927490234375
37.83372640609741	35.11260271072388
43.198068141937256	37.22699022293091
27.263331413269043	35.78792667388916
33.41210174560547	33.80464839935303
33.070212841033936	36.942283630371094
25.858442783355713	34.96868133544922
33.37675380706787	37.38870334625244
35.484596252441406	35.48943328857422
28.101613998413086	22.124443531036377
36.89766025543213	27.849480628967285
48.38146734237671	49.556081771850586
24.02895450592041	32.72517681121826
23.70338773727417	26.92829132080078
31.157575607299805	43.2504358291626
32.03916120529175	38.59584331512451
52.236552715301514	61.229604721069336
33.03053283691406	38.31547164916992
37.577210426330566	40.37102699279785
42.58549118041992	38.43663024902344
48.054595947265625	50.370880126953125
55.81979513168335	59.99141550064087
34.056777477264404	27.403180599212646
46.65497016906738	53.010807037353516
32.65726089477539	36.40410232543945
48.09022521972656	41.93675994873047
38.188013553619385	45.444634437561035
35.12611484527588	25.034314155578613
49.43299198150635	42.46392631530762
29.67689037322998	41.16703701019287
36.360228538513184	45.16201400756836
56.92330312728882	63.52260160446167
40.59285497665405	44.3404541015625
58.78744459152222	59.624191761016846
30.9974684715271	31.280632495880127
30.208308219909668	41.53659152984619
50.34210205078125	50.94294357299805
27.778701782226562	25.30477809906006
47.97024154663086	53.56803894042969
44.63448524475098	43.53123188018799
40.78039598464966	32.921234130859375
28.713509559631348	31.91194438934326
55.96723937988281	49.379920959472656
26.70654058456421	21.70283794403076
31.602519035339355	34.27427959442139
30.264338493347168	40.19444274902344
60.40944576263428	65.63985347747803
32.68973922729492	36.20201110839844
35.87657833099365	37.96035861968994
39.67340803146362	45.35006666183472
31.650936126708984	31.429816246032715
28.774958610534668	44.85635042190552
41.277403354644775	33.282684326171875
34.1072416305542	42.22778034210205
27.75925636291504	32.39401578903198
34.54195547103882	26.224762439727783
28.035762310028076	31.819119453430176
37.37819528579712	45.39155626296997
37.55199098587036	29.303250789642334
50.962432861328125	50.22093963623047
42.15984344482422	47.44542694091797
31.59411334991455	39.21760082244873
35.58901119232178	42.980552673339844
45.23497772216797	53.438331604003906
50.952735900878906	54.65265226364136
51.91946792602539	55.54890823364258
30.41500186920166	34.664671897888184
43.69556427001953	52.77177429199219
35.84940195083618	41.06230163574219
25.19085192680359	26.667243003845215
35.93990468978882	38.58094644546509
34.357093811035156	36.41450643539429
39.08761215209961	44.29274272918701
43.823604583740234	44.32511329650879
30.95292568206787	36.199607849121094
32.51484775543213	27.00277805328369
45.1014518737793	47.19413375854492
34.992828369140625	30.131220817565918
29.466310501098633	25.658334732055664
44.294029235839844	52.757347106933594
43.52150630950928	43.454891204833984
35.650689125061035	33.12881565093994
50.35895490646362	54.24783182144165
43.294135093688965	40.544986724853516
29.133066654205322	43.510879039764404
19.39589500427246	30.99012851715088
33.8981237411499	28.071364402770996
31.939412593841553	37.063907623291016
29.096381664276123	30.264334678649902
27.85327434539795	27.848155975341797
24.360814094543457	34.90634822845459
30.860435962677002	36.88956356048584
33.45460510253906	39.75602340698242
48.44275760650635	48.571335315704346
32.8624849319458	36.962050437927246
33.72847080230713	30.305282592773438
35.976197242736816	44.85180425643921
31.25094223022461	26.509620666503906
42.45734357833862	56.26749801635742
57.20922660827637	63.01531648635864
36.562469482421875	41.774539947509766
45.7008056640625	45.8225474357605
33.82215213775635	30.453131675720215
37.68157196044922	28.813817024230957
32.50666809082031	37.958473205566406
38.951820373535156	44.8710823059082
35.01559782028198	43.524817943573
26.936941146850586	33.68384599685669
33.11515808105469	33.980255126953125
31.68826675415039	37.00574970245361
37.908334255218506	44.280542850494385
43.55368375778198	38.419921875
31.767699718475342	37.93903827667236
31.42979335784912	31.19336700439453
41.40997314453125	42.963059425354004
49.030853271484375	47.52059030532837
41.91423797607422	46.485694885253906
25.69936752319336	33.1322979927063
46.30090284347534	48.76459074020386
30.814616203308105	37.966758728027344
33.63649082183838	26.43548321723938
31.483838081359863	41.865954875946045
35.704368591308594	38.976449489593506
32.18566417694092	27.265265464782715
29.709434986114502	26.940998792648315
30.258599281311035	28.05299663543701
41.24912738800049	49.23165321350098
32.27921390533447	34.61723327636719
27.49657917022705	30.94332790374756
37.65937805175781	50.603851318359375
27.00051498413086	30.069689750671387
39.99969482421875	44.83747959136963
30.51353359222412	34.105055809020996
32.4933557510376	32.244505882263184
35.198893547058105	37.53567409515381
25.523091316223145	35.627400398254395
42.26933193206787	26.94521713256836
30.284892082214355	34.91135311126709
38.68651628494263	41.836434841156006
21.395573616027832	25.3796648979187
38.4042534828186	41.222999572753906
31.887104988098145	40.555758476257324
47.81240129470825	47.627320289611816
29.427008628845215	20.498149394989014
32.00523090362549	36.682305335998535
35.41871643066406	47.55678176879883
33.118483543395996	29.775878190994263
39.93888187408447	38.02499771118164
53.98592472076416	62.10330104827881
33.02876329421997	33.02647352218628
35.80214595794678	41.78318929672241
27.887892723083496	33.23859453201294
37.18919229507446	33.46770524978638
44.831613063812256	50.33339881896973
35.76485061645508	41.06916427612305
26.811652183532715	25.934503078460693
42.347965240478516	44.66065835952759
32.646409034729004	33.12995624542236
51.30255889892578	42.32817840576172
34.89180660247803	43.5578293800354
30.00218629837036	36.29830837249756
42.7436408996582	49.852359771728516
50.65852975845337	57.51350927352905
35.389511585235596	34.58169078826904
28.136635303497314	31.430952072143555
43.07341003417969	49.2867317199707
49.6743221282959	55.41425371170044
32.997459411621094	37.294166564941406
38.69658279418945	22.204089164733887
27.433655261993408	36.45201015472412
30.450488090515137	33.40650272369385
38.99823236465454	44.056278705596924
25.516364574432373	33.894524574279785
30.50833225250244	22.89386558532715
29.364380836486816	37.280287742614746
43.22843599319458	44.19324445724487
24.62885570526123	34.189833641052246
36.990838050842285	43.42894649505615
24.225314140319824	31.381175994873047
28.125910758972168	34.608497619628906
30.356806755065918	29.92690944671631
39.142578125	43.087135314941406
30.68979501724243	21.109609603881836
22.760233879089355	27.46110200881958
40.03805923461914	27.28081464767456
25.29345989227295	31.294217109680176
27.701492309570312	34.57200288772583
50.14858388900757	59.259644508361816
25.536569595336914	24.159539222717285
44.466712474823	49.82806205749512
31.189364433288574	37.656357765197754
51.09326887130737	59.15528583526611
31.348520278930664	33.62954807281494
39.819374084472656	37.296741008758545
33.141921043395996	25.199984550476074
44.36338949203491	50.04888725280762
29.249442100524902	27.602989196777344
43.41040802001953	52.23399496078491
26.807010173797607	33.982017040252686
29.29947566986084	29.017118453979492
47.21137189865112	52.423959732055664
38.730995178222656	43.483264446258545
32.320472717285156	35.34367275238037
37.787450313568115	30.713603496551514
28.91637086868286	30.905985832214355
32.32046413421631	41.60517120361328
44.11872863769531	38.08925247192383
48.47838735580444	43.46000289916992
29.500925540924072	34.91774320602417
21.986420154571533	33.30210208892822
41.62430953979492	49.48068380355835
57.79641151428223	61.030885219573975
28.99977445602417	21.27523422241211
40.571754455566406	43.426414489746094
34.18995141983032	40.97940921783447
55.15160322189331	44.73176622390747
32.330031394958496	27.46731662750244
42.85027313232422	48.057430267333984
29.57376003265381	34.384925365448
26.855941772460938	27.366437435150146
27.80924892425537	30.774996757507324
30.05698871612549	25.76667308807373
