52.32244920730591	51.67240762710571
56.16922378540039	55.20008850097656
62.05677795410156	62.26122283935547
75.8192458152771	76.5667929649353
67.64663887023926	68.21507263183594
67.91513919830322	68.17867279052734
65.52365684509277	65.21260643005371
50.08234453201294	50.78334856033325
55.16815996170044	56.421202182769775
71.05158185958862	68.67668771743774
57.47059631347656	57.92982864379883
57.680442810058594	59.78349494934082
55.99916219711304	56.21093273162842
57.72278594970703	56.26552677154541
73.55166435241699	70.97153663635254
63.66584777832031	62.96567440032959
86.27145195007324	84.12320137023926
75.26768589019775	76.13491821289062
58.14333915710449	57.811097145080566
71.32264137268066	69.05975341796875
53.17648887634277	52.37059450149536
64.66368103027344	64.40681457519531
66.48622035980225	66.78420066833496
71.00008964538574	70.32331085205078
61.63626194000244	61.9599552154541
60.87481498718262	61.53381013870239
58.673943519592285	59.77379035949707
58.14003038406372	57.81478786468506
67.56368160247803	66.39022827148438
56.418893337249756	56.619797229766846
56.121910572052	57.48398780822754
64.61674690246582	65.1663589477539
61.01914882659912	59.73548412322998
58.16770935058594	59.282371520996094
62.63277769088745	63.25571537017822
49.918182373046875	49.360023498535156
59.56443405151367	60.175950050354004
62.74987030029297	64.49897766113281
61.5375280380249	61.86347007751465
66.59661102294922	67.79778480529785
72.73011207580566	74.43631172180176
76.82353019714355	78.81799983978271
70.47741508483887	69.12238883972168
48.22420883178711	49.30550003051758
65.7384581565857	64.15718650817871
66.05552101135254	65.25258779525757
60.42412233352661	57.63881778717041
58.57950496673584	58.47276163101196
52.86005401611328	53.97377014160156
80.31969261169434	79.87373971939087
50.164968967437744	52.22817134857178
65.18740653991699	66.95860862731934
61.6207275390625	62.48558044433594
52.28698110580444	51.9380145072937
49.40964126586914	50.47930145263672
79.43547105789185	77.74579524993896
57.657554626464844	57.55560922622681
65.6788101196289	66.18550300598145
83.19799566268921	82.0325837135315
65.55807638168335	66.41974782943726
79.29148864746094	79.26842308044434
63.793513774871826	64.15830755233765
62.861056327819824	64.14932250976562
59.58857774734497	58.60133600234985
58.295569896698	61.46610450744629
49.213857650756836	49.45244550704956
69.46238040924072	69.88320350646973
68.30433559417725	67.43936395645142
65.61662197113037	65.92092990875244
70.07931709289551	66.15583896636963
57.39252853393555	60.29352283477783
49.968048095703125	50.415992736816406
56.27802658081055	55.634422302246094
57.404120445251465	59.41552686691284
70.98821973800659	67.91303777694702
67.02829599380493	62.9063458442688
62.36901140213013	61.84880018234253
56.07555389404297	57.563252449035645
64.41201782226562	64.03968811035156
50.72614669799805	48.487266540527344
57.64165115356445	58.29008102416992
53.337223052978516	55.302978515625
70.94143772125244	72.52885293960571
64.77182579040527	64.79707145690918
62.07401657104492	61.52545928955078
59.610207080841064	61.00746202468872
59.345736503601074	59.151930809020996
81.07634925842285	80.12907600402832
52.33014106750488	53.09854316711426
76.04342079162598	75.95471906661987
53.39977264404297	49.55671787261963
54.39866256713867	57.568748474121094
72.35604763031006	72.76871681213379
54.597930908203125	54.03106641769409
74.80932712554932	74.94651794433594
59.692606925964355	62.36015319824219
54.376898765563965	54.607494831085205
54.624671936035156	55.93117904663086
58.454333782196045	58.976308822631836
65.70931434631348	65.47431945800781
51.82030391693115	54.57116889953613
84.52172756195068	82.0726490020752
81.33035087585449	81.82898139953613
55.69358825683594	55.00740051269531
63.17150020599365	65.11663866043091
76.32065629959106	75.044114112854
55.314971923828125	55.1728515625
56.551241874694824	57.73683547973633
80.22228813171387	76.2471170425415
65.29589796066284	63.475120067596436
50.08657693862915	50.41816997528076
57.516109466552734	55.14601135253906
61.61879539489746	62.12291765213013
57.2008056640625	57.114758014678955
53.8571891784668	54.07175064086914
74.84338283538818	72.39438056945801
62.94691562652588	65.21068572998047
62.85861587524414	62.788169860839844
63.747581481933594	64.02068901062012
50.43695068359375	48.612117767333984
72.58862209320068	72.02865409851074
67.7075343132019	65.54323625564575
55.11881160736084	56.43366050720215
70.49001932144165	70.40756464004517
79.12726783752441	78.14319849014282
61.89896821975708	60.99257469177246
50.67411804199219	50.93034744262695
67.59079170227051	68.39360904693604
53.02972412109375	52.974365234375
52.49298048019409	53.51902627944946
65.57143592834473	65.0522289276123
59.43113136291504	60.77703666687012
60.282087326049805	58.74316215515137
56.454243659973145	58.967318534851074
63.49765062332153	63.36861276626587
59.43184232711792	58.98516225814819
54.052146434783936	54.19998121261597
72.57039070129395	74.895339012146
69.81015014648438	70.94534254074097
53.31958770751953	53.01976776123047
53.05039978027344	52.4614143371582
57.14697790145874	56.49048042297363
59.40693664550781	61.49286651611328
66.64374446868896	64.76725006103516
60.80659484863281	62.1793212890625
48.90627956390381	48.63596963882446
59.34311389923096	62.06586837768555
59.65317678451538	59.49653387069702
60.2248477935791	58.22653293609619
62.303444385528564	61.418126583099365
60.13100624084473	59.69973707199097
64.48921203613281	68.06044912338257
67.33118534088135	67.3378849029541
64.5651912689209	66.66701316833496
66.27439785003662	63.376702308654785
64.36888790130615	64.05693626403809
60.82411289215088	61.52810573577881
55.424285888671875	55.33863830566406
71.34254550933838	76.44112873077393
43.86353302001953	47.354623317718506
75.12624883651733	75.28210496902466
64.17401790618896	63.84360313415527
64.82937431335449	61.59447383880615
81.75546455383301	83.46723747253418
66.4011001586914	67.60289192199707
61.06745767593384	61.98289346694946
57.399024963378906	58.00249481201172
59.52774953842163	61.335120677948
58.917036056518555	61.63168907165527
59.62771654129028	59.630857944488525
56.24449157714844	56.12982940673828
55.328880310058594	59.00149917602539
61.79102897644043	61.06773376464844
62.31455612182617	63.72128248214722
58.494476318359375	58.93498611450195
65.23014736175537	63.62596321105957
65.16239929199219	68.14108276367188
62.624878883361816	63.18458557128906
57.40849542617798	61.04307746887207
74.70838737487793	74.22027397155762
60.649593353271484	61.34832000732422
53.641425132751465	53.86677360534668
65.90402126312256	65.20402431488037
68.88169145584106	69.80963182449341
50.19339179992676	51.01764106750488
70.57047843933105	70.73822975158691
56.152587890625	56.744808197021484
61.85300588607788	61.9527325630188
61.111008167266846	61.589170932769775
61.265716552734375	60.383331298828125
64.70858573913574	65.69597053527832
75.54812431335449	74.98956203460693
72.31523132324219	73.84102582931519
67.20970153808594	67.03978538513184
54.92410898208618	55.88651990890503
86.13782501220703	84.46176338195801
59.023661613464355	60.04575252532959
55.87420654296875	54.95709991455078
67.40603685379028	66.63329458236694
73.05015563964844	70.77043056488037
69.39722537994385	70.41662693023682
56.46507453918457	55.89877653121948
51.44145202636719	53.45852279663086
58.073508739471436	58.25329351425171
62.73417043685913	63.16315507888794
42.37190103530884	41.84154510498047
64.90182495117188	62.07640838623047
63.277774810791016	62.63798522949219
56.19574737548828	58.80461883544922
73.7521824836731	73.68255758285522
65.1657247543335	64.84591484069824
58.284461975097656	60.50883483886719
55.73096704483032	57.219268798828125
67.67082452774048	67.06588935852051
57.68603324890137	58.03238582611084
58.677284240722656	59.309791564941406
53.925286293029785	52.71661043167114
66.79759979248047	68.2687759399414
74.71208190917969	74.48516893386841
55.55213451385498	57.82193660736084
61.080581188201904	61.490371227264404
57.562467098236084	57.54460144042969
54.43208026885986	54.252556800842285
49.24994516372681	50.3788161277771
58.28707790374756	60.43148183822632
71.1140365600586	71.56103324890137
73.41390609741211	72.68051719665527
50.95219135284424	51.50623798370361
61.88129425048828	61.68905067443848
72.44278907775879	73.2572078704834
46.96237325668335	45.736337184906006
75.33625602722168	75.64200782775879
63.36620330810547	61.144771575927734
66.90721893310547	66.47537040710449
57.74411916732788	58.83055543899536
62.03843450546265	58.69250965118408
56.46125936508179	56.56464242935181
68.26469564437866	68.45026588439941
47.236000061035156	48.355690002441406
58.51234245300293	58.128644943237305
64.82442378997803	64.31780815124512
64.73683834075928	63.802080154418945
62.737632274627686	64.09234380722046
46.47084617614746	48.31764793395996
62.476810455322266	61.94453573226929
65.62933301925659	66.01078605651855
59.87276077270508	62.55969047546387
62.334656715393066	61.1937952041626
56.67215394973755	60.43093729019165
61.210983753204346	60.32235288619995
50.08692932128906	50.186309814453125
66.44337272644043	67.68872022628784
51.64350986480713	53.486361503601074
62.26804447174072	61.840139865875244
58.63224792480469	60.20131874084473
54.95062208175659	55.71591854095459
59.52165985107422	60.78740072250366
48.14707326889038	47.632378578186035
63.7620906829834	64.7792272567749
74.50232028961182	74.84484672546387
69.43994045257568	68.30775260925293
63.22160243988037	64.65470314025879
70.89288139343262	69.99696922302246
67.2870626449585	68.36236667633057
63.71859121322632	64.5788631439209
48.8844051361084	50.56363105773926
77.71807479858398	79.97849464416504
68.30503845214844	71.61888265609741
52.54887390136719	54.89093780517578
63.92314910888672	62.148423194885254
55.204447746276855	57.21626853942871
54.85614776611328	56.36255741119385
67.12272644042969	68.04884433746338
58.90230655670166	57.476511001586914
50.300673961639404	50.813045501708984
59.912986755371094	60.48054504394531
71.16602897644043	71.37013339996338
59.720829010009766	59.93596649169922
58.52701663970947	62.29260444641113
61.919641971588135	60.83439254760742
67.47257232666016	68.60225772857666
68.2576060295105	71.7798228263855
65.87127733230591	66.29255676269531
58.16175079345703	57.52109146118164
66.0970630645752	66.79193115234375
61.446290016174316	61.124510765075684
71.07476568222046	71.45188045501709
58.806190490722656	59.77798080444336
57.306992053985596	56.26853084564209
57.56666946411133	56.969390869140625
42.6469407081604	41.53102397918701
55.022948265075684	55.29712677001953
56.17788076400757	56.25087118148804
66.25768184661865	66.45308494567871
66.24957084655762	67.08448886871338
55.599342346191406	55.872093200683594
61.76131248474121	60.61357021331787
88.88278388977051	86.43686580657959
70.00572204589844	69.76815700531006
63.34284782409668	62.756662368774414
59.00670051574707	59.40061092376709
65.37723541259766	61.98791027069092
58.63927459716797	59.778472900390625
65.57313537597656	66.08665609359741
67.80937194824219	67.73422241210938
51.51297998428345	50.10517120361328
59.71355438232422	59.55763244628906
63.08864688873291	61.98391675949097
61.41295623779297	60.91816711425781
52.351295471191406	52.04887390136719
55.29913902282715	55.65739631652832
59.48762512207031	59.799713134765625
65.1258373260498	64.81697130203247
52.114933013916016	53.573585510253906
74.88815116882324	75.4011697769165
53.66389846801758	54.69345951080322
52.47236251831055	57.01719951629639
65.7558536529541	64.57644462585449
48.88286113739014	49.533713817596436
58.639397621154785	59.81186628341675
70.79279899597168	71.60868167877197
58.25353240966797	58.46440124511719
62.12209510803223	63.578115463256836
72.7728796005249	73.10203552246094
56.84456825256348	55.92629432678223
55.959800720214844	56.84374237060547
41.89094924926758	42.46185302734375
73.69331550598145	74.46639108657837
73.27531433105469	72.65000677108765
51.1324462890625	51.4732551574707
62.026512145996094	64.14457702636719
53.50515174865723	53.23354911804199
54.10459899902344	55.10367965698242
59.64929008483887	59.80494832992554
55.66389083862305	56.52958297729492
61.01539707183838	62.39840841293335
71.20224523544312	72.24602603912354
55.974952697753906	55.61882019042969
62.091190338134766	62.96467208862305
59.37925386428833	59.84063673019409
50.471534729003906	55.12922763824463
55.49415588378906	55.5966854095459
55.99458932876587	55.181519508361816
56.37412071228027	57.80679702758789
58.85244846343994	54.774534702301025
51.365482330322266	52.279380798339844
41.26567077636719	46.984519958496094
74.50134086608887	74.06723213195801
62.79495048522949	63.21006202697754
68.98759603500366	70.30472373962402
60.62271308898926	60.2318229675293
69.66224670410156	69.15106296539307
55.95564651489258	54.475215911865234
70.29821872711182	70.56959629058838
70.03433132171631	69.58984184265137
66.18276929855347	64.91733741760254
59.44085884094238	56.63575744628906
62.0119571685791	61.86017036437988
61.21945381164551	60.94248962402344
65.79002523422241	67.38933420181274
47.4207181930542	46.064048290252686
61.25807046890259	62.19908809661865
86.40062713623047	88.15876054763794
62.99584341049194	64.8894739151001
65.96316337585449	66.10531806945801
62.817344665527344	63.05981159210205
54.004924297332764	55.30324172973633
67.69651889801025	68.83552551269531
61.936767578125	63.72039794921875
63.975120067596436	65.43303537368774
67.93965291976929	68.54406261444092
55.40671348571777	59.11846160888672
62.06099033355713	61.16450786590576
74.20286655426025	72.57508945465088
76.00643157958984	76.89079999923706
58.81702423095703	58.10586166381836
60.69582939147949	63.16085338592529
61.236093521118164	62.03947305679321
65.72296905517578	66.47421407699585
49.133588790893555	53.17605543136597
53.41307830810547	54.5128173828125
59.731101989746094	60.95904541015625
52.7860107421875	52.896225929260254
67.02452659606934	67.75186061859131
53.10576629638672	54.95500946044922
60.8219690322876	62.15936994552612
65.94914245605469	64.9212965965271
61.71750068664551	62.11952209472656
67.02162265777588	66.88403129577637
60.32003688812256	59.78727579116821
49.930724143981934	53.082032203674316
50.82420539855957	50.938215255737305
50.5470871925354	52.99009895324707
76.66911125183105	77.436936378479
48.50632047653198	47.67411184310913
53.41361904144287	52.42477464675903
63.28757572174072	63.370445251464844
71.7909779548645	71.23525857925415
59.53022575378418	58.83157253265381
49.34517431259155	52.05121421813965
64.51150417327881	65.07045078277588
59.71821212768555	60.33021926879883
64.83505487442017	63.93936729431152
61.666290283203125	64.6628189086914
61.630836486816406	65.35530090332031
53.59313488006592	53.53167533874512
54.23486328125	54.077613830566406
58.63823890686035	59.35276651382446
62.18611240386963	63.860321044921875
67.53616428375244	68.16953372955322
54.648499488830566	57.71952152252197
51.11168575286865	51.8930025100708
55.584906578063965	55.19947957992554
48.39859390258789	49.805023193359375
66.78125810623169	67.33814907073975
71.73113012313843	71.10942077636719
64.51585292816162	64.61062431335449
48.48207092285156	48.74584197998047
60.50204086303711	59.25022888183594
65.8790454864502	65.43734645843506
59.3653621673584	60.2857460975647
77.7935004234314	81.72613763809204
67.0016303062439	67.23898124694824
72.88533878326416	71.87097215652466
61.22103261947632	61.666964530944824
47.337218284606934	47.01618957519531
52.71408700942993	51.557358264923096
54.420838356018066	53.41624593734741
50.236019134521484	51.997467041015625
56.34339237213135	57.01263380050659
79.20442771911621	78.40678596496582
60.684194564819336	60.912489891052246
63.236045837402344	62.69051170349121
68.26091766357422	66.17609977722168
58.053131103515625	57.417572021484375
75.24148607254028	75.07716417312622
48.00345802307129	51.95932102203369
49.267916679382324	48.36627721786499
45.52754592895508	45.1889533996582
67.03875541687012	65.97519874572754
49.78451919555664	49.91522216796875
55.14161682128906	55.31027841567993
75.35509586334229	75.75308322906494
67.9210376739502	68.74126434326172
55.19824266433716	54.79772901535034
59.163875579833984	58.93503189086914
60.81973314285278	61.48465061187744
58.57040882110596	60.677804946899414
60.26342153549194	61.50718116760254
53.55119705200195	55.463995933532715
61.49338388442993	63.64254140853882
60.54271173477173	62.66313982009888
59.36204481124878	59.45842409133911
51.79320001602173	51.17403984069824
61.85141563415527	63.8787841796875
57.80045032501221	58.64365577697754
50.97574281692505	54.83498668670654
60.12776327133179	60.09623956680298
42.64710235595703	45.35353088378906
71.18762969970703	72.35581874847412
63.52572441101074	64.67402458190918
67.11886596679688	67.08802938461304
52.51331806182861	54.8474645614624
79.38339138031006	79.62130880355835
51.95123910903931	51.245315074920654
58.9377498626709	60.12853145599365
74.31332588195801	73.68727588653564
61.385507583618164	61.78295946121216
60.7140154838562	61.49033260345459
51.57912063598633	52.29063034057617
49.815592765808105	48.971548080444336
52.58700370788574	56.240057945251465
66.6212477684021	66.82148885726929
56.6821403503418	57.170623779296875
66.6717300415039	66.94873046875
52.023240089416504	51.46538686752319
66.67056322097778	66.07905578613281
69.31765079498291	69.47537899017334
75.15383863449097	74.35939931869507
60.56723213195801	61.222612380981445
69.90487098693848	72.22464084625244
56.99519157409668	59.261231422424316
47.90072441101074	46.76929473876953
79.13702487945557	78.02841186523438
58.50377655029297	56.00905179977417
51.19844436645508	53.30674743652344
68.06164741516113	70.72604179382324
51.038997650146484	52.95716857910156
69.63699531555176	68.7406096458435
47.96931076049805	52.29877471923828
57.778611183166504	59.23953056335449
64.30858039855957	63.58799743652344
57.09702014923096	59.34157371520996
60.228166580200195	61.8100004196167
74.57779932022095	76.39773464202881
56.573421478271484	56.75136184692383
51.508809089660645	51.70156717300415
54.56834840774536	54.98206949234009
56.40821933746338	58.2714319229126
57.93380928039551	58.345093727111816
78.14412117004395	78.02839851379395
55.261191844940186	56.98719120025635
59.798866271972656	60.18916320800781
69.47039127349854	67.8176736831665
70.25742530822754	70.7982349395752
60.255982398986816	60.22392177581787
64.08543395996094	63.03204345703125
64.16956901550293	62.46382188796997
56.326809883117676	55.27522087097168
63.31745147705078	62.47824192047119
55.18041181564331	54.93537950515747
47.853614807128906	50.352664947509766
65.11293697357178	64.39885139465332
42.84616756439209	43.17085123062134
58.11043739318848	58.14591407775879
53.526129722595215	52.61965751647949
49.92013931274414	49.475196838378906
59.696685791015625	59.893813133239746
49.691120624542236	50.831570625305176
58.355040550231934	60.3087272644043
53.54283142089844	54.28079080581665
48.201422691345215	51.956963539123535
48.224148750305176	50.26721000671387
57.12318992614746	58.79212474822998
44.84058904647827	45.930450439453125
60.24515676498413	58.98309803009033
57.21084022521973	57.47087287902832
86.92678833007812	86.22329568862915
49.35205841064453	47.776058197021484
56.78571557998657	57.8874454498291
68.67804765701294	71.22618913650513
62.35074043273926	62.68336534500122
62.83364295959473	62.14629793167114
63.50514268875122	64.19371795654297
61.17149829864502	65.26553153991699
59.266953468322754	59.17471885681152
57.724202156066895	59.668456077575684
55.42742919921875	52.20211410522461
53.51654052734375	55.65880584716797
60.632193088531494	61.329400062561035
54.30796813964844	57.71469974517822
55.49481439590454	55.90280628204346
59.100426197052	61.48947191238403
62.0807147026062	64.3388729095459
64.27355289459229	65.17714023590088
70.86007595062256	69.05069828033447
54.938730239868164	54.578370094299316
50.90504455566406	49.55841064453125
59.82971954345703	59.93437194824219
63.72993469238281	64.71226501464844
51.20972442626953	52.22322082519531
68.53379726409912	68.66813659667969
65.71891021728516	64.5544753074646
59.322792053222656	59.254600524902344
58.823058128356934	60.13208341598511
57.28633689880371	59.51639413833618
53.17626476287842	50.095815658569336
65.40011787414551	65.51895904541016
61.748695850372314	62.01998949050903
56.02134704589844	56.455384254455566
55.60971736907959	56.0054874420166
76.07453727722168	75.30015563964844
65.01409721374512	66.39497566223145
64.40904378890991	66.89599657058716
78.47875213623047	76.29445171356201
64.78346824645996	66.64764404296875
56.63074493408203	56.559166431427
61.138898849487305	61.53556537628174
54.23196601867676	57.053049087524414
56.70556354522705	57.17794132232666
59.737794399261475	60.251036167144775
61.569623947143555	63.895812034606934
65.8011245727539	64.57262420654297
63.522939682006836	65.84045648574829
53.82802963256836	53.85259437561035
52.33033561706543	55.430673122406006
72.74479866027832	71.58566474914551
76.07095289230347	75.54253482818604
62.88095283508301	63.418639183044434
57.93388366699219	60.56416988372803
57.47900390625	56.382469177246094
53.46635627746582	53.33585500717163
61.38104438781738	62.332892417907715
59.93512725830078	61.154022216796875
71.51421546936035	70.45358276367188
57.945387840270996	55.7690863609314
70.64508724212646	70.17071771621704
60.88531494140625	60.331838607788086
73.58736991882324	74.63803291320801
67.8584041595459	67.29542779922485
53.19582653045654	50.71889877319336
46.990848541259766	48.724822998046875
63.98890829086304	63.36080503463745
65.2329249382019	66.61158084869385
60.97391605377197	62.3433780670166
68.58834743499756	69.26900959014893
60.38153696060181	60.56967735290527
74.55121421813965	77.75800323486328
66.99838161468506	67.04759120941162
80.09908962249756	78.8068642616272
65.34332275390625	65.23772430419922
56.58112621307373	57.76614475250244
47.72703409194946	46.360673904418945
59.01813507080078	60.911898612976074
74.35493469238281	75.09231567382812
56.876147747039795	56.40949058532715
66.01947546005249	66.95204210281372
61.20165395736694	61.75838613510132
67.63510227203369	67.56880283355713
59.32683849334717	61.47917079925537
56.6077880859375	55.992401123046875
54.491586685180664	54.35000467300415
60.336971282958984	61.34204864501953
65.83306074142456	65.53848123550415
53.29872131347656	54.509124755859375
77.02694892883301	78.61188697814941
63.42648696899414	62.814239501953125
71.49157047271729	72.14397430419922
55.883121490478516	58.247008323669434
69.0225043296814	67.03098249435425
75.02687072753906	74.86507415771484
76.11553955078125	76.82972526550293
58.337363719940186	59.54726314544678
69.92568731307983	70.32774305343628
49.506656646728516	50.341705322265625
61.217498779296875	61.09121799468994
61.4493613243103	61.40159225463867
60.04018020629883	59.9624605178833
52.06938171386719	51.32139587402344
56.63737773895264	59.98570442199707
60.81987380981445	61.1091947555542
63.61395454406738	63.866013050079346
61.698373317718506	62.563533782958984
49.994078159332275	49.3431921005249
69.31999206542969	71.7033920288086
81.07927894592285	80.62810707092285
65.07428646087646	64.54985618591309
66.6735315322876	66.91335201263428
60.34318447113037	60.161004066467285
58.58565044403076	60.86274719238281
47.53478193283081	48.22376203536987
76.4408631324768	74.89276647567749
57.25234508514404	54.62520122528076
51.0107536315918	54.331336975097656
58.649903297424316	57.89449453353882
45.30339860916138	47.2102689743042
58.492713928222656	60.832462310791016
69.25302028656006	69.08805847167969
56.26106643676758	56.88417434692383
60.4020299911499	60.15535831451416
64.93151664733887	65.48460483551025
53.8898229598999	54.14904594421387
52.34364318847656	49.20698547363281
55.84146308898926	55.60880184173584
55.8928542137146	56.27715253829956
54.11433935165405	52.212228298187256
59.71611976623535	60.3023099899292
62.15423583984375	63.21674823760986
66.91426277160645	67.9906997680664
65.5733871459961	67.31802177429199
54.60003852844238	56.11485481262207
48.793516635894775	52.81107187271118
85.89628028869629	85.4736099243164
51.99037551879883	50.75472831726074
57.57876396179199	57.979464530944824
52.40781497955322	51.283546924591064
62.57320976257324	65.02432250976562
64.00819301605225	63.86852264404297
62.62274742126465	64.27813053131104
72.53335332870483	73.23203086853027
59.89675045013428	59.676270484924316
72.76930809020996	73.85938167572021
77.3129448890686	76.90553379058838
71.71069478988647	72.23289728164673
62.73432397842407	65.15895080566406
61.691463470458984	62.62398910522461
65.81536674499512	66.37185859680176
63.98999261856079	63.71069955825806
60.1081657409668	62.92807579040527
76.90498304367065	76.17369079589844
64.53727722167969	66.80194854736328
50.24992847442627	49.81999206542969
56.0671329498291	59.147796630859375
51.330199241638184	52.268877029418945
75.1443657875061	71.99933862686157
67.75073003768921	69.77088022232056
58.062591552734375	58.682167053222656
55.58671951293945	54.31638717651367
60.74421501159668	61.46427011489868
66.02655029296875	66.49690246582031
53.132354736328125	52.40364456176758
64.09492492675781	63.61942768096924
55.139076709747314	57.02418899536133
69.80836486816406	71.19488668441772
52.226898193359375	51.245086669921875
53.82909393310547	55.265496253967285
69.60599327087402	69.91064500808716
52.704437255859375	55.492149353027344
68.96373748779297	69.06525611877441
54.085988998413086	54.3123722076416
61.332082748413086	59.32602882385254
63.77852725982666	65.48197889328003
62.724714279174805	63.10290336608887
65.89848327636719	65.74817657470703
65.44917440414429	65.16214084625244
56.973209381103516	56.25380325317383
63.00455331802368	63.7014684677124
55.25871133804321	55.31462049484253
61.47413730621338	62.36021184921265
56.31527853012085	55.54689645767212
62.65307426452637	62.36313819885254
55.10452079772949	55.00202178955078
55.28586483001709	54.86893939971924
65.79942226409912	64.75131034851074
66.40362453460693	65.82817268371582
66.02926540374756	66.64343976974487
63.716607093811035	66.11994743347168
71.66788339614868	70.07638740539551
73.87176704406738	74.10440254211426
54.72423505783081	55.14795541763306
60.502779960632324	61.589820861816406
66.84367561340332	65.41232299804688
75.96074056625366	76.23000860214233
63.637704849243164	62.6107873916626
57.460594177246094	56.211978912353516
67.34567165374756	67.1728515625
70.64619541168213	71.77863073348999
60.1927490234375	60.264739990234375
66.44784450531006	66.71170091629028
80.02905035018921	81.46247673034668
52.82800769805908	54.5029034614563
57.41840648651123	57.92068338394165
59.54041528701782	60.677555561065674
52.58298110961914	52.511844635009766
53.33279800415039	54.26430130004883
63.44207954406738	64.86463737487793
65.55436134338379	65.21745204925537
67.29559278488159	65.068922996521
62.00391387939453	60.78137969970703
54.95235824584961	55.082000732421875
48.801350593566895	55.51588678359985
43.92730093002319	47.13631296157837
55.93541717529297	55.98479080200195
55.418020725250244	56.030574798583984
55.65815019607544	56.42287588119507
72.82791900634766	71.21137189865112
63.55797576904297	63.0015869140625
69.639573097229	68.6688232421875
52.805870056152344	52.630332946777344
67.25853538513184	67.79815864562988
50.346588134765625	52.18207550048828
57.63653755187988	58.90577793121338
56.38413190841675	58.14521074295044
53.7665376663208	54.3120641708374
82.85580348968506	82.18875980377197
68.7897777557373	68.48335266113281
58.15619945526123	57.69793510437012
65.42532444000244	67.10172986984253
77.09410190582275	75.44222831726074
76.00725507736206	74.90785932540894
53.553062438964844	53.96397686004639
69.25029754638672	71.88541412353516
60.07038497924805	59.67863464355469
62.10457420349121	62.606048583984375
56.279144287109375	55.60015106201172
77.17169761657715	77.45572090148926
54.57408285140991	55.07655429840088
67.44954013824463	67.81547498703003
63.65086269378662	63.783432483673096
56.548770904541016	55.7531852722168
63.44955062866211	63.96897888183594
67.14946746826172	68.49722862243652
75.5783019065857	75.25159358978271
65.92079257965088	69.40901184082031
63.1635160446167	62.931283950805664
64.93288993835449	63.04356336593628
51.73547649383545	52.287521839141846
58.374900817871094	58.819271087646484
64.56315422058105	65.90415000915527
74.37708377838135	74.56945896148682
56.29150390625	55.56858825683594
57.47911834716797	55.97166442871094
56.84428310394287	59.714542865753174
59.50116729736328	59.909950256347656
73.638014793396	73.18058013916016
55.42500686645508	55.9468879699707
68.02945137023926	67.93271541595459
79.69290733337402	79.04250526428223
50.441795349121094	53.192108154296875
63.5356822013855	63.78009366989136
57.60554504394531	59.22297286987305
51.790374755859375	51.4067497253418
52.4632568359375	55.864471435546875
64.94605255126953	65.1483154296875
58.48851776123047	56.72582244873047
61.33333683013916	62.25811004638672
54.47750186920166	54.98330783843994
77.09221076965332	77.83834171295166
63.61710548400879	66.23274803161621
71.78677272796631	71.55164909362793
69.81656551361084	69.60591316223145
60.2377986907959	59.82874870300293
61.17467498779297	60.62337875366211
57.01448965072632	57.928895473480225
66.43913269042969	66.89536142349243
46.44466781616211	50.06702423095703
66.06034278869629	63.8008975982666
56.297807693481445	59.01208305358887
44.26118326187134	43.81476449966431
57.70649528503418	58.270729064941406
60.53128528594971	60.440375328063965
64.7776050567627	64.71824026107788
49.44781494140625	51.087615966796875
59.370808124542236	59.27229166030884
63.7718300819397	64.07281589508057
69.77653312683105	70.05361747741699
64.69959354400635	65.00111246109009
70.19537544250488	69.66220092773438
65.33292961120605	64.76765298843384
65.08909606933594	65.44109153747559
46.97322130203247	47.80637454986572
51.00510787963867	50.827857971191406
71.12463569641113	70.067138671875
60.87951850891113	60.14926242828369
49.01818084716797	44.33558893203735
54.58814239501953	55.57208251953125
60.04070854187012	60.39012336730957
56.599056243896484	58.31344699859619
59.413597106933594	60.058372497558594
55.905460357666016	56.2738151550293
63.09629964828491	65.30905389785767
73.93421173095703	73.5470199584961
67.26329803466797	68.39431715011597
54.6990852355957	56.50905227661133
65.98034858703613	68.42455387115479
65.23824882507324	65.18035745620728
58.91592502593994	58.9206600189209
70.49713706970215	70.03431558609009
57.28712558746338	57.05052852630615
66.96482849121094	65.58692836761475
70.51416206359863	70.63668823242188
50.385541915893555	54.32986259460449
65.61231279373169	64.9543604850769
60.82546520233154	59.873045444488525
59.53928470611572	60.131826400756836
62.609049797058105	63.30996894836426
76.37816619873047	78.57559776306152
51.66345405578613	55.90262031555176
65.02927350997925	64.74807929992676
68.83946084976196	68.82702827453613
67.9532527923584	68.02191734313965
60.89677047729492	60.80767822265625
65.70192861557007	65.22144412994385
53.882286071777344	53.652381896972656
63.09024143218994	62.35778474807739
59.16545104980469	60.28434753417969
60.13340950012207	61.08442497253418
75.85810661315918	73.3634204864502
69.83269357681274	67.53555107116699
53.421574115753174	56.76349925994873
62.71598196029663	63.03320789337158
59.25695037841797	59.518638610839844
61.010526180267334	61.132139682769775
53.538702964782715	55.98287773132324
56.07341003417969	56.41701889038086
54.77981948852539	55.35578536987305
70.77648115158081	68.23529815673828
60.78870391845703	60.22825622558594
58.87342643737793	59.727521896362305
63.30582618713379	61.96845054626465
62.87518930435181	62.892406940460205
55.275245666503906	52.4449577331543
56.01645040512085	56.47759294509888
64.4790506362915	64.75471496582031
52.1722354888916	54.25696420669556
52.04939270019531	51.95097351074219
54.019622802734375	55.298194885253906
50.671303272247314	52.7665114402771
58.57804870605469	59.18475341796875
62.52359867095947	62.07618236541748
50.17025375366211	49.989027976989746
73.99750518798828	73.91290283203125
58.591331481933594	60.95236778259277
67.4186840057373	66.73293972015381
66.74605560302734	64.56953430175781
58.67288875579834	58.685179710388184
45.075040340423584	45.41934061050415
79.89303684234619	80.83291006088257
67.80151176452637	68.11327171325684
64.08694267272949	64.16121625900269
55.82417297363281	56.94166564941406
63.29948806762695	62.76525115966797
45.69956731796265	47.15918684005737
58.87244415283203	58.593040466308594
68.3366870880127	68.19781303405762
58.73834943771362	60.74485158920288
51.15530967712402	53.406243324279785
65.34051704406738	64.24751901626587
55.4294490814209	57.40459442138672
62.80765914916992	62.57494926452637
61.54783916473389	61.15736103057861
69.27828788757324	64.7585678100586
47.443077087402344	46.83020782470703
44.212196826934814	43.234694480895996
57.51408672332764	58.84429740905762
52.45351552963257	52.60935401916504
66.33801937103271	65.215744972229
82.65739297866821	81.00252437591553
72.27900505065918	74.49049472808838
61.07954025268555	57.008277893066406
68.46144008636475	69.58105611801147
52.92893600463867	53.49882173538208
53.73837471008301	53.49226474761963
65.4593710899353	66.28502464294434
60.752875328063965	60.41558218002319
50.3938193321228	52.08646488189697
51.60103225708008	49.365713596343994
77.10806465148926	77.6469669342041
62.162723541259766	62.829270362854004
53.08295488357544	53.395678997039795
59.28645372390747	59.30395030975342
63.65852355957031	63.8292932510376
57.42654800415039	55.10559844970703
63.003334045410156	62.79212188720703
54.423892974853516	54.05941390991211
56.487059593200684	56.6278076171875
60.85330152511597	61.46759605407715
57.549800872802734	57.685415744781494
62.27266216278076	64.7376937866211
54.759981632232666	56.85810375213623
65.01103019714355	63.90393018722534
63.19405746459961	62.906959533691406
75.54981422424316	71.70033073425293
66.05644226074219	63.07806968688965
64.70285987854004	65.99716234207153
52.82237243652344	56.5169677734375
63.02727699279785	64.44357395172119
49.76965045928955	48.54814386367798
61.51751518249512	61.4997181892395
52.499813079833984	55.065338134765625
63.25247764587402	63.90606880187988
56.867374420166016	56.817543029785156
51.45539093017578	52.217987060546875
70.65505981445312	67.57226705551147
47.022918701171875	43.66396999359131
63.313453674316406	62.19801950454712
74.69517707824707	75.01031398773193
56.22277069091797	55.275108337402344
61.003570556640625	58.948349952697754
75.94496726989746	73.56069374084473
77.78945112228394	76.90521383285522
48.97469234466553	50.12441158294678
65.7861156463623	64.50496101379395
56.097596645355225	57.66984796524048
52.1695671081543	54.082698822021484
70.5791563987732	69.91599941253662
54.64874267578125	54.49552917480469
56.17156982421875	55.191941261291504
60.864787101745605	61.144728660583496
47.257643699645996	47.93048620223999
58.58174133300781	59.38540458679199
62.15206241607666	61.388103008270264
55.53218078613281	58.29354286193848
55.29576873779297	57.186790466308594
61.584388732910156	61.36429023742676
60.633506774902344	63.38632106781006
68.14254760742188	68.94939422607422
61.92482948303223	62.20242691040039
59.70675468444824	64.81704711914062
65.57273864746094	68.17227363586426
62.29656982421875	61.295433044433594
78.58515977859497	80.04625463485718
63.666471004486084	62.47180652618408
76.25996398925781	78.13009595870972
46.84831190109253	47.016132831573486
56.81101942062378	58.418997287750244
47.214181423187256	46.54755401611328
59.86936092376709	61.17667198181152
61.633856773376465	63.3681640625
62.007850646972656	62.046082973480225
66.57809257507324	65.84031772613525
70.26227617263794	70.95428609848022
61.73457145690918	61.71555519104004
56.35335731506348	56.58918571472168
83.16354560852051	82.10568237304688
74.46322059631348	73.43745231628418
53.73435401916504	54.06631278991699
51.67911243438721	52.4970703125
75.0120849609375	76.28668785095215
52.068729400634766	55.251176834106445
66.23097896575928	68.28935146331787
70.33509063720703	68.80641174316406
58.188133239746094	58.162169456481934
66.26853895187378	67.28174543380737
58.9547119140625	58.31032943725586
48.34590291976929	48.06838321685791
62.54197120666504	61.984548568725586
53.701415061950684	57.971978187561035
60.22822380065918	60.32410144805908
73.625244140625	73.15785217285156
