75.65627193450928	66.51129245758057
54.09021854400635	52.569031715393066
60.69327163696289	58.79682922363281
72.92461442947388	70.40404510498047
66.70065402984619	68.70202541351318
59.65296936035156	60.552032470703125
64.2831859588623	62.52905988693237
74.58114576339722	69.09754228591919
56.212615966796875	54.94614028930664
65.67736625671387	63.04130554199219
61.71454381942749	62.83418369293213
50.661521911621094	51.99018859863281
50.40793991088867	52.19301986694336
74.36137342453003	71.70295763015747
69.17987108230591	71.58050346374512
71.61622524261475	72.66032218933105
48.30699682235718	46.426199436187744
64.37235927581787	60.317713260650635
62.87136125564575	59.73402643203735
63.91565799713135	65.43837547302246
50.30247497558594	51.64065170288086
52.31166315078735	49.97622728347778
51.69443321228027	52.99287128448486
55.29251146316528	54.71320581436157
45.34793043136597	46.745712757110596
52.88078308105469	55.483402252197266
53.561866760253906	55.29832458496094
55.91038703918457	58.97313594818115
66.1704273223877	66.04977178573608
54.3087158203125	53.79753875732422
53.438262939453125	52.1630859375
70.42331600189209	66.83020639419556
59.405269622802734	56.71620845794678
58.2431001663208	58.25410795211792
51.58205795288086	51.42161560058594
54.930524826049805	52.85687255859375
61.290117263793945	59.92322635650635
54.53639841079712	51.70636701583862
57.12154197692871	58.25320243835449
57.645158767700195	58.968472480773926
49.751959800720215	50.80890989303589
52.297024726867676	50.31480312347412
68.38416337966919	67.76138877868652
54.21837043762207	53.751052379608154
59.592559814453125	56.67176055908203
51.975693702697754	51.582322120666504
60.619001388549805	60.542306900024414
56.48252487182617	56.941680908203125
48.314247131347656	47.88237762451172
57.22762680053711	58.414371490478516
52.98290252685547	53.839473724365234
64.41123247146606	58.16641044616699
43.33915615081787	43.443073749542236
54.55856895446777	56.60088872909546
47.713608741760254	49.013508319854736
47.947762966156006	46.65035009384155
55.0963830947876	55.76205253601074
54.36892032623291	54.966864585876465
57.75400686264038	57.36221981048584
70.06290197372437	69.562912940979
65.12233114242554	64.74302816390991
59.24305772781372	57.196373462677
67.28031873703003	65.99856805801392
53.8365478515625	52.21601867675781
62.067832946777344	61.589385986328125
57.43396997451782	58.5058536529541
59.203567028045654	58.62278938293457
42.623268604278564	44.023561000823975
68.74986362457275	63.27445316314697
60.17462158203125	57.943870544433594
64.88138723373413	65.47022867202759
51.839866638183594	54.54774475097656
59.975876808166504	61.37949466705322
58.94548034667969	59.89098358154297
62.289673805236816	61.119235038757324
65.25705814361572	65.32554626464844
75.3978443145752	78.36344718933105
59.32547569274902	58.66222381591797
83.02730655670166	80.0577564239502
55.92766714096069	57.749032974243164
57.84425354003906	59.115814208984375
77.4766616821289	73.3088321685791
63.96542549133301	63.70189046859741
51.95508575439453	51.20884323120117
67.90138101577759	70.77905130386353
49.510926246643066	51.21945905685425
59.49053335189819	58.26500415802002
53.21143913269043	58.0070013999939
46.83039426803589	48.61342239379883
55.545928955078125	52.92881774902344
67.1675033569336	67.43412208557129
49.86854553222656	47.681312561035156
60.38424587249756	59.256269454956055
52.66111755371094	54.191978454589844
73.53181552886963	74.70982122421265
54.902156829833984	58.30980682373047
52.25603485107422	54.074031829833984
51.601080894470215	52.92333745956421
62.43369102478027	58.76052379608154
61.60102415084839	61.824849128723145
57.40267753601074	62.057204246520996
70.89129877090454	67.62824392318726
58.101606369018555	62.52650260925293
60.234947204589844	58.950422286987305
46.462021350860596	46.14273166656494
72.67011976242065	73.88708448410034
57.363078117370605	59.24128532409668
67.5853443145752	63.12182426452637
65.6112003326416	70.04508972167969
46.57373809814453	48.89390563964844
61.06406021118164	60.16923522949219
55.59069061279297	55.2806396484375
55.173635482788086	53.287973403930664
57.14726448059082	53.51064205169678
58.88875770568848	57.69690799713135
78.54107666015625	72.80213928222656
41.465211391448975	37.995712757110596
47.46315908432007	47.37050676345825
56.1351900100708	56.122559547424316
59.62556457519531	57.89025115966797
68.36789131164551	68.3392333984375
51.426199436187744	52.14778661727905
49.38816976547241	50.975539207458496
54.07934617996216	62.32797145843506
54.98020362854004	54.88001775741577
55.97285842895508	56.543861389160156
65.73458290100098	62.45360612869263
49.04068851470947	47.25662899017334
57.59613037109375	56.42894268035889
61.091524600982666	60.337120056152344
72.42500352859497	78.25624322891235
56.78404235839844	56.77995300292969
51.935367584228516	51.47613477706909
44.83897018432617	42.27424192428589
53.575191497802734	54.35457515716553
57.47943878173828	58.81829023361206
74.98013353347778	71.57012796401978
60.920745849609375	61.43731498718262
58.480353355407715	58.00981664657593
47.668540954589844	48.23013687133789
78.34158182144165	79.2408800125122
54.455814361572266	56.32081604003906
62.421889305114746	62.53246307373047
65.57606506347656	65.36359977722168
52.843926429748535	52.89234209060669
66.30523681640625	62.35706329345703
76.39259338378906	76.7012710571289
83.72279453277588	76.55351209640503
48.92782545089722	49.27461242675781
61.106292724609375	62.0000114440918
81.8701343536377	80.5206527709961
63.10215139389038	61.740803718566895
56.34910440444946	56.193604946136475
56.85197830200195	54.5538330078125
51.501569747924805	49.688215255737305
60.241875648498535	61.286540031433105
61.95331621170044	65.10140991210938
63.66000747680664	63.84187316894531
56.01486253738403	55.15104103088379
71.396803855896	72.00576782226562
50.0413122177124	46.935630321502686
73.15059471130371	70.94947814941406
66.27676486968994	67.06112861633301
60.125375747680664	57.549867153167725
50.04022264480591	46.05671310424805
62.22278356552124	63.94784355163574
48.09143257141113	49.45023536682129
67.17098331451416	69.20345306396484
46.53836441040039	48.48383331298828
62.502479553222656	60.276123046875
73.77490472793579	72.64668130874634
60.82547950744629	62.583266258239746
62.30087900161743	62.360106468200684
52.44791078567505	53.06604194641113
58.83003234863281	60.35691261291504
57.210166454315186	57.35678672790527
72.42475652694702	71.96731662750244
68.20135593414307	71.86026573181152
69.75309562683105	69.53328895568848
71.4434289932251	72.00430870056152
67.69108486175537	67.4176025390625
49.107059478759766	49.50080108642578
64.04855918884277	67.11817789077759
60.52973651885986	59.984243392944336
53.04914617538452	54.46806049346924
68.35060358047485	73.21380376815796
56.21201133728027	56.67876434326172
66.56609535217285	66.43133640289307
60.20654582977295	59.97718048095703
55.967342376708984	55.00825119018555
52.21990156173706	53.950050830841064
49.218329429626465	48.4304723739624
47.36942529678345	50.028801918029785
52.617713928222656	50.767608642578125
62.11295127868652	62.554311752319336
59.33581829071045	58.266496658325195
73.54336738586426	72.42110252380371
59.50297927856445	59.483062744140625
64.12142276763916	67.20649719238281
57.234500885009766	56.22090148925781
70.41025018692017	72.65175867080688
65.40178680419922	62.35344696044922
69.41489315032959	67.42796087265015
55.17729187011719	53.70478820800781
60.19872283935547	56.7043571472168
61.12515735626221	60.96749925613403
52.16587686538696	49.865967750549316
52.15148401260376	52.2646107673645
63.4639310836792	61.38922691345215
72.61805057525635	75.9744119644165
58.89346933364868	58.44423580169678
77.07822179794312	75.24956369400024
48.09763956069946	47.680190086364746
62.98595380783081	65.46738338470459
62.21674108505249	62.462143421173096
58.61747884750366	60.94064998626709
57.45242118835449	56.87641143798828
56.204973220825195	56.722609519958496
62.91611623764038	64.87358093261719
61.220523834228516	62.0152587890625
62.04476022720337	64.13705492019653
44.54197072982788	44.02706241607666
57.77851152420044	58.944435596466064
66.41992092132568	68.45109462738037
74.62029933929443	73.90534400939941
64.44296503067017	65.42464256286621
47.887871742248535	48.96221208572388
70.01691341400146	71.06001377105713
68.44568872451782	67.02828121185303
79.98825073242188	77.94605827331543
56.3646936416626	52.733168601989746
68.36058139801025	72.19363212585449
62.11503601074219	61.21513366699219
70.38757944107056	69.98334407806396
46.81526327133179	45.98947763442993
58.62206315994263	56.528883934020996
62.28849411010742	62.652618408203125
61.82608079910278	62.5279483795166
58.30377817153931	61.820016860961914
61.943328857421875	60.08805847167969
65.62133026123047	61.99089813232422
54.20523643493652	54.66372013092041
45.10784149169922	45.01753234863281
59.82525587081909	58.35202360153198
63.46132755279541	58.457908630371094
70.82839965820312	70.72651863098145
83.93155860900879	87.20752143859863
72.72235918045044	69.77851724624634
57.7994966506958	60.898141860961914
54.603647232055664	54.647605419158936
62.60018348693848	61.759986877441406
47.4687933921814	47.05584001541138
60.50961399078369	58.80659580230713
68.28117370605469	67.88789176940918
52.746076583862305	54.53996181488037
85.48596954345703	83.42408752441406
62.8996148109436	64.14788007736206
43.838600158691406	45.65580368041992
46.38512372970581	48.02881622314453
48.65010452270508	47.850433349609375
54.716506004333496	54.194865703582764
55.278594970703125	52.54746770858765
63.9484167098999	65.30276298522949
62.93839931488037	64.80807304382324
56.782264709472656	57.3072509765625
50.165507316589355	50.43234920501709
54.78867530822754	52.87517547607422
64.02572441101074	62.59143257141113
58.0748291015625	56.4571533203125
47.83219289779663	48.84472942352295
61.91168403625488	56.9973406791687
54.11411190032959	52.85918998718262
63.900017738342285	64.34313297271729
64.04859781265259	63.1202187538147
57.05608320236206	56.80990791320801
56.445741176605225	55.289116859436035
64.18040466308594	62.68898391723633
55.43832063674927	57.29994535446167
53.36124134063721	55.41270685195923
64.2611083984375	65.36510419845581
59.07316017150879	55.9273796081543
65.61826944351196	68.94683933258057
72.53143215179443	75.23251485824585
51.82878017425537	57.52904415130615
50.64118957519531	51.68898010253906
72.72403478622437	75.89562892913818
50.16084432601929	52.15093994140625
64.90240573883057	68.57007026672363
59.29054260253906	57.24303436279297
72.26635551452637	73.83112907409668
61.25071907043457	63.25751352310181
57.22541856765747	54.7936635017395
55.54027032852173	58.11840105056763
59.50477981567383	59.573822021484375
45.84221792221069	47.442200660705566
59.92129325866699	60.345826148986816
46.03020429611206	47.30180311203003
53.11187553405762	52.28719711303711
52.02919006347656	54.25895118713379
62.34577941894531	67.0551528930664
54.604347229003906	56.502105712890625
59.8564567565918	61.15165710449219
66.97322273254395	65.52720737457275
52.090434551239014	54.104820728302
52.84517812728882	52.82851839065552
45.1260986328125	46.924556732177734
62.04672288894653	64.50675201416016
61.96610450744629	61.090660095214844
50.4729118347168	49.409061431884766
60.04713249206543	61.07025146484375
53.53154897689819	54.29551935195923
54.205406188964844	55.26358413696289
68.32972526550293	64.76463317871094
55.24760818481445	53.58422088623047
58.992156982421875	57.17329502105713
66.73739433288574	65.7030200958252
63.04415988922119	60.51395273208618
50.848838806152344	52.111724853515625
46.39571809768677	46.106592655181885
70.52273368835449	74.06885433197021
71.39611721038818	72.54287719726562
64.49795579910278	62.320186614990234
48.52631759643555	47.8483772277832
65.60357570648193	65.35674095153809
50.20787572860718	49.804012298583984
54.475905418395996	56.41900062561035
70.90876531600952	67.30853271484375
61.96629333496094	68.81405639648438
46.920188903808594	44.3576774597168
53.60973119735718	54.4672966003418
70.04083442687988	67.64218139648438
68.98219108581543	69.3276309967041
56.739827156066895	56.206912994384766
56.06813430786133	57.76176834106445
59.02782440185547	61.59548807144165
61.33656883239746	62.22883653640747
72.209951877594	72.4424843788147
72.67561388015747	74.85144710540771
78.88155841827393	72.19026374816895
56.65083360671997	57.48759698867798
57.02996063232422	56.61392593383789
54.43546772003174	53.84793281555176
61.388121128082275	62.93569993972778
56.487656593322754	57.13091468811035
59.053985595703125	57.967180252075195
50.83868408203125	48.37559509277344
50.230528831481934	52.142985820770264
60.96197509765625	57.897666931152344
43.93984079360962	44.97504901885986
59.037179946899414	58.06381416320801
64.90292549133301	64.20012474060059
52.86955118179321	52.254830837249756
51.309051513671875	52.048434257507324
58.42015743255615	58.72546195983887
64.05865383148193	62.9527645111084
52.658143043518066	53.78744602203369
45.624205112457275	46.30105638504028
54.765897274017334	54.703781604766846
54.74178695678711	60.4291877746582
48.3825159072876	49.71464252471924
42.00654888153076	42.458077907562256
54.78915309906006	54.66588306427002
56.03302764892578	53.48610305786133
61.11739730834961	62.83919143676758
59.789443016052246	59.3919095993042
77.17525291442871	73.98060607910156
60.941710472106934	60.94468593597412
67.07393550872803	68.40270948410034
49.62473106384277	51.95688199996948
56.77233695983887	56.63996696472168
56.29318571090698	56.02220964431763
54.75876045227051	57.753461837768555
57.36312389373779	59.97746467590332
77.51604986190796	76.16498374938965
59.453460693359375	55.145835876464844
61.037230491638184	64.88546848297119
52.43499755859375	51.86137819290161
61.99057960510254	61.25990867614746
56.93863296508789	55.34187698364258
55.07129716873169	55.52652454376221
55.84937238693237	53.506919860839844
49.03776168823242	49.857444763183594
76.93085289001465	75.53196144104004
56.8999400138855	57.272316455841064
54.394813537597656	53.335052490234375
68.02802181243896	66.10317420959473
60.6382417678833	59.20760631561279
63.24739074707031	60.352508544921875
67.00755500793457	66.13400459289551
64.33732509613037	65.09121894836426
64.08604955673218	67.01519966125488
64.22682094573975	62.832969188690186
54.40432357788086	54.969905853271484
52.08238363265991	51.94904279708862
44.85516881942749	46.21633815765381
56.00017547607422	55.56077194213867
49.40989303588867	51.03744125366211
52.76086711883545	54.66539001464844
50.897242069244385	52.45945501327515
54.833984375	54.723079681396484
51.7288556098938	49.98444986343384
52.33401870727539	52.61724090576172
45.939571380615234	46.47349548339844
65.99339962005615	63.86775016784668
46.091872692108154	46.31227493286133
62.91492462158203	64.95588779449463
71.79393196105957	67.08485412597656
64.62915229797363	67.5789041519165
65.68973541259766	64.24122381210327
49.35525846481323	49.91332197189331
53.983819007873535	53.70104217529297
66.56210517883301	69.75309562683105
62.10083246231079	59.97157144546509
47.637481689453125	45.55964660644531
67.70647430419922	68.95429372787476
54.04265785217285	57.64023399353027
53.814090728759766	55.471961975097656
64.80996704101562	65.43604040145874
41.99033832550049	40.40088701248169
55.258838176727295	52.08709001541138
53.85633087158203	53.10254669189453
60.29377555847168	59.80974626541138
52.48959255218506	53.29407358169556
59.05982303619385	60.2990403175354
56.78258800506592	57.91701650619507
47.73283815383911	49.16661596298218
77.27728271484375	76.06744194030762
57.092655181884766	57.37986373901367
54.4866828918457	53.39146614074707
62.50961256027222	64.18915462493896
56.59463882446289	56.55255889892578
59.20349836349487	57.40552568435669
53.80165100097656	52.260236740112305
55.58496856689453	58.11457824707031
50.47540760040283	51.57629060745239
56.161131858825684	57.02375507354736
51.17552947998047	50.31629943847656
58.259568214416504	58.61393928527832
55.52584266662598	57.88679504394531
50.68323516845703	53.004207611083984
72.05254364013672	70.3381929397583
52.15903091430664	51.297576904296875
51.45738935470581	47.640766620635986
51.477333068847656	53.154449462890625
50.40399408340454	51.368178367614746
57.75978326797485	59.682661056518555
63.62909173965454	64.00181579589844
55.57645797729492	57.063965797424316
67.2392749786377	67.4850287437439
46.18969917297363	47.70889377593994
48.822662353515625	50.39173889160156
50.90469312667847	52.93953609466553
66.78359985351562	68.03998470306396
41.24881458282471	43.65934705734253
67.21219062805176	61.007089614868164
74.66736793518066	76.69479370117188
56.792046546936035	56.34534931182861
51.144232749938965	51.497456073760986
60.65475797653198	55.0220890045166
44.056031703948975	43.28654479980469
54.602952003479004	55.88498592376709
87.05342769622803	81.88810920715332
49.99495315551758	50.65553283691406
70.11046552658081	66.85539388656616
60.19430637359619	59.58017921447754
48.50827407836914	50.32373809814453
60.34973907470703	58.94455337524414
61.739402770996094	57.953514099121094
51.581016540527344	51.498756408691406
68.88501691818237	70.49639225006104
47.147157192230225	45.88581991195679
44.46461582183838	46.42203378677368
54.05783700942993	53.88488817214966
52.15107011795044	50.46345806121826
57.82792091369629	61.04456424713135
49.95996856689453	52.712217807769775
51.55204772949219	51.06768798828125
60.0188307762146	58.66919136047363
47.20912790298462	49.86685562133789
44.39582824707031	43.915374755859375
60.08648872375488	61.799445152282715
63.816545486450195	61.83069372177124
71.92765712738037	70.53102016448975
48.88355112075806	52.8387451171875
57.86486577987671	56.20453977584839
52.125980377197266	52.5479621887207
64.37444162368774	63.762818813323975
59.11015748977661	54.81127166748047
70.338613986969	70.32531881332397
56.79258728027344	56.15024757385254
64.49565982818604	64.42971611022949
53.32124328613281	55.28166580200195
52.53722381591797	51.91379165649414
64.76567268371582	61.815409660339355
58.19403648376465	59.41765785217285
59.86190986633301	63.241098403930664
58.78571319580078	59.02097511291504
49.30507850646973	51.79602241516113
52.79169273376465	53.413055419921875
53.7557430267334	56.95228385925293
55.97367238998413	56.992379665374756
78.81617546081543	77.2262134552002
62.08143997192383	62.013882637023926
57.88373136520386	59.184508323669434
53.8654899597168	53.913230895996094
63.06899833679199	64.13912057876587
52.140143394470215	52.53480577468872
50.430129528045654	51.774168968200684
51.28925323486328	55.21261215209961
54.21996259689331	55.043503761291504
67.57594919204712	66.83213663101196
59.367319107055664	59.193052768707275
49.66673469543457	52.45740795135498
56.882362365722656	57.66023254394531
64.35075426101685	63.27356147766113
63.566789627075195	65.82849025726318
58.357038497924805	56.0225772857666
52.24722385406494	51.729965686798096
63.97822380065918	64.722487449646
52.0121750831604	53.53701305389404
75.3104395866394	71.29011297225952
61.55587100982666	58.49572706222534
57.92793273925781	54.48809814453125
51.04428482055664	51.13615036010742
43.05644607543945	43.06409454345703
53.139984130859375	53.7291374206543
56.59517288208008	52.56363296508789
61.944063663482666	66.86372327804565
61.94817066192627	61.169617652893066
54.38688278198242	55.08013153076172
43.31962966918945	46.65776014328003
67.47608184814453	70.47431421279907
49.78817892074585	49.219934940338135
51.58461284637451	51.5570011138916
58.23992872238159	58.38039016723633
50.08460998535156	50.323822021484375
59.35671901702881	57.51238489151001
43.48738098144531	47.27495574951172
64.60136413574219	64.9012279510498
58.84897470474243	57.161354541778564
62.17155361175537	59.85327100753784
56.18086242675781	55.323516845703125
50.92328071594238	49.611568450927734
57.48060607910156	59.07594966888428
59.715972900390625	55.616703033447266
67.39428043365479	70.0892162322998
58.27196502685547	58.24678659439087
51.96691131591797	52.10368347167969
47.5077428817749	46.68683624267578
58.39700222015381	55.33218860626221
54.38749122619629	57.48527526855469
53.54107666015625	54.525660037994385
55.227455139160156	51.131752014160156
61.69032096862793	63.1496524810791
60.69978475570679	60.66050863265991
54.58062744140625	56.668670654296875
55.80237579345703	55.444454193115234
56.28501892089844	54.15278720855713
58.97873783111572	60.95072364807129
62.903926849365234	62.09541320800781
76.04150390625	78.82003211975098
52.65016222000122	56.81441402435303
66.62436008453369	64.36469078063965
80.41454887390137	74.36942481994629
63.055177211761475	63.53710699081421
55.68251705169678	57.10029697418213
51.47897243499756	54.108004570007324
63.06453990936279	62.92970132827759
63.520355224609375	63.33427429199219
52.30650329589844	54.230377197265625
66.27911567687988	60.07984161376953
61.60632133483887	62.915940284729004
62.27467489242554	58.78455877304077
69.29914855957031	69.56303215026855
59.945817947387695	57.89614677429199
71.01344919204712	69.37010955810547
61.76527404785156	62.19514465332031
64.57890510559082	61.96500301361084
60.44174671173096	66.47778081893921
56.687453269958496	56.19113302230835
55.221070289611816	52.22661590576172
52.24742317199707	55.44100284576416
61.44679927825928	63.02700662612915
56.448588371276855	56.284027099609375
43.98683452606201	45.816699504852295
66.6869945526123	70.01210117340088
68.63110542297363	64.1517162322998
53.37864828109741	57.91201972961426
59.08947944641113	60.72372913360596
50.98739433288574	52.97292423248291
57.36397933959961	57.680368423461914
63.059144020080566	62.51301288604736
67.65904378890991	67.52641868591309
48.33012771606445	50.46869373321533
61.61200523376465	61.83066749572754
49.3113489151001	48.47481441497803
64.06728219985962	65.9029688835144
49.864842891693115	51.72084665298462
63.879075050354004	62.79542922973633
48.04787540435791	51.84819269180298
68.81002950668335	64.82994031906128
55.05913066864014	57.250802993774414
58.283212184906006	59.62266540527344
56.50619602203369	55.041654109954834
72.64631414413452	69.34661102294922
45.937132835388184	49.170554637908936
50.95352649688721	49.70855712890625
65.70910453796387	66.11010074615479
52.38942337036133	50.94409990310669
63.76151132583618	65.33067226409912
66.42607879638672	67.8745641708374
53.98096704483032	53.43377494812012
49.51588296890259	51.45802116394043
53.72754764556885	53.46284580230713
63.694143295288086	63.68500232696533
81.34413003921509	81.57647037506104
50.38457536697388	52.84878730773926
56.65143871307373	60.19196319580078
58.82546138763428	58.09802055358887
52.69566535949707	55.42905521392822
43.0875883102417	43.499680519104004
60.09532928466797	62.580976486206055
58.235182762145996	59.89786624908447
67.202467918396	64.6136384010315
51.156174182891846	53.31414079666138
49.143738746643066	49.685730934143066
58.15920066833496	56.10410928726196
63.217031478881836	61.44286394119263
52.31949806213379	51.753950119018555
71.92060661315918	72.90476417541504
67.69866943359375	62.44755744934082
70.26239776611328	71.62303161621094
68.019455909729	67.36359357833862
49.005348205566406	50.855918884277344
53.19558620452881	54.7563271522522
59.76017951965332	61.481876373291016
62.20607900619507	59.9362735748291
56.648040771484375	59.35942077636719
44.806986808776855	46.90437459945679
60.389596939086914	61.68612098693848
56.66062259674072	57.815749168395996
67.73800659179688	64.75250244140625
54.44448280334473	54.27909564971924
58.97335195541382	60.571197509765625
49.90320158004761	47.20069646835327
69.05754232406616	64.76181077957153
59.84875679016113	58.73588562011719
51.794395446777344	53.65761756896973
72.31097221374512	70.20615911483765
64.994469165802	64.03550004959106
59.62051868438721	60.97240447998047
52.8382568359375	54.78740310668945
56.60138130187988	57.266812324523926
64.76175498962402	63.911630630493164
56.00102996826172	54.56336212158203
78.75847721099854	76.14702415466309
62.074623107910156	63.09520721435547
70.25285196304321	72.83225727081299
64.79123640060425	67.37394571304321
53.79631042480469	53.13434982299805
55.44124889373779	56.83642101287842
43.62376880645752	43.547051429748535
52.315284729003906	54.69307327270508
51.335166931152344	48.34772491455078
56.38362121582031	58.48823261260986
68.76917123794556	71.47027015686035
42.999452114105225	43.99684143066406
62.45534420013428	61.33341693878174
51.617619037628174	50.40447950363159
61.637566566467285	65.34689426422119
54.42677164077759	54.76104784011841
68.90072822570801	69.79856967926025
59.47715759277344	60.0264892578125
56.70490264892578	55.2105598449707
54.38805389404297	54.29591751098633
68.60654354095459	67.80067491531372
61.863646507263184	61.9541072845459
52.978185176849365	53.47520589828491
58.55690956115723	64.84133243560791
65.72396278381348	66.38323783874512
74.5891170501709	72.47478675842285
98.34329223632812	95.50607299804688
46.979519844055176	46.78070688247681
60.8844108581543	62.32247829437256
66.76059198379517	71.8196849822998
50.478225231170654	48.92841911315918
58.895856857299805	59.52272987365723
57.11704874038696	56.64957618713379
49.4916467666626	47.81794023513794
50.98922777175903	51.05316114425659
75.77921962738037	73.61824083328247
55.54378128051758	51.32331085205078
54.625675678253174	51.97643423080444
69.1983551979065	64.54733943939209
53.86079549789429	54.23701286315918
56.44334411621094	57.370147705078125
53.72134017944336	53.89241409301758
76.59016609191895	74.51489448547363
77.09991455078125	74.87470149993896
68.52263069152832	68.22831678390503
49.103843688964844	49.94313049316406
51.68665361404419	49.36917734146118
53.076438903808594	55.70137977600098
67.22545051574707	70.00796699523926
68.11355638504028	68.29138374328613
60.87612533569336	61.158119201660156
65.66598510742188	62.75296926498413
64.72025299072266	63.108694076538086
70.43061208724976	69.10986328125
56.03217315673828	54.66582489013672
54.23652648925781	50.27400207519531
61.406593322753906	61.247161865234375
57.572044372558594	55.518375396728516
55.52353763580322	59.745574951171875
49.44864273071289	49.46648025512695
55.90555286407471	57.404937744140625
51.16865539550781	51.938316345214844
51.63737344741821	53.882201194763184
71.01506233215332	73.00539493560791
60.84819030761719	61.323301792144775
58.534478187561035	57.81576633453369
67.14353227615356	63.377037048339844
53.10193634033203	49.20831918716431
68.70107793807983	70.3541579246521
65.90460062026978	60.62164878845215
50.163875579833984	51.610660552978516
59.84941864013672	60.90528106689453
56.21642303466797	56.57643127441406
60.236711502075195	61.44247055053711
54.04510498046875	51.786705017089844
65.50098609924316	64.27948665618896
52.46622848510742	55.39982604980469
66.67605543136597	64.68315267562866
48.504905700683594	49.02711486816406
57.09488296508789	57.96169662475586
63.61574077606201	61.35048866271973
62.95808792114258	64.8603286743164
69.35794830322266	68.5279769897461
62.059608459472656	60.236183166503906
61.33214712142944	64.83718967437744
48.37211513519287	47.16378307342529
47.30795192718506	48.23818349838257
59.774837493896484	59.51360321044922
60.82423400878906	61.46918869018555
58.02541732788086	57.9967041015625
51.645198822021484	51.188011169433594
60.220370292663574	58.215203285217285
86.07581806182861	86.52774143218994
60.94845771789551	64.11927223205566
74.6796703338623	76.606125831604
55.164031982421875	53.62989044189453
50.41510009765625	48.93791961669922
63.19161415100098	59.08578872680664
51.57183265686035	54.6498498916626
67.52124738693237	67.72112989425659
53.202606201171875	53.94133377075195
47.04274892807007	47.452250957489014
79.12785530090332	81.79938554763794
60.245182514190674	60.39386701583862
65.85455417633057	70.06295204162598
63.63581085205078	64.7013988494873
61.82932949066162	59.63556146621704
58.1793212890625	60.317139625549316
64.24945878982544	63.73088073730469
60.571373462677	60.18862009048462
67.55995178222656	66.74996185302734
57.85994482040405	59.11478233337402
86.0623230934143	87.76048851013184
61.48534917831421	63.245405197143555
59.1507568359375	56.655860900878906
55.04489850997925	52.133551597595215
59.89402770996094	59.542880058288574
52.94353485107422	52.147132873535156
59.445862770080566	60.82880973815918
63.80284309387207	65.96421718597412
71.74766302108765	75.90352058410645
60.35555839538574	56.21194362640381
57.992682456970215	60.642433166503906
83.01197957992554	80.30100393295288
60.049232482910156	60.970909118652344
66.3705587387085	67.14858055114746
61.27152442932129	62.94203758239746
68.94597673416138	65.11068534851074
64.5364761352539	62.723398208618164
64.27487325668335	63.14479207992554
47.47725820541382	45.481284618377686
63.623862743377686	62.26457738876343
56.65663242340088	53.38787078857422
52.02035617828369	51.51559829711914
61.985137939453125	63.2938928604126
63.96319627761841	64.32453918457031
68.3551697731018	66.80774545669556
73.10826873779297	72.20242881774902
80.98697090148926	79.10810279846191
48.81870746612549	47.530630588531494
53.724700927734375	52.7064905166626
61.71145439147949	59.35141563415527
64.87564086914062	62.81728744506836
56.715728759765625	56.41487407684326
61.16670274734497	59.246185302734375
56.79558706283569	54.5537109375
48.23153829574585	50.960782527923584
49.54588508605957	51.22744560241699
61.521682262420654	63.3662052154541
64.28840446472168	66.62128973007202
76.10185432434082	76.21334266662598
50.97260141372681	53.08738374710083
54.06041717529297	58.906158447265625
69.31030035018921	70.28811836242676
58.57833766937256	57.4975790977478
60.43917465209961	60.4911994934082
67.4278244972229	64.83040761947632
59.30933380126953	57.32745361328125
53.011213302612305	53.74697971343994
71.60077571868896	72.92092323303223
68.43861436843872	69.2495641708374
50.96143674850464	50.85792636871338
63.476566314697266	64.45262145996094
64.94694709777832	65.59613227844238
62.50077962875366	65.62156867980957
67.36591958999634	69.695969581604
66.24440050125122	71.72138977050781
48.13594436645508	47.027913093566895
68.33770561218262	69.60051584243774
53.91701030731201	57.8137149810791
87.3921446800232	85.7383508682251
52.130866050720215	51.43421792984009
65.46333503723145	66.93325996398926
54.872923851013184	55.79237651824951
51.818641662597656	50.055259704589844
57.20772933959961	59.72929000854492
65.12849378585815	61.220892906188965
60.475067138671875	61.32871341705322
52.86918640136719	53.31646108627319
53.21245193481445	50.60348129272461
70.17197370529175	69.78577423095703
51.12091302871704	51.644179344177246
63.65246772766113	58.17601680755615
56.804110527038574	54.0551323890686
64.83237171173096	64.20423984527588
66.50958251953125	66.91351318359375
65.36341667175293	65.42871952056885
69.47679233551025	68.97793579101562
55.85329532623291	55.08531093597412
51.641587257385254	51.529428005218506
48.89200973510742	50.68310546875
57.79248809814453	58.09032440185547
60.631935596466064	57.15574550628662
46.81291055679321	48.200979709625244
47.867440700531006	46.56450033187866
55.28411293029785	56.115636348724365
60.67904281616211	62.08470153808594
55.83250951766968	51.81398630142212
49.39942169189453	49.040852069854736
70.56167411804199	68.20783948898315
53.54610586166382	54.27473545074463
54.30973768234253	55.24092388153076
69.20340728759766	70.47933769226074
55.84808349609375	56.305551528930664
49.66561937332153	50.106961250305176
58.15060615539551	59.218459129333496
67.00826168060303	64.82244968414307
52.922821044921875	53.25273513793945
53.10724496841431	53.62952470779419
48.18176031112671	50.222047328948975
68.01905632019043	69.90433692932129
47.04355335235596	47.502509117126465
55.23084259033203	56.10972595214844
57.00348091125488	58.55235481262207
67.82687997817993	65.49200677871704
61.64857482910156	62.83349609375
69.11401224136353	68.76886177062988
65.96756601333618	62.62273979187012
51.75264644622803	51.870816707611084
56.91199493408203	54.65490102767944
48.920387268066406	46.709922790527344
55.612393856048584	54.31864643096924
63.097537994384766	62.676124572753906
63.9536190032959	65.3262186050415
64.9562931060791	63.38711357116699
58.63192558288574	56.597938537597656
59.74226951599121	61.25248908996582
50.643463134765625	50.71595764160156
54.61167526245117	52.329986572265625
73.08256530761719	71.26736640930176
67.39766597747803	67.27389335632324
53.017775535583496	53.23835468292236
60.968507289886475	59.3366494178772
54.07956504821777	55.80168056488037
61.50300455093384	62.86029672622681
65.71255493164062	66.86092376708984
46.354018211364746	46.261849880218506
55.676719665527344	55.76025390625
67.80259132385254	73.32242488861084
89.05163526535034	93.32588195800781
54.84377145767212	54.20134162902832
71.44659662246704	74.06475067138672
66.18544578552246	67.29812622070312
72.15696716308594	71.57986307144165
58.08964729309082	57.58387565612793
58.86349678039551	56.520142555236816
60.16838836669922	61.201751708984375
59.114437103271484	61.67258834838867
49.80101013183594	49.14569091796875
49.03596496582031	49.71691131591797
55.420013427734375	55.05996322631836
61.0102276802063	63.59034585952759
59.726959228515625	59.06902313232422
73.33128547668457	74.59893608093262
64.53556251525879	67.41548252105713
65.06677150726318	64.33812618255615
49.32888412475586	49.87242126464844
71.07586860656738	70.64084053039551
67.20503425598145	67.0901198387146
60.39508819580078	59.99497890472412
64.56851434707642	65.09683799743652
55.198636054992676	53.76893997192383
67.71407461166382	68.35033321380615
83.23287963867188	85.28549194335938
58.15103530883789	55.603248596191406
63.32318115234375	64.47942972183228
58.90971279144287	59.285539627075195
48.22720193862915	49.82277250289917
62.230125427246094	64.22570037841797
61.89411735534668	57.706987380981445
60.93139028549194	59.55198812484741
48.34360980987549	46.91592359542847
55.94510221481323	50.93560838699341
54.540321350097656	53.84504985809326
68.07520914077759	65.45064306259155
60.17527770996094	61.269906520843506
70.12796878814697	72.36394357681274
54.49461364746094	52.963340759277344
49.20036697387695	50.430213928222656
58.14106750488281	60.897891998291016
65.6663990020752	62.22648525238037
64.60707187652588	64.7385025024414
62.55999565124512	64.42403316497803
71.80637168884277	66.99836540222168
60.76341104507446	58.69722604751587
55.561981201171875	56.62599563598633
42.518035888671875	45.328468322753906
45.94316101074219	47.22275638580322
61.50643491744995	61.5236496925354
53.640729904174805	53.67200231552124
69.6053466796875	72.48251152038574
63.39284420013428	59.900827407836914
72.38040733337402	76.6215648651123
59.309507846832275	60.23796844482422
51.74155569076538	51.533541202545166
46.45195770263672	49.21251821517944
61.90219974517822	60.394630908966064
66.4537353515625	63.08404541015625
49.032867431640625	50.19075393676758
59.352760314941406	58.98601531982422
65.12087821960449	66.95171356201172
66.91211128234863	68.72750759124756
59.05324935913086	59.403076171875
64.30870866775513	63.70438194274902
61.91530227661133	64.56238746643066
66.59259033203125	68.71827697753906
47.48623037338257	46.37266683578491
56.42811155319214	53.870468616485596
56.350669860839844	56.81659698486328
65.68170070648193	65.43095588684082
55.82730770111084	58.252058029174805
57.6394100189209	55.743324279785156
56.329668045043945	56.108169078826904
59.516587257385254	59.80360507965088
44.86418914794922	46.68212890625
55.624117851257324	55.148587226867676
44.16818380355835	44.94068479537964
51.83096885681152	51.872620582580566
69.33938026428223	67.31602478027344
57.14447021484375	56.98591613769531
61.500067710876465	65.04562377929688
52.651535511016846	50.905654430389404
64.82462406158447	64.31973934173584
54.001216888427734	55.05811309814453
70.09070682525635	70.52768516540527
49.0884165763855	50.5911078453064
68.83922624588013	70.00829410552979
55.89121341705322	54.30830955505371
51.77641201019287	49.09551286697388
64.87800407409668	66.33745765686035
53.00052309036255	52.913108825683594
54.21992111206055	54.72502899169922
58.785057067871094	60.61373043060303
60.83873176574707	58.1136417388916
64.56943559646606	62.507627964019775
55.984620094299316	57.54741668701172
55.532325744628906	56.97749900817871
65.88640451431274	66.1572093963623
50.609920024871826	51.27265214920044
68.73880672454834	68.55905342102051
66.7990894317627	68.03372955322266
63.00322723388672	62.14492893218994
51.68846273422241	54.7744779586792
47.27807092666626	45.460880756378174
52.84174728393555	58.54754638671875
