49.536373138427734	46.68198013305664
42.02628707885742	40.95566940307617
35.619566917419434	40.56444311141968
47.26855516433716	50.84917116165161
44.35495042800903	50.22126293182373
41.125393867492676	37.2346715927124
39.375274658203125	40.25086212158203
33.34416675567627	35.43559169769287
47.16786861419678	54.67937231063843
51.205467224121094	57.298702239990234
45.18485927581787	51.42935800552368
45.72326612472534	51.57612705230713
46.983131408691406	50.870116233825684
36.67221450805664	42.125367164611816
45.77330303192139	51.42415809631348
34.227728843688965	40.84641456604004
58.47031545639038	64.51744794845581
31.844836235046387	28.441529273986816
62.41347122192383	67.36785125732422
41.96173858642578	49.82371139526367
48.293025970458984	51.16825485229492
46.292818546295166	51.56453466415405
44.55782175064087	43.096176624298096
47.70193099975586	54.65141296386719
37.69230937957764	46.73665237426758
32.6603569984436	35.468665599823
42.614216327667236	47.78083658218384
36.37770080566406	41.755760192871094
52.17926788330078	50.006446838378906
50.05484104156494	55.9177303314209
40.38387966156006	45.84848499298096
43.222344398498535	45.81726694107056
36.14430522918701	43.17858171463013
43.00849628448486	47.80893802642822
44.39659881591797	49.785987854003906
38.03849744796753	41.5481538772583
48.38464164733887	37.236785888671875
38.42326354980469	41.1522331237793
44.74628448486328	45.7607364654541
42.83744716644287	45.03434371948242
34.07568693161011	32.63874053955078
34.100770473480225	38.48144817352295
45.976539611816406	49.2369647026062
44.32426071166992	48.61981964111328
30.425811767578125	37.09962844848633
48.00950622558594	53.316062927246094
43.905083656311035	49.76297664642334
34.8896369934082	32.521639823913574
45.403746128082275	49.37311601638794
38.628567695617676	43.5229287147522
39.165329933166504	45.75813961029053
41.0923547744751	42.59773921966553
36.908010959625244	41.71272039413452
49.36695432662964	56.11924171447754
41.621646881103516	46.831692695617676
32.45742845535278	31.82105541229248
50.30151844024658	53.14125967025757
45.69769287109375	50.98174285888672
51.310157775878906	56.98543167114258
37.92392349243164	44.15514278411865
39.825279235839844	43.8773832321167
42.46366214752197	46.04476881027222
51.737382888793945	55.49830341339111
37.0484504699707	42.265671730041504
44.2918381690979	51.067450523376465
45.32985591888428	49.85398721694946
38.037216663360596	33.17451477050781
49.42700242996216	54.646400928497314
51.890995025634766	57.080162048339844
28.651111125946045	42.17698097229004
40.836018085479736	45.567992210388184
33.46292209625244	36.85778045654297
54.35731506347656	48.24213409423828
42.30138874053955	47.08781719207764
51.75460481643677	56.72527456283569
42.529358863830566	43.34343910217285
38.19516849517822	42.28937816619873
32.0863676071167	28.586201667785645
47.45655059814453	41.22876739501953
36.28557205200195	32.231231689453125
48.676631927490234	54.98851013183594
29.21389102935791	27.441577911376953
32.578986167907715	38.61666011810303
46.42405414581299	43.80579471588135
39.98405456542969	44.93642520904541
45.81980037689209	50.00553035736084
38.3248291015625	46.67180919647217
34.184715270996094	32.48599147796631
35.3088903427124	36.12724304199219
39.2143988609314	43.443284034729004
47.7297477722168	32.33847141265869
43.77700662612915	49.461262226104736
39.661376953125	44.14554691314697
43.76802921295166	38.50363826751709
38.666842460632324	42.60643672943115
44.22883605957031	49.28662872314453
45.14302587509155	50.35971736907959
48.54200887680054	53.17927122116089
41.92619323730469	40.83930253982544
51.25775146484375	55.39431381225586
50.42108392715454	56.384087562561035
49.80170392990112	49.22374677658081
40.96082782745361	41.85747528076172
43.390769481658936	42.131324768066406
49.783246994018555	41.05423450469971
39.004210472106934	46.03511905670166
37.925185203552246	31.17982006072998
38.33174180984497	38.4472017288208
47.88237762451172	47.269286155700684
40.21247577667236	46.260884284973145
40.34676456451416	45.38755416870117
43.978209495544434	45.578209400177
44.05217742919922	47.08130645751953
40.82476282119751	44.12317943572998
52.2398796081543	58.69618225097656
40.58793067932129	44.9293327331543
52.342222690582275	60.92516613006592
54.47014331817627	60.471205711364746
46.12636947631836	45.18906831741333
52.743072509765625	50.39289474487305
30.197218894958496	37.0288782119751
37.88239288330078	42.11927890777588
49.966790199279785	55.07351016998291
51.947959899902344	59.30177307128906
50.176483154296875	56.37063503265381
44.06300449371338	49.515575885772705
45.57768201828003	47.40001344680786
35.913543701171875	38.79441022872925
43.57312488555908	48.633012771606445
46.85412645339966	56.07988166809082
46.81678771972656	51.913726806640625
40.66458034515381	46.03554153442383
44.35634899139404	48.18886661529541
41.64322280883789	46.99165630340576
44.99761962890625	51.147735595703125
53.055373191833496	58.1974401473999
50.389984130859375	50.77650833129883
39.55188989639282	45.47371435165405
36.00276327133179	40.13532781600952
36.01419925689697	39.62977123260498
41.29060363769531	37.642035484313965
53.92694091796875	59.35305404663086
51.77948617935181	58.3339786529541
38.39252758026123	42.48635959625244
43.61246109008789	45.53083419799805
39.01300048828125	47.199368476867676
47.60312557220459	51.91446256637573
46.62755250930786	52.12457752227783
46.18022584915161	50.433273792266846
50.85647439956665	49.534324645996094
47.25054407119751	52.04249620437622
33.966450691223145	35.79970836639404
57.5003719329834	56.380295753479004
57.59757995605469	57.06227111816406
35.31709384918213	37.425862312316895
46.85170650482178	51.305633544921875
47.35763931274414	51.92435836791992
47.2646164894104	53.619651794433594
57.25967502593994	49.37216138839722
46.54814910888672	52.562931060791016
48.538002014160156	52.90631103515625
46.814247131347656	50.46239471435547
31.114070415496826	36.176249980926514
44.23264980316162	49.65181827545166
53.191871643066406	58.751617431640625
31.884010791778564	33.27776098251343
41.87410593032837	48.75154638290405
56.1785888671875	62.55641412734985
37.02401638031006	41.677823066711426
41.85837650299072	48.21519470214844
46.70581865310669	51.63270711898804
43.40446472167969	47.288299560546875
47.123475074768066	50.649019718170166
51.50557565689087	55.524292945861816
55.434088706970215	63.473854064941406
37.718727111816406	45.31990575790405
48.07735204696655	51.110228538513184
36.20154619216919	37.613911628723145
46.76426458358765	45.98669672012329
44.387755393981934	50.2141809463501
49.42621612548828	54.744590759277344
30.103239059448242	26.225605249404907
58.65674591064453	58.61717224121094
49.70465898513794	49.40578365325928
45.07260990142822	50.459054946899414
35.6790075302124	37.62056064605713
36.24226140975952	41.11237955093384
46.63524627685547	49.63283157348633
55.955780029296875	61.654869079589844
45.620765686035156	50.48582077026367
31.261656761169434	36.44101095199585
54.20889902114868	61.32541751861572
41.16141939163208	45.72623682022095
63.97895908355713	69.95776176452637
42.852946758270264	44.25517177581787
40.49071979522705	45.10970401763916
33.974135398864746	35.40795421600342
42.72639846801758	45.06108808517456
47.21669340133667	51.40638542175293
37.055504322052	41.21077299118042
47.925015449523926	51.52140951156616
55.801578521728516	60.9168815612793
36.84769153594971	43.82209300994873
34.81081295013428	37.496575355529785
56.38801956176758	64.40461730957031
53.18002939224243	59.171157360076904
43.81888675689697	48.34143686294556
45.52646541595459	50.28469276428223
45.080374240875244	51.4923734664917
40.87788772583008	45.1858024597168
45.92033672332764	52.49511003494263
34.08491849899292	38.90285015106201
45.64896583557129	47.38992977142334
45.826422691345215	51.05354166030884
44.44979238510132	50.431227684020996
39.479098320007324	43.02828311920166
50.26531267166138	54.30593919754028
51.816123962402344	58.06715393066406
46.6628737449646	53.38819122314453
69.27804565429688	71.03736209869385
47.64393711090088	50.7125301361084
43.05278921127319	45.731032848358154
31.396465301513672	35.346802711486816
44.50825500488281	49.073493003845215
38.33904504776001	43.0177059173584
36.42770290374756	34.44059658050537
44.438886642456055	51.324148178100586
46.06570386886597	50.756775856018066
50.41404962539673	52.47291326522827
35.44925594329834	36.08778762817383
34.99424457550049	38.44398880004883
39.199066162109375	48.75244140625
44.119025230407715	47.99965810775757
37.60590076446533	42.23635721206665
38.068034172058105	43.888704776763916
35.708794593811035	39.62250232696533
47.772820472717285	48.25507307052612
40.17249011993408	46.160888671875
38.96458339691162	44.723350048065186
40.38450622558594	47.8489294052124
41.03349208831787	44.04580307006836
48.2778434753418	54.204627990722656
54.583065032958984	67.45273733139038
38.95851230621338	46.13467311859131
59.73149871826172	61.958500385284424
51.99271869659424	58.58446502685547
46.517452239990234	51.33808708190918
34.982516288757324	38.63175868988037
46.95666217803955	53.24044418334961
40.724857330322266	45.6844367980957
39.39688968658447	36.129215240478516
54.7598876953125	54.736061096191406
31.231690406799316	37.88795185089111
42.36619567871094	48.241519927978516
36.40253734588623	41.855770111083984
36.45634078979492	37.35480499267578
41.790321350097656	46.20831298828125
44.77061462402344	43.52017307281494
48.47732448577881	55.16043138504028
39.29080295562744	45.732258796691895
50.87578868865967	53.33636140823364
39.24436950683594	35.768919467926025
46.705848693847656	52.178916931152344
38.37461185455322	43.61206340789795
50.92443323135376	55.983951568603516
31.22032642364502	38.97517442703247
42.881455421447754	47.45592212677002
49.662628173828125	54.35203552246094
39.15212631225586	43.244399070739746
43.98918056488037	47.17422437667847
45.412017822265625	50.44135665893555
48.468913078308105	54.72110891342163
41.13496685028076	42.82297897338867
55.79942226409912	61.148457527160645
34.14553356170654	38.15931701660156
41.45844268798828	47.94117736816406
45.56392002105713	52.93982648849487
43.763031005859375	43.75015687942505
32.64807415008545	26.825989723205566
56.41533851623535	67.50495910644531
44.01491165161133	52.37024688720703
47.546799182891846	54.390867710113525
42.74257135391235	46.29846811294556
36.699116230010986	42.238402366638184
41.55000972747803	48.6287899017334
50.52973222732544	56.601455211639404
50.80372095108032	57.7969651222229
45.63519287109375	50.26103973388672
52.02293586730957	55.33764839172363
50.44625473022461	50.768468379974365
34.165452003479004	36.896690368652344
40.643035888671875	44.112953186035156
45.248130798339844	45.59239482879639
47.30744552612305	53.564964294433594
41.79899597167969	47.74100875854492
34.09661054611206	39.32776689529419
36.441040992736816	41.87915325164795
29.89558458328247	35.72355270385742
58.28607177734375	64.25956726074219
39.58206081390381	42.813225746154785
34.42491817474365	39.884528160095215
43.05889892578125	49.55337905883789
47.70456647872925	51.76873826980591
32.19837284088135	38.361419677734375
50.33971405029297	43.14141082763672
49.03081178665161	52.89893436431885
40.496317863464355	40.17111682891846
32.14025831222534	32.31679439544678
39.73210430145264	43.21632385253906
52.56424331665039	59.79904556274414
48.65943145751953	55.87415266036987
42.847546100616455	46.840961933135986
38.909560203552246	44.09014892578125
32.169161796569824	37.353753089904785
40.52377462387085	47.102787017822266
55.919952392578125	61.41909599304199
44.70097875595093	51.71602821350098
52.702354431152344	61.04335403442383
44.020355224609375	49.841102600097656
37.0925989151001	41.229506492614746
41.53237581253052	47.020251750946045
47.070037841796875	49.987266540527344
58.34406852722168	65.06612300872803
49.95986843109131	55.48201084136963
63.44012260437012	70.92541694641113
53.04981231689453	53.550079345703125
33.70414066314697	37.086493492126465
38.90974569320679	43.43262958526611
49.48143005371094	55.93511199951172
39.64054870605469	43.365174293518066
43.8682165145874	49.26186561584473
35.044143199920654	37.91658401489258
38.976489543914795	42.87116479873657
41.05683088302612	45.2356481552124
46.21959590911865	51.71011209487915
37.85658407211304	45.70218753814697
37.53334426879883	39.16399002075195
47.05646085739136	48.052231311798096
46.62662601470947	41.047654151916504
60.0703067779541	56.88653755187988
35.911866664886475	43.024245738983154
47.265503883361816	53.33291244506836
38.8271369934082	46.11213684082031
38.73683452606201	39.62510585784912
39.269009590148926	43.310851097106934
43.2777795791626	47.874366760253906
38.85576152801514	43.752442359924316
37.8164963722229	42.50327920913696
43.75168323516846	44.651474952697754
32.29690074920654	41.4972038269043
45.50429916381836	52.0051589012146
34.04135799407959	38.768385887145996
44.56881046295166	49.46309804916382
46.515700817108154	49.70210886001587
35.56212615966797	41.92855739593506
41.718605041503906	41.604790687561035
45.743629455566406	47.59849548339844
50.64707946777344	51.58255386352539
41.803690910339355	42.98286437988281
40.875765323638916	45.24493741989136
45.71136474609375	53.005547523498535
33.49428176879883	33.48576784133911
39.07955074310303	41.41326141357422
37.218711853027344	42.11962127685547
46.687049865722656	48.02138614654541
37.14626741409302	42.72082757949829
45.11103916168213	52.44407844543457
39.953125	44.01078796386719
42.76152944564819	47.13484048843384
37.2764368057251	39.50259876251221
45.8875846862793	42.12627029418945
44.96239471435547	51.7628059387207
47.2491021156311	52.75999593734741
53.18817615509033	57.75580883026123
43.71471548080444	47.30620622634888
44.24506759643555	52.67170333862305
41.64401721954346	51.147565841674805
43.798001766204834	50.025033473968506
53.56056213378906	60.1729621887207
41.89259719848633	43.25343704223633
41.31813859939575	48.08227205276489
50.91294860839844	55.29710388183594
40.44592237472534	44.73911809921265
55.04831886291504	61.837148666381836
34.56221008300781	40.13693618774414
50.211366176605225	54.6640248298645
46.60674428939819	38.81775760650635
36.17727327346802	42.04672336578369
36.89047336578369	38.990684509277344
46.17675304412842	50.91277313232422
34.37134265899658	37.640748023986816
47.9995698928833	53.97553110122681
43.16405200958252	46.57946062088013
39.18549728393555	43.66172504425049
48.03547525405884	53.03350019454956
42.17556381225586	47.41539764404297
40.48509120941162	46.85755920410156
41.385475158691406	44.50538921356201
45.32695770263672	48.68420219421387
46.87767171859741	51.41637372970581
42.27392816543579	47.13610219955444
34.30644989013672	36.40113830566406
50.13484239578247	51.557631969451904
53.1182656288147	58.95927143096924
28.001742362976074	33.59337329864502
43.01691436767578	47.206443786621094
41.7255744934082	45.991485595703125
27.400654792785645	25.886801719665527
44.6480712890625	47.51719665527344
41.185028076171875	45.501328468322754
50.002784729003906	56.45564270019531
34.475815773010254	33.519009590148926
39.445186614990234	43.40442180633545
38.46935272216797	45.79853820800781
59.224952697753906	65.31160736083984
41.25889205932617	45.01191329956055
36.55071258544922	37.807969093322754
41.77591609954834	43.86186170578003
48.69146490097046	51.68916702270508
43.01460933685303	46.95411539077759
44.853713512420654	49.73504686355591
38.9979944229126	44.79454708099365
49.08770751953125	55.01356506347656
49.83388137817383	56.114996910095215
38.409027099609375	44.80136489868164
43.11758804321289	50.61714172363281
38.732909202575684	48.639015197753906
48.71569061279297	55.662010192871094
42.88157653808594	49.17626190185547
52.750253677368164	56.967703342437744
42.954033851623535	52.42847299575806
44.52033472061157	49.65932083129883
48.912097454071045	52.071996212005615
49.41248273849487	55.926026344299316
37.54500484466553	43.457266330718994
47.61034870147705	38.97726917266846
48.474815368652344	51.68370056152344
47.490456104278564	54.7476282119751
41.552733421325684	44.26457118988037
61.366249084472656	66.26560974121094
52.87556076049805	48.1611328125
33.96048069000244	38.11221361160278
53.57398986816406	58.555105209350586
44.173935413360596	51.69997787475586
35.015056133270264	39.297852516174316
41.084641456604004	45.414756774902344
44.56248474121094	48.136802673339844
51.40729475021362	53.59468126296997
40.34841537475586	44.44042205810547
37.44422149658203	44.290396213531494
39.16270351409912	44.4603853225708
45.65792417526245	53.78733587265015
35.821016788482666	35.23715162277222
49.06909942626953	53.84683609008789
46.67482376098633	53.45436096191406
41.604477882385254	45.59495830535889
39.272823333740234	43.58574676513672
58.47251510620117	62.91610336303711
34.979095458984375	37.417845726013184
49.65617656707764	54.32497501373291
40.491783142089844	51.265188217163086
41.8883752822876	48.01499080657959
39.42841815948486	43.22632312774658
34.84529972076416	39.10432434082031
59.12668037414551	64.82669067382812
55.01005554199219	59.94650650024414
40.85587406158447	40.85262966156006
41.499698638916016	54.15004920959473
42.934263706207275	47.6027250289917
49.021485805511475	51.88251256942749
36.80682373046875	28.736271858215332
52.41950225830078	57.6954345703125
42.26367425918579	49.09445142745972
35.92101287841797	41.220420837402344
52.78599739074707	58.16701412200928
55.751259326934814	57.34423637390137
41.58570384979248	36.54762554168701
31.588847637176514	28.30061435699463
39.61320495605469	44.10574722290039
43.16063690185547	45.919976234436035
31.904942989349365	34.706809520721436
41.77785873413086	42.235453605651855
42.533935546875	46.86991596221924
48.218976974487305	52.074697494506836
42.67311954498291	48.51108694076538
45.960177421569824	51.25487470626831
44.48411560058594	48.665611267089844
41.52769088745117	47.034613609313965
42.622485637664795	44.45370054244995
38.99255132675171	44.814677238464355
47.10968017578125	55.23786926269531
44.48125505447388	51.716904640197754
47.34017086029053	56.594261169433594
39.36640405654907	46.91535043716431
36.39299011230469	37.94003963470459
52.83876895904541	58.34765434265137
39.45525360107422	42.854705810546875
35.075852394104004	40.67811870574951
57.88274574279785	52.49375009536743
42.785815715789795	47.11070775985718
43.13541126251221	50.41676902770996
57.83488655090332	61.761823654174805
45.91471195220947	44.3904333114624
42.45875930786133	43.650550842285156
53.1893515586853	57.379751205444336
45.50551080703735	48.49251842498779
41.904770851135254	46.50886821746826
42.264678955078125	48.47625160217285
41.12903165817261	41.29913520812988
39.301196575164795	43.83866024017334
44.148056507110596	44.14427471160889
50.99784469604492	59.11784744262695
48.312721252441406	52.10255432128906
50.6287899017334	56.005149841308594
40.66995620727539	48.30713701248169
41.91935729980469	43.101523876190186
47.6436972618103	54.114038944244385
35.663920402526855	40.209935665130615
49.2534556388855	54.60732078552246
47.92189121246338	53.45848560333252
47.65747547149658	54.09495735168457
50.56269645690918	54.257001876831055
36.16593933105469	36.16055202484131
46.853814125061035	41.13936996459961
40.1983757019043	45.98942565917969
40.82033681869507	47.45021152496338
35.207558155059814	36.186766147613525
44.16505813598633	49.215335845947266
40.241051197052	46.44581937789917
51.09178924560547	57.91267013549805
39.70906448364258	43.96889877319336
41.464515686035156	49.084659576416016
56.73735046386719	58.91580581665039
25.16242265701294	30.34618854522705
40.38978958129883	46.677340030670166
49.196876525878906	49.884056091308594
51.39587926864624	59.43122673034668
38.98260498046875	41.185423851013184
48.441749572753906	54.06452941894531
51.49860382080078	58.431236267089844
46.29673385620117	47.367018699645996
47.56379556655884	54.11403560638428
55.06729602813721	60.98873805999756
43.9817008972168	46.98553133010864
38.76312732696533	43.95560359954834
51.07168197631836	51.77851104736328
44.9160041809082	49.40690231323242
32.42500305175781	38.58210754394531
38.927764892578125	42.66526508331299
31.100683212280273	38.615150451660156
41.62470102310181	43.16937255859375
41.619433879852295	46.51696252822876
40.24605751037598	44.23408031463623
47.832823753356934	55.095733642578125
56.02575874328613	59.531620502471924
42.917884826660156	47.43254089355469
46.07355785369873	49.54224872589111
55.89040803909302	61.80063199996948
33.82665252685547	32.2424840927124
40.858431816101074	47.07269287109375
50.67160367965698	56.78796863555908
46.875892639160156	51.126357078552246
43.09967803955078	48.85926580429077
48.78337860107422	51.13102722167969
51.354454040527344	52.54966735839844
48.649728298187256	55.21612024307251
47.1086311340332	52.54584884643555
44.91937065124512	48.57160806655884
39.21956920623779	49.696237564086914
42.05148696899414	47.49125576019287
41.430195808410645	49.25774574279785
43.694759368896484	49.526397705078125
49.387691497802734	52.98220443725586
33.83173656463623	42.171217918395996
45.92108106613159	48.83797025680542
53.76558303833008	53.82671356201172
48.11251640319824	53.20822238922119
40.7126841545105	46.33408451080322
49.118459701538086	47.98853302001953
43.18862056732178	50.83824634552002
44.79423952102661	47.625065326690674
45.36571168899536	51.30197238922119
38.98926830291748	39.278077125549316
45.981215953826904	53.0122447013855
44.83303451538086	50.51637649536133
38.31079959869385	44.198493003845215
49.96020221710205	54.95816707611084
37.283066272735596	43.48761749267578
54.98403549194336	58.00226879119873
32.77057981491089	38.110188007354736
45.802101135253906	52.41072082519531
49.19482421875	53.30611801147461
45.5246000289917	49.2242317199707
51.380794525146484	56.84625244140625
46.41268444061279	53.09089136123657
49.239641189575195	49.478628158569336
38.089470863342285	43.69412899017334
47.45721435546875	51.1610107421875
40.29854965209961	41.66301727294922
44.880446434020996	49.829304695129395
38.42168140411377	41.388888359069824
44.55867576599121	52.92952823638916
32.89910078048706	43.159050941467285
32.54416751861572	38.93050003051758
37.30509853363037	42.02511119842529
39.664294719696045	40.05335330963135
41.3175630569458	33.511245250701904
43.04568099975586	49.85903549194336
35.12840270996094	40.72383499145508
49.322734355926514	53.970107078552246
49.97430896759033	54.56985569000244
46.57711315155029	52.47911024093628
49.31769561767578	55.675363540649414
56.62541913986206	60.79745578765869
50.135990142822266	58.31929016113281
39.793460845947266	46.84939670562744
61.25947952270508	66.08054161071777
49.81014919281006	55.25857400894165
49.81280517578125	55.85906982421875
50.19827651977539	54.09807586669922
39.04775905609131	44.45167636871338
45.04962730407715	51.57454490661621
45.49925231933594	47.95638132095337
52.33255863189697	57.30141735076904
48.1538143157959	36.71371078491211
44.758254051208496	50.2259726524353
61.32894515991211	67.32806396484375
50.29570388793945	55.11649179458618
53.441486835479736	60.419907569885254
45.73004913330078	51.76980972290039
51.121193408966064	56.44906234741211
53.687137603759766	60.21466064453125
44.23853588104248	49.04146385192871
50.364532470703125	49.58484077453613
42.28914260864258	50.39473533630371
48.8393292427063	54.52736473083496
34.200217723846436	37.3181414604187
56.26262664794922	60.580570220947266
56.02292585372925	61.58490324020386
46.69311475753784	50.2742280960083
41.475013732910156	49.460214614868164
43.32872200012207	47.602867126464844
37.62696075439453	40.08580017089844
38.864020347595215	38.858479499816895
54.45231246948242	60.534629821777344
48.2069411277771	53.731433391571045
30.063583850860596	37.89119243621826
46.7523193359375	48.30321550369263
35.35902500152588	39.930630683898926
38.44777250289917	45.884334564208984
43.758323669433594	46.9339485168457
46.72481107711792	51.67564868927002
46.413551330566406	40.53575420379639
36.07568836212158	39.35117053985596
39.096725940704346	43.016555309295654
42.982887268066406	42.997212409973145
38.803443908691406	41.52684688568115
50.94635486602783	57.265005111694336
33.56759691238403	40.14745044708252
39.48954105377197	42.77573490142822
41.71354579925537	38.026336669921875
47.75383377075195	53.77948760986328
38.52553653717041	43.929362297058105
60.83158016204834	64.33945655822754
44.77545404434204	47.94221878051758
45.46087694168091	51.66730737686157
58.37537384033203	61.475303649902344
49.07576274871826	55.6575288772583
42.278038024902344	47.42559814453125
34.845574378967285	43.42213726043701
47.35128450393677	53.25500249862671
66.8177661895752	73.82761859893799
46.384865283966064	47.086848735809326
35.36641788482666	38.96194553375244
63.06905508041382	63.698601722717285
48.88896942138672	54.429283142089844
43.90644454956055	49.672122955322266
34.724109172821045	40.059571266174316
39.11747646331787	42.83573055267334
47.63128709793091	50.0780553817749
39.044440269470215	43.48542881011963
53.1666841506958	54.13508749008179
39.6901741027832	42.01265335083008
52.34319305419922	56.84827423095703
59.016563415527344	64.64883327484131
34.37039279937744	39.93901062011719
33.47726106643677	38.095035552978516
40.618666648864746	45.207584381103516
44.965989112854004	49.857062339782715
34.912376403808594	36.620609760284424
42.761587142944336	41.51779747009277
41.153900146484375	43.26163101196289
38.57356309890747	46.40859889984131
45.19808053970337	44.69188404083252
36.691190242767334	45.10776138305664
44.76196575164795	50.261717796325684
46.798479080200195	52.4787712097168
50.354209899902344	54.953176975250244
55.72509002685547	49.74801254272461
41.898406982421875	48.69414138793945
38.978135108947754	44.66524791717529
37.23871946334839	41.454400062561035
47.02780199050903	52.16140079498291
41.95910930633545	36.4228630065918
46.019938945770264	50.97792291641235
52.06436777114868	57.60385465621948
46.218109130859375	48.08110427856445
59.38500452041626	60.92830038070679
48.37252902984619	52.731534004211426
38.31481075286865	44.855323791503906
46.8102502822876	50.55460500717163
44.52298450469971	47.47035312652588
45.92753982543945	51.881988525390625
38.63231611251831	45.024778842926025
50.450210094451904	54.90505504608154
41.684685707092285	52.14064264297485
38.35148334503174	48.78914451599121
48.58747100830078	54.69822692871094
33.81611347198486	42.02071666717529
46.65520668029785	52.33983039855957
40.253294467926025	45.69219732284546
52.664817810058594	57.75828552246094
48.975019454956055	58.25886249542236
49.06698417663574	52.38587951660156
51.60260009765625	56.24606704711914
41.491336822509766	46.556339263916016
38.91398906707764	43.47872257232666
28.3280611038208	34.55763530731201
53.86813402175903	59.63992166519165
30.955357551574707	36.637489795684814
53.82000732421875	60.542015075683594
51.642242431640625	59.50068283081055
36.742369651794434	42.81273651123047
41.57418441772461	47.958126068115234
39.547401428222656	44.476524353027344
47.01954746246338	51.923157691955566
44.166778564453125	48.34193420410156
50.23047876358032	54.3476357460022
40.70448303222656	47.201316833496094
39.33257579803467	43.83579969406128
51.32157850265503	54.55589151382446
46.686352252960205	52.926878929138184
33.37225341796875	30.364625930786133
47.644662857055664	49.649434089660645
40.71024417877197	45.85610294342041
42.83103036880493	45.17513942718506
51.323814392089844	43.55113983154297
50.0259895324707	57.26366424560547
37.43833065032959	45.96433353424072
46.723567962646484	52.18849563598633
52.78087615966797	59.59212112426758
42.78962707519531	43.71761703491211
31.535344123840332	28.624072074890137
43.14996814727783	46.802650451660156
38.41777324676514	46.28139781951904
48.49485158920288	53.165863037109375
36.94084453582764	42.0408239364624
34.535423278808594	39.235827922821045
47.709035873413086	54.646124839782715
40.33310270309448	42.98562669754028
38.92234182357788	43.6640625
29.539572715759277	29.911173820495605
41.259029388427734	46.547119140625
46.03656768798828	51.942467212677
52.70273780822754	59.39890909194946
54.05069160461426	55.86844253540039
42.83169937133789	41.27595520019531
38.63930940628052	46.293439865112305
36.972965717315674	45.77683210372925
45.84907007217407	47.26889896392822
61.73738098144531	68.2801513671875
47.6182746887207	53.28254699707031
48.36614370346069	52.4740948677063
45.46684169769287	50.70441484451294
49.47603225708008	56.80010509490967
45.47453212738037	48.64043426513672
46.56297159194946	46.88241481781006
33.38412094116211	38.29069519042969
39.867865562438965	47.57930374145508
45.33851194381714	50.52689552307129
56.66681098937988	62.665268898010254
49.63700294494629	55.744555950164795
42.35952425003052	50.374457359313965
38.50119495391846	40.31193923950195
41.7597975730896	46.86824893951416
47.62310028076172	51.68412780761719
50.63429260253906	51.94226837158203
44.463921546936035	51.47091770172119
43.247965812683105	46.84440994262695
50.383663177490234	58.31852436065674
39.880860328674316	41.68834590911865
47.12015390396118	53.25452661514282
56.08479833602905	62.54323959350586
59.33596134185791	65.16900539398193
59.41488742828369	65.20808219909668
44.5629997253418	50.33837127685547
38.74406433105469	43.77033233642578
49.67982482910156	53.76738739013672
47.37001943588257	51.95353555679321
36.64691209793091	40.2241849899292
43.51548528671265	47.812119007110596
47.89081573486328	52.67453670501709
58.997764587402344	64.0491247177124
47.662662506103516	50.456085205078125
37.544254302978516	41.106849670410156
50.32111740112305	52.80225372314453
47.07587432861328	53.76318359375
40.19564723968506	44.78305435180664
58.107398986816406	65.59294891357422
35.337233543395996	40.132784843444824
36.368205547332764	41.70580863952637
43.35886287689209	48.799753189086914
48.29291582107544	54.45749044418335
45.26212978363037	49.088327407836914
64.07459259033203	69.46711730957031
36.45201253890991	40.127036571502686
47.611085414886475	47.888322830200195
25.096869468688965	34.836223125457764
41.14702606201172	36.71960163116455
38.3725061416626	37.50732421875
41.833237171173096	49.17645597457886
30.65339183807373	36.77408981323242
34.050796031951904	37.510905265808105
46.22758865356445	47.21269989013672
44.63451290130615	50.90185594558716
47.856525897979736	54.04669427871704
53.31643295288086	60.240028381347656
53.18397760391235	59.86872053146362
51.15381622314453	59.80176544189453
43.439520835876465	49.38511276245117
57.12503433227539	62.355796813964844
40.8391489982605	45.808555126190186
36.11705303192139	43.15688133239746
39.97392654418945	44.135833740234375
39.301451683044434	40.62454891204834
47.827589988708496	52.26106929779053
34.625210762023926	37.50441074371338
45.066338539123535	50.23605966567993
46.87217330932617	48.1333065032959
46.456260681152344	40.03429698944092
54.17353677749634	59.326133251190186
33.5363245010376	39.11349391937256
57.69676208496094	63.353515625
26.977286338806152	36.88774108886719
28.001956939697266	34.463603496551514
36.65138626098633	41.09092998504639
31.788430213928223	40.60929775238037
42.84078598022461	48.653411865234375
42.9791259765625	46.31740188598633
42.977378845214844	49.60822677612305
35.26644468307495	40.649468421936035
39.08437728881836	41.15306854248047
65.3475570678711	73.94087219238281
36.66795873641968	42.13872480392456
62.10505485534668	70.18792152404785
36.8779993057251	42.09513187408447
45.458824157714844	52.684715270996094
52.2044620513916	47.61506652832031
50.716227531433105	57.73253631591797
48.458335399627686	54.16814565658569
51.77019500732422	55.78299331665039
53.737708568573	59.76841068267822
52.54865026473999	56.14713191986084
40.9810791015625	45.659507751464844
36.964179039001465	27.622146606445312
47.81676197052002	48.388670921325684
49.15260362625122	51.98366975784302
55.70671892166138	59.886610984802246
53.01499843597412	59.95317363739014
42.942070960998535	49.38394069671631
46.4759521484375	54.47827911376953
41.100059509277344	48.90422058105469
38.26991558074951	41.37053203582764
42.891777992248535	47.78950881958008
56.1962194442749	53.90445804595947
48.21521186828613	46.01627254486084
53.609511375427246	59.267751693725586
53.18263864517212	58.74378061294556
47.387566566467285	49.544021129608154
48.904544830322266	49.91667175292969
42.72103452682495	42.36049556732178
43.944358825683594	44.76451110839844
65.29008722305298	66.4309515953064
59.71778106689453	67.09445190429688
35.84003734588623	38.971192359924316
31.245888710021973	36.53406381607056
44.261630058288574	47.4797887802124
27.94334650039673	34.47605848312378
41.1690788269043	46.27403259277344
51.093589782714844	56.334556579589844
34.90093231201172	40.18548917770386
48.240670680999756	54.27063274383545
47.83237838745117	52.00473403930664
48.613037109375	40.35802459716797
51.52457046508789	50.22438716888428
54.541744232177734	56.844783782958984
44.325058937072754	49.87558937072754
44.864227294921875	49.10369682312012
55.50026321411133	60.846778869628906
58.093597412109375	64.13582038879395
42.15041399002075	46.31566286087036
47.14856576919556	49.06571578979492
44.57225179672241	48.61956071853638
37.0463752746582	41.84239387512207
44.91796112060547	47.98994064331055
35.04539489746094	43.15675735473633
52.297664642333984	53.323753356933594
45.353957176208496	51.6808762550354
33.705413818359375	39.808608055114746
37.589847564697266	43.38555908203125
43.73155498504639	48.323429107666016
46.85289144515991	51.689974784851074
45.925724029541016	47.21664476394653
51.1426887512207	58.30488967895508
41.60071563720703	46.53950214385986
51.29857635498047	47.768277168273926
47.2284951210022	47.96466064453125
59.60694122314453	64.29995727539062
40.356568336486816	47.69973850250244
33.145771980285645	41.34667682647705
51.72124671936035	57.76986837387085
41.6707501411438	47.080893993377686
34.645362854003906	34.66304397583008
41.27366638183594	46.724395751953125
37.82178497314453	43.262969970703125
33.11954975128174	38.054973125457764
49.819679260253906	56.19198989868164
49.98901176452637	52.378018856048584
48.300331115722656	55.37297058105469
45.449503898620605	45.453243255615234
40.01483154296875	41.44416046142578
58.06315612792969	64.13433837890625
44.76149845123291	49.89569807052612
36.633087158203125	38.21934413909912
52.766647815704346	58.925257205963135
42.8951940536499	48.643266677856445
44.76789474487305	49.70913314819336
46.9784049987793	50.915337562561035
44.97878646850586	57.73487854003906
44.74355697631836	47.74250793457031
30.49436330795288	37.73958206176758
54.325958251953125	61.66587829589844
49.628143310546875	55.94216537475586
40.72364330291748	42.24801063537598
55.598918437957764	62.1611852645874
48.76649332046509	54.43698024749756
37.241332054138184	43.24045944213867
36.20875597000122	41.146652698516846
44.729310035705566	51.2735652923584
44.20238018035889	49.69494581222534
55.166100025177	60.07137203216553
44.15785217285156	45.56822204589844
39.636817932128906	45.93852615356445
36.47628879547119	40.10679244995117
53.65568399429321	59.681599617004395
39.487632751464844	41.94844055175781
54.077115535736084	50.62770748138428
43.61394548416138	49.52481174468994
37.68885803222656	42.84352493286133
45.71674394607544	52.35580110549927
42.394404888153076	47.13520097732544
40.32615327835083	42.63222074508667
37.80721378326416	42.447529792785645
48.04166793823242	53.548702239990234
33.457786560058594	38.02847385406494
49.37528991699219	54.10291290283203
53.234954833984375	59.917022705078125
42.797364234924316	42.21089172363281
40.522828102111816	45.68068027496338
35.43882751464844	37.776885986328125
40.75077819824219	47.761566162109375
50.214393615722656	56.247798919677734
48.39326095581055	54.625946044921875
49.217628479003906	52.549036502838135
38.45151901245117	27.072367668151855
46.10540056228638	50.60833168029785
45.01999282836914	47.0380859375
46.898306369781494	53.510597229003906
42.782352447509766	48.672061920166016
42.10027599334717	41.655524253845215
41.715943336486816	42.044589042663574
45.562400817871094	50.12638854980469
40.5498046875	43.22907543182373
47.067442417144775	52.99228763580322
49.32925033569336	55.020748138427734
48.50156021118164	51.00940704345703
46.15047883987427	48.56272029876709
46.086676597595215	51.53279685974121
39.21067142486572	44.13933563232422
39.65973472595215	42.98133945465088
39.96976327896118	46.97679948806763
40.14009475708008	38.76469039916992
34.99781370162964	38.80810785293579
45.36401891708374	50.75267028808594
48.26911163330078	53.07805633544922
48.37800598144531	54.24736404418945
47.441002368927	47.43859577178955
54.01188659667969	61.25902557373047
49.41672134399414	57.8053035736084
35.27235746383667	41.379404067993164
