79.37291145324707	79.50074481964111
81.36216878890991	77.73668384552002
102.67712116241455	100.54030895233154
124.19916200637817	125.70260810852051
100.75627136230469	97.35836029052734
77.94603872299194	81.12362957000732
83.86178398132324	76.62145042419434
116.47997760772705	114.4236888885498
80.9769458770752	75.24529838562012
88.81236791610718	90.24017572402954
84.71838092803955	85.12814331054688
74.79803514480591	70.92827081680298
84.75222635269165	82.434166431427
117.05305624008179	115.82903623580933
86.6970043182373	82.04214477539062
88.2002124786377	86.22964334487915
135.6172752380371	139.386625289917
114.8385214805603	111.84197568893433
99.81830596923828	98.55449867248535
77.3532543182373	74.91079902648926
80.98800420761108	80.77166938781738
81.84197473526001	80.1757459640503
92.91043281555176	93.62764263153076
110.36622285842896	108.26153707504272
94.522225856781	94.18317317962646
90.87143230438232	95.68950653076172
95.4722900390625	94.55671691894531
77.29940223693848	77.05642461776733
129.53927326202393	126.16600608825684
56.97488594055176	53.55085372924805
76.19871711730957	78.25182151794434
90.78030109405518	94.40901517868042
102.29645872116089	106.1479606628418
87.9696249961853	86.50703430175781
120.09917402267456	115.50173377990723
140.62609577178955	139.26500988006592
96.14964008331299	94.97989654541016
77.89602041244507	76.29718065261841
74.72813844680786	73.65027666091919
88.38487339019775	80.58599662780762
96.9078140258789	96.47449493408203
80.75244140625	80.73317527770996
71.9308533668518	71.16149759292603
114.18753433227539	110.71768283843994
84.77667045593262	85.49198913574219
108.1373519897461	106.60488891601562
79.2744197845459	77.7982234954834
81.23123168945312	81.5839433670044
117.37182712554932	114.35143661499023
85.49966096878052	83.29967737197876
98.96321296691895	98.96801233291626
117.47886800765991	118.61141061782837
71.54894828796387	65.55445289611816
134.90290641784668	135.6516456604004
110.02865505218506	108.29332160949707
92.47675037384033	91.62370729446411
94.58490562438965	92.69741010665894
100.08527565002441	99.69948387145996
63.80929374694824	63.62491416931152
92.11966705322266	88.60297393798828
85.16734313964844	83.86586475372314
82.96387338638306	82.05910301208496
92.20646667480469	90.84121704101562
86.68327331542969	82.92038154602051
96.92569351196289	92.86092901229858
101.12174320220947	103.1817569732666
78.98834371566772	80.42001295089722
119.85477590560913	117.1781358718872
78.62247276306152	74.48380851745605
116.2347526550293	113.62893342971802
99.60235118865967	99.51398134231567
78.29914855957031	76.97616767883301
86.24836206436157	88.68299961090088
83.33215427398682	79.64776420593262
80.07901859283447	83.65074682235718
98.87825775146484	92.75785064697266
100.85741853713989	102.00562572479248
142.2855863571167	142.49016952514648
100.08633422851562	97.17838287353516
103.64997100830078	102.18627166748047
76.17912483215332	75.2574405670166
83.23524951934814	85.78445339202881
106.98561668395996	108.99770736694336
80.54838562011719	79.53542518615723
98.4168267250061	100.33987617492676
89.96359348297119	83.80152940750122
106.93775796890259	103.85619878768921
109.8726282119751	109.82436561584473
109.79573249816895	114.52872705459595
90.89065790176392	89.06305980682373
113.01062393188477	110.31783199310303
116.58504009246826	112.61271905899048
106.15339660644531	107.6181411743164
91.36845397949219	90.7727279663086
95.90049743652344	96.71376037597656
73.40927696228027	72.22345161437988
83.11271667480469	81.71554327011108
74.67616081237793	79.32085990905762
112.42655944824219	106.09196472167969
94.14174556732178	99.38168048858643
73.46597576141357	74.89265489578247
93.61080837249756	91.39237689971924
101.87810182571411	101.80983781814575
86.41020202636719	89.44786071777344
81.07789611816406	81.19818878173828
70.74958181381226	71.03619337081909
86.91235542297363	84.00125312805176
92.30078458786011	91.21801614761353
78.1476821899414	73.5877776145935
98.955322265625	97.67160129547119
88.12843322753906	86.84605121612549
90.04986619949341	92.98958110809326
98.756103515625	98.49429321289062
77.19083404541016	76.58993530273438
91.11141967773438	92.75663757324219
123.4468002319336	123.51343584060669
107.9186840057373	105.2166256904602
97.00455474853516	99.79800415039062
100.87628984451294	91.34838724136353
75.2178544998169	76.27703905105591
80.47744941711426	77.99106407165527
84.70337915420532	82.31294107437134
70.26367378234863	67.65394020080566
96.10267353057861	94.70397663116455
89.8811674118042	90.6132960319519
83.91845607757568	81.31153392791748
150.25863647460938	149.0624189376831
72.45275115966797	71.01438903808594
105.67337894439697	106.10866069793701
66.67041635513306	56.63551378250122
96.20151424407959	88.02792263031006
110.52395629882812	110.34818267822266
82.87608480453491	77.84782361984253
111.07661247253418	110.64288854598999
84.27656650543213	85.06244659423828
85.3327407836914	86.63960266113281
93.70504188537598	92.88416862487793
120.5731430053711	121.31300354003906
121.67764663696289	122.9234790802002
147.7682375907898	154.37980318069458
79.47356986999512	80.15201568603516
127.3255181312561	126.91103649139404
81.21170949935913	80.19278049468994
80.54269552230835	80.20206928253174
106.6539740562439	103.77374076843262
73.45170593261719	73.8504810333252
116.11994552612305	121.00433111190796
98.06340789794922	98.06759643554688
88.70431804656982	84.48670959472656
85.60226678848267	85.29467821121216
77.51177406311035	68.2953748703003
103.15942621231079	103.14554834365845
76.1759033203125	79.35510063171387
100.99704027175903	100.11666297912598
98.72491455078125	97.67745971679688
78.61717748641968	77.39667892456055
86.64422607421875	93.47337436676025
80.1306324005127	80.52485847473145
66.46959686279297	64.89394569396973
117.05908584594727	116.74206161499023
113.26561832427979	107.70582389831543
78.2151746749878	77.45686626434326
103.35706424713135	99.81263875961304
116.35597610473633	116.58049201965332
110.06183624267578	112.57077026367188
66.08980083465576	67.16059589385986
76.79762077331543	71.73954963684082
103.20739078521729	100.7531156539917
120.45825576782227	119.70122909545898
128.70005989074707	120.82423830032349
86.79860210418701	83.2887020111084
80.37841033935547	83.16335487365723
127.39319562911987	126.2065110206604
111.68523788452148	114.62821006774902
85.49652862548828	84.12899017333984
112.78569173812866	114.43239307403564
89.5125675201416	90.48315525054932
75.23692893981934	75.35780620574951
117.87204074859619	115.99541711807251
110.10713958740234	109.99500608444214
119.96645545959473	122.45496702194214
91.0156021118164	97.68980312347412
70.24355506896973	69.70797729492188
90.79723167419434	91.50200080871582
79.51862525939941	77.35082244873047
73.63906860351562	73.39616203308105
98.28071594238281	96.46620178222656
94.47812366485596	91.7304105758667
81.07518529891968	90.43002510070801
73.49501132965088	76.39443969726562
129.06765937805176	127.9183578491211
77.2196273803711	76.63960075378418
87.54264116287231	85.52280950546265
95.85947513580322	94.69331502914429
77.61817359924316	78.00018882751465
101.4100170135498	100.34206867218018
76.28826141357422	76.1553955078125
85.39155530929565	82.14751434326172
107.40110111236572	106.04838991165161
112.8063735961914	110.17211151123047
86.93178272247314	86.41253852844238
81.42652320861816	74.85042476654053
88.48759174346924	87.99131870269775
106.4318733215332	104.62542915344238
80.74174737930298	76.18719244003296
80.61897230148315	84.08836936950684
86.4063367843628	87.08987712860107
123.93439292907715	128.71302604675293
117.10712194442749	116.5288314819336
97.6910514831543	91.08071947097778
105.9073748588562	108.53752899169922
85.5324478149414	87.19147491455078
86.71142673492432	82.03247880935669
78.59509420394897	76.60620021820068
96.94874572753906	91.08068084716797
88.20469331741333	90.09611225128174
104.7402114868164	106.58236694335938
95.257089138031	88.63391733169556
90.21090888977051	90.21450233459473
108.95596551895142	111.59748649597168
75.3244571685791	80.61962127685547
84.50655221939087	87.322518825531
86.9630765914917	85.35409450531006
74.53461980819702	76.21132469177246
96.97375202178955	95.50170946121216
78.1409740447998	76.61883640289307
142.24530172348022	144.31586980819702
78.78892421722412	77.60695695877075
100.84899139404297	98.37220001220703
92.75398015975952	95.03479099273682
101.19077920913696	100.30999660491943
106.06556701660156	100.6198410987854
108.48399353027344	112.09660339355469
121.96165227890015	117.85343837738037
97.82803058624268	98.55951261520386
78.61239385604858	75.03411960601807
75.73997497558594	79.2720718383789
104.41123962402344	100.44248962402344
97.07742691040039	97.9099588394165
94.66963195800781	88.90689086914062
81.30105400085449	79.52118110656738
79.75660514831543	81.13482856750488
105.06561279296875	103.7354507446289
95.72187042236328	99.63300323486328
82.36147499084473	86.4382381439209
92.53665733337402	90.94831657409668
72.95657157897949	71.74562215805054
86.74629020690918	84.53111457824707
88.48338031768799	85.56201171875
86.72314643859863	86.16360759735107
89.25738334655762	88.45147132873535
74.02415657043457	70.90445137023926
114.40544891357422	113.45427703857422
70.60266208648682	73.63463497161865
83.79502058029175	81.04067087173462
91.92866611480713	91.93026161193848
87.6665210723877	86.11273527145386
91.76576900482178	88.29206371307373
94.07009696960449	86.1118106842041
91.5420618057251	91.3713903427124
79.11825656890869	82.40150928497314
99.87773180007935	97.17420101165771
78.3585557937622	77.6000804901123
88.79312753677368	87.0769214630127
98.95621538162231	100.5463662147522
113.62283706665039	109.47265720367432
91.95754051208496	87.71201848983765
58.9132981300354	60.30317449569702
84.1093897819519	84.01116847991943
80.14807415008545	76.70151996612549
115.67445659637451	117.14790344238281
91.13961696624756	91.79383993148804
69.20486974716187	71.9952163696289
89.27425575256348	84.8902940750122
89.9752836227417	89.20381736755371
72.59739875793457	75.28393363952637
68.59002113342285	67.67350959777832
83.66798305511475	84.1618595123291
78.49699401855469	76.08979797363281
94.13033723831177	95.15585660934448
96.73914337158203	100.10499572753906
120.54732513427734	118.68741273880005
75.83171081542969	72.14295959472656
88.45488739013672	88.25887250900269
99.67194366455078	93.98836517333984
75.69704246520996	74.9172134399414
118.19270610809326	106.35877847671509
74.03913688659668	76.95212841033936
106.97879934310913	108.1551103591919
83.29335021972656	83.03019714355469
113.86327695846558	110.27784633636475
75.56768226623535	76.53396415710449
113.03987693786621	110.15676593780518
145.61053562164307	139.7006106376648
76.8160343170166	75.83134889602661
93.14618110656738	90.5643081665039
101.51406860351562	97.73841857910156
98.65441131591797	95.54067993164062
89.36246395111084	90.27688264846802
106.11659574508667	103.61933326721191
126.51872634887695	126.71526908874512
80.36705303192139	84.08199787139893
105.99642944335938	107.93745422363281
98.20522499084473	100.8151044845581
111.5558123588562	108.74104499816895
68.17804956436157	65.61971473693848
85.7080078125	85.53244113922119
116.13611221313477	112.01385498046875
76.90471935272217	73.91828346252441
72.80479669570923	71.36388492584229
84.47446632385254	81.74786567687988
68.98695373535156	70.9888916015625
90.82527923583984	90.70418930053711
79.7471923828125	77.88286399841309
78.1808853149414	81.36249732971191
110.07885694503784	114.64965295791626
74.2111759185791	63.25341796875
126.90546798706055	124.15226411819458
76.39448547363281	75.10310554504395
93.07866668701172	92.28645515441895
90.20715236663818	87.71510124206543
109.9648208618164	107.01936340332031
111.21708011627197	109.10533618927002
90.37835884094238	92.71564292907715
86.00817584991455	86.0900444984436
90.19007921218872	88.58641147613525
89.76077270507812	86.37885284423828
106.6317367553711	105.04997253417969
87.30079078674316	83.02559852600098
87.091383934021	84.45427894592285
98.66950750350952	91.25505208969116
128.85414505004883	130.8078489303589
94.93890476226807	94.60110998153687
111.07078552246094	109.46176147460938
99.62622833251953	99.86273193359375
107.40835618972778	107.83146905899048
107.99703311920166	105.08042287826538
74.69959354400635	74.26696014404297
83.99957942962646	82.27504062652588
103.90658569335938	98.66039276123047
110.61182403564453	110.91004943847656
90.86448001861572	81.04955911636353
83.33129978179932	86.63521766662598
135.82081985473633	137.9098620414734
126.49174690246582	126.13122940063477
112.4577112197876	106.93481540679932
67.05207824707031	65.05537748336792
95.67793607711792	95.6266736984253
97.08867645263672	95.07604217529297
122.11015605926514	120.15699434280396
60.55542612075806	57.63255977630615
84.27691459655762	82.12732172012329
79.8604211807251	79.88709497451782
74.7883529663086	75.72101783752441
91.08516216278076	87.57299900054932
87.53141641616821	86.79258584976196
83.2129898071289	87.10782051086426
92.90017700195312	96.45308876037598
79.25857639312744	79.99311256408691
115.02420949935913	111.00261878967285
91.64610290527344	91.81965637207031
94.46954584121704	89.57248210906982
66.44607353210449	64.44037055969238
97.94601631164551	96.33553218841553
102.29079723358154	102.11365699768066
116.93914222717285	118.8269910812378
79.52874946594238	81.18291282653809
87.06645011901855	86.22564554214478
81.00332450866699	79.75951194763184
105.16404056549072	105.8779239654541
72.11071014404297	78.36706352233887
79.53219795227051	81.04924964904785
82.68679571151733	74.42544507980347
92.5098009109497	94.76805019378662
85.70444774627686	84.6409101486206
97.24618148803711	99.04918575286865
103.45191526412964	102.77523946762085
69.19598579406738	70.24545478820801
120.12303733825684	115.13545942306519
75.83260917663574	75.50650978088379
136.2259702682495	140.77875900268555
104.89156436920166	103.77177429199219
72.78594160079956	72.64704322814941
106.69808959960938	109.6356430053711
103.73425769805908	101.18308639526367
111.10165405273438	108.6875
88.49731254577637	87.27890014648438
73.65705013275146	72.97100114822388
82.13845539093018	83.35475826263428
93.27407836914062	92.81884765625
98.64007997512817	99.35752487182617
91.29234075546265	91.70661783218384
74.93536376953125	77.36325645446777
69.58047246932983	70.4580979347229
107.82384967803955	106.57168292999268
147.38800048828125	144.85654830932617
78.06768608093262	79.0173397064209
67.08532905578613	70.45930480957031
84.77947044372559	87.97557830810547
69.62333106994629	67.74712944030762
81.89208126068115	82.07211208343506
99.97416925430298	94.43304014205933
97.72245788574219	96.01390838623047
108.55422592163086	108.94892692565918
93.06837558746338	95.41198253631592
103.77383422851562	98.08502197265625
94.85202026367188	86.54280853271484
94.85472774505615	95.73508167266846
69.00480699539185	70.99467945098877
86.3172025680542	83.27665901184082
98.49526262283325	93.45347833633423
96.41305541992188	94.61459875106812
71.98160362243652	72.7097396850586
88.78575277328491	86.98048305511475
79.73728656768799	81.97706699371338
88.66996002197266	87.34058380126953
129.44732999801636	130.06506156921387
103.46497249603271	103.9861192703247
87.39700031280518	82.90861988067627
84.90696430206299	82.81967639923096
91.83207750320435	90.37659645080566
104.95420789718628	109.07534694671631
72.32544946670532	72.31741571426392
77.12146949768066	79.40730142593384
77.27705383300781	79.71013641357422
84.18315124511719	78.88679695129395
87.8053879737854	87.17182874679565
111.936598777771	107.7843246459961
83.45560598373413	83.81785011291504
74.86500549316406	79.88262748718262
72.95568370819092	73.72862243652344
105.01834726333618	103.75065422058105
78.58905601501465	85.78906059265137
183.20487689971924	182.0126085281372
85.12238788604736	83.97152185440063
96.23169422149658	91.18309020996094
119.88420343399048	119.00032424926758
101.31562614440918	99.80148696899414
65.34103202819824	61.052433013916016
123.87957859039307	116.88881301879883
101.83509826660156	96.93336486816406
87.08846759796143	88.28245306015015
79.45697021484375	79.57816886901855
117.3997049331665	116.33817672729492
122.29575634002686	120.666757106781
77.31307077407837	79.87821197509766
115.45946025848389	115.32609844207764
104.45386219024658	104.1073637008667
81.49833965301514	78.17559576034546
85.451828956604	85.6576280593872
101.20501756668091	101.99739933013916
86.71260356903076	87.33561611175537
94.34431314468384	90.84985971450806
95.0467529296875	87.08482933044434
99.44264888763428	97.73519039154053
96.20639038085938	92.35411071777344
102.15176582336426	97.44224309921265
82.48673915863037	82.2197036743164
68.41722679138184	66.13346672058105
104.78402042388916	109.06330823898315
84.01721668243408	82.11160564422607
75.50576591491699	77.73421669006348
89.20957040786743	88.18457889556885
79.38340282440186	78.4045672416687
100.78077793121338	99.32507371902466
87.41479396820068	84.82533931732178
124.06461715698242	124.97438430786133
101.06637287139893	100.69441843032837
73.68766784667969	70.4349365234375
96.56619787216187	94.34257507324219
110.90360069274902	110.69891166687012
98.90135192871094	100.79902648925781
79.57044219970703	83.38970947265625
117.28608322143555	114.55435609817505
114.58895349502563	106.46552848815918
87.0304765701294	82.78388404846191
90.5878734588623	91.4643087387085
87.15106391906738	88.15036106109619
68.09515190124512	69.0727219581604
79.75417518615723	78.57342720031738
84.37572956085205	84.25377130508423
81.54428291320801	81.51494312286377
110.78112411499023	110.54598665237427
115.30771589279175	112.71256923675537
95.91096687316895	93.66060161590576
84.54551696777344	83.25452327728271
123.19157695770264	124.32527160644531
108.64170455932617	110.59211254119873
123.24685096740723	128.36642265319824
64.79168653488159	65.18291664123535
121.92533493041992	118.1171703338623
93.8800048828125	92.65326261520386
85.44638156890869	86.66771793365479
80.90285301208496	77.95948791503906
105.32902669906616	104.48229837417603
77.54161834716797	76.95640754699707
86.24951076507568	86.29066514968872
83.8514051437378	78.2582597732544
115.32601261138916	108.51332473754883
95.87336540222168	96.2380599975586
108.41825580596924	108.12811231613159
84.30792999267578	85.1109390258789
85.33825492858887	78.65435028076172
71.33024406433105	70.26586055755615
97.21516370773315	97.74642705917358
87.06682109832764	86.52314805984497
84.2018723487854	82.95596837997437
101.60189151763916	99.29415464401245
90.60340404510498	91.33574724197388
98.046217918396	98.94726610183716
78.6490478515625	76.1947922706604
138.0224347114563	131.05621719360352
103.66525506973267	99.61902141571045
111.16554260253906	111.48612976074219
88.96641302108765	87.16215991973877
82.19130039215088	81.15264654159546
73.20460081100464	71.48961782455444
72.10319471359253	71.5475082397461
103.61596584320068	105.90732336044312
83.74485969543457	80.1306381225586
98.19704246520996	99.23869323730469
108.66792678833008	110.23536396026611
101.51105499267578	102.5968017578125
77.79543876647949	77.25754261016846
97.24371337890625	94.7374038696289
91.76391267776489	92.02703285217285
110.90306854248047	108.5438461303711
91.88323974609375	87.66740083694458
79.21052408218384	74.5718936920166
90.90725421905518	91.80328941345215
95.3961181640625	95.5019302368164
95.60946846008301	94.27685260772705
78.51339149475098	80.62563610076904
67.99067115783691	66.92713737487793
91.42563056945801	88.65117454528809
92.03197288513184	93.11636352539062
93.38041687011719	91.97052764892578
92.3145694732666	86.52967071533203
93.59534454345703	96.67657470703125
87.02941131591797	85.31455993652344
93.9404182434082	93.99917793273926
77.15645599365234	78.50232648849487
75.01623344421387	73.87404441833496
97.45585441589355	98.71868133544922
91.04074001312256	90.33100605010986
103.46502685546875	102.33324432373047
115.35374021530151	113.68197917938232
101.3863754272461	101.94819641113281
80.3756332397461	75.6485424041748
97.43203639984131	96.57416582107544
89.37589073181152	86.43066310882568
94.96039772033691	94.15161418914795
87.21780395507812	84.67495536804199
88.36966753005981	85.34619569778442
92.71835041046143	98.65893363952637
103.15126132965088	103.4540548324585
111.04082345962524	107.78771162033081
94.43123626708984	94.96974182128906
86.62317037582397	80.96548318862915
94.42880058288574	86.31644630432129
89.45332288742065	88.49199390411377
85.24262237548828	83.14348411560059
115.6713056564331	114.65013933181763
92.59599208831787	88.53816032409668
100.70824432373047	103.47425842285156
105.22764301300049	105.36154747009277
94.61561012268066	93.77346134185791
84.94663047790527	89.7473611831665
92.30367422103882	92.83380031585693
140.64193725585938	142.25735664367676
64.54985189437866	68.65381860733032
94.91580963134766	96.90138101577759
88.76335144042969	88.97976493835449
110.6870756149292	113.24394607543945
83.24685192108154	82.43418979644775
112.57349061965942	109.99102783203125
88.3617353439331	86.57290935516357
94.74871826171875	97.27543640136719
97.8361644744873	97.99279689788818
77.90376234054565	74.45050096511841
96.93369388580322	95.97024059295654
86.64273071289062	93.21293449401855
130.68432426452637	127.89413595199585
85.97105741500854	86.93206787109375
79.93798780441284	81.37800693511963
92.31630182266235	90.12973260879517
69.95205497741699	66.95217847824097
84.13309383392334	81.20206546783447
105.4936318397522	106.14361381530762
83.68134117126465	81.66559410095215
90.83018970489502	88.54804801940918
73.0312728881836	75.03988838195801
85.25763702392578	80.6209716796875
68.80909585952759	68.28805494308472
82.38249969482422	82.2383041381836
114.97406673431396	112.57756662368774
174.25869512557983	174.3433198928833
104.10827684402466	99.86768817901611
114.08723258972168	112.56532573699951
94.2881441116333	92.86270380020142
75.37850189208984	69.3596420288086
121.49428367614746	122.7768325805664
137.60564947128296	136.5719575881958
99.77078676223755	99.54632520675659
82.49056386947632	76.1608099937439
62.60646057128906	66.09627342224121
88.23081970214844	86.19823884963989
130.36581087112427	124.84630537033081
83.87201070785522	82.1917462348938
88.3136978149414	86.28671026229858
128.45148086547852	126.23708724975586
88.76103401184082	89.26625490188599
100.7058482170105	101.29164505004883
71.17154598236084	69.92188835144043
92.47977352142334	93.26596641540527
101.82003402709961	106.02660751342773
78.57814693450928	76.92927074432373
80.35874605178833	82.11964845657349
97.57912158966064	98.61150026321411
88.79603099822998	86.00618076324463
80.09113883972168	81.72636222839355
124.08172798156738	126.24619483947754
85.46266078948975	81.71279668807983
109.47152376174927	108.55501461029053
75.77311944961548	76.2966833114624
80.97049140930176	79.21511745452881
80.0519027709961	79.42501831054688
85.74164867401123	89.53600978851318
98.55222988128662	98.0061149597168
140.23151063919067	137.70098876953125
84.35318565368652	81.82683086395264
84.35079908370972	85.90649557113647
78.79444694519043	78.71699523925781
97.59923458099365	94.70702362060547
87.3138599395752	82.7640266418457
87.9790096282959	82.15044498443604
76.27601623535156	81.08732414245605
95.71078777313232	95.63381910324097
85.35481357574463	87.27905225753784
76.31654644012451	74.63949871063232
120.95678615570068	119.6054334640503
110.72825717926025	109.87327194213867
111.29644250869751	107.24243354797363
83.53103637695312	81.78433227539062
87.2025499343872	86.01854419708252
78.83841705322266	83.83670043945312
97.78119659423828	95.09375762939453
89.992506980896	90.09264945983887
85.17130851745605	86.11863994598389
87.41708278656006	84.30202960968018
102.41096496582031	98.88871002197266
96.61466121673584	93.60114097595215
136.7053985595703	133.1166214942932
87.96252250671387	86.90154075622559
103.83551788330078	104.80015563964844
93.64646244049072	91.79937076568604
94.10966968536377	93.37153768539429
123.50419521331787	124.17477512359619
108.00938177108765	102.50940275192261
93.53964328765869	95.28874397277832
88.80488300323486	85.66215419769287
157.87315368652344	158.5976047515869
102.09598159790039	103.9573745727539
166.0433530807495	165.5295729637146
94.4979248046875	93.63668823242188
102.08544778823853	98.66533946990967
97.33711624145508	96.53733730316162
114.02200126647949	110.41181659698486
84.55291748046875	84.63035583496094
79.42767906188965	80.15505886077881
84.96160888671875	84.63267517089844
115.06320476531982	113.97811603546143
100.39007472991943	99.16748332977295
95.49691867828369	95.12084865570068
99.60404634475708	98.03819417953491
92.76731014251709	93.32680225372314
97.58401393890381	93.54791164398193
86.6382622718811	87.50236988067627
119.75667572021484	116.69176483154297
75.6016435623169	75.29687023162842
130.86224746704102	129.92443752288818
87.77623558044434	84.16857719421387
93.78582000732422	97.56639003753662
124.42245483398438	124.68231201171875
80.73406219482422	80.1644287109375
76.44699096679688	77.65286064147949
115.22013759613037	114.4745864868164
105.67166137695312	109.24732971191406
102.96074676513672	103.01871490478516
101.27832412719727	101.78160953521729
88.37971687316895	88.81711006164551
93.32376909255981	85.37785482406616
111.16670227050781	109.78028106689453
91.77844905853271	92.69008541107178
63.837077140808105	64.12964582443237
138.56491088867188	131.32250785827637
96.81173086166382	98.91225099563599
102.02557516098022	99.68901062011719
105.47482538223267	108.49117851257324
98.60932636260986	96.65811347961426
91.51972484588623	87.926344871521
97.54117727279663	99.18906927108765
108.89708995819092	111.07668542861938
74.87713050842285	75.55463218688965
88.14294719696045	84.5038743019104
113.23412704467773	106.95902824401855
94.98314809799194	93.61072778701782
74.70821571350098	74.53008842468262
131.1863236427307	129.9144787788391
84.85221529006958	82.68714618682861
89.81172323226929	87.6895022392273
117.49235534667969	116.16622161865234
80.72541618347168	81.46148872375488
76.4410490989685	74.26490640640259
95.36940002441406	90.79019165039062
93.36363220214844	92.4396390914917
101.3196029663086	104.21794891357422
68.26874542236328	69.0319766998291
74.92617988586426	76.75968360900879
98.8324842453003	98.88904666900635
95.04210948944092	94.4698977470398
72.0065975189209	72.71075248718262
106.00045013427734	103.33473205566406
109.27391624450684	115.91506576538086
76.52415752410889	73.71591472625732
91.43586874008179	96.3920259475708
74.53439617156982	73.11266136169434
89.81327772140503	85.83426094055176
76.61196899414062	82.48214149475098
84.80112314224243	79.86609935760498
76.41954803466797	74.94380378723145
74.98889875411987	72.81549596786499
87.5689058303833	89.69905281066895
93.3988881111145	90.48662424087524
58.821842670440674	56.01606512069702
91.40500926971436	91.77596664428711
76.0913143157959	80.5059757232666
95.01749610900879	93.90647649765015
88.63759517669678	89.50474977493286
156.7454695701599	158.02711248397827
99.71805095672607	95.00734806060791
88.32208251953125	87.88652038574219
94.47278022766113	94.99933004379272
123.2924280166626	121.29249572753906
87.98262786865234	86.36604309082031
104.5661449432373	103.74439716339111
76.9577465057373	76.0982723236084
95.70440769195557	94.43966388702393
99.77650165557861	96.59274101257324
117.9247875213623	117.00129318237305
77.0843505859375	77.01461935043335
80.59265804290771	77.10806131362915
85.57439661026001	83.04408073425293
113.88396453857422	113.13163757324219
83.3006649017334	80.90753030776978
100.38717603683472	100.76492643356323
81.26481628417969	77.96823692321777
103.56635904312134	104.026930809021
92.9861068725586	88.68042755126953
132.47631740570068	133.00674438476562
100.24583911895752	103.04470157623291
83.70341491699219	85.61714172363281
68.57849740982056	72.64615488052368
118.67790699005127	115.25833368301392
94.7239990234375	97.49893188476562
80.85486125946045	87.80309104919434
76.3356122970581	76.57609796524048
91.40271282196045	89.08663845062256
113.40592193603516	108.45821380615234
89.85112762451172	90.20245361328125
81.64398193359375	80.34386873245239
113.99079465866089	113.2087459564209
80.40060424804688	82.45578002929688
92.31563758850098	89.73921012878418
87.13877868652344	87.83421325683594
75.319167137146	75.27829170227051
122.68829488754272	118.15145587921143
95.85210132598877	93.7247748374939
77.8290376663208	76.73217678070068
93.03907871246338	89.21625423431396
109.58812713623047	108.49464416503906
95.83760833740234	94.86995029449463
90.58195352554321	82.09754705429077
84.95426034927368	81.7078185081482
67.53496503829956	70.35804796218872
101.0506238937378	99.53512001037598
98.95850658416748	96.74143314361572
84.73376655578613	85.64778327941895
66.44609069824219	67.19391059875488
91.83641815185547	91.14183807373047
84.36056232452393	84.83332014083862
83.75299119949341	82.3846001625061
99.22579622268677	100.98458909988403
94.1679515838623	90.66027641296387
119.13312435150146	115.97154235839844
92.09255313873291	90.94833850860596
85.37657165527344	82.37165069580078
106.63250875473022	109.47714757919312
114.70895576477051	117.77422714233398
103.82723808288574	103.90171337127686
134.79289484024048	132.33545207977295
95.79960918426514	94.90191793441772
76.37803649902344	71.84734535217285
79.57674980163574	81.82202339172363
92.1754207611084	92.6237621307373
63.73435020446777	66.39230918884277
103.53079223632812	101.6240234375
95.25853729248047	93.76887512207031
99.30110931396484	98.77432250976562
106.67145919799805	100.14941215515137
101.82173156738281	107.68602752685547
99.58770990371704	102.63448476791382
84.86828184127808	78.2158055305481
83.53471565246582	79.87089347839355
121.95864486694336	121.75657367706299
82.56513404846191	79.7387466430664
96.61271667480469	96.67040252685547
104.02734375	106.81838989257812
86.54385662078857	85.25505542755127
88.17893981933594	90.20634460449219
75.86320495605469	74.71395301818848
88.99078845977783	89.52471923828125
105.72737121582031	99.32173156738281
89.65034294128418	84.38397407531738
112.93347454071045	113.72545337677002
79.35781574249268	82.5042200088501
103.80050754547119	97.01692914962769
123.29769229888916	125.49159383773804
93.90675449371338	92.05863904953003
102.03733205795288	99.32393074035645
90.84243297576904	94.46065998077393
106.45570373535156	105.46413326263428
76.73047828674316	77.93632507324219
98.7892918586731	98.77740812301636
62.23322868347168	66.14884185791016
103.54571104049683	105.70830154418945
88.5345630645752	88.97275066375732
83.29856300354004	84.81172370910645
101.55505704879761	100.73980522155762
96.11582279205322	95.36659812927246
108.08353185653687	101.58259391784668
81.19486904144287	79.32140827178955
115.03900527954102	116.9703483581543
95.12933349609375	96.61235046386719
112.43781852722168	112.28834819793701
112.10166931152344	109.83187866210938
84.48822212219238	81.1549711227417
108.84678649902344	111.43125915527344
85.94623041152954	85.20707559585571
87.75907135009766	80.21469116210938
77.39529418945312	77.50893974304199
85.91156005859375	83.86988830566406
88.34518623352051	89.58142948150635
97.36071109771729	95.3814697265625
101.30677795410156	100.50177764892578
84.99252605438232	81.2196102142334
72.44585704803467	67.64903831481934
91.9684910774231	91.49341106414795
80.84939575195312	81.9133129119873
125.95748805999756	119.87226963043213
69.4609580039978	69.28479814529419
85.09009838104248	81.4740800857544
82.90087604522705	83.5250825881958
73.98880004882812	75.02034187316895
80.81308460235596	81.53576469421387
86.3287582397461	89.56887912750244
71.96751594543457	74.0306396484375
90.31699466705322	87.0914306640625
82.0488748550415	76.72466039657593
111.78697443008423	106.85421466827393
104.40618467330933	102.11095714569092
82.91173458099365	81.22448539733887
83.3367919921875	78.36186790466309
92.06920337677002	91.65343952178955
97.45126342773438	94.81584167480469
113.59263324737549	112.03137588500977
80.78112030029297	83.74522590637207
96.19499206542969	95.90254211425781
86.34275722503662	88.51474285125732
92.38813018798828	91.60581970214844
119.41788673400879	119.22057151794434
85.81169128417969	87.86191463470459
98.82049560546875	99.28536987304688
81.16274070739746	80.10329246520996
80.18059349060059	76.4936900138855
97.30994081497192	98.91902542114258
87.76050567626953	85.99562644958496
74.21690225601196	69.40710210800171
132.75285720825195	130.0623607635498
82.54002475738525	78.08215379714966
115.25382995605469	113.81619262695312
100.72716522216797	103.00859832763672
92.23335266113281	91.89503479003906
68.82864189147949	72.74717903137207
101.74246215820312	104.12560272216797
98.51808786392212	98.46524477005005
81.35064125061035	79.37069892883301
82.48251914978027	83.63154888153076
77.44603061676025	76.80646705627441
97.57336139678955	94.90864753723145
103.20404052734375	101.7016372680664
101.78617858886719	102.0058822631836
123.88375854492188	122.15093994140625
101.20035171508789	101.09352111816406
96.93643188476562	94.3296890258789
72.45861625671387	74.13306999206543
91.58398389816284	91.66276216506958
82.16798639297485	79.57803106307983
77.23182678222656	81.50632667541504
103.88088893890381	100.19764709472656
96.9100284576416	100.97703742980957
77.34329223632812	79.11595153808594
93.1399154663086	91.3185167312622
85.60644721984863	85.39494323730469
87.5066442489624	82.86757373809814
102.35202121734619	100.14574813842773
104.22476959228516	102.46719360351562
69.04645729064941	67.25139713287354
104.45384502410889	103.83482551574707
92.61292743682861	89.54783725738525
67.55647087097168	67.43971252441406
92.61740016937256	92.68274211883545
66.82549095153809	66.79464912414551
91.16598510742188	94.63896179199219
95.96719264984131	97.0486307144165
75.69811820983887	74.85182046890259
126.82557106018066	128.388427734375
95.71241569519043	93.82440328598022
85.88819122314453	88.74825286865234
85.6591272354126	83.31279516220093
91.22609853744507	95.73614358901978
85.32138061523438	83.32274627685547
85.65314722061157	86.7994818687439
107.43199157714844	99.32637786865234
73.23490619659424	74.05298519134521
84.232412815094	82.32004499435425
78.939124584198	80.86776447296143
80.8677830696106	82.44314861297607
116.20048809051514	115.85495233535767
59.96941566467285	64.48501062393188
113.217604637146	112.12800598144531
72.66839790344238	71.2756576538086
80.85871982574463	75.96613121032715
74.25886631011963	75.84609031677246
94.14933109283447	91.39022254943848
85.00015497207642	78.33881378173828
108.25766229629517	105.48183727264404
104.4787859916687	106.47740364074707
79.19173622131348	83.43082237243652
84.37026786804199	80.70549774169922
101.63920783996582	101.12301921844482
69.66728210449219	68.20484733581543
84.63559436798096	90.67914581298828
81.19669580459595	78.158362865448
92.0027847290039	93.55364227294922
105.4091796875	104.75715637207031
82.22500610351562	80.55699729919434
95.32353401184082	91.2740421295166
77.78336334228516	81.12472534179688
101.9854736328125	101.23937225341797
92.23606014251709	91.6273307800293
93.8243408203125	92.83694458007812
86.72207164764404	88.75689125061035
129.30375289916992	128.07187366485596
93.4961929321289	94.91795349121094
79.82079887390137	81.6523962020874
89.73666667938232	88.15661716461182
74.03247928619385	70.07657527923584
103.90390348434448	102.21829891204834
69.9297924041748	69.78238105773926
103.45452308654785	98.89479923248291
90.63229370117188	90.72368621826172
81.52473640441895	84.36305236816406
100.05439281463623	99.93288135528564
79.2603120803833	82.40064430236816
82.61673736572266	88.95503330230713
69.45112037658691	63.0133261680603
77.36674690246582	76.54070091247559
76.64785766601562	75.02749443054199
67.79302024841309	68.3133716583252
114.87307596206665	115.18520784378052
80.94791221618652	85.61577415466309
86.77112817764282	84.8228006362915
122.62762069702148	125.87788581848145
64.80539226531982	72.07964515686035
80.72708082199097	79.42263746261597
72.91037607192993	70.4747109413147
101.86890411376953	100.01177978515625
103.00907850265503	103.91419887542725
123.20213747024536	121.51304483413696
100.284912109375	100.06034851074219
122.60396003723145	124.57159042358398
91.7143964767456	91.28382682800293
77.74042510986328	75.01505470275879
82.01112365722656	80.93753290176392
101.68922328948975	99.53761863708496
70.69928741455078	72.94110012054443
93.7795901298523	95.19502401351929
100.7623405456543	100.91560506820679
87.96895599365234	90.36039924621582
