62.2611141204834	63.839921951293945
51.051697731018066	53.98402214050293
48.85557460784912	53.8848237991333
59.12752628326416	62.85874843597412
55.60751438140869	56.3944787979126
45.61907768249512	51.16238594055176
50.40693283081055	53.624606132507324
55.65479278564453	58.13281059265137
50.24434566497803	50.75741767883301
57.701544761657715	66.12894535064697
49.907442569732666	54.37065887451172
55.31961679458618	58.83685541152954
60.30813026428223	57.718119621276855
55.23168087005615	53.87829780578613
52.874436378479004	56.749892234802246
58.718039989471436	61.40818405151367
57.21463680267334	56.822142601013184
60.398592948913574	55.92483043670654
55.76249074935913	55.66603136062622
49.31324005126953	51.35834217071533
50.6796932220459	51.284170150756836
56.80412769317627	57.24617958068848
52.328232288360596	57.99778366088867
55.56313610076904	58.04032754898071
56.00651264190674	52.44658946990967
56.637959480285645	55.76586723327637
64.00277614593506	64.2919397354126
43.055830001831055	50.86836814880371
38.7491397857666	41.0606632232666
51.15397930145264	53.281540870666504
44.93276023864746	47.22071886062622
50.8355188369751	58.66408348083496
57.33112335205078	59.711785316467285
63.77235412597656	63.4346866607666
61.61778020858765	68.7308497428894
49.40004348754883	50.88038444519043
50.17150402069092	61.66664123535156
68.40971183776855	69.45196628570557
52.95974922180176	49.64380502700806
66.24072360992432	68.80666399002075
56.70403575897217	60.04251050949097
59.152770042419434	60.507683753967285
50.30466270446777	49.219282150268555
61.27854347229004	67.74513244628906
48.64133262634277	47.626028537750244
59.32351541519165	63.26476001739502
60.75581932067871	61.89211463928223
66.85781955718994	68.55134010314941
59.92817974090576	59.256425857543945
55.870323181152344	52.38208770751953
64.49803352355957	61.021318435668945
61.34550666809082	68.25968313217163
64.72098350524902	64.50640678405762
42.16004705429077	42.32066202163696
65.96688175201416	67.22176122665405
52.974114418029785	56.38106346130371
65.44524192810059	72.6478099822998
51.960280895233154	53.88496112823486
57.24100112915039	56.955193519592285
63.0868821144104	66.98578834533691
39.321722984313965	44.91074562072754
65.92022895812988	64.49050903320312
59.990243911743164	62.76440763473511
55.180726051330566	58.966474533081055
51.746954917907715	58.4062385559082
49.5541934967041	53.97049140930176
53.10248374938965	57.35882759094238
69.87239599227905	73.04841709136963
62.533631324768066	58.849945068359375
64.92443084716797	63.421711921691895
58.741278648376465	57.53830432891846
60.09235858917236	61.52066707611084
59.40354681015015	57.247015953063965
50.47495365142822	52.52021789550781
42.66078329086304	47.277482986450195
48.482301235198975	48.78778123855591
47.729105949401855	51.674461364746094
56.377424240112305	59.37101411819458
51.078571796417236	53.847139835357666
65.81929206848145	67.02929878234863
58.60995292663574	52.95466423034668
54.13430213928223	56.25370979309082
61.89540386199951	62.87335395812988
60.264930725097656	64.59021091461182
56.07345104217529	59.66416835784912
59.15505886077881	63.02041530609131
56.40000343322754	60.123162269592285
61.189504623413086	58.65864944458008
66.70063018798828	68.73255729675293
59.863080978393555	62.12899208068848
60.56668281555176	56.70027732849121
55.94799280166626	55.13580369949341
54.31241512298584	55.52093267440796
47.39418268203735	50.462462425231934
53.538312911987305	58.723740577697754
63.21008777618408	61.23754835128784
62.6678466796875	60.81643581390381
53.24526309967041	59.243836402893066
50.05597114562988	52.72688388824463
58.78133773803711	56.313300132751465
59.342424392700195	59.13012456893921
63.90888690948486	66.24042510986328
58.104963302612305	56.37418270111084
62.93980598449707	67.19164371490479
51.17718315124512	54.75768327713013
53.04240942001343	56.572718143463135
58.091773986816406	56.831865310668945
63.236613273620605	61.338205337524414
55.67832899093628	60.523406982421875
41.44387149810791	44.779672622680664
53.57666015625	60.721468925476074
60.921738624572754	62.44886827468872
63.674909591674805	68.50310325622559
65.51836919784546	67.82446193695068
62.121872901916504	60.02517223358154
55.362163066864014	60.72380447387695
49.524240493774414	51.35148525238037
59.15579795837402	66.56220960617065
50.983699321746826	54.441757678985596
47.748302936553955	51.13644790649414
50.46823024749756	52.0143985748291
62.43921136856079	60.7001256942749
53.84187698364258	51.43078327178955
55.68943500518799	58.46066474914551
52.38119029998779	57.62381029129028
58.35625505447388	65.24180746078491
49.4254207611084	54.76365089416504
60.93856763839722	65.82985067367554
46.35597038269043	46.606205463409424
64.857497215271	63.71652126312256
55.18786430358887	56.83030605316162
63.670997619628906	59.44967746734619
60.324889183044434	61.076826095581055
67.1553897857666	62.32040882110596
66.93287801742554	69.44197082519531
60.51236152648926	64.47569370269775
56.76959705352783	58.98014831542969
64.76084232330322	67.28632926940918
71.95152854919434	70.97723579406738
46.33675718307495	51.761115074157715
58.54243040084839	55.28162384033203
51.44402027130127	57.28113651275635
47.91654396057129	54.33537483215332
56.60706853866577	56.957579612731934
43.789907455444336	47.790072441101074
58.089866638183594	57.16647148132324
54.38414812088013	60.242414474487305
55.6229829788208	61.98648929595947
50.25587558746338	51.70706748962402
59.442381858825684	65.12940883636475
55.61223030090332	58.26029300689697
53.577513694763184	55.87111949920654
59.048147201538086	63.819756507873535
58.98338317871094	62.781853675842285
70.81202602386475	72.05352401733398
59.25035333633423	58.706839084625244
61.68962001800537	62.11414337158203
51.220510482788086	52.62664031982422
58.945679664611816	58.100833892822266
48.60819339752197	52.08376979827881
60.24877166748047	59.63429832458496
66.88618612289429	68.34688711166382
48.15239381790161	58.063859939575195
66.55212640762329	63.229517459869385
48.78371286392212	55.10056829452515
53.594207763671875	54.284796714782715
52.78487777709961	53.294716358184814
75.56996726989746	78.20595741271973
55.30983924865723	58.948917388916016
60.850725173950195	59.76325988769531
53.04826259613037	52.219481468200684
47.565622329711914	50.26924133300781
50.10264825820923	54.804070472717285
68.51934909820557	73.91373634338379
59.183645248413086	57.40139961242676
55.56401538848877	61.8647518157959
59.751291275024414	63.341490268707275
54.947805404663086	63.598928451538086
50.32703876495361	56.106521129608154
55.438499450683594	63.30348014831543
65.5716323852539	63.64193916320801
60.46835422515869	60.72758674621582
62.36924171447754	63.6763334274292
56.509528160095215	57.626237869262695
49.8126745223999	51.06813907623291
53.50209712982178	54.602885246276855
55.18564796447754	54.259496212005615
59.244362354278564	62.079676151275635
53.5718207359314	57.17463254928589
69.27543878555298	66.29911851882935
56.62327766418457	59.381399154663086
56.89136505126953	57.620368003845215
53.683340549468994	60.89310550689697
54.708420753479004	65.79322671890259
63.441901206970215	62.18729496002197
51.089022159576416	54.01292610168457
67.23560285568237	67.84873008728027
56.75581455230713	59.28500175476074
60.867390632629395	67.1063232421875
62.840843200683594	58.001747131347656
60.41030693054199	62.51438570022583
41.926939487457275	53.140259742736816
58.57693672180176	62.41726875305176
50.758509159088135	53.9874963760376
40.57829475402832	45.671874046325684
49.069039821624756	50.61063194274902
42.08354949951172	42.824859619140625
54.88401746749878	60.806944370269775
53.248300552368164	53.560729026794434
43.19619941711426	45.30126142501831
61.60877704620361	61.165571212768555
46.73056650161743	48.773449420928955
52.01390266418457	59.12095546722412
65.01367378234863	70.9657530784607
72.85191583633423	74.1873722076416
50.81535530090332	54.371591091156006
63.509748458862305	65.30769538879395
55.08035182952881	59.804277420043945
49.87553119659424	53.61221790313721
64.20758628845215	66.81193399429321
66.64787292480469	67.89553165435791
60.225051403045654	61.10752630233765
47.01700401306152	44.80312156677246
49.64458465576172	55.54619789123535
52.95292568206787	53.12128257751465
54.33572292327881	61.504974365234375
68.54475975036621	61.48983955383301
41.84411692619324	47.52096700668335
48.12817573547363	54.52690124511719
50.813140869140625	54.042601585388184
57.503395080566406	57.72562026977539
54.916181564331055	56.41965389251709
54.94060039520264	55.738463401794434
64.75524377822876	69.10073661804199
54.17000865936279	53.65651321411133
57.93449878692627	58.589725494384766
51.27825736999512	50.9224796295166
51.857468605041504	56.62474966049194
48.74015283584595	49.65559387207031
56.10843515396118	59.962409019470215
57.683610916137695	59.556336402893066
60.99573612213135	60.68087100982666
46.956536293029785	54.23428773880005
40.73475360870361	48.9745569229126
52.56272792816162	56.54562473297119
62.83419609069824	68.82638454437256
50.05228614807129	53.43672323226929
46.40035152435303	54.41453456878662
60.57175970077515	60.70924186706543
57.886857986450195	55.56598663330078
40.778136253356934	44.81667518615723
65.93653202056885	69.29799556732178
51.09210014343262	52.13520050048828
52.609877586364746	53.96645545959473
57.77810573577881	65.03953456878662
65.04892826080322	69.92354393005371
63.023929595947266	63.00259208679199
47.42218065261841	52.56461048126221
57.896339893341064	54.042357444763184
50.4520525932312	58.5960259437561
57.12338304519653	57.144347190856934
56.82380819320679	63.84244108200073
57.60424089431763	61.26748180389404
56.7878532409668	60.71207046508789
59.31673526763916	57.86940574645996
69.86330509185791	70.79405307769775
53.045687198638916	51.54299354553223
55.445244789123535	57.04660701751709
49.38367176055908	53.23061275482178
62.795166969299316	65.50288200378418
58.43200063705444	58.53084325790405
54.279327392578125	55.53450584411621
61.11900806427002	57.34755039215088
63.06069374084473	61.82380676269531
56.42641067504883	60.52376747131348
53.34167003631592	57.73540496826172
43.33282470703125	46.99776649475098
46.9802188873291	47.911176681518555
54.53567981719971	48.636674880981445
59.35423135757446	60.08022594451904
50.99297523498535	55.20834922790527
50.066466331481934	50.83980083465576
51.60879993438721	53.05587100982666
67.7341079711914	66.45820045471191
58.0657434463501	60.65264701843262
66.14599514007568	69.62817907333374
60.26566982269287	55.518693923950195
46.80843544006348	47.21503257751465
57.31319761276245	57.12312984466553
57.5380482673645	53.58295297622681
53.19698524475098	56.44859504699707
59.524391174316406	60.26932096481323
61.8379111289978	60.59832143783569
62.05726623535156	64.46511745452881
59.41213846206665	58.93673896789551
45.64202308654785	50.81906318664551
69.8476791381836	69.7058629989624
58.018837451934814	59.64630317687988
49.42605495452881	56.93804740905762
59.41428184509277	59.361677169799805
63.903961181640625	63.181352615356445
42.17137813568115	43.393006324768066
66.02742195129395	72.61807918548584
56.292330265045166	55.43871450424194
66.18695068359375	63.248239517211914
44.03141975402832	44.772162437438965
59.00168418884277	63.99571895599365
68.45925235748291	64.55090475082397
57.49664068222046	53.45374917984009
71.0055160522461	69.30804252624512
57.82015800476074	60.75115203857422
67.02948236465454	62.96459245681763
63.95000982284546	65.276113986969
47.676913261413574	53.43779182434082
58.79565238952637	61.37728691101074
56.21593379974365	60.429173946380615
66.00335597991943	59.96380805969238
55.44914388656616	62.78667640686035
38.86077880859375	40.18941402435303
53.80516242980957	62.20373296737671
59.49112892150879	61.35533332824707
50.32530927658081	50.00384330749512
57.36150312423706	60.130388259887695
53.73189449310303	59.97298240661621
46.6860408782959	50.96902656555176
56.73195743560791	56.67978858947754
68.61119079589844	67.00112676620483
54.23032236099243	58.8804874420166
57.3317813873291	62.53246879577637
57.174062728881836	63.05061340332031
66.850905418396	65.88160037994385
58.471784591674805	62.74334907531738
60.92342472076416	64.23350286483765
60.33123970031738	64.73982334136963
52.31497764587402	58.3443021774292
43.85766339302063	48.37743616104126
48.41322898864746	47.33503818511963
42.16396951675415	49.25021982192993
44.04410362243652	54.0710973739624
49.79653358459473	61.299452781677246
52.98561096191406	55.644845962524414
59.785202980041504	65.347580909729
61.297266483306885	58.13472557067871
47.99620771408081	46.73626899719238
47.51572322845459	53.94585371017456
53.65733814239502	57.83309984207153
52.17335557937622	54.590721130371094
47.89982795715332	50.27780055999756
64.70952415466309	63.91445302963257
51.35413646697998	55.91866493225098
53.52117204666138	52.63593149185181
58.59870433807373	62.59398937225342
63.160200119018555	64.9234390258789
50.5496883392334	50.24264335632324
56.48268699645996	56.50799751281738
42.521910667419434	45.607028007507324
68.38490200042725	69.78091430664062
59.05097007751465	57.70233154296875
59.992552280426025	59.83158206939697
56.468749046325684	55.91352939605713
65.44643640518188	66.12365579605103
56.239309310913086	62.33877658843994
58.44651222229004	56.1525821685791
70.37719917297363	74.9300708770752
63.29425811767578	61.73154354095459
59.388275146484375	57.582082748413086
57.50081920623779	63.45442199707031
52.72793769836426	53.05881977081299
48.7105131149292	54.6024227142334
47.092509269714355	52.71656942367554
49.87896108627319	48.78981971740723
51.49898052215576	53.81211280822754
58.337411880493164	63.02417278289795
57.125885009765625	62.65556573867798
60.04982948303223	62.17720985412598
50.381622314453125	50.644850730895996
61.00783586502075	67.28340291976929
50.08900165557861	50.30799865722656
53.55843114852905	54.64251136779785
49.45945978164673	49.99007034301758
46.77560520172119	54.49178409576416
45.81377983093262	48.85030746459961
52.536325454711914	55.668134689331055
51.26957130432129	50.44665241241455
62.154911041259766	61.06765937805176
57.960543632507324	58.22566032409668
66.64689683914185	62.77440118789673
45.425071716308594	46.96064472198486
61.52046775817871	61.41704607009888
49.13435125350952	52.61789894104004
67.56965494155884	68.07419681549072
47.389161586761475	50.82562065124512
59.205055236816406	59.51401710510254
52.462759017944336	54.39429759979248
65.02080345153809	64.8918628692627
61.20096445083618	57.42206430435181
66.54463291168213	61.81394100189209
72.64174032211304	73.35292768478394
60.86433744430542	62.839662075042725
71.55156135559082	70.12976169586182
64.828782081604	64.8654317855835
58.33315181732178	61.92140436172485
66.16303443908691	64.79044914245605
71.92776250839233	76.02856636047363
64.42638397216797	64.01019096374512
62.3423957824707	58.13192367553711
52.71053981781006	52.38478660583496
45.384087562561035	47.66766548156738
59.40998554229736	58.56439018249512
56.8557071685791	59.71602439880371
59.062910079956055	61.84193134307861
70.69383764266968	69.33706474304199
61.56121063232422	63.977468490600586
54.05838203430176	49.95304870605469
68.7684998512268	69.83373880386353
59.24048900604248	63.27824115753174
59.26255416870117	60.541937828063965
61.41714096069336	61.74386978149414
57.76632308959961	55.31058311462402
59.5925989151001	62.15869617462158
49.920339584350586	51.166648864746094
63.38305473327637	62.029123306274414
67.93936252593994	61.32399559020996
52.45155334472656	55.285515785217285
59.43596649169922	59.878106117248535
63.96458625793457	61.79876089096069
57.98680782318115	64.02028560638428
70.08599758148193	71.18427276611328
51.436195373535156	58.52048873901367
40.4355525970459	51.60659313201904
59.16600704193115	60.729923725128174
63.630319118499756	63.36554002761841
54.75743865966797	64.56312704086304
58.745999336242676	59.993157386779785
53.06727170944214	55.881000995635986
65.0604248046875	62.40960121154785
60.117554664611816	59.14353847503662
54.09025526046753	56.7043833732605
56.05515003204346	59.676008224487305
52.11097717285156	54.91549491882324
51.681156158447266	58.14644813537598
48.45597267150879	50.46689510345459
50.931458473205566	61.60782337188721
59.71747398376465	62.920108795166016
67.19620656967163	62.32790279388428
57.210402488708496	60.40023994445801
59.468069076538086	65.47787666320801
55.9893798828125	56.8596076965332
55.65561294555664	59.311580657958984
65.72409009933472	65.47946834564209
49.95437479019165	56.0650691986084
60.09341239929199	62.83869743347168
52.25910663604736	58.14743995666504
60.617451667785645	60.64969062805176
62.31534957885742	60.98576068878174
53.420844078063965	56.40005588531494
51.55082702636719	54.4794225692749
48.91127014160156	51.460608959198
48.6954927444458	51.68692588806152
36.17776823043823	42.9035382270813
42.816372871398926	48.69669771194458
50.98463535308838	52.8653621673584
64.72377252578735	63.12268304824829
55.179627418518066	62.894039154052734
44.35276508331299	51.65111064910889
60.345703125	66.50375461578369
50.3901629447937	53.3327693939209
50.153822898864746	55.49018859863281
56.39036178588867	51.08309745788574
61.68740749359131	62.419466972351074
60.99310874938965	66.95543766021729
58.798171043395996	58.762582302093506
63.926148414611816	65.52075386047363
64.52528953552246	57.99555778503418
47.28700590133667	51.7374472618103
59.50996398925781	62.234015464782715
54.050307273864746	55.883893966674805
46.28329277038574	48.42460632324219
61.08840465545654	65.76234340667725
54.671926498413086	56.41369819641113
53.514037132263184	59.42683219909668
66.97493743896484	69.8847222328186
58.00864124298096	59.2816219329834
57.109811782836914	55.72443151473999
56.01767539978027	57.9019832611084
58.12138557434082	53.6263370513916
55.744237422943115	52.04014444351196
46.97621297836304	52.774277687072754
63.92883110046387	63.63680076599121
57.41996765136719	59.47105407714844
66.96237087249756	63.488006591796875
55.06750202178955	58.7007794380188
57.516045570373535	59.9417781829834
70.28990936279297	75.02093696594238
60.89587211608887	63.06654453277588
66.6690444946289	65.55174350738525
43.996148109436035	45.594353675842285
53.40990972518921	56.7195839881897
45.39432334899902	49.03359079360962
52.16534614562988	55.93698024749756
49.93451118469238	58.97499084472656
62.105488777160645	66.43393516540527
55.88353157043457	58.16354274749756
57.2450008392334	60.20376777648926
56.408796310424805	62.45648384094238
63.13013553619385	56.96178436279297
53.894423961639404	58.644611835479736
42.29504108428955	47.0930814743042
58.56142520904541	58.017845153808594
59.621511459350586	60.94036674499512
49.41606092453003	47.77112674713135
55.66458320617676	56.145376682281494
58.47691535949707	59.39661979675293
65.99598741531372	65.01806545257568
45.02509689331055	52.577892780303955
54.6715292930603	56.843732833862305
51.69716835021973	51.49580955505371
62.72053527832031	59.76916980743408
53.98218631744385	57.56258487701416
53.951873779296875	54.83379364013672
46.265153884887695	48.62935543060303
44.87075185775757	47.19014596939087
62.73000240325928	62.479857444763184
59.672683238983154	69.51783657073975
59.572715282440186	59.35122060775757
56.7210054397583	61.98617219924927
64.27603721618652	65.2041244506836
59.89125156402588	53.87522268295288
55.56017875671387	58.030967712402344
62.29558324813843	64.84429121017456
47.26695156097412	55.02665948867798
50.90468788146973	54.28636121749878
45.245527267456055	46.40601396560669
58.24137210845947	59.09249782562256
57.35424184799194	53.09331464767456
45.25011920928955	54.090474128723145
54.75363206863403	60.32076930999756
65.59283542633057	65.85214281082153
51.9090142250061	54.56696081161499
58.32789611816406	57.01970434188843
59.34318494796753	58.18364238739014
57.55660057067871	60.96009635925293
58.53574275970459	61.49161720275879
56.97339391708374	58.308228492736816
71.52368211746216	67.87615871429443
61.563148498535156	65.23703575134277
47.27625370025635	51.50146484375
59.770297050476074	65.26985120773315
67.52428531646729	60.78056335449219
49.3381404876709	52.16175556182861
54.395469188690186	62.52518033981323
59.4069037437439	59.961852073669434
53.96756649017334	64.0264892578125
55.61084747314453	61.24894142150879
73.50346565246582	70.52531242370605
60.91616153717041	63.529067039489746
74.60829734802246	72.42177486419678
61.58673286437988	64.79559421539307
72.30638027191162	70.96762657165527
44.49126863479614	47.13198280334473
50.15915393829346	51.86538648605347
48.63612174987793	52.803664207458496
58.86284828186035	61.44841194152832
61.69534206390381	64.34059143066406
51.61266326904297	54.07315731048584
53.43891143798828	54.48777198791504
64.41812992095947	62.3087215423584
65.99704694747925	64.72059392929077
57.74937629699707	58.24296474456787
59.345340728759766	64.98074531555176
43.60500240325928	43.51527500152588
57.14672040939331	59.79771280288696
61.81668663024902	62.29917097091675
58.927496910095215	61.839783668518066
50.12995719909668	50.01298427581787
63.222289085388184	61.62313938140869
48.39012336730957	55.09228992462158
50.51114559173584	53.47911834716797
57.53873062133789	60.67961025238037
46.30431652069092	45.017356872558594
57.22527503967285	59.10284996032715
74.8429012298584	71.63875579833984
61.31186008453369	66.0791540145874
59.71715784072876	65.18110752105713
56.71675157546997	56.96187973022461
56.62804126739502	61.747541427612305
45.13108253479004	43.662519454956055
51.11294746398926	56.97226524353027
55.99419593811035	57.10668087005615
52.191683769226074	52.96004390716553
56.7159366607666	56.88254356384277
56.11197566986084	56.76112174987793
50.32124090194702	49.06749486923218
53.1424617767334	52.84337520599365
48.25811576843262	49.70198106765747
63.30799579620361	60.1175594329834
59.43990659713745	65.6665096282959
61.492767333984375	65.45987129211426
63.7621808052063	61.7680721282959
39.878469944000244	49.18629312515259
57.76767539978027	63.627649784088135
51.88129425048828	56.34937763214111
64.71253395080566	63.6944055557251
53.2355318069458	51.76914024353027
65.88736534118652	68.07273864746094
55.495710372924805	58.3156681060791
65.50111293792725	65.03544807434082
58.75957679748535	62.39718675613403
57.9621057510376	55.21484375
59.52194309234619	60.41062116622925
59.47819709777832	61.65964126586914
56.647228717803955	57.97617959976196
57.48505926132202	56.9256157875061
58.65065574645996	58.901686668395996
56.378188133239746	55.22724151611328
54.79091262817383	53.269057273864746
61.06402397155762	68.7112283706665
54.056739807128906	55.51595211029053
53.786845207214355	56.64116859436035
65.13129377365112	65.8848729133606
65.02693176269531	66.80222988128662
53.56918144226074	56.27645301818848
54.42893028259277	59.0696382522583
55.054884910583496	53.139036655426025
58.1015682220459	58.702392578125
54.46379899978638	53.43796348571777
55.80941677093506	56.67975902557373
52.04464912414551	55.83043098449707
58.50955009460449	56.51675224304199
52.08767652511597	57.94820594787598
55.30298709869385	58.811888694763184
54.856557846069336	58.062782287597656
67.54887580871582	66.91818237304688
61.804513931274414	60.593061447143555
58.29293727874756	57.428221702575684
60.874128341674805	64.26623344421387
49.31548547744751	52.02158546447754
61.52728271484375	64.78257179260254
72.80265808105469	72.3297815322876
60.16020488739014	60.13568878173828
45.35616874694824	51.41620635986328
62.481069564819336	60.019121170043945
53.18692684173584	57.371487617492676
55.690927505493164	58.8668155670166
51.62033987045288	53.71710205078125
59.84047889709473	59.037814140319824
72.44735717773438	68.96080017089844
57.79410266876221	59.29453468322754
57.4421501159668	55.88906288146973
49.6842098236084	50.46205997467041
61.54202938079834	63.51611137390137
66.17031717300415	69.62790632247925
64.92408180236816	64.50805807113647
38.22831916809082	44.256568908691406
58.365159034729004	59.24626350402832
60.110511779785156	67.69882869720459
54.1034517288208	58.94910907745361
61.72690391540527	62.29083061218262
63.064141273498535	59.90800380706787
47.49485778808594	51.714311599731445
41.225624084472656	44.5944881439209
52.79917287826538	54.934842109680176
63.7858829498291	61.15780735015869
62.07896709442139	62.22867012023926
51.79120063781738	52.70681381225586
59.79811668395996	61.26730442047119
46.00090980529785	50.25601387023926
57.153353691101074	60.57243347167969
52.471957206726074	56.65481090545654
57.45923042297363	52.07499027252197
52.22897529602051	54.76861000061035
61.45966053009033	59.84234809875488
64.45467948913574	65.0961446762085
56.69877052307129	57.307729721069336
51.75270080566406	62.3309326171875
55.60444355010986	53.298025131225586
46.94878578186035	46.08258247375488
60.9643235206604	61.49600601196289
60.02110481262207	58.01864147186279
55.34758472442627	61.12000751495361
54.20358610153198	54.89859580993652
55.73519706726074	56.91615104675293
59.26077842712402	61.560516357421875
46.15799427032471	49.767417907714844
56.9187068939209	57.64006233215332
42.628639698028564	43.14777374267578
58.921775817871094	66.16271018981934
64.49610710144043	66.68586730957031
58.6304235458374	58.31118106842041
54.80792856216431	57.08339023590088
52.78937005996704	49.84368705749512
45.95330238342285	54.12919044494629
49.40120220184326	59.83698844909668
51.89034175872803	52.739078521728516
43.10526180267334	52.36329460144043
45.88974952697754	46.38432502746582
53.45746040344238	51.72757148742676
49.97701644897461	49.79372978210449
56.44786834716797	53.632822036743164
55.59800148010254	57.939767837524414
52.22922325134277	55.412187576293945
63.38845729827881	68.22794914245605
63.316965103149414	65.25566101074219
52.49495887756348	58.60907793045044
51.55447340011597	52.30994653701782
57.11319446563721	63.23667049407959
52.20426321029663	52.46730852127075
61.213494300842285	60.25322914123535
48.943023681640625	48.823041915893555
55.775628089904785	53.792500495910645
50.471487045288086	56.044135093688965
59.15918827056885	54.79500770568848
59.52459526062012	59.081708908081055
53.341026306152344	61.30140781402588
58.84083032608032	59.233633518218994
59.540934562683105	61.300156593322754
68.01382446289062	71.21103096008301
44.35636854171753	48.66653251647949
57.448906898498535	57.92757987976074
65.02157688140869	67.40601539611816
59.191126346588135	55.13718843460083
48.48897457122803	51.78897142410278
54.20707654953003	54.82724905014038
59.32499885559082	64.13847923278809
56.83207988739014	62.07716941833496
61.234636306762695	59.48843479156494
55.488739013671875	57.19925403594971
60.44032096862793	57.721495628356934
57.63960409164429	58.583731174468994
55.417466163635254	57.28403568267822
58.49432945251465	56.46498203277588
63.35866451263428	66.3634204864502
57.246108055114746	57.485480308532715
42.22543287277222	47.609046936035156
52.159292221069336	59.605117321014404
58.34630012512207	63.67753505706787
53.20324420928955	57.21065044403076
58.84782314300537	59.89598274230957
51.65109729766846	58.60955858230591
54.19329643249512	55.90279579162598
63.19382667541504	69.13102149963379
63.05468940734863	67.10925149917603
61.18148326873779	66.11147880554199
49.985188007354736	51.07793712615967
46.89560508728027	49.39317083358765
52.91373252868652	57.21719264984131
47.27927207946777	54.73185062408447
56.349854469299316	57.984323501586914
60.04668188095093	64.88880729675293
50.610551834106445	54.900312423706055
63.06249141693115	60.34291744232178
64.2169189453125	68.63486289978027
58.95780372619629	59.57187080383301
51.18044900894165	58.41808319091797
51.988539695739746	57.198829650878906
58.43060493469238	59.43013668060303
45.791306495666504	45.67280292510986
61.06287956237793	61.61088943481445
47.41673469543457	52.88870334625244
65.87277412414551	70.29860496520996
45.71766376495361	49.41147327423096
62.813257694244385	65.27071142196655
55.927772521972656	59.10801410675049
61.61985206604004	65.89466047286987
57.82300615310669	64.20459079742432
58.12278747558594	66.43517398834229
57.89616584777832	55.89193820953369
60.39280891418457	60.218071937561035
65.47799110412598	73.69128227233887
52.82437324523926	58.07044982910156
49.338417053222656	46.697092056274414
63.57143211364746	59.13159370422363
57.14500427246094	63.700666427612305
57.588491439819336	55.30370235443115
65.27760982513428	64.0882396697998
50.59012413024902	52.54570960998535
58.08305597305298	59.48336219787598
54.396257400512695	55.07580757141113
54.086976528167725	60.741798877716064
62.620574951171875	61.45737648010254
56.78004264831543	63.62538814544678
57.05498218536377	63.405046463012695
45.83768844604492	46.389527320861816
59.46481704711914	57.50922203063965
54.51794099807739	56.604249000549316
53.17707061767578	54.53403949737549
47.437477111816406	49.33605194091797
52.33384609222412	57.17325496673584
62.31152534484863	64.05398368835449
62.394843101501465	65.77845573425293
59.20293617248535	56.97796010971069
65.24023675918579	65.29571008682251
29.301339626312256	33.32859492301941
52.80827522277832	53.00625228881836
60.414156913757324	65.75511693954468
50.58922290802002	56.18027210235596
54.7744665145874	59.16926431655884
58.377960205078125	62.74184989929199
62.614521980285645	57.61397361755371
44.54869365692139	46.22122049331665
57.062273025512695	58.75459671020508
58.70980501174927	53.26021671295166
62.338852882385254	55.59843063354492
44.8940806388855	46.565624713897705
56.420488357543945	59.757347106933594
52.66720390319824	54.5403938293457
60.64411735534668	59.85464525222778
44.2689847946167	48.66694450378418
56.76272392272949	57.101491928100586
59.47575330734253	58.749642848968506
44.8969087600708	52.36539316177368
59.41367197036743	60.272940158843994
57.36180353164673	53.94810676574707
49.75140571594238	56.07621192932129
62.63714790344238	69.01438236236572
65.84814548492432	73.96527290344238
57.69850254058838	59.0312385559082
55.16648197174072	56.90602970123291
52.83138084411621	57.480610370635986
46.09331130981445	47.62742042541504
52.366328716278076	54.139174461364746
64.33857488632202	68.68482828140259
42.275190353393555	44.219584465026855
56.86490774154663	50.011234760284424
55.214332580566406	57.05609178543091
58.865065574645996	62.200775146484375
57.91562604904175	56.0759654045105
54.42839813232422	58.47449445724487
65.14093971252441	66.73179578781128
48.348875999450684	50.01614427566528
60.802345275878906	56.06074333190918
44.396284103393555	46.23974275588989
56.147193908691406	57.12808609008789
53.069422245025635	54.78709697723389
54.98104476928711	53.574219703674316
58.56934881210327	62.28884696960449
41.03659200668335	42.90722465515137
53.667192459106445	59.528398513793945
60.087785720825195	60.62619209289551
72.40234375	66.97144985198975
58.451329708099365	58.85938596725464
55.88674068450928	59.48086738586426
50.342501163482666	51.278188705444336
59.645819664001465	54.97843265533447
68.67485618591309	75.26289367675781
48.716612339019775	54.17169237136841
68.25160026550293	65.91233730316162
57.227126121520996	59.63617706298828
68.76551008224487	71.58511400222778
62.01844024658203	70.10617160797119
38.98684358596802	42.467501163482666
45.090227127075195	50.14606475830078
69.876708984375	75.80403327941895
57.59512996673584	55.149367809295654
49.28101062774658	50.83159923553467
58.010849952697754	57.3704719543457
62.23715400695801	64.01068210601807
50.8947114944458	55.22693395614624
53.0532488822937	55.46871757507324
56.50928592681885	55.17929220199585
47.869332790374756	52.397403717041016
62.27239799499512	56.698739528656006
53.8252067565918	57.75099277496338
47.600812911987305	51.272406578063965
46.7163610458374	49.61864948272705
49.56104278564453	52.845555782318115
61.09480381011963	67.027268409729
53.25522565841675	56.20102500915527
46.56283378601074	49.6662712097168
65.58207035064697	66.45713806152344
61.373047828674316	65.03720283508301
54.43644046783447	57.27236270904541
54.215521812438965	57.92272090911865
62.40410327911377	65.63308715820312
59.7919020652771	60.52943658828735
54.073076248168945	55.23584604263306
60.67085266113281	65.7464075088501
53.044240951538086	55.52939558029175
46.10366678237915	48.309433937072754
56.408987045288086	59.877662658691406
57.661476135253906	60.05575656890869
59.99032497406006	65.52699089050293
58.01308250427246	56.973140716552734
60.47286033630371	61.157660484313965
62.25837755203247	63.00096797943115
54.47152137756348	60.30751705169678
54.827070236206055	58.175482749938965
49.98481893539429	51.89160346984863
45.852952003479004	47.814860343933105
61.992172718048096	60.69268274307251
60.512123107910156	60.78138828277588
55.10470533370972	55.385324478149414
53.95212650299072	55.055251121520996
60.37638759613037	61.21372175216675
63.81725311279297	61.878204345703125
65.9707579612732	67.71008491516113
53.40760087966919	53.238205432891846
65.96917152404785	66.45033359527588
60.4602575302124	66.1352014541626
54.72157955169678	58.10764789581299
66.85300350189209	62.70865440368652
60.33112049102783	60.911545753479004
48.23636054992676	50.785112380981445
60.70712089538574	65.8261775970459
60.76751089096069	56.95289087295532
61.536736488342285	66.94846153259277
78.71656894683838	76.24791145324707
64.26631164550781	65.42578077316284
64.39150333404541	64.56902980804443
49.46662998199463	49.35772895812988
57.56044340133667	56.61552429199219
52.26959228515625	56.271748542785645
63.01037788391113	66.91795349121094
49.98948574066162	51.77867412567139
61.35367012023926	62.65703201293945
50.35935401916504	51.0549840927124
45.05570888519287	47.89290428161621
55.52321434020996	58.63638877868652
51.86075210571289	50.808472633361816
51.861257553100586	52.132744789123535
50.258567333221436	48.15467691421509
64.47699546813965	62.235655784606934
51.2678337097168	53.431358337402344
61.175981521606445	62.18247938156128
69.41817283630371	72.33723640441895
60.73155879974365	58.068766593933105
54.296278953552246	57.68764686584473
67.68237113952637	66.16471767425537
51.540109634399414	60.76342821121216
61.229098320007324	65.61362600326538
56.8587589263916	49.782705307006836
50.403690338134766	49.58332061767578
48.55782508850098	47.096242904663086
48.445730209350586	55.58133125305176
51.19142246246338	57.75572347640991
59.50279235839844	62.18311309814453
54.55559730529785	62.14890956878662
54.39213800430298	57.51166296005249
49.210364818573	52.517752170562744
62.57575988769531	62.25717115402222
56.77506446838379	55.659074783325195
56.479830741882324	57.99203872680664
52.39062309265137	50.40514945983887
66.73538017272949	71.83172607421875
55.91128349304199	55.25317192077637
58.790034770965576	62.22109937667847
73.3066635131836	73.33606910705566
63.14187526702881	63.47170829772949
56.97080183029175	59.94154357910156
65.15522003173828	71.05638027191162
59.72020149230957	62.97450065612793
61.42456769943237	61.421509742736816
58.09364318847656	55.47278165817261
53.00223970413208	55.50716972351074
56.34183406829834	59.05642509460449
46.58390998840332	49.43223476409912
50.203237533569336	48.02683353424072
56.707305908203125	59.68869924545288
58.92783164978027	57.837114334106445
62.63029098510742	63.49531650543213
67.43122863769531	67.48334503173828
49.60081672668457	58.81930732727051
47.353413105010986	53.945488929748535
56.11446523666382	56.34351825714111
58.989166259765625	59.7547287940979
66.70965671539307	67.29382991790771
62.59955406188965	64.53433990478516
55.02127170562744	57.38816261291504
55.22159814834595	57.57937145233154
55.321054458618164	60.56549835205078
56.20593023300171	58.6646146774292
60.59255599975586	59.69855308532715
62.58105278015137	62.122697830200195
48.871445655822754	45.17423629760742
54.19939041137695	56.382455825805664
65.15487670898438	68.95875453948975
64.87575769424438	59.16102409362793
45.774221420288086	49.994449615478516
65.39896965026855	66.1182689666748
45.236772537231445	51.47480535507202
51.05297327041626	63.424638748168945
55.29585599899292	61.35461759567261
50.587425231933594	58.34672451019287
54.54842567443848	63.46580505371094
56.29777908325195	56.828322410583496
57.749470233917236	60.89884042739868
40.752596855163574	47.03297138214111
47.781057357788086	51.31661891937256
49.103140354156494	56.47070932388306
60.23727893829346	55.444350242614746
57.662599086761475	62.76103115081787
51.18502616882324	52.51328468322754
59.74921703338623	60.421953201293945
66.13252830505371	61.507009506225586
57.185479164123535	55.12975072860718
68.07135105133057	65.12725830078125
57.36124563217163	55.82929229736328
40.77920913696289	41.717233657836914
57.93959140777588	60.805816650390625
57.08045434951782	61.90133094787598
