54.17113494873047	48.46826219558716
40.01129150390625	39.63398456573486
62.644450664520264	67.5211272239685
65.37632942199707	78.90722751617432
74.19857835769653	72.7074556350708
40.3786039352417	44.29252243041992
57.13548946380615	58.18307018280029
38.168206214904785	30.623090267181396
40.72964382171631	43.23792886734009
51.729764461517334	63.62337589263916
46.01601314544678	50.35569190979004
60.97385215759277	62.68232822418213
56.19416427612305	48.87599182128906
54.95594358444214	61.10902976989746
66.53084564208984	63.42576599121094
50.78646898269653	50.703311920166016
54.7085394859314	71.80879783630371
44.1053352355957	44.08197355270386
62.8875789642334	57.40889024734497
43.67622470855713	48.638620376586914
68.891122341156	60.541741371154785
48.31537628173828	46.22322082519531
37.4111967086792	43.32762050628662
54.37764358520508	56.332008361816406
43.49081039428711	45.24641132354736
50.25787353515625	51.90666437149048
75.28998756408691	79.19437980651855
61.48550510406494	60.129690170288086
51.99481821060181	48.37150430679321
38.06176471710205	46.8618803024292
68.39155578613281	68.95927429199219
81.96831464767456	88.88955688476562
44.290550231933594	44.69479465484619
49.77443218231201	55.22067975997925
55.75678634643555	61.411766052246094
42.661797523498535	36.30143737792969
47.886648178100586	55.07368564605713
72.32295036315918	66.86947822570801
60.72278594970703	63.766496658325195
54.222129821777344	70.99739074707031
73.95768928527832	77.20083618164062
44.963690757751465	41.26058864593506
56.260475158691406	58.10725784301758
44.04418182373047	40.104225158691406
65.06933689117432	54.4368953704834
38.21811389923096	41.42731475830078
41.06902027130127	41.19979763031006
50.50002431869507	56.85599422454834
46.40137481689453	45.012908935546875
45.46402454376221	52.167932987213135
42.83399963378906	47.962154388427734
51.7394814491272	51.24490737915039
47.77030563354492	53.049705505371094
58.025291442871094	62.076141357421875
49.98800277709961	49.982330322265625
47.44478416442871	59.72349548339844
47.68051242828369	48.23458671569824
50.696250438690186	59.132057189941406
42.97493076324463	44.13848876953125
36.207969188690186	40.1165771484375
60.13106632232666	73.85942935943604
69.57881736755371	69.66512489318848
69.54376220703125	59.54422903060913
56.22235107421875	56.614925384521484
58.05145311355591	59.80089712142944
39.11350965499878	46.28477096557617
51.14743232727051	46.298545360565186
67.05316972732544	67.62442111968994
50.54112195968628	47.74170684814453
39.06521701812744	32.13846683502197
69.45195198059082	69.9493408203125
42.49103546142578	49.508042335510254
44.90791368484497	43.515965938568115
79.45051002502441	78.58212089538574
61.67254686355591	61.49204063415527
62.00718402862549	65.6011962890625
56.23226737976074	62.6217098236084
44.11500549316406	48.77208089828491
46.31686449050903	50.08135986328125
52.09735727310181	42.17397594451904
65.75291633605957	60.21648406982422
42.98332595825195	47.034454345703125
54.15696907043457	58.04635429382324
38.739535331726074	43.129151344299316
44.66684007644653	51.01968240737915
46.95771789550781	46.28015613555908
62.17146873474121	60.80401420593262
51.64669990539551	52.01465606689453
52.36863613128662	62.70259666442871
30.043044090270996	34.16524600982666
48.98862838745117	44.44237518310547
51.422794342041016	58.06749725341797
68.05838251113892	72.75805807113647
47.626266956329346	53.47047424316406
31.84320831298828	27.12876796722412
54.669395446777344	49.61886215209961
62.91043138504028	61.471595764160156
67.56196022033691	66.360671043396
56.64246368408203	59.036224365234375
51.04339599609375	50.52610778808594
60.379159927368164	67.35151767730713
56.33778476715088	51.60395050048828
66.17668151855469	72.44979190826416
39.1977596282959	41.74275207519531
36.83327865600586	27.995484352111816
38.326483726501465	47.617215156555176
46.76073980331421	51.81525993347168
50.911712646484375	57.90885400772095
60.949642181396484	69.74844217300415
41.601478576660156	55.61553955078125
55.05242156982422	50.21057939529419
34.33447599411011	38.89984846115112
53.140668869018555	52.00638771057129
45.05718231201172	46.429359436035156
54.35157537460327	60.59108018875122
58.615562438964844	47.75802230834961
73.20128059387207	73.75409173965454
38.4629487991333	39.357916831970215
37.930908203125	52.27034378051758
68.9550256729126	75.1259708404541
56.750370025634766	52.86273956298828
63.961395263671875	60.660919189453125
53.61985445022583	55.75039863586426
60.00382423400879	70.09478759765625
63.08672904968262	66.8429183959961
58.90973424911499	59.49064493179321
43.57660961151123	39.923659801483154
73.92032814025879	74.4803524017334
48.18245315551758	43.28967761993408
52.06350517272949	52.96807050704956
51.64397430419922	47.8018684387207
42.31333827972412	46.535677909851074
48.656211853027344	58.140875816345215
48.172157287597656	46.671043395996094
42.554752349853516	35.275025367736816
50.74719285964966	48.53130769729614
54.70379018783569	64.98695373535156
52.228981018066406	54.827781677246094
48.47883653640747	50.67434072494507
51.0420036315918	59.373082637786865
59.26670455932617	63.124122619628906
50.844106674194336	58.713890075683594
43.27619409561157	45.89539289474487
31.477344036102295	32.261338233947754
43.838486671447754	50.31242370605469
49.840980529785156	54.998233795166016
56.29600811004639	60.356876373291016
55.83701992034912	73.67509365081787
42.9854531288147	45.29889392852783
51.71662473678589	44.572914123535156
43.49372911453247	47.72748422622681
58.291168212890625	59.832401275634766
81.03362846374512	82.6084156036377
39.55484676361084	53.31843566894531
42.03939914703369	36.23738765716553
36.40964984893799	40.19124507904053
67.53856658935547	77.26394462585449
38.731224060058594	44.03144836425781
54.01251983642578	54.16936492919922
48.84880828857422	47.677175998687744
59.71423387527466	64.23418521881104
66.60033559799194	67.97051954269409
44.11511182785034	54.733235359191895
57.964744567871094	56.47386360168457
48.78904056549072	43.63849878311157
60.42359161376953	55.584449768066406
42.99996042251587	44.39909362792969
70.94319343566895	73.35887908935547
48.2732048034668	52.55775451660156
52.92272424697876	59.46535110473633
50.18484878540039	52.095004081726074
44.230055809020996	38.823431968688965
65.2618932723999	66.67159223556519
47.091522216796875	49.19783020019531
49.918275356292725	56.84370422363281
70.29265022277832	78.7130069732666
36.88734531402588	26.712403297424316
92.13371992111206	92.06669759750366
67.71672248840332	55.991387367248535
41.269349098205566	44.574588775634766
57.819894790649414	62.27610778808594
54.98526334762573	65.45518398284912
31.162607669830322	39.19313049316406
45.53775405883789	51.7618408203125
33.19118785858154	31.90616226196289
46.88457107543945	44.3346061706543
33.43744993209839	42.935638427734375
81.1429386138916	78.66124153137207
56.80105018615723	63.03938341140747
43.85533618927002	49.32271385192871
54.41500186920166	58.83449077606201
40.113404273986816	35.92451477050781
48.471975803375244	42.675880432128906
38.16924333572388	42.55499839782715
56.49383544921875	52.818875312805176
63.67104148864746	73.2086181640625
65.49966430664062	64.17694902420044
32.969253063201904	28.113021850585938
48.29646062850952	56.0965633392334
45.90911149978638	50.264312744140625
46.2572603225708	50.39565467834473
59.95201873779297	62.19056510925293
50.963836669921875	49.057154178619385
56.14862108230591	56.37484931945801
60.99064826965332	64.8170485496521
58.595598220825195	72.01241970062256
45.95113515853882	40.9713716506958
52.830528259277344	47.34584426879883
64.1831111907959	67.54090309143066
49.88175392150879	49.70999765396118
51.216562271118164	49.84752178192139
58.882182598114014	53.681190490722656
46.50762939453125	44.76355743408203
76.71021938323975	64.26585245132446
59.762797355651855	60.91142654418945
49.74891901016235	50.75613498687744
60.84885025024414	59.12461471557617
49.7686243057251	53.937888622283936
45.28446578979492	49.59004497528076
44.45017719268799	48.48300886154175
63.73565196990967	54.13571548461914
44.092838287353516	48.45375061035156
66.81635856628418	64.48255777359009
47.8807373046875	51.61962127685547
53.11392593383789	52.42124557495117
45.85937976837158	45.446903228759766
30.341331958770752	42.051329612731934
47.55366039276123	55.93547582626343
70.89411735534668	64.77145385742188
35.46616220474243	44.90559768676758
68.03088188171387	74.5217514038086
41.846585273742676	46.977900981903076
51.19356155395508	51.73326873779297
47.53628921508789	53.88339042663574
44.1784086227417	43.026909828186035
44.46758985519409	48.3635368347168
56.775808334350586	65.25952816009521
60.42045593261719	62.95253133773804
40.135491371154785	44.48327350616455
30.508249282836914	21.724677085876465
58.83624601364136	55.65770721435547
48.554906368255615	55.31336212158203
44.48374843597412	48.00129318237305
37.60762310028076	38.63653564453125
50.70469808578491	56.74410152435303
58.374940395355225	60.50905179977417
37.65773391723633	42.61482238769531
80.82855033874512	79.69317531585693
62.329031467437744	57.01675987243652
52.53313636779785	59.55209541320801
37.7151255607605	43.85815715789795
58.19566345214844	55.42473602294922
41.116164684295654	44.22913312911987
53.36173057556152	49.48466205596924
57.264883518218994	58.82632827758789
70.09585762023926	79.48184013366699
55.34372806549072	63.926286697387695
39.18890428543091	42.632354736328125
35.55176258087158	40.124616622924805
62.187299728393555	68.72372627258301
55.78742837905884	65.09619998931885
38.98178005218506	41.00584888458252
67.06520748138428	61.29290771484375
60.331292152404785	61.216957569122314
48.50218963623047	56.071810722351074
35.02117872238159	29.511914253234863
47.43380260467529	50.739455699920654
35.69098377227783	35.68695545196533
62.951419830322266	56.85591220855713
88.74396085739136	86.71740531921387
59.9475474357605	50.54014778137207
68.10568141937256	65.5124659538269
53.780975341796875	51.94368124008179
39.537036418914795	43.234153747558594
49.78777313232422	58.59769248962402
58.01676273345947	66.2035083770752
50.24414825439453	55.25261688232422
59.367480754852295	64.81384325027466
47.453866481781006	51.25228452682495
34.70707654953003	31.542141437530518
39.56542110443115	47.07283687591553
51.71702861785889	54.44694519042969
58.28499412536621	60.90293884277344
36.871338844299316	35.459418296813965
48.30506753921509	46.11201000213623
46.07379341125488	49.264366149902344
48.25184631347656	52.157100677490234
37.02404594421387	41.56661605834961
62.103376388549805	72.3481764793396
54.07835388183594	61.914533615112305
28.42851734161377	32.67897891998291
40.56526851654053	29.73994731903076
51.024775981903076	48.905181884765625
52.96792459487915	59.50941610336304
50.88966608047485	53.33410835266113
62.163700103759766	64.71306467056274
43.23691415786743	47.623459815979004
51.42331314086914	57.26570129394531
58.939998149871826	51.68495750427246
40.87959671020508	45.45109558105469
56.15721273422241	56.196330070495605
57.00175476074219	50.87462615966797
45.68805170059204	46.74785232543945
56.55081510543823	64.52900505065918
40.55570983886719	49.06402349472046
40.481924057006836	44.615394592285156
54.31005096435547	54.53261184692383
43.182026386260986	48.74257755279541
42.575133323669434	49.53382730484009
61.51501178741455	66.39923095703125
50.85456466674805	53.600462436676025
49.57353448867798	53.09153890609741
60.53023338317871	64.17890071868896
52.75778579711914	45.98556137084961
47.62965488433838	54.61309289932251
43.95850610733032	50.22272491455078
40.25221252441406	45.927406311035156
48.60123825073242	44.75727081298828
44.87247562408447	45.3638219833374
58.582380294799805	58.74985313415527
53.227169036865234	53.182735443115234
41.322340965270996	34.98095226287842
39.14305877685547	39.790653705596924
49.767242431640625	56.043877601623535
50.6826171875	57.82473373413086
40.83337116241455	47.69023132324219
48.835227966308594	41.177013874053955
57.492713928222656	54.9487419128418
54.85115718841553	58.08097839355469
62.606515884399414	57.64529371261597
35.76510667800903	42.572078704833984
43.20817852020264	45.10481357574463
60.21672821044922	59.22414779663086
39.405274391174316	54.63111877441406
56.11243915557861	59.293710708618164
57.54741191864014	61.17877912521362
56.62492370605469	54.12664031982422
37.46015644073486	42.36797046661377
41.29473876953125	52.44703817367554
33.99249315261841	25.29115915298462
45.106099128723145	44.827481269836426
49.324233055114746	52.32835054397583
50.39898633956909	57.167457580566406
65.62161922454834	59.99928951263428
50.615966796875	58.23570156097412
47.330055236816406	52.99441385269165
65.11271810531616	57.587602615356445
55.13914108276367	63.49791717529297
49.96312952041626	53.28820610046387
57.552271366119385	59.56953525543213
56.27996349334717	64.12983655929565
48.54688262939453	41.48673057556152
47.36014652252197	53.525519371032715
48.812225341796875	54.215328216552734
33.162498474121094	43.487892150878906
55.79948425292969	58.980464935302734
38.59935665130615	33.989516258239746
35.87782382965088	38.77491283416748
44.545602321624756	38.791141510009766
40.77183437347412	43.52647352218628
49.91997814178467	50.71131134033203
45.99131631851196	48.12359142303467
40.85780429840088	34.18205404281616
39.685017585754395	48.30069923400879
47.02466583251953	46.335994720458984
46.08018493652344	44.47636699676514
59.0204815864563	59.9081597328186
52.46048927307129	59.69403791427612
48.7492733001709	49.21373176574707
42.99975919723511	38.22055768966675
53.074774742126465	64.02738904953003
43.960758209228516	50.597721099853516
66.70093297958374	67.52339220046997
64.18572902679443	68.50162506103516
56.6378059387207	60.691463470458984
52.29977989196777	49.99018859863281
56.02823495864868	63.71604919433594
37.159578800201416	43.23958110809326
33.78679275512695	35.021063804626465
41.9610595703125	55.18222761154175
51.043012619018555	52.118170738220215
46.5427942276001	52.71995830535889
52.34303283691406	46.401092529296875
48.05791139602661	51.248374938964844
62.98438787460327	62.411818504333496
42.02614879608154	42.32879161834717
55.874813079833984	63.27973175048828
50.36891174316406	47.53804397583008
51.15925598144531	53.92949676513672
59.847941398620605	60.44117259979248
44.216514587402344	42.611541748046875
50.78363227844238	53.68696975708008
53.39762306213379	59.435781955718994
38.823683738708496	30.204195976257324
43.43043565750122	51.891845703125
51.59865188598633	63.82197904586792
48.941407203674316	53.19322347640991
36.84850788116455	44.02790021896362
42.362518310546875	44.551963806152344
38.689045906066895	37.24626064300537
41.50767803192139	47.077239990234375
30.307745933532715	35.44398546218872
57.8572998046875	65.6254653930664
49.099395751953125	56.9537353515625
51.181060791015625	53.62779235839844
49.20782518386841	59.318824768066406
47.37700796127319	50.455055236816406
58.26097011566162	70.73973655700684
47.38468933105469	52.536386013031006
49.357975482940674	56.80297565460205
55.94235277175903	48.30127143859863
53.01390361785889	55.561278343200684
65.64148664474487	65.67934226989746
61.66932487487793	59.16543006896973
52.629562854766846	60.74570178985596
45.52260732650757	51.659549713134766
50.83355712890625	39.63195180892944
49.6561861038208	59.19387674331665
74.65922355651855	68.1903018951416
57.68524789810181	63.8611364364624
46.19297647476196	49.6813440322876
55.7112455368042	61.77116870880127
45.4399528503418	45.98773145675659
41.03855276107788	51.145569801330566
42.47243404388428	43.929503440856934
53.56843185424805	61.729594230651855
47.07997941970825	41.81534290313721
43.91226768493652	42.17624759674072
44.68324279785156	42.5166540145874
57.138423919677734	52.931448459625244
56.58491563796997	64.20868682861328
41.924838066101074	35.3355016708374
45.340633392333984	46.689666748046875
35.957210063934326	39.09538745880127
42.798614501953125	29.950013160705566
42.142136096954346	30.96328067779541
50.47055435180664	53.63214111328125
30.119487762451172	40.42007398605347
54.19313621520996	64.90788316726685
47.87260723114014	51.826337814331055
51.090431213378906	54.107967376708984
52.23193168640137	56.10661029815674
49.15052795410156	52.90080261230469
51.124606132507324	42.964375019073486
63.56576156616211	66.53593254089355
56.710777759552	66.94636344909668
32.97274398803711	34.92623805999756
60.011117935180664	69.7226333618164
49.407328605651855	41.7841215133667
58.63230323791504	60.20142459869385
55.43885278701782	61.253718852996826
50.15208435058594	57.317888259887695
51.55414962768555	50.81472110748291
62.279168128967285	60.698944091796875
51.293907165527344	47.11761474609375
52.517536640167236	60.651893615722656
49.409278869628906	53.73745346069336
50.032830238342285	44.03879642486572
51.77080965042114	47.23259353637695
62.12905168533325	64.51193046569824
56.74589395523071	59.52409744262695
61.6439323425293	64.0490493774414
53.627864837646484	51.457481384277344
51.109628677368164	59.067360401153564
48.80028533935547	55.298914432525635
38.83970260620117	28.656868934631348
58.99067687988281	61.20234489440918
58.17047452926636	59.94973182678223
52.16895771026611	55.64546251296997
49.91170644760132	48.61392307281494
55.89916276931763	63.618032455444336
62.91447639465332	55.42032718658447
46.57469844818115	54.04088640213013
49.13843536376953	50.66520881652832
53.836875915527344	58.207780838012695
47.35203552246094	45.47962188720703
42.1881308555603	41.46729278564453
53.76593589782715	60.95258712768555
52.107261657714844	51.60399770736694
40.887794494628906	37.872130393981934
46.93220567703247	50.35807800292969
62.459861755371094	68.21304273605347
46.41743469238281	47.76371765136719
31.63597011566162	41.1567964553833
40.769628047943115	54.667938232421875
42.0293083190918	41.4677209854126
38.48408031463623	42.486382484436035
42.33618927001953	44.82265853881836
44.36478042602539	46.68844175338745
57.895713329315186	63.99898338317871
37.02503204345703	31.520137786865234
60.16482353210449	56.30052328109741
60.04462242126465	56.067060470581055
36.607749938964844	38.029162883758545
41.815993785858154	36.16750431060791
46.81648254394531	56.131364822387695
62.52668380737305	65.61113834381104
45.03468561172485	39.61647033691406
60.70477294921875	64.30229759216309
51.50969314575195	55.462730407714844
46.938440799713135	57.02553176879883
53.35711097717285	60.826651096343994
43.15567874908447	40.029212951660156
54.61037540435791	59.764296531677246
43.60293960571289	48.808359146118164
52.478196144104004	55.54823303222656
33.03522539138794	41.35995531082153
37.12067270278931	44.77619934082031
54.05939483642578	66.42196655273438
31.51130485534668	36.79667663574219
40.007869720458984	53.89638137817383
49.703330516815186	45.63710927963257
48.05620765686035	36.47981357574463
73.6953592300415	76.2096118927002
53.55321168899536	56.674134254455566
44.335267066955566	46.965328216552734
44.465599060058594	48.4525408744812
39.75108003616333	37.98987150192261
48.77913045883179	50.32571458816528
44.455750465393066	40.73471403121948
55.39909362792969	66.65202140808105
40.791014671325684	44.80509567260742
54.338271617889404	62.97282600402832
46.47198152542114	36.74565076828003
75.04146528244019	82.16326904296875
60.732399463653564	64.33287143707275
51.86355400085449	58.66543436050415
35.14496564865112	38.59581470489502
39.167455196380615	33.85141897201538
60.30329608917236	59.368882179260254
53.07829284667969	50.089332580566406
58.114577293395996	59.59631967544556
72.90897369384766	77.39835262298584
45.745933532714844	53.043006896972656
46.343807220458984	52.58246612548828
44.65736389160156	47.461336612701416
67.54761457443237	60.286760330200195
42.44633483886719	43.88130569458008
53.83417510986328	62.12765693664551
49.262399196624756	48.4388108253479
70.99887657165527	65.01823425292969
45.91124725341797	41.79183769226074
49.046287536621094	48.215980529785156
51.05989933013916	57.81723976135254
57.848310470581055	63.377227783203125
44.12110137939453	44.76409864425659
37.65820026397705	35.561333656311035
52.17476272583008	47.357285499572754
56.533103942871094	51.75361633300781
40.770482540130615	49.36810922622681
65.61555242538452	65.64837455749512
57.70146369934082	63.60743045806885
33.61048221588135	39.13113355636597
66.68867683410645	64.87820291519165
43.24550247192383	37.63388204574585
47.39724636077881	49.70375061035156
68.0271315574646	78.13086700439453
83.75522804260254	90.21655082702637
43.98914098739624	36.04646587371826
41.28031063079834	46.67664575576782
64.05734252929688	69.84256649017334
61.21501350402832	60.73667907714844
41.82938289642334	46.2932653427124
62.160420417785645	72.07077026367188
36.87985897064209	38.89387130737305
42.00181579589844	49.264084815979004
57.96506452560425	63.48798608779907
44.71245765686035	54.46033573150635
36.249274253845215	45.86066913604736
38.522406578063965	31.502872467041016
59.34030532836914	63.76494884490967
38.60898685455322	36.499274253845215
41.162163734436035	35.37139892578125
43.305667877197266	62.4410343170166
42.538620471954346	43.25874996185303
43.20105218887329	41.78486156463623
47.7378044128418	42.59761047363281
37.48644161224365	42.00835418701172
53.4334659576416	56.130805015563965
61.69304656982422	59.56387138366699
53.92600393295288	49.8214807510376
50.20262098312378	56.89345836639404
38.49019718170166	44.047757148742676
33.99785327911377	37.505805015563965
51.45920133590698	51.19102096557617
49.69195556640625	62.40387582778931
57.46134948730469	50.51622772216797
40.33303260803223	47.7337121963501
41.23548889160156	40.18941116333008
41.70820760726929	37.164952754974365
56.25748634338379	48.630614280700684
44.49891901016235	47.726943492889404
47.53002977371216	46.245200634002686
45.44069766998291	48.463454246520996
67.7154221534729	64.03491973876953
60.00947856903076	65.77651977539062
50.08315896987915	55.22441482543945
62.929630279541016	58.05493354797363
72.39950656890869	60.37502717971802
43.48810148239136	44.187533378601074
58.870423793792725	60.29698371887207
32.55049800872803	27.469528913497925
59.50688362121582	43.768019676208496
48.72788906097412	55.2687931060791
34.29662275314331	42.586029052734375
57.195064544677734	55.47184753417969
39.27021789550781	41.316556453704834
47.98176574707031	44.207420349121094
38.74708843231201	36.623199462890625
48.96858787536621	57.00450134277344
57.21336364746094	58.979068756103516
65.22040557861328	66.22140598297119
50.84824991226196	44.780434131622314
61.49909496307373	64.4564962387085
47.208460330963135	52.04723596572876
48.545390129089355	54.425658226013184
47.71214962005615	32.96170711517334
69.02969169616699	78.96994590759277
63.21650505065918	69.9002456665039
61.98722839355469	68.60774040222168
74.43312168121338	68.24019432067871
52.06977081298828	63.465880393981934
51.88300323486328	51.493865966796875
78.18977165222168	75.19658088684082
60.95531988143921	68.61479902267456
52.37450408935547	57.63834524154663
53.346219062805176	55.323320388793945
43.67263841629028	44.08265447616577
50.039401054382324	51.358041763305664
52.41469860076904	60.65204620361328
36.32395887374878	45.5276985168457
41.63182830810547	50.32698440551758
45.41590118408203	43.31226634979248
61.50115156173706	71.47345876693726
51.582645893096924	44.92904567718506
54.063995361328125	62.31534957885742
48.09803009033203	48.091301918029785
51.99018430709839	58.48908233642578
54.50740051269531	43.95958709716797
44.60135269165039	44.82857131958008
45.946983337402344	46.13520812988281
44.356109619140625	56.76047372817993
43.43657970428467	55.44119215011597
37.45598220825195	35.731451988220215
57.43950271606445	59.326995849609375
50.90171432495117	50.896060943603516
65.33082675933838	73.14731025695801
60.02451419830322	67.6280689239502
39.10947322845459	51.668689250946045
54.33695840835571	60.005340576171875
50.53848695755005	50.22594738006592
31.51456117630005	43.84879016876221
51.07876253128052	54.610382080078125
47.36479568481445	38.69663667678833
64.95444297790527	70.68148136138916
53.71281814575195	56.08027267456055
41.235103607177734	39.96971893310547
47.57092094421387	48.09988260269165
49.3499231338501	52.69786262512207
57.033485412597656	62.514312744140625
54.84789752960205	43.576220989227295
56.90394401550293	51.021766662597656
76.7358865737915	80.92623138427734
79.5567855834961	80.97958946228027
59.70433044433594	62.925270080566406
33.18323993682861	41.83607482910156
41.10627794265747	46.241859436035156
52.824256896972656	59.712873458862305
41.20210933685303	36.747015953063965
51.57324981689453	49.95978832244873
44.49324131011963	50.12637519836426
38.9366455078125	41.76301860809326
59.234586238861084	64.88609313964844
50.37107849121094	47.99473571777344
46.62105703353882	39.86652660369873
62.089317321777344	57.8994026184082
47.08736276626587	51.66133499145508
44.56930112838745	51.88986587524414
33.95660877227783	39.259440898895264
34.46945905685425	43.021440505981445
51.696693420410156	48.26136016845703
86.96817970275879	74.7015609741211
65.84320163726807	65.59838247299194
65.10908555984497	61.994452476501465
92.11054992675781	86.56125783920288
40.5223388671875	33.848015785217285
45.510738372802734	49.47276306152344
38.24293041229248	44.40242099761963
59.7744140625	67.07421875
49.11472702026367	51.756072998046875
57.20126724243164	52.443809509277344
43.91072130203247	42.622944831848145
60.646583557128906	50.74305725097656
39.856139183044434	36.08170032501221
36.75764083862305	42.301185607910156
58.90549659729004	50.0361328125
63.14314842224121	66.314124584198
45.51441955566406	54.695011138916016
40.36185169219971	37.61514329910278
68.12747955322266	64.7744369506836
47.34639072418213	38.85710096359253
39.07796382904053	31.765239238739014
75.71365356445312	84.3142261505127
46.51658535003662	52.67890167236328
38.63639497756958	45.93013000488281
50.85145568847656	50.00064468383789
48.82913017272949	50.27467727661133
41.129329681396484	46.878729820251465
49.96820068359375	40.84247589111328
56.45665264129639	59.93074035644531
49.53524923324585	47.46112060546875
62.9949517250061	63.289742946624756
65.72543144226074	61.977829456329346
36.783748626708984	43.634161949157715
41.38261795043945	45.40360927581787
57.3810338973999	59.573012351989746
41.26703596115112	51.96631956100464
66.26863956451416	57.96893119812012
40.40310573577881	31.516047477722168
52.364797592163086	47.045326232910156
60.76751232147217	57.15844917297363
60.719804763793945	55.75254249572754
32.514939308166504	46.57796573638916
34.09936189651489	32.610623359680176
59.559311866760254	54.31007194519043
53.240174770355225	56.15708827972412
68.5593032836914	75.26405096054077
37.0003137588501	41.22575855255127
39.6232533454895	46.27591609954834
40.830777645111084	44.95053815841675
79.46916389465332	65.17303514480591
54.863465309143066	61.16748046875
57.93769836425781	59.1353702545166
71.81167554855347	81.80551338195801
74.0387020111084	79.43050575256348
34.540061950683594	40.07493019104004
38.94205856323242	36.42246723175049
65.14236402511597	68.43108177185059
45.705960273742676	43.827884674072266
55.13385772705078	55.02074432373047
60.60237121582031	65.95839500427246
47.46388244628906	47.06993103027344
45.08830261230469	40.839125633239746
47.48879384994507	49.698875427246094
55.787349700927734	53.87664794921875
33.353774547576904	39.06600475311279
32.53249406814575	24.19853925704956
60.63743591308594	53.33609962463379
51.686767578125	44.919923305511475
45.933231353759766	53.238341331481934
35.24075651168823	37.49023389816284
48.84280300140381	36.76110076904297
48.02141761779785	48.418928146362305
56.77591037750244	55.374061584472656
54.697998046875	55.122703552246094
52.786765575408936	49.52235507965088
39.681607246398926	45.81089687347412
63.73723030090332	59.5499324798584
59.63212585449219	63.879581451416016
66.15455627441406	68.70291233062744
36.07271909713745	34.368910789489746
40.462154388427734	46.10501003265381
42.541794776916504	55.3364143371582
29.982762336730957	41.42739486694336
42.020164489746094	44.497687339782715
44.84711456298828	45.989113330841064
72.2376480102539	76.978102684021
35.36882400512695	44.43801212310791
46.3566255569458	42.06032466888428
80.93801879882812	84.34558963775635
35.67489528656006	37.251248359680176
39.54254865646362	43.698740005493164
33.47736835479736	37.31766223907471
40.59196758270264	45.598880767822266
39.232818603515625	42.642943382263184
54.592180252075195	51.485435485839844
43.03093242645264	50.33676338195801
45.010520935058594	51.262211322784424
47.60909032821655	44.514349937438965
45.02594041824341	46.431641578674316
61.52245903015137	59.83755588531494
38.721951484680176	44.905975341796875
53.96832275390625	52.936893463134766
45.96734046936035	51.16718816757202
64.17791843414307	67.85783195495605
54.27003860473633	53.48222637176514
50.30998992919922	51.141714572906494
40.82396841049194	48.957191467285156
40.984116554260254	53.486891746520996
48.52137756347656	43.42628860473633
37.74855422973633	56.192461013793945
44.50315189361572	43.72152042388916
49.52323913574219	60.20753860473633
48.65986204147339	56.45114517211914
43.56130886077881	48.54829216003418
74.40547847747803	73.17863988876343
79.16768074035645	83.11938571929932
68.56300354003906	68.63784790039062
73.1906270980835	79.7722864151001
41.84539031982422	57.15651798248291
42.52739191055298	52.75773286819458
34.79139804840088	41.69960117340088
39.20133304595947	36.071044921875
35.942814350128174	35.566062927246094
58.103543758392334	64.08371925354004
42.7329306602478	54.14307403564453
42.053245544433594	47.50637769699097
65.88280487060547	56.394195556640625
40.817994117736816	28.38456630706787
45.63915205001831	49.092021465301514
39.553680419921875	45.391029357910156
77.46193075180054	83.83769273757935
48.67958211898804	46.74365997314453
56.953975677490234	56.38933563232422
38.48197937011719	41.30854606628418
57.333178997039795	56.27337598800659
42.768113136291504	43.496060371398926
56.34439659118652	47.84163522720337
39.31873798370361	45.996880531311035
59.68722915649414	60.200679779052734
37.3126916885376	44.78720569610596
44.831993103027344	55.07511520385742
46.3536376953125	51.765621185302734
64.43700313568115	54.880056381225586
56.8557071685791	61.052517890930176
72.64216423034668	75.06184577941895
67.98600769042969	58.45902633666992
61.797675132751465	66.02455139160156
52.87179470062256	62.05990791320801
65.90128898620605	68.98213386535645
61.982537269592285	55.367774963378906
62.86545276641846	64.24264430999756
38.04268169403076	30.65087080001831
39.01929426193237	54.34103012084961
47.271499156951904	56.40188503265381
70.38646697998047	65.3829574584961
48.6571044921875	58.029090881347656
66.09436988830566	59.88089084625244
67.76057434082031	68.0503921508789
50.10152053833008	48.245426177978516
41.337668895721436	51.357333183288574
59.93473434448242	57.8390007019043
61.176419258117676	66.8879222869873
43.95969486236572	42.710065841674805
54.46184206008911	61.98659896850586
56.69608116149902	51.8571662902832
58.35230255126953	50.30220031738281
36.894965171813965	38.31655025482178
70.67616128921509	63.47113275527954
52.94901657104492	58.94301986694336
45.63036060333252	47.40680980682373
76.09352827072144	83.76118421554565
42.22189426422119	50.00720930099487
58.45271158218384	55.22466230392456
31.09668254852295	35.1048469543457
47.097965240478516	45.1197395324707
56.97868347167969	60.99042892456055
64.19310092926025	64.9468994140625
52.98258447647095	59.06272315979004
40.57919502258301	43.05260467529297
62.077012062072754	73.89384269714355
40.651334285736084	37.10218095779419
51.80635070800781	55.957489013671875
56.973751068115234	47.9293212890625
42.552123069763184	33.55429744720459
57.64403820037842	64.97389316558838
32.8568115234375	35.39274978637695
44.62968349456787	50.765174865722656
55.69059419631958	57.065818786621094
70.36303806304932	72.71124362945557
43.597901344299316	54.86341094970703
54.27389144897461	46.09838390350342
39.935855865478516	38.27079772949219
35.63850402832031	30.820003509521484
52.29878377914429	48.88894271850586
53.19526672363281	46.762386322021484
46.483981132507324	53.75966501235962
32.71595001220703	31.302077770233154
52.02001094818115	59.46760654449463
35.58565807342529	37.0343279838562
41.72324466705322	36.31908702850342
54.988712310791016	54.29904079437256
68.84757852554321	75.47412300109863
64.97832441329956	67.97827863693237
42.07394313812256	46.67845630645752
53.917179107666016	49.27669143676758
44.20023727416992	50.31333780288696
50.07217311859131	57.16452169418335
77.12967681884766	82.69992256164551
61.03941202163696	59.345102310180664
48.287917613983154	42.78013467788696
60.55268859863281	57.76556396484375
43.267653465270996	43.28126907348633
42.81680774688721	47.90640354156494
35.78811192512512	40.90530776977539
57.47902870178223	71.02369785308838
70.43023586273193	74.61954593658447
58.142179012298584	62.23377752304077
61.93407726287842	61.00566101074219
59.68604850769043	62.72048044204712
55.32232904434204	48.55083703994751
45.602108001708984	46.442307472229004
58.314903259277344	68.38343811035156
62.444257736206055	54.260470390319824
57.46227741241455	48.60930061340332
36.051597595214844	39.07721996307373
53.123178482055664	57.90387153625488
36.63729190826416	35.60121536254883
47.704447746276855	43.80666732788086
41.08166790008545	37.38186550140381
49.882750511169434	54.66239261627197
63.29299736022949	62.174978733062744
47.78342342376709	49.79145669937134
55.418291091918945	53.10329580307007
43.08887958526611	42.75462055206299
52.12578201293945	48.55934143066406
47.123374938964844	43.17952299118042
47.508575439453125	58.576415061950684
59.938804626464844	58.134090423583984
47.39875411987305	54.23993635177612
44.126046657562256	46.254586696624756
43.48988628387451	39.63294982910156
60.54133224487305	60.044002532958984
62.61547136306763	58.571152687072754
55.99159383773804	45.50246572494507
61.36542892456055	62.66896724700928
43.173909187316895	49.492332458496094
38.86461639404297	45.36003112792969
51.97866153717041	52.47759246826172
38.83673572540283	41.6868782043457
36.11635208129883	45.058090686798096
32.88371992111206	40.331597328186035
67.69993782043457	75.12466430664062
63.04033613204956	71.79649353027344
35.799033641815186	34.8491907119751
49.84458017349243	47.69155168533325
41.055747985839844	39.74989700317383
49.59991979598999	58.738510608673096
62.04705619812012	62.55500650405884
48.9878044128418	57.7564697265625
53.77521514892578	51.42225646972656
51.59768486022949	54.591227531433105
48.072410583496094	53.33990478515625
50.96892547607422	50.95212936401367
52.07366466522217	58.92239427566528
73.60482215881348	75.26819801330566
51.718942165374756	62.24325656890869
39.639007568359375	44.90337371826172
70.30631828308105	77.53611946105957
52.43725395202637	60.804054260253906
40.870121002197266	54.150299072265625
37.876708030700684	41.963393211364746
46.57795858383179	51.709564208984375
42.600311279296875	47.29581928253174
58.68879795074463	62.87213325500488
59.76415491104126	60.64194679260254
44.81900882720947	45.98341369628906
46.88708782196045	52.745137214660645
52.84222984313965	61.48544883728027
49.103400230407715	45.57130002975464
38.00444793701172	37.55854320526123
52.25528812408447	58.276307106018066
53.99723196029663	58.51924133300781
58.54301404953003	53.471282958984375
49.5340576171875	42.492241859436035
40.102317810058594	48.63526916503906
50.569523334503174	58.06471824645996
44.240623474121094	50.576942443847656
36.74290180206299	30.571240425109863
68.36227226257324	64.1110782623291
41.35739326477051	31.890978813171387
49.712053298950195	55.437509536743164
58.134764671325684	52.50838279724121
51.80387258529663	58.758501052856445
47.309173583984375	53.4996657371521
47.89994144439697	48.75205421447754
43.84971857070923	44.227614402770996
37.101874351501465	23.79225254058838
66.70079183578491	63.066797733306885
45.323875427246094	49.80704641342163
44.823585987091064	47.683207511901855
44.290669441223145	46.90736103057861
47.093337535858154	41.16086483001709
48.932344913482666	55.03996276855469
50.56372833251953	54.33098220825195
67.94570732116699	81.95081424713135
39.684651374816895	39.04116725921631
44.326340675354004	42.75076961517334
39.34035873413086	29.615204334259033
39.03339672088623	42.659422874450684
60.98892259597778	63.73834991455078
33.17266845703125	46.944035053253174
45.792975425720215	49.20693397521973
65.20785284042358	75.74030542373657
48.80360794067383	50.57858657836914
44.88099670410156	52.43897724151611
72.16217231750488	72.6367883682251
73.08810234069824	79.79177808761597
50.48558044433594	62.33346462249756
59.398794651031494	58.33067083358765
