65.95602512359619	70.64810276031494
71.5964412689209	71.22660827636719
79.94790458679199	84.15445613861084
80.56958103179932	82.54428577423096
62.466596603393555	71.15696859359741
71.6227798461914	73.13710832595825
58.550357818603516	65.4153299331665
64.90703582763672	64.63003635406494
92.30524778366089	93.3327841758728
62.310118675231934	64.56340599060059
71.03446960449219	71.87151908874512
74.59753513336182	81.08929920196533
66.25183296203613	67.03641557693481
66.93682861328125	68.78382921218872
75.35488224029541	80.04331731796265
62.820281982421875	63.77549171447754
92.82414054870605	89.19761562347412
71.55494499206543	70.94403076171875
71.07135105133057	75.90535640716553
73.41821336746216	79.65327310562134
67.54084777832031	72.70207500457764
79.49179935455322	85.62784385681152
71.63896656036377	78.24136590957642
72.31246900558472	74.10689067840576
78.95827293395996	78.75884056091309
75.66153812408447	79.32900905609131
77.10244941711426	80.8341007232666
72.0589656829834	72.44829368591309
78.8206558227539	83.90423679351807
87.55245399475098	85.50532245635986
74.1698169708252	72.18814086914062
84.35087013244629	85.2447338104248
81.62077331542969	83.43977165222168
65.89816951751709	69.60612297058105
75.30790519714355	77.20834922790527
74.60617351531982	75.63665723800659
88.5416407585144	92.2027816772461
70.83831691741943	71.59916067123413
69.56189250946045	75.9124116897583
78.7838363647461	78.9100022315979
74.47635841369629	79.50967597961426
64.23113822937012	71.63361167907715
82.52564334869385	86.13476324081421
72.55198001861572	79.36126708984375
59.54686641693115	61.860718727111816
80.300048828125	76.25418186187744
76.70408821105957	79.50868034362793
66.61616706848145	64.641610622406
73.97829294204712	75.17341375350952
80.34014368057251	85.94415092468262
83.61940097808838	87.74583292007446
80.11075973510742	79.3002519607544
63.37401008605957	62.366294860839844
91.36766815185547	93.50584268569946
73.70001316070557	77.93245792388916
75.99051761627197	77.38903188705444
78.51372003555298	77.63874578475952
72.95644569396973	79.43011665344238
75.968994140625	77.88274955749512
76.7873067855835	75.38194227218628
83.99049377441406	83.28115844726562
78.8444652557373	74.17119598388672
70.33120632171631	71.7110824584961
71.8102798461914	71.05636024475098
79.67514276504517	86.2026162147522
76.91061496734619	78.78488063812256
77.44672393798828	80.75511360168457
77.43214988708496	73.67618751525879
67.78488159179688	72.54858541488647
76.11794471740723	74.61442470550537
71.29732608795166	74.96935367584229
92.5201644897461	86.6173152923584
54.59383249282837	55.72445869445801
68.12638282775879	67.6276159286499
69.38002824783325	67.83088731765747
72.4515438079834	75.18127632141113
81.76432800292969	84.49392127990723
64.19354486465454	69.93326663970947
66.83702087402344	72.80232238769531
72.31680488586426	73.53547143936157
65.86764764785767	70.33583116531372
65.74456930160522	67.67872524261475
85.58851432800293	89.25927257537842
56.392178535461426	60.92458391189575
50.63745880126953	55.75822830200195
73.68041753768921	77.51472282409668
68.16935014724731	69.18869876861572
67.09049034118652	72.51809120178223
67.33596229553223	72.47421026229858
84.92570209503174	92.07261753082275
76.60323143005371	73.55113363265991
78.52261543273926	84.76336479187012
61.96044158935547	64.84597778320312
88.6982650756836	90.8985366821289
73.16411590576172	78.03754425048828
83.34199285507202	82.47661018371582
59.211278438568115	61.51071071624756
55.089173793792725	58.21141052246094
82.18588018417358	80.80254554748535
58.49259567260742	62.40882110595703
70.02728462219238	70.1352310180664
72.62109279632568	77.38309383392334
93.6786060333252	93.39626979827881
66.35366868972778	68.62119340896606
89.00112676620483	104.63937759399414
81.61968088150024	83.00722742080688
64.5174503326416	67.9922342300415
72.70974826812744	80.58377361297607
71.83784294128418	80.71584892272949
74.21063232421875	75.15278434753418
68.93670845031738	69.61168813705444
74.99179315567017	72.65942192077637
57.73540496826172	57.7852201461792
78.61805534362793	82.20620155334473
71.3477783203125	73.40714836120605
78.28763437271118	83.47087383270264
91.7170557975769	97.70268487930298
69.06043195724487	69.16926527023315
77.10104370117188	86.10355281829834
87.0183048248291	86.01914405822754
63.94980239868164	69.78572702407837
87.15494441986084	94.0940113067627
80.96774339675903	87.30037832260132
58.735084533691406	60.12611389160156
69.0355544090271	68.14155578613281
72.29640197753906	69.98385429382324
62.86512994766235	72.26641845703125
74.6249008178711	73.26879978179932
59.89383888244629	66.23973083496094
61.62048816680908	66.6068172454834
76.05237007141113	82.66969680786133
66.13553524017334	70.85833072662354
74.38936614990234	78.96580696105957
61.70554161071777	64.94149208068848
96.37855052947998	97.11883306503296
70.21336555480957	71.35783195495605
62.197561264038086	62.55898952484131
64.80350494384766	71.12847137451172
75.03961944580078	73.8405933380127
72.63603210449219	74.86534881591797
67.31185293197632	69.38857793807983
85.3685474395752	87.93210411071777
75.4764575958252	73.08460235595703
79.20805072784424	73.11770391464233
68.85282039642334	71.60058259963989
57.64176845550537	64.1229772567749
82.10619497299194	77.29569864273071
71.68397569656372	76.95393133163452
71.38928413391113	69.57263231277466
75.5464038848877	78.46933937072754
85.00810050964355	85.56506252288818
81.80368280410767	96.44719886779785
73.21694946289062	68.86016845703125
84.72186279296875	85.52094268798828
61.073500633239746	61.02386522293091
66.31632804870605	73.49873924255371
75.5800724029541	79.66179656982422
81.37270545959473	83.89843940734863
65.30196189880371	69.7672348022461
72.47909688949585	77.94000434875488
83.02317810058594	78.51894426345825
61.31357192993164	59.96424198150635
71.68294763565063	74.73727369308472
59.600982666015625	65.3665018081665
70.11181831359863	76.76011562347412
71.40501976013184	74.47054529190063
69.08926486968994	68.79549503326416
84.85829067230225	82.68045043945312
71.88847303390503	75.69200992584229
73.51736640930176	74.90962600708008
78.04288387298584	80.91806411743164
74.31267499923706	74.74622297286987
68.5753607749939	73.05454349517822
61.091370582580566	71.4458703994751
78.67627954483032	78.01153326034546
57.436192989349365	62.846298694610596
73.04458808898926	75.47066354751587
62.40300464630127	61.222652435302734
74.72444820404053	74.07714223861694
87.838538646698	97.8405294418335
60.03228807449341	56.72582387924194
87.85718536376953	92.10994720458984
81.77986907958984	76.35331630706787
70.72341918945312	68.1861400604248
69.1707820892334	74.78016376495361
64.75751495361328	70.93769264221191
70.82940530776978	75.1808934211731
81.53883361816406	82.46034049987793
66.43315887451172	67.92031860351562
72.6450343132019	72.25270318984985
66.88055562973022	69.49271392822266
70.92596530914307	79.01995658874512
71.50887489318848	72.2702407836914
77.25702667236328	77.75899314880371
75.58002233505249	76.46193599700928
78.67379951477051	80.38553810119629
86.28413200378418	93.10537719726562
71.7835693359375	75.58240127563477
75.23803806304932	80.51250648498535
86.34473419189453	90.96467399597168
81.23741006851196	82.47158670425415
77.40434169769287	77.01761722564697
64.80430603027344	62.836270332336426
75.9133768081665	81.92720413208008
72.57279968261719	72.56783866882324
76.84621334075928	78.26988220214844
62.95671463012695	62.73709297180176
74.86601257324219	74.4180679321289
71.34479713439941	69.41056251525879
78.91148519515991	79.30314493179321
80.79237365722656	83.02336406707764
77.90994167327881	75.87763786315918
71.94369506835938	74.21562194824219
72.01298999786377	74.70674991607666
68.29443264007568	66.8308253288269
66.53348445892334	67.5082778930664
95.62010192871094	100.17617797851562
63.561598777770996	66.47622871398926
90.27735996246338	96.65235900878906
73.37010049819946	70.62696647644043
71.33284091949463	73.6307544708252
82.99433898925781	87.89847564697266
81.17390441894531	85.73276710510254
90.02703666687012	94.11408424377441
72.47804117202759	74.40160417556763
79.73586845397949	75.4453353881836
73.11979866027832	76.41061592102051
63.718719482421875	62.8528356552124
62.2163143157959	65.51171922683716
66.03776741027832	72.55248355865479
72.41519737243652	77.15437316894531
80.56298637390137	82.30326795578003
84.31343078613281	85.2890453338623
77.3809609413147	87.01652336120605
92.49332427978516	89.65068626403809
71.11846923828125	71.52392578125
76.8099136352539	77.16592168807983
82.52739143371582	79.80597496032715
86.0232925415039	89.18491172790527
89.60051536560059	87.33642768859863
71.22740936279297	69.40698051452637
78.82274675369263	79.4478669166565
75.08433532714844	77.0284652709961
89.7448501586914	87.67848443984985
60.378798961639404	67.93517255783081
83.84139394760132	83.89913320541382
71.89103555679321	72.69293355941772
74.91081237792969	78.79810333251953
69.26195621490479	76.75872802734375
62.44641304016113	63.672966957092285
62.544857025146484	67.52386522293091
70.47597408294678	73.1048059463501
80.72422933578491	79.05290126800537
66.25051689147949	75.77062797546387
61.23081684112549	64.48838710784912
62.860727310180664	60.770416259765625
67.03259801864624	76.7888331413269
72.89594173431396	80.39109230041504
71.21656036376953	74.00770568847656
71.94168853759766	70.62469530105591
86.33854866027832	88.46129512786865
66.23984670639038	71.48175001144409
86.98797798156738	93.68314361572266
65.30102348327637	67.71219062805176
81.30260372161865	84.6942048072815
90.38110971450806	92.99137878417969
77.2082085609436	86.06912326812744
81.54118633270264	87.1036548614502
74.23483371734619	74.11076545715332
68.17907476425171	70.52635288238525
75.34127998352051	77.73953247070312
74.45003509521484	74.41016101837158
75.16938543319702	75.89665985107422
79.42001152038574	81.40820503234863
64.20217037200928	66.15913581848145
86.27293586730957	87.26291179656982
76.59808588027954	81.24105024337769
71.68590593338013	75.35713768005371
74.66417646408081	74.73446559906006
61.50912952423096	65.15302848815918
61.878050327301025	69.24594974517822
73.16433191299438	68.47586250305176
80.8657922744751	77.68226528167725
89.11364936828613	90.11528205871582
62.31054639816284	69.70679426193237
83.39154815673828	86.93605518341064
87.54979848861694	83.48993873596191
74.24431371688843	76.87346458435059
85.95285701751709	88.25980854034424
57.287092208862305	60.7550573348999
61.95971059799194	64.49885702133179
82.09372901916504	75.91190528869629
77.85097742080688	83.46063375473022
67.64802360534668	65.05462646484375
77.7636866569519	79.41455841064453
74.20853614807129	74.55768585205078
91.19688606262207	93.38297080993652
85.66537284851074	88.71555519104004
75.74653339385986	78.76934623718262
71.96432590484619	69.81828212738037
81.28998279571533	74.96412181854248
74.52649927139282	79.49362707138062
72.10495090484619	72.2625641822815
70.94877433776855	70.01589775085449
58.93431043624878	60.87135028839111
75.53253936767578	78.64512634277344
85.36532640457153	85.70214748382568
71.88768768310547	72.6493148803711
79.98619079589844	85.33033561706543
74.99619913101196	88.58837604522705
84.0654149055481	79.27207899093628
65.38613319396973	67.01745414733887
76.35307168960571	75.55268955230713
68.86502265930176	75.78671836853027
77.71208953857422	79.96936225891113
63.00440788269043	63.78924369812012
80.47580051422119	79.49307441711426
75.98705291748047	80.7402491569519
83.5631275177002	88.41631507873535
67.07745552062988	66.10299110412598
61.44601535797119	71.92433214187622
91.08977508544922	94.4378490447998
66.87629699707031	61.740055084228516
76.83736324310303	79.50986385345459
91.58392238616943	92.9789252281189
64.6970272064209	65.1938009262085
67.30039119720459	71.83265686035156
87.81275749206543	90.94222164154053
91.4223051071167	90.01316261291504
96.33212423324585	96.40294027328491
54.050833225250244	58.86281061172485
75.69038152694702	79.04322910308838
67.55755805969238	75.06676483154297
75.93363285064697	78.26039791107178
72.57644462585449	76.41069030761719
68.37360191345215	71.98102569580078
71.60960388183594	78.04949808120728
61.55629777908325	62.53763437271118
91.98129272460938	95.0778636932373
87.25364685058594	92.06266593933105
61.09684181213379	66.98165988922119
62.484278202056885	67.69471645355225
70.62056922912598	74.44346809387207
72.7243103981018	80.66577672958374
56.73306941986084	60.90193748474121
84.153067111969	82.9868712425232
73.80544185638428	68.18170070648193
66.73445892333984	64.88513374328613
74.7777156829834	74.26733207702637
80.97793483734131	84.03460025787354
81.07566833496094	81.92916870117188
70.07018232345581	77.50333547592163
53.44858503341675	58.814762592315674
85.18860912322998	90.84963989257812
64.37645053863525	69.5780348777771
68.50729465484619	73.9450454711914
81.74734115600586	84.37662124633789
98.93128967285156	96.7590103149414
74.52538919448853	73.43218803405762
87.43959045410156	88.762939453125
74.5276050567627	75.77192115783691
72.42054748535156	69.9806957244873
65.4517650604248	65.53308963775635
95.59426546096802	97.1139121055603
70.62647438049316	77.95295906066895
64.49038505554199	64.30861473083496
66.45944356918335	74.31491994857788
70.41581535339355	77.38693380355835
76.70410203933716	86.46469068527222
80.87035417556763	84.25509452819824
62.23543739318848	68.18649101257324
86.0577163696289	78.18596076965332
68.6126708984375	70.68870544433594
66.50319576263428	68.50318908691406
72.06732988357544	74.25168514251709
76.74276971817017	75.97874212265015
66.39900827407837	72.47454929351807
82.14084482192993	79.0654845237732
63.607093811035156	68.79553365707397
81.27664279937744	85.15813541412354
64.99737453460693	69.10469913482666
79.24334907531738	84.44957542419434
85.54376173019409	81.58272504806519
80.59384346008301	69.85433006286621
82.4458065032959	75.84707450866699
66.24588918685913	66.06001424789429
76.55626773834229	72.65910148620605
78.51165962219238	80.3983325958252
76.48338317871094	79.03806495666504
78.52617740631104	83.01050567626953
79.19136953353882	79.4956283569336
73.51461124420166	76.41303634643555
85.95608043670654	85.55265092849731
67.59197235107422	69.09289360046387
91.21323585510254	97.18340587615967
84.82336330413818	85.05725383758545
72.88934898376465	75.42199516296387
64.75668430328369	68.61188411712646
75.53515434265137	83.6048583984375
67.27685594558716	73.96425437927246
83.57366371154785	90.14633321762085
95.00939750671387	96.6568250656128
69.70399332046509	64.33627223968506
82.3111367225647	89.59267616271973
72.16751050949097	66.69825792312622
74.6876916885376	86.44386196136475
63.03424072265625	61.72715950012207
81.81782341003418	76.80842399597168
78.92135906219482	85.79015445709229
69.59105014801025	73.9482364654541
65.6370997428894	69.41744232177734
64.34262752532959	67.74352073669434
85.82862138748169	87.48415231704712
61.986403465270996	59.5015287399292
57.496336460113525	60.70066595077515
74.5471544265747	79.44235324859619
68.2020435333252	63.99742126464844
75.38380479812622	67.73013067245483
84.51648902893066	90.48262596130371
60.950135707855225	59.52623891830444
76.3908748626709	80.33798217773438
67.11001396179199	69.5914363861084
89.054443359375	95.26403617858887
82.83811664581299	83.01984930038452
74.06607675552368	75.82944250106812
79.84158325195312	87.97092247009277
74.65040683746338	77.51624011993408
76.94033575057983	71.97695732116699
52.14412021636963	55.35563564300537
61.71778678894043	65.1489429473877
48.33172845840454	46.71665668487549
75.4130802154541	76.07711791992188
61.23081922531128	66.13851928710938
70.33451080322266	67.13197231292725
73.11286354064941	76.51720905303955
91.62381267547607	98.48060512542725
63.83575439453125	72.98281669616699
69.85665798187256	70.72860717773438
79.26323890686035	82.17235565185547
67.58098411560059	71.98705101013184
76.18705034255981	78.45771169662476
75.52743530273438	76.21133422851562
81.58181571960449	86.95176601409912
59.32736396789551	57.3456335067749
58.85351848602295	61.47196340560913
67.82639217376709	78.15089321136475
79.36720991134644	76.57999515533447
85.20066833496094	88.8497543334961
75.43928337097168	78.36134624481201
79.0991735458374	86.73065662384033
74.72042655944824	84.78928184509277
60.74101448059082	68.24777126312256
88.75286149978638	91.79358720779419
71.23731803894043	74.15709781646729
63.94687843322754	68.79377174377441
89.75543212890625	89.32273197174072
68.41932773590088	73.26871395111084
72.64150428771973	74.79247856140137
75.58397722244263	71.56876993179321
76.17874193191528	84.90620279312134
71.6513900756836	72.90240669250488
80.59109687805176	83.11246299743652
84.9573917388916	87.01383399963379
63.16655921936035	69.56912326812744
79.34600830078125	89.11014366149902
71.67604637145996	71.75816345214844
75.40074110031128	75.8453197479248
91.50273990631104	92.09002494812012
80.37490367889404	85.82980918884277
77.74227046966553	83.82449913024902
80.53582668304443	79.46502542495728
68.72146606445312	75.46404027938843
65.4843578338623	72.34406089782715
68.30838680267334	70.7061767578125
80.4525318145752	84.18806648254395
79.6113452911377	85.0166244506836
68.31841945648193	71.99381828308105
79.60938262939453	81.53768920898438
73.82321834564209	72.85347890853882
70.84410238265991	74.1073670387268
79.64323997497559	79.69139671325684
82.23420906066895	87.93377208709717
71.23586082458496	70.43757820129395
69.96862983703613	73.48710536956787
78.96472930908203	81.71518564224243
78.15129280090332	79.71433162689209
77.49696254730225	79.31509351730347
77.26658773422241	79.73326253890991
62.49100685119629	64.2271728515625
74.05489444732666	73.11158180236816
75.08924674987793	71.1943130493164
72.71948766708374	74.04738759994507
64.0117039680481	69.09585332870483
61.735782623291016	66.92317008972168
65.14893865585327	74.51657199859619
65.09377479553223	65.7420563697815
62.3874135017395	66.22135877609253
84.45536184310913	85.47763204574585
61.45044708251953	61.57779121398926
79.96324396133423	85.25013637542725
93.6670446395874	85.6059365272522
71.81639099121094	78.78248500823975
74.3280029296875	82.20202159881592
83.70913887023926	91.36339282989502
84.09219932556152	91.7973804473877
68.59726476669312	73.40074300765991
65.49609375	65.64960479736328
77.86719560623169	81.36418151855469
70.28089714050293	72.87334442138672
88.71418476104736	88.60794067382812
62.33243942260742	64.93316650390625
74.92179679870605	69.01592445373535
75.29421329498291	74.12556648254395
52.97219276428223	56.80802345275879
74.58332252502441	74.1305456161499
73.25739860534668	67.70486354827881
77.49547576904297	73.02873229980469
71.65323877334595	73.79927921295166
84.7915506362915	79.32796955108643
74.84172248840332	71.34127998352051
70.87074518203735	65.65528392791748
70.88765859603882	74.11033058166504
72.40398931503296	76.30622959136963
70.17822265625	66.71751976013184
76.64656162261963	77.22386837005615
69.56719875335693	73.32611083984375
68.83979797363281	75.52120780944824
74.16765689849854	75.21291255950928
84.44149589538574	89.56908416748047
81.38251304626465	85.11031150817871
59.51344966888428	54.58545541763306
65.76247596740723	69.03119039535522
73.35363054275513	73.69521427154541
77.30687713623047	76.41478729248047
69.79990482330322	69.17962074279785
62.79256010055542	68.11810445785522
76.28270196914673	76.411461353302
91.09139442443848	94.7347240447998
70.46173191070557	69.68745517730713
70.82080316543579	68.67995548248291
82.53239393234253	88.64086627960205
83.6037769317627	81.04025459289551
84.00870561599731	90.28337574005127
52.13084363937378	57.28273630142212
65.51898002624512	75.00166893005371
73.88236999511719	76.41305351257324
62.29583740234375	67.63400077819824
77.4484076499939	81.70406579971313
70.78491020202637	70.09546422958374
73.76336526870728	74.7843189239502
64.79540824890137	70.28428554534912
76.75844430923462	86.65219020843506
69.99914646148682	75.36088466644287
76.47961235046387	74.90517997741699
83.35921955108643	87.8175802230835
69.97657489776611	75.68475437164307
61.58632755279541	63.50506782531738
76.60396575927734	79.41059827804565
68.11343622207642	67.20564270019531
73.9778823852539	78.47732734680176
69.19502449035645	73.19187927246094
66.36701774597168	65.289803981781
69.63070583343506	68.52966594696045
68.94320011138916	69.15603446960449
77.08270454406738	83.72737312316895
85.53860664367676	85.2564640045166
78.64012145996094	81.49543237686157
74.56175422668457	78.2755036354065
86.78103446960449	86.21313095092773
64.95532178878784	61.21161460876465
60.21855974197388	62.65995264053345
73.86492919921875	77.85354423522949
78.61512041091919	80.88356828689575
77.8028507232666	83.37825012207031
88.68452453613281	88.77294731140137
71.05329895019531	68.40241241455078
64.44805812835693	65.73338079452515
80.8416919708252	90.81771564483643
81.75575065612793	83.05083274841309
70.1058497428894	72.54410600662231
70.91200828552246	69.50613975524902
92.17996215820312	90.01597595214844
82.44217681884766	85.24061632156372
74.01410579681396	72.182297706604
72.54096221923828	71.34510612487793
67.75630760192871	71.49639701843262
65.43180751800537	63.84501123428345
74.0072193145752	80.50927734375
67.27944374084473	74.10924434661865
77.41820526123047	76.16413879394531
82.71487998962402	84.17683410644531
78.36303758621216	76.87468576431274
80.13813734054565	77.56501817703247
80.15501403808594	72.5725769996643
75.85645532608032	78.0097131729126
73.6104965209961	81.57720756530762
70.95982837677002	82.312331199646
76.1272497177124	86.5307068824768
71.96581506729126	69.22951030731201
71.30512475967407	76.57394218444824
63.763054847717285	71.23525333404541
64.71581840515137	68.22894859313965
72.0097713470459	73.41746473312378
62.8595495223999	67.61659145355225
88.68063449859619	95.63807010650635
62.62312412261963	66.77567481994629
72.57609558105469	69.94713020324707
71.28177833557129	75.72299098968506
69.37698173522949	75.97515964508057
82.2277364730835	81.67833137512207
73.68660640716553	71.20070171356201
78.79045677185059	79.43532037734985
70.11554718017578	75.11591148376465
77.31659889221191	73.21202754974365
58.404831886291504	62.92563438415527
73.93901824951172	84.45605993270874
74.33843946456909	76.10226678848267
82.05974006652832	85.42973327636719
83.68863105773926	89.9586009979248
71.97953224182129	77.7520694732666
80.97506713867188	90.4315128326416
80.78982591629028	82.42065906524658
71.6047191619873	72.50787258148193
69.55979347229004	72.42680168151855
77.28191184997559	79.05407524108887
67.8164291381836	70.39688301086426
82.5323224067688	79.94753837585449
75.39563179016113	76.02223873138428
72.44614601135254	72.60743141174316
61.508073806762695	66.94646501541138
84.63729763031006	89.9913854598999
71.7447452545166	74.71209526062012
67.60267639160156	70.3864688873291
70.84868669509888	73.65216159820557
78.78817176818848	83.42269706726074
73.34887504577637	77.13093757629395
76.38578605651855	74.20730400085449
78.17146110534668	80.44165992736816
84.19999694824219	85.41604042053223
67.06137084960938	69.86253261566162
79.30811929702759	78.30127191543579
68.82312774658203	70.85761070251465
63.79985189437866	69.90188598632812
69.37539482116699	71.64250373840332
75.09895133972168	85.32380104064941
83.42221641540527	91.67791938781738
80.33479070663452	85.77073383331299
73.5082015991211	76.57981157302856
77.13964939117432	81.00356960296631
59.050588607788086	60.01480579376221
69.66105794906616	77.87989044189453
67.56909894943237	72.47012233734131
61.95334434509277	63.04217338562012
88.64802360534668	96.74326658248901
67.6042308807373	69.7022294998169
76.2927474975586	86.8589916229248
61.700570583343506	65.41777658462524
62.7210807800293	66.3534927368164
73.73866033554077	77.08422756195068
68.58148193359375	68.18507528305054
60.48213481903076	63.027706146240234
70.2634048461914	75.8360424041748
75.83859825134277	78.45813751220703
70.63342094421387	73.89080715179443
63.7566614151001	70.01115322113037
67.09815979003906	65.3335952758789
78.43644905090332	80.23040771484375
76.66207647323608	86.07035684585571
67.51126003265381	71.59695243835449
68.41134452819824	69.20411109924316
77.1627745628357	73.15500497817993
78.40521240234375	81.35828590393066
77.4320011138916	80.23344612121582
77.96019697189331	71.72569513320923
80.69828796386719	77.50666522979736
59.20671844482422	63.93622398376465
77.41178798675537	78.98513889312744
70.0550537109375	76.89864349365234
67.20587730407715	68.53696346282959
84.09127807617188	85.8555736541748
79.67016506195068	80.66803026199341
62.956971168518066	68.73494100570679
92.28559684753418	91.5900707244873
83.31164360046387	82.79869079589844
85.65680122375488	87.39929008483887
83.02351570129395	83.89458274841309
72.7512879371643	80.48878955841064
80.45931816101074	81.96105480194092
67.71128177642822	71.14016532897949
67.31932163238525	69.29480075836182
76.52083444595337	79.70462894439697
78.79415702819824	84.65971183776855
76.42725467681885	78.94791316986084
74.84065246582031	76.91136360168457
81.98399257659912	88.89182758331299
84.23918199539185	89.21707725524902
76.00031757354736	80.92436218261719
65.72439050674438	64.42669439315796
62.7458553314209	64.31109809875488
74.58499145507812	78.86987113952637
85.46081018447876	88.93699359893799
93.85126304626465	93.30438423156738
77.26513481140137	87.01869297027588
76.33328914642334	82.34539604187012
66.87789058685303	72.0413703918457
77.9655933380127	81.14440155029297
65.28128242492676	72.5364990234375
78.43847751617432	82.91812181472778
71.12429618835449	72.8910083770752
76.00674295425415	77.56244564056396
65.98163604736328	68.90918731689453
67.98821210861206	62.8225417137146
78.95004844665527	72.4811782836914
75.51704406738281	74.740891456604
64.92888116836548	66.5612006187439
80.0288257598877	82.06293296813965
58.76432418823242	65.60296058654785
70.81513404846191	76.36601448059082
79.82724952697754	79.2817440032959
74.02377939224243	78.33209419250488
66.7299599647522	69.10002851486206
76.79226541519165	78.29755878448486
69.3038101196289	68.91676092147827
77.53076267242432	91.95719528198242
73.17523670196533	74.53215980529785
71.3072681427002	74.29895877838135
75.12203979492188	78.43115234375
79.14366054534912	93.48785400390625
59.104652404785156	65.50749778747559
82.05095767974854	82.34368753433228
74.56133365631104	75.96701860427856
87.2007508277893	84.40532732009888
81.71663856506348	85.40725660324097
76.03061485290527	83.54968070983887
72.39016914367676	76.57766532897949
79.33198356628418	74.26217079162598
87.53939914703369	82.31306505203247
71.01058006286621	76.52863502502441
72.40443992614746	76.32844734191895
78.11465263366699	79.00744438171387
73.96084785461426	77.86518287658691
75.85963726043701	80.17054510116577
75.64367866516113	74.81514930725098
79.30998992919922	73.50133562088013
75.8130054473877	87.33357238769531
66.81913948059082	73.5498275756836
72.65261173248291	74.27421569824219
86.50511741638184	84.15689468383789
75.2261610031128	75.38551568984985
68.09591722488403	76.80394983291626
76.21963691711426	78.8591136932373
69.881019115448	72.86319017410278
92.39633369445801	95.67945957183838
82.66861152648926	84.3427906036377
68.82719421386719	76.31152153015137
75.03355550765991	83.44380712509155
66.27249717712402	64.94538307189941
71.65560960769653	60.780744552612305
70.6363296508789	68.71661186218262
70.71383762359619	79.13059854507446
64.03006076812744	63.12629699707031
78.41468095779419	73.82270336151123
65.42332601547241	61.69962120056152
78.25893926620483	80.5604476928711
77.1672420501709	82.97904396057129
70.66276025772095	72.27365159988403
77.53634834289551	81.14553642272949
68.3078145980835	74.10908699035645
70.62390804290771	76.93594455718994
75.89717149734497	76.47709560394287
71.4909496307373	78.86871528625488
73.76955461502075	69.49539136886597
94.51962947845459	98.99426221847534
69.10591125488281	69.99916076660156
55.338173389434814	61.32208299636841
77.06284046173096	80.92288494110107
94.26559543609619	96.40237998962402
79.38245248794556	75.36683082580566
67.51099586486816	74.53404903411865
88.06191444396973	89.39241600036621
72.52269172668457	74.5550308227539
84.79953098297119	83.31561946868896
75.50077772140503	78.32025289535522
70.10988807678223	76.878981590271
71.30187273025513	74.26147651672363
88.94781684875488	89.86799812316895
74.20664310455322	72.10441589355469
68.46009254455566	68.2481861114502
82.95815324783325	81.7033839225769
79.56149482727051	87.97299385070801
86.51354026794434	89.41594505310059
63.27312612533569	67.04824733734131
70.12193155288696	66.53468084335327
79.97484397888184	79.85268974304199
74.38455009460449	77.90880060195923
64.82265186309814	69.45301818847656
70.47348976135254	73.37938785552979
73.00914096832275	78.34493970870972
79.71014213562012	83.77419376373291
84.43455505371094	86.42106628417969
68.73186492919922	71.61332702636719
76.137535572052	84.56661748886108
84.09096050262451	87.1035680770874
67.81359195709229	68.86616706848145
72.47780656814575	77.20227098464966
76.28613901138306	83.06651449203491
81.33607244491577	84.6255316734314
65.19468784332275	67.49948978424072
63.095083236694336	70.56038570404053
64.12442874908447	70.4578766822815
87.4006986618042	87.83100891113281
67.15816307067871	68.29350423812866
80.32639789581299	83.67267608642578
80.19703102111816	82.05092811584473
77.19301843643188	83.48039245605469
76.26692962646484	80.25339317321777
77.80489540100098	82.44937133789062
65.79078912734985	73.0939793586731
70.53312921524048	76.92531824111938
85.08131790161133	84.79550170898438
75.69015312194824	77.7872257232666
86.2514100074768	91.12190628051758
76.84020471572876	77.75857782363892
68.48078727722168	65.25853157043457
78.69223022460938	78.30726861953735
75.00633001327515	80.73283958435059
73.47062110900879	77.31791019439697
61.045522689819336	65.71890830993652
76.96454763412476	84.74758768081665
80.22981071472168	84.72884130477905
73.27296447753906	78.15641641616821
70.3403491973877	70.25203514099121
80.26654291152954	75.2502875328064
73.34934997558594	73.3374195098877
67.48904228210449	69.76461982727051
89.11367988586426	94.32718849182129
76.1992244720459	71.83158111572266
70.70480346679688	74.14166450500488
79.99771118164062	81.89468383789062
70.76333713531494	75.76629447937012
82.48811531066895	86.31927680969238
83.08039808273315	78.6946325302124
70.87286186218262	71.63450813293457
86.45580530166626	88.0990400314331
76.40060377120972	73.67092895507812
67.902512550354	74.59107398986816
90.48438310623169	88.08078479766846
65.47030448913574	68.91816139221191
62.92506456375122	70.15071725845337
82.0590648651123	82.80599784851074
89.59881114959717	91.21779584884644
79.84396934509277	81.70696306228638
57.48844242095947	63.8789005279541
70.44676780700684	76.31558990478516
84.04683685302734	84.39520788192749
85.2052845954895	83.30550146102905
77.32455253601074	78.07599449157715
64.6787633895874	68.27814626693726
73.4679708480835	77.68713283538818
56.111037254333496	59.57344198226929
71.33270406723022	73.24588871002197
84.86423587799072	88.8920841217041
76.13485527038574	77.27191638946533
74.1077971458435	79.6626410484314
72.35054874420166	69.86330890655518
68.26382684707642	72.56693840026855
77.74677562713623	81.41590070724487
75.52753353118896	81.97633409500122
82.6738166809082	83.24026107788086
81.68741750717163	75.66073560714722
87.2737398147583	93.26339817047119
73.89309501647949	76.70302677154541
65.21893501281738	68.55937957763672
66.77614402770996	67.34623527526855
68.20877122879028	67.09760904312134
60.67643737792969	64.17938232421875
58.8412971496582	58.476027488708496
86.58862972259521	88.93890285491943
68.99563407897949	65.62142944335938
66.52024602890015	68.83400201797485
68.8195252418518	74.18611860275269
76.0272970199585	78.67749643325806
78.92699527740479	79.17275953292847
68.09736490249634	69.23077583312988
59.65385627746582	63.91564607620239
91.57281017303467	86.68293190002441
75.435791015625	78.62170600891113
65.67093849182129	67.20620632171631
83.446524143219	82.89863586425781
69.90324211120605	73.46202278137207
72.91979789733887	77.81410217285156
79.92340278625488	82.86245155334473
71.27510070800781	68.77139091491699
74.20051860809326	74.89331197738647
77.90321969985962	75.67493963241577
55.52562761306763	57.111748695373535
68.97899627685547	65.15227317810059
79.06882667541504	87.11798286437988
63.19607734680176	71.78550910949707
68.52709436416626	70.5183539390564
77.28287410736084	80.01473093032837
83.83261299133301	86.6132755279541
71.5113296508789	71.72949361801147
73.24487400054932	72.79856872558594
65.87799644470215	64.5215277671814
58.85256767272949	64.48968410491943
73.35443830490112	74.72448682785034
72.70976161956787	73.74573755264282
87.97322177886963	93.2097635269165
71.37666940689087	70.70256042480469
60.6711483001709	64.27324771881104
85.44888496398926	90.53095722198486
78.84133052825928	83.28462982177734
59.649434089660645	63.94211292266846
74.70394134521484	80.53298377990723
81.55190849304199	90.15873527526855
75.28261756896973	78.04745292663574
71.66254377365112	78.67151689529419
73.22728157043457	74.78694915771484
89.58038520812988	95.50350379943848
84.68946838378906	84.79388999938965
96.93852710723877	98.70400810241699
73.04293632507324	77.77937412261963
73.28603553771973	75.83501291275024
63.116498947143555	66.6417407989502
68.72436332702637	73.63755798339844
70.69574689865112	77.03244161605835
78.42935085296631	73.22421073913574
74.08660650253296	79.56757164001465
68.70092868804932	67.64756679534912
71.23274230957031	77.25759887695312
86.01731872558594	92.70771789550781
78.41799640655518	82.48748207092285
82.97621154785156	82.90951538085938
71.15487051010132	74.68008613586426
70.49762535095215	70.73963928222656
61.66895866394043	62.09366798400879
72.0120677947998	72.02007293701172
75.4526424407959	76.86009883880615
78.50247383117676	84.9146842956543
67.33865976333618	78.01457405090332
73.16765785217285	74.53003883361816
68.43325233459473	67.70114183425903
81.37455940246582	84.55979919433594
77.11844730377197	81.39867401123047
70.34305000305176	72.72346687316895
72.58890628814697	74.70541954040527
77.3004822731018	82.35781288146973
82.90986061096191	86.26838684082031
77.57165718078613	78.59305334091187
72.53416442871094	75.85063362121582
89.85491752624512	98.8013687133789
70.21677589416504	77.85028266906738
79.07516765594482	83.55938911437988
77.05610847473145	82.402428150177
68.97863864898682	77.40521430969238
85.8198447227478	85.1828088760376
70.19201803207397	74.18107795715332
78.26262474060059	74.65387916564941
75.55050659179688	78.09503173828125
71.18621873855591	78.55908346176147
84.64573860168457	86.49893760681152
65.13328695297241	67.90289878845215
74.72430610656738	71.95703315734863
80.29478454589844	86.77667236328125
90.90201425552368	93.37864780426025
68.67624092102051	67.86074638366699
82.07373046875	82.54264640808105
77.94514989852905	78.04798221588135
70.36063575744629	70.35526990890503
84.80941724777222	82.12183570861816
60.03718376159668	62.375197410583496
66.21040534973145	72.35568809509277
73.03774452209473	78.34375190734863
83.01799583435059	83.13168573379517
64.5400538444519	71.59765005111694
90.9614610671997	88.20997953414917
62.36918258666992	63.21180963516235
62.45145797729492	67.66667366027832
73.1378116607666	68.84191703796387
78.55707693099976	85.56601858139038
64.92346286773682	66.3412618637085
81.66317224502563	85.48987627029419
71.69925689697266	69.76629734039307
74.81860160827637	79.33471584320068
87.11824083328247	83.67193460464478
62.09729194641113	68.10571193695068
78.48219108581543	83.91501569747925
77.43114280700684	82.11065483093262
68.51136684417725	67.00756072998047
90.46627616882324	89.25280141830444
80.45787763595581	81.91668558120728
75.3636417388916	79.50837135314941
70.16789722442627	67.64382982254028
78.52766180038452	76.72770023345947
68.14667701721191	75.16751289367676
68.47457313537598	67.11231994628906
71.51113033294678	66.57227849960327
73.7436294555664	73.69349002838135
83.84249687194824	82.15163993835449
