106.42674255371094	113.42835998535156
111.0380687713623	118.53762626647949
122.22790718078613	137.94177055358887
136.08469009399414	136.47405624389648
91.0888671875	94.94371509552002
114.83378410339355	121.23393058776855
108.83840942382812	116.79098510742188
111.0477523803711	111.62700653076172
118.4306640625	122.9842758178711
127.66796445846558	133.89782762527466
109.99281311035156	126.78714752197266
108.81695175170898	114.38440084457397
123.46003437042236	132.07281398773193
117.31375122070312	126.32058715820312
113.77848529815674	112.5799298286438
92.86214542388916	99.601318359375
121.29006719589233	118.955885887146
118.96504211425781	121.5758056640625
90.9691915512085	101.71405029296875
100.4052529335022	110.10659646987915
125.33471250534058	133.00131368637085
91.29289722442627	103.15448474884033
102.10782051086426	110.54755926132202
113.11738872528076	125.12267017364502
115.7907829284668	127.0383710861206
103.96689891815186	104.47533845901489
100.88075256347656	94.80633544921875
102.97118377685547	113.19125366210938
131.29455184936523	131.61776447296143
102.48115539550781	107.95279026031494
102.5118989944458	110.86067485809326
112.2744870185852	108.26066493988037
111.04508972167969	117.4671859741211
102.61160278320312	105.09175109863281
125.81848382949829	131.44813203811646
111.92038202285767	114.30931282043457
94.51176261901855	100.96375942230225
113.64957904815674	126.05976581573486
95.11830139160156	100.0337905883789
115.7498664855957	126.73186779022217
102.84255266189575	116.61995887756348
97.62860584259033	109.52309131622314
111.65402698516846	116.82570362091064
98.74510192871094	106.4281005859375
108.7188491821289	115.98416137695312
114.07227325439453	120.06039428710938
133.9993257522583	131.76954746246338
100.87506103515625	107.49430847167969
105.30354070663452	112.90526485443115
130.96497917175293	137.38558673858643
127.80186462402344	128.64707946777344
104.65323686599731	114.88848924636841
121.38982772827148	117.87283897399902
105.24054718017578	104.73522901535034
118.79779100418091	123.32970142364502
102.07430171966553	112.35005283355713
87.75480508804321	99.71501111984253
94.45053291320801	91.93755149841309
108.18973731994629	112.77313041687012
135.06646490097046	137.59959650039673
102.04901123046875	113.96226501464844
101.25065994262695	107.18390274047852
99.51703548431396	102.46592044830322
103.27426671981812	108.15035820007324
125.7893385887146	128.44145393371582
102.50415086746216	109.76847743988037
111.78562927246094	115.47908782958984
117.11780261993408	127.55109786987305
103.55579376220703	112.23263549804688
96.92878723144531	99.73783683776855
117.19599437713623	124.16928291320801
97.29890584945679	112.33279466629028
104.70014190673828	107.23066711425781
114.69170570373535	121.67506313323975
108.91838836669922	118.4534740447998
118.94705200195312	127.00944519042969
113.45718383789062	117.59175968170166
120.78971672058105	121.07492351531982
110.00850439071655	113.52924728393555
126.09049987792969	123.59385681152344
96.45397567749023	100.54146194458008
122.57271575927734	128.9853057861328
106.6943359375	107.79905700683594
88.06441497802734	101.04918193817139
106.94501495361328	123.38223028182983
110.57410430908203	123.2976303100586
119.97045373916626	131.41876316070557
120.4144515991211	126.70462036132812
98.54071187973022	106.94651508331299
105.82467555999756	110.2078127861023
98.93347978591919	107.9387354850769
108.79085779190063	115.20206832885742
96.1685471534729	101.56672191619873
88.450927734375	97.31563568115234
111.22573900222778	118.77724313735962
111.80615997314453	110.33336639404297
104.42051410675049	104.77713346481323
109.0520248413086	113.85209655761719
107.38710021972656	117.22462463378906
116.38025283813477	132.01520919799805
114.08209133148193	119.3805570602417
105.09967041015625	119.267822265625
107.59973621368408	116.63547706604004
100.89591407775879	110.04189109802246
110.49108123779297	116.42310619354248
91.87562465667725	97.67591714859009
110.34616470336914	120.55738162994385
111.28292512893677	116.67189311981201
102.86111068725586	110.00004386901855
110.3454179763794	115.11219692230225
123.80854415893555	133.4224362373352
118.16747283935547	124.08220672607422
104.57115411758423	112.74538993835449
88.40045213699341	88.567636013031
116.21639013290405	115.10931730270386
120.95347213745117	112.6158561706543
101.13932847976685	110.49714803695679
113.74224948883057	121.90138244628906
132.58334255218506	130.31478595733643
125.96544647216797	128.65835571289062
114.95307540893555	120.16176223754883
115.46512365341187	118.69878053665161
110.88755893707275	124.30921697616577
93.50534248352051	99.22562026977539
117.8457670211792	118.95006990432739
96.91803932189941	113.04672718048096
110.80098342895508	121.66977214813232
125.05884075164795	132.0813102722168
116.06315803527832	122.18124675750732
107.58376121520996	112.23608493804932
118.06510829925537	123.91473531723022
114.99708604812622	122.73732948303223
106.01472616195679	115.31110525131226
131.6584825515747	135.14864444732666
117.47384548187256	121.23161315917969
113.06656837463379	121.35019969940186
137.31944608688354	139.8339958190918
123.84333801269531	131.48077392578125
107.88912391662598	112.82880020141602
112.23918151855469	115.49020385742188
112.224609375	125.67665100097656
100.26259136199951	105.17809677124023
109.7626690864563	110.92423439025879
113.2681565284729	117.26561498641968
98.80234479904175	104.59602355957031
113.13048028945923	119.56017303466797
119.84134674072266	120.24153137207031
107.56277465820312	116.44680786132812
124.24535465240479	134.388653755188
109.32331085205078	117.01334381103516
97.90107536315918	107.44330215454102
129.5324993133545	137.89654731750488
120.24935245513916	135.57352924346924
102.81077575683594	112.62335968017578
118.90191650390625	119.53298950195312
114.65506792068481	122.15866613388062
123.82331848144531	129.16302680969238
103.42236328125	115.59956359863281
88.3592677116394	99.01328802108765
103.28168106079102	109.55193901062012
123.12019348144531	131.4952278137207
125.05081558227539	136.0084466934204
113.26559495925903	118.52707433700562
101.41944789886475	108.07921981811523
110.3042345046997	115.52284812927246
127.33293151855469	139.32510375976562
121.05083560943604	127.37166023254395
113.47122573852539	125.7473030090332
94.20693635940552	102.69592809677124
113.51132678985596	118.15354108810425
115.1963243484497	118.4487943649292
94.81427955627441	99.56314516067505
113.35605239868164	111.51930809020996
121.03787422180176	126.22710275650024
126.39421272277832	133.1633620262146
113.34002637863159	133.02072477340698
101.71269178390503	109.09734964370728
113.03633451461792	120.77209520339966
99.85986948013306	104.0707778930664
133.94909763336182	145.5131950378418
129.79760456085205	139.05901908874512
104.47744750976562	110.92024993896484
110.59383773803711	113.00707912445068
127.37740802764893	133.5126986503601
92.2099757194519	102.01843500137329
117.3959698677063	123.30652570724487
111.23397874832153	112.77760791778564
111.90146970748901	117.33455801010132
105.12903928756714	104.6284532546997
100.04252529144287	111.3568639755249
112.62286806106567	115.25724744796753
126.4292049407959	133.434645652771
118.86978912353516	121.72461700439453
114.86947631835938	118.13063049316406
94.87425422668457	101.11767482757568
102.26022005081177	110.2254581451416
105.6794662475586	117.58610534667969
122.45804214477539	136.24221897125244
114.88937377929688	120.54303741455078
116.09713745117188	122.00334167480469
121.95178699493408	124.7044038772583
98.27465772628784	116.43090867996216
113.90648651123047	119.68181610107422
93.6854338645935	98.96937847137451
117.09607791900635	122.66467666625977
113.41508197784424	123.85590028762817
115.97457695007324	124.4381217956543
106.59016227722168	114.37986373901367
105.16336822509766	113.3798828125
100.07597208023071	105.26609659194946
108.87324142456055	114.97105693817139
85.98776912689209	91.25061321258545
118.94210529327393	127.60611057281494
122.4091100692749	133.34077262878418
112.11692905426025	117.24427318572998
120.93286657333374	122.46283102035522
109.62823677062988	119.9964714050293
97.29170322418213	108.62957668304443
106.16433048248291	114.43911266326904
84.58871173858643	91.32828521728516
110.34600830078125	112.56869506835938
126.75171375274658	133.94807624816895
116.9836802482605	124.08908414840698
108.75193786621094	114.41736602783203
112.80378437042236	116.79638528823853
101.21375846862793	102.87779521942139
125.20395469665527	133.0402193069458
128.79702806472778	136.25291395187378
114.7071533203125	114.59169006347656
125.80179977416992	135.2617645263672
107.7769627571106	108.99000358581543
125.53558731079102	136.95915412902832
104.70979309082031	111.86930847167969
111.56138134002686	120.06589651107788
115.32894515991211	118.44466781616211
110.16004943847656	115.98281860351562
93.44431114196777	107.92251205444336
98.79444885253906	108.11075592041016
105.31391906738281	109.14465427398682
106.72968626022339	122.74590587615967
104.2421007156372	105.65386962890625
93.97239780426025	93.3866834640503
118.47758674621582	119.44866371154785
111.0701036453247	115.92509078979492
119.58273696899414	121.40762186050415
116.89807891845703	126.0014533996582
128.01651287078857	137.07639408111572
105.89525127410889	106.93017196655273
104.85726833343506	110.50918436050415
114.5154218673706	129.36361455917358
99.86001586914062	100.65303039550781
102.22211074829102	106.2570686340332
107.1939468383789	113.7307357788086
98.27251195907593	107.07484245300293
89.208984375	97.20443725585938
94.02906799316406	104.40160846710205
104.22860717773438	102.27705383300781
114.82237815856934	122.77213096618652
121.35433673858643	126.1613416671753
98.66470336914062	106.0973892211914
109.74064922332764	107.39074230194092
96.82041645050049	100.46485757827759
104.19931411743164	120.03274154663086
107.79895782470703	114.56497955322266
99.5937728881836	98.45282745361328
108.0764365196228	111.81414127349854
102.62474298477173	104.80441331863403
119.0818190574646	124.69452381134033
118.03736686706543	119.70234489440918
106.53358840942383	113.49149942398071
110.33321380615234	119.31658935546875
110.76851081848145	121.44051885604858
122.76668167114258	129.9539623260498
95.32173728942871	109.80855178833008
115.9140100479126	118.30797386169434
109.06663513183594	116.43837547302246
127.81486415863037	133.0082130432129
100.61223602294922	113.25692749023438
103.58792161941528	103.64475440979004
125.63782072067261	127.85284996032715
92.411048412323	95.07144927978516
104.08247709274292	109.38169240951538
101.84944868087769	109.06738042831421
99.46884155273438	107.33876037597656
103.88098621368408	118.78803825378418
114.54850006103516	116.24516296386719
95.01516532897949	99.6448974609375
128.6407332420349	132.28552198410034
133.66607522964478	146.09022331237793
112.37718486785889	119.96723556518555
90.98250389099121	108.89774322509766
109.72576904296875	116.4635009765625
100.96055746078491	109.17666244506836
117.13195610046387	120.5670976638794
115.24078369140625	122.01373291015625
104.26529455184937	115.48825883865356
111.84305572509766	115.86894226074219
125.70451021194458	126.60398578643799
107.07519149780273	116.68093299865723
120.91423797607422	120.00946092605591
109.7132797241211	125.73860168457031
118.10035419464111	133.6608009338379
113.01789379119873	120.03523826599121
112.38701963424683	117.57701396942139
123.3739242553711	127.6656904220581
120.19826602935791	124.86626243591309
107.43390083312988	114.9354100227356
115.52104043960571	122.91482353210449
110.30160331726074	115.82052803039551
124.16160106658936	122.99222660064697
108.62551879882812	113.89308166503906
116.83542823791504	120.37925720214844
108.48783683776855	112.37828636169434
86.14446258544922	98.664306640625
109.0577564239502	109.60005855560303
115.63028478622437	122.41447830200195
106.70604944229126	115.21106243133545
112.4830436706543	117.5808744430542
110.68370151519775	116.21559715270996
116.16726112365723	117.62643146514893
116.45521068572998	122.82379055023193
118.37299013137817	128.72186708450317
109.6959114074707	112.97375106811523
94.907546043396	106.78092193603516
116.8512225151062	124.9722261428833
92.24996185302734	94.7271957397461
113.9923095703125	123.18586730957031
123.01624298095703	127.40032196044922
113.1153678894043	124.14402961730957
122.97415065765381	128.59673881530762
120.14939880371094	130.26023864746094
107.01544189453125	110.92344665527344
116.70510292053223	123.10948848724365
103.38328742980957	108.66883563995361
114.21460723876953	114.48957061767578
121.51630401611328	132.05626153945923
117.48596477508545	122.62448501586914
99.01780557632446	109.59892416000366
111.74242544174194	112.96568489074707
129.79890871047974	133.61919021606445
115.68401002883911	117.16517782211304
109.174635887146	115.92302227020264
95.67341136932373	102.93185520172119
109.01882934570312	115.61753702163696
92.0305609703064	101.2608790397644
124.17523956298828	124.97634029388428
118.41581726074219	123.97638702392578
111.21268558502197	121.06147384643555
112.50130462646484	118.59540367126465
127.4593734741211	135.84146118164062
102.04924774169922	104.94412231445312
125.8143310546875	133.68655014038086
130.36657619476318	132.0673542022705
129.37918138504028	133.80779933929443
99.00185108184814	110.43738222122192
114.36982727050781	122.49455261230469
122.8071403503418	132.02247619628906
119.15501832962036	126.37214183807373
132.19868755340576	136.00425577163696
108.69151592254639	111.80948066711426
107.65198087692261	122.31733751296997
115.53555297851562	124.67364501953125
106.31202697753906	104.73815155029297
99.47572946548462	102.67802953720093
116.58235931396484	125.49795532226562
116.4728536605835	126.35372543334961
108.89697265625	118.56550598144531
89.97983646392822	97.39733600616455
114.82727336883545	126.70104789733887
109.53419494628906	118.29364013671875
125.89643478393555	137.01472282409668
124.7011489868164	129.2520751953125
103.16218376159668	110.50707912445068
106.05046844482422	115.16572570800781
105.74051570892334	111.69662475585938
123.40815353393555	137.7210988998413
126.55679702758789	131.9896697998047
110.11875581741333	115.90879392623901
94.18624782562256	105.90654277801514
116.7542610168457	122.04562711715698
99.03800964355469	114.00650024414062
112.51557159423828	120.38059997558594
105.65920972824097	114.32768154144287
111.08733367919922	114.15239715576172
111.9790449142456	118.43564128875732
106.7070860862732	122.05778408050537
101.135178565979	108.97463417053223
124.4394302368164	134.03318786621094
102.82291412353516	109.98107147216797
95.78411865234375	108.25657653808594
114.17172241210938	114.59384155273438
100.73755693435669	104.20954847335815
113.18704223632812	119.44289302825928
103.25420427322388	112.280282497406
113.1816873550415	109.1216082572937
123.67049217224121	127.05811500549316
117.57067680358887	129.103045463562
99.56567668914795	104.4893741607666
113.67711591720581	115.22911071777344
122.10626602172852	136.62989616394043
105.41719055175781	115.2957534790039
109.08051252365112	117.55308866500854
115.6833028793335	120.044358253479
108.40954542160034	116.92970037460327
125.52012062072754	133.40765190124512
105.16099548339844	109.4313735961914
113.69708919525146	122.43116855621338
109.6200065612793	115.58734083175659
116.21325874328613	124.86736106872559
113.20602321624756	114.47906303405762
107.26763153076172	113.8257064819336
120.27335929870605	121.59344291687012
119.42924928665161	125.21594762802124
103.29957151412964	112.66268539428711
103.36044073104858	103.36421728134155
117.24485778808594	118.39763259887695
118.55313205718994	125.45587635040283
98.69938850402832	106.68818950653076
140.2520456314087	144.80639743804932
115.50323486328125	125.00308227539062
115.74519395828247	122.12157726287842
108.54077625274658	125.36178016662598
124.33993148803711	137.41534805297852
100.37835884094238	108.92368125915527
101.67794799804688	112.892333984375
105.39539337158203	121.60841369628906
97.13768005371094	107.32214212417603
127.56106662750244	135.11048698425293
103.96206474304199	114.02939653396606
105.17964363098145	112.33680725097656
102.82072448730469	107.00109100341797
103.08629608154297	111.65858459472656
106.96659851074219	110.94107818603516
103.82169723510742	109.13209772109985
122.50475358963013	129.8651876449585
85.334951877594	95.4502272605896
126.99263620376587	140.13823413848877
95.3203125	102.70012092590332
99.9952392578125	108.93585205078125
102.59133338928223	115.0178542137146
96.19575500488281	104.57740783691406
125.21422004699707	128.44529914855957
107.8033218383789	109.6152114868164
91.46541786193848	102.90443134307861
96.53268098831177	105.91599225997925
102.44431972503662	110.15706539154053
98.3849287033081	112.33363151550293
103.6092758178711	110.83368682861328
120.316162109375	122.780029296875
108.85444450378418	115.2751636505127
109.2368221282959	117.02136611938477
133.85621547698975	148.13944721221924
96.09746217727661	97.4032187461853
114.72680377960205	123.591233253479
117.04040765762329	125.43612909317017
115.73153972625732	120.67182540893555
121.0795669555664	126.76809883117676
107.42221784591675	118.3965802192688
110.08450984954834	113.4756875038147
100.46022176742554	100.50526857376099
106.54483985900879	115.07107973098755
95.0871205329895	103.18357229232788
120.571852684021	129.42963981628418
82.68235731124878	83.47534942626953
104.9937973022461	109.16494560241699
127.50433683395386	129.686185836792
100.2701210975647	103.57604742050171
108.19640636444092	115.13121128082275
122.58309745788574	127.5184907913208
120.46832227706909	132.90774822235107
126.15459775924683	131.87144374847412
92.58793258666992	105.94053554534912
123.48721218109131	131.00900173187256
103.01766347885132	109.71594190597534
102.88067722320557	109.03679275512695
104.5739312171936	118.07539510726929
105.38294124603271	111.20119714736938
108.05220365524292	118.1782078742981
91.23403263092041	93.98946237564087
101.15518188476562	104.11320495605469
118.7528305053711	125.92147827148438
84.90485525131226	89.73861408233643
113.3082103729248	123.62154960632324
106.17096900939941	107.78650283813477
117.62199783325195	123.36516094207764
110.13451433181763	112.42533540725708
123.04024887084961	127.15013980865479
114.48353004455566	120.62767696380615
107.94654083251953	116.2471923828125
116.5169415473938	121.35574674606323
107.28210163116455	109.30881690979004
103.86859178543091	114.68172931671143
106.2988829612732	113.58705997467041
112.902099609375	107.93000030517578
101.03479385375977	118.10729026794434
118.03358316421509	124.07579898834229
110.15701532363892	109.51643943786621
112.84306335449219	116.7877426147461
108.63446044921875	113.10787868499756
114.52893495559692	121.0436053276062
115.85951614379883	119.48017263412476
92.36519145965576	100.35112857818604
116.07107257843018	122.85166788101196
104.19349479675293	115.10473823547363
123.7305383682251	130.53800678253174
102.33238220214844	105.27087450027466
108.01730346679688	119.8776626586914
94.4984359741211	96.0923843383789
99.14935445785522	114.80744075775146
121.86136198043823	124.09427213668823
117.01024627685547	120.21456146240234
105.92407989501953	112.63192367553711
119.64621496200562	122.08491516113281
113.81773281097412	114.96676540374756
101.47341918945312	109.34941101074219
106.98600769042969	109.49839782714844
114.02622699737549	121.38102722167969
107.465087890625	103.58970642089844
119.75777864456177	126.2836651802063
129.8501262664795	132.8909034729004
109.8973617553711	115.7252197265625
113.01897048950195	122.57535934448242
106.21906042098999	108.77454042434692
116.48887825012207	123.54702758789062
136.55871295928955	147.49844074249268
119.93358135223389	124.3231201171875
102.60890197753906	113.52021789550781
97.63335943222046	112.98207521438599
113.02309703826904	117.06724739074707
113.11727523803711	125.15470504760742
116.29522609710693	121.62722969055176
107.68551635742188	115.3331298828125
117.50626373291016	119.83860778808594
119.05471801757812	136.24377250671387
103.65865659713745	108.56334829330444
118.12954473495483	124.19948291778564
107.525146484375	108.10826110839844
103.57834815979004	116.56517171859741
120.52088642120361	130.91832160949707
105.88482666015625	121.11376190185547
124.9686107635498	130.90682649612427
99.99302387237549	97.65867948532104
114.0025634765625	116.304443359375
98.89629364013672	98.98777484893799
109.89471244812012	116.44800567626953
95.86634683609009	104.64761686325073
125.82640647888184	139.33074951171875
115.23654127120972	124.6834774017334
103.84593963623047	102.02072143554688
97.09274291992188	108.10705375671387
101.89606189727783	114.88300704956055
109.56561088562012	112.70946168899536
92.06212711334229	97.71858501434326
113.25734281539917	119.52028226852417
104.60111951828003	116.92736625671387
118.22806787490845	125.35529375076294
102.01290512084961	107.92655515670776
114.514901638031	126.0812759399414
109.3028998374939	112.2534728050232
102.0701551437378	109.86539125442505
109.48426008224487	113.74774217605591
120.33744812011719	124.25856018066406
138.49533128738403	140.56121635437012
96.32148027420044	108.6045241355896
115.3976697921753	129.55574226379395
117.30730962753296	127.14113092422485
102.82322645187378	110.57041883468628
136.22526788711548	141.90195178985596
127.68796920776367	142.52460050582886
109.12921142578125	116.07160949707031
113.8753433227539	118.21653747558594
105.62760543823242	105.69125747680664
112.4583649635315	122.05138206481934
126.83254098892212	135.83157682418823
109.3235912322998	113.43918180465698
113.03317308425903	114.07381057739258
117.96344947814941	125.90143203735352
112.2232437133789	123.70704650878906
108.97621154785156	111.91279602050781
107.35669898986816	115.40383243560791
100.48000860214233	109.20074939727783
115.42123031616211	118.8337984085083
89.57261323928833	96.08229875564575
114.58000421524048	117.26589870452881
124.80994033813477	125.39478206634521
106.79842472076416	118.02150964736938
110.49219846725464	117.72139263153076
109.72254657745361	114.37860441207886
126.3985333442688	132.56558418273926
119.25979661941528	124.35315275192261
118.05543422698975	122.95556831359863
94.9060320854187	105.8816385269165
103.331787109375	113.68010711669922
104.47415924072266	114.23650360107422
118.16424989700317	127.34104681015015
126.16543006896973	125.342116355896
93.77484083175659	94.22399282455444
123.1264328956604	125.27353096008301
109.79052734375	115.66997528076172
127.70410442352295	136.42718124389648
93.77374362945557	107.1937837600708
123.69246673583984	127.36250305175781
130.25050163269043	134.49578762054443
115.54161834716797	113.36848449707031
118.15225028991699	123.30487108230591
118.60570335388184	125.18598175048828
136.36158752441406	142.88122272491455
120.17342567443848	120.67319107055664
127.20317840576172	132.39524841308594
133.78408670425415	139.60197687149048
107.11161136627197	115.1518988609314
113.81731224060059	125.97031116485596
89.22036647796631	97.82594394683838
103.68148040771484	111.52815246582031
110.30749797821045	117.9033637046814
100.81251859664917	101.50615406036377
111.10891485214233	108.97994756698608
97.78407287597656	97.95272827148438
115.9430980682373	124.81710433959961
115.71311044692993	112.8338360786438
114.31143522262573	118.8549256324768
99.13128566741943	100.193039894104
119.14448642730713	133.06429815292358
115.68926906585693	116.92439937591553
107.58003044128418	117.92032814025879
122.85812377929688	133.63142013549805
107.31253051757812	112.55041694641113
124.40433979034424	132.98341369628906
100.52035617828369	109.63927268981934
117.24169731140137	121.56318664550781
89.48529243469238	96.46113300323486
118.53796100616455	122.48443937301636
102.33092021942139	112.51054573059082
106.3538818359375	113.13845825195312
107.74317741394043	114.45815563201904
126.07393455505371	125.14727210998535
106.8779067993164	112.80777549743652
122.89442825317383	132.01272296905518
99.41234588623047	101.33264541625977
125.44785976409912	124.17204666137695
125.6570816040039	128.38575744628906
107.04561424255371	105.55899143218994
106.99663257598877	115.84656238555908
105.7070722579956	118.39608764648438
101.3134765625	118.97972869873047
95.62783241271973	104.1602954864502
102.6491117477417	107.55575275421143
103.07577705383301	114.19146537780762
118.59251117706299	122.24918174743652
97.8993501663208	104.25904846191406
115.6734619140625	119.90525817871094
120.5155520439148	127.27608060836792
99.27543640136719	100.57174682617188
123.58517646789551	127.13991165161133
107.0997543334961	117.06002044677734
129.92199897766113	134.39142036437988
102.8890266418457	110.69233655929565
93.27899074554443	107.74740600585938
114.64731216430664	119.27394676208496
102.89788913726807	111.9900541305542
109.25512790679932	113.10665845870972
93.6806058883667	100.93371391296387
84.33984088897705	99.2339735031128
108.5401439666748	109.6851110458374
121.5256667137146	130.33936977386475
121.7204270362854	130.50813341140747
102.34243774414062	114.51334381103516
111.57690095901489	123.90920877456665
118.52980041503906	121.93614196777344
120.14617919921875	126.02571105957031
118.6336612701416	128.84575366973877
106.89932918548584	121.15947532653809
106.65282392501831	115.22765350341797
107.68678283691406	116.96641540527344
123.29959487915039	132.4874095916748
111.95156669616699	115.48165225982666
108.90774154663086	112.31703615188599
105.85664510726929	113.3617672920227
124.51032638549805	129.84498977661133
104.32891845703125	110.96029758453369
103.59947919845581	106.02686405181885
105.5617938041687	114.19959878921509
109.81477737426758	122.63781547546387
129.36979866027832	123.57263946533203
113.89057874679565	118.7767767906189
118.42660903930664	126.72502040863037
125.07331609725952	124.96278524398804
101.91884851455688	103.95042419433594
120.28019142150879	130.33663845062256
94.90172958374023	103.08342218399048
102.58790016174316	104.78703260421753
125.9254264831543	128.37995529174805
107.34306192398071	117.25210762023926
111.21957063674927	110.51596641540527
126.01119327545166	133.50559902191162
109.01388645172119	120.02446174621582
103.97244262695312	112.91841125488281
106.14803695678711	111.29629898071289
107.61459350585938	111.88153839111328
113.88801574707031	125.78229904174805
111.92425680160522	124.30864953994751
104.6318097114563	106.8590292930603
89.41672897338867	101.89534044265747
120.83753967285156	122.96859741210938
123.1678638458252	141.05420207977295
110.49193477630615	114.25858306884766
107.00178050994873	110.56879234313965
95.28198480606079	101.64116144180298
112.9567551612854	116.56517028808594
124.19342756271362	135.04574251174927
121.88813495635986	125.32620334625244
92.30372428894043	98.40049266815186
98.68295431137085	102.80460119247437
92.29347658157349	100.80918645858765
112.89726400375366	119.38451910018921
125.3141736984253	123.93110656738281
121.22012329101562	122.668044090271
111.4379243850708	121.99114990234375
107.60089588165283	115.35017967224121
105.74267387390137	116.33682823181152
117.06138610839844	128.794921875
105.8243465423584	116.48997688293457
106.62989616394043	114.8931097984314
106.225830078125	122.72677612304688
110.98507690429688	116.98358535766602
120.50618648529053	127.98245429992676
101.06173706054688	102.61087036132812
106.23104763031006	114.15723180770874
125.89130783081055	133.0561079978943
124.7565188407898	124.5965747833252
130.40362358093262	137.2083568572998
114.52961587905884	120.83984708786011
127.51813888549805	126.9517707824707
114.3233871459961	117.3077163696289
116.47164344787598	120.17895412445068
117.07286500930786	123.5837984085083
112.68856954574585	125.36535310745239
119.97747421264648	120.22488594055176
113.14233112335205	120.95535278320312
114.3627405166626	122.93670272827148
112.74205017089844	124.23007202148438
110.51757431030273	111.56318092346191
114.14897918701172	119.32569885253906
113.03963375091553	127.93797969818115
111.57576179504395	119.19292831420898
112.19362735748291	115.17002820968628
111.77994155883789	114.2833080291748
106.69224500656128	111.41425609588623
103.32991790771484	110.45565032958984
95.50983238220215	102.06844711303711
112.35066986083984	123.39557647705078
107.27891063690186	115.58055782318115
113.76603317260742	123.05134057998657
103.75529479980469	112.6642074584961
117.08742570877075	124.53014755249023
107.68751859664917	116.21923017501831
113.03171396255493	120.55049514770508
113.87998247146606	114.74889755249023
94.03564453125	102.82047986984253
106.27924919128418	115.97016334533691
83.82632732391357	88.32703828811646
102.10656881332397	112.55651235580444
101.66533660888672	107.83141803741455
103.08066368103027	107.50546455383301
124.03889036178589	135.217670917511
108.16898822784424	119.83171558380127
110.26297378540039	118.13230895996094
107.05312013626099	113.5662031173706
109.0138931274414	113.36173248291016
129.4625687599182	134.6410207748413
118.58335399627686	127.25759696960449
112.16017246246338	121.0211672782898
118.30647134780884	124.14979982376099
120.83086013793945	131.54359817504883
117.8762435913086	127.63532257080078
115.99095869064331	121.87678813934326
94.04308319091797	98.52301597595215
97.57100343704224	110.48674821853638
145.31696891784668	138.03126525878906
122.67070007324219	124.1250991821289
120.22435712814331	124.73796367645264
140.33610343933105	146.66757583618164
107.5921688079834	116.91282272338867
116.7742919921875	122.59486389160156
91.92471742630005	98.41665744781494
115.36296081542969	123.16029357910156
113.97327327728271	126.519784450531
122.89816522598267	129.9763321876526
111.32392120361328	115.26171875
100.49958801269531	105.08767700195312
113.18399238586426	122.15856313705444
121.48735666275024	123.94559574127197
103.11407947540283	104.03975486755371
127.19941329956055	135.8368558883667
95.2905855178833	100.8496446609497
91.42217254638672	105.14193916320801
107.5961856842041	114.23697280883789
97.9863452911377	108.03828477859497
124.17915344238281	128.01321029663086
107.50946807861328	112.24915313720703
102.63515281677246	106.00817012786865
108.06591129302979	117.51227569580078
128.5191993713379	132.7251434326172
116.18899536132812	126.6693344116211
103.58229446411133	116.34158420562744
104.55120944976807	103.63337326049805
103.62370252609253	112.98999118804932
106.86176919937134	104.9619927406311
112.3848295211792	118.44264507293701
127.17966604232788	125.62532043457031
130.526704788208	143.8538360595703
125.00761365890503	133.75787019729614
113.05965900421143	123.02698802947998
110.91886901855469	116.79434967041016
120.34307861328125	120.50086212158203
95.7958173751831	105.54302978515625
98.8067078590393	101.36273860931396
118.67245388031006	132.167724609375
104.26971244812012	107.9146842956543
115.95038032531738	121.36067533493042
118.9770917892456	120.51762437820435
87.37681198120117	96.52206802368164
122.96783828735352	130.16733932495117
113.77107524871826	122.96730136871338
115.29351043701172	114.96819305419922
140.22953987121582	158.11366081237793
112.06542491912842	120.48563003540039
122.45515727996826	134.6124095916748
112.974693775177	121.79709434509277
110.56257629394531	117.42691040039062
119.411789894104	131.45860195159912
110.53445148468018	119.61575031280518
89.21841144561768	100.27555704116821
103.73745203018188	109.72976446151733
106.03207969665527	107.50201320648193
97.80720520019531	102.83587837219238
108.33135795593262	110.87803173065186
135.4160499572754	132.22360038757324
94.33233165740967	98.9655294418335
129.36551094055176	133.27239990234375
123.24071884155273	128.44789505004883
96.91733121871948	106.61783695220947
99.06897068023682	109.06373262405396
109.72911357879639	112.69862747192383
105.44022798538208	113.68659973144531
108.09451293945312	110.22977447509766
100.32027530670166	112.07849407196045
107.74957180023193	120.06288528442383
123.62480735778809	128.83636093139648
113.43685054779053	117.04312133789062
118.71046829223633	120.65570068359375
115.50571966171265	120.40683650970459
101.0991382598877	100.70376634597778
91.75296115875244	94.55726432800293
114.1233139038086	123.33573913574219
101.26899719238281	113.30582857131958
110.5894603729248	116.72309303283691
103.82887983322144	106.2345609664917
117.39982986450195	121.64681625366211
114.52274131774902	111.00191974639893
101.74245691299438	108.95541429519653
117.76335954666138	121.26369953155518
115.72649717330933	123.14629554748535
104.46114349365234	102.39532470703125
102.14517831802368	105.87701082229614
104.96779012680054	116.77767658233643
116.26588821411133	124.03453826904297
123.8628101348877	125.07634162902832
113.41867160797119	120.83815097808838
92.51112270355225	91.3397569656372
116.1031379699707	118.65379428863525
104.1438159942627	111.37118911743164
98.23941230773926	101.45112037658691
106.80305480957031	102.81731414794922
101.3588638305664	111.32308197021484
116.75733804702759	119.61992025375366
102.03954935073853	111.97680473327637
115.9760513305664	123.03035354614258
106.84147119522095	110.86742305755615
98.00149440765381	101.59084796905518
115.12787675857544	122.42448043823242
98.02615356445312	108.6823878288269
106.60593795776367	108.5112247467041
123.4312334060669	127.00132656097412
108.76374053955078	119.72618865966797
123.06690216064453	127.40797519683838
90.82262420654297	100.01187515258789
120.92565965652466	126.21397876739502
127.4959363937378	127.59562873840332
112.48119735717773	117.75984287261963
103.1443862915039	111.82061767578125
120.8162727355957	120.95116424560547
96.64195775985718	108.42313528060913
120.94383430480957	122.30667114257812
121.44217824935913	131.99657011032104
84.66149568557739	97.098069190979
125.16120624542236	123.57263612747192
127.88133144378662	141.29240226745605
93.84872436523438	105.47697448730469
107.85912752151489	108.50815057754517
114.0137357711792	117.68896293640137
103.40883493423462	111.46557569503784
106.94691705703735	115.18552350997925
115.32989549636841	121.98264741897583
128.40451431274414	134.5672779083252
100.37816047668457	106.7219066619873
96.41293430328369	96.56770420074463
118.4774923324585	118.82514953613281
90.17916011810303	99.28559017181396
115.0959587097168	125.57538986206055
126.8353042602539	131.2504119873047
96.67503833770752	110.25424003601074
101.06936645507812	111.07353210449219
107.42254972457886	113.05625438690186
112.1004638671875	125.16234588623047
107.86057662963867	113.8619270324707
107.77585220336914	111.23297357559204
98.07389068603516	109.66395568847656
115.99863338470459	124.1409158706665
103.93811082839966	109.59981918334961
144.90796089172363	151.58979415893555
106.37179183959961	115.47076320648193
102.15227556228638	113.87292194366455
116.93165588378906	122.45672607421875
125.99250793457031	138.73001098632812
101.19548082351685	99.9734354019165
105.20703125	112.55423736572266
88.76493072509766	101.05869817733765
112.25264930725098	110.91697120666504
115.84461975097656	120.56163024902344
127.58282089233398	136.05898761749268
99.58079719543457	104.74307823181152
103.45457553863525	106.24077558517456
112.21482467651367	119.77661752700806
111.97372913360596	120.74168586730957
116.8489637374878	113.0934247970581
117.47756052017212	119.76539039611816
104.00078582763672	111.63612365722656
112.8519515991211	123.96050262451172
121.84237670898438	120.47136688232422
89.94841766357422	103.96087646484375
136.53176879882812	144.3164577484131
114.65753221511841	127.18152236938477
97.10397148132324	105.47655296325684
118.73456954956055	123.0067834854126
100.60664176940918	103.23699474334717
126.70201778411865	125.99031829833984
112.85063457489014	124.53877449035645
124.43472290039062	122.56414794921875
113.03932571411133	105.39007472991943
105.30091857910156	105.51325988769531
94.15192747116089	105.78044652938843
98.48072528839111	108.73623371124268
108.43174743652344	114.61745643615723
113.93025732040405	123.16265535354614
99.82877349853516	111.2498025894165
116.53285217285156	118.46709632873535
103.61186981201172	121.92214965820312
108.10540866851807	113.00574016571045
121.11626625061035	127.86090421676636
115.96540451049805	117.09966659545898
96.36376619338989	98.52094888687134
107.32688045501709	115.9330883026123
116.08165740966797	116.86190128326416
106.40745878219604	113.249831199646
118.5919189453125	134.18800354003906
92.95410633087158	99.0273928642273
131.99123859405518	137.7814335823059
112.1448483467102	114.41897535324097
84.70547485351562	99.62012481689453
112.44750738143921	115.41611194610596
122.53898620605469	131.32522535324097
134.75368976593018	143.02908039093018
106.47245407104492	111.15808868408203
109.67965745925903	109.37934589385986
107.00315856933594	115.73240661621094
91.77471733093262	96.79247570037842
118.40651035308838	128.58987474441528
122.13475227355957	123.99295234680176
110.62138938903809	115.82643699645996
113.05276584625244	117.51048803329468
112.66140460968018	120.09187030792236
120.28923797607422	123.07901859283447
118.10554218292236	118.86356401443481
108.84490966796875	110.60525512695312
91.1772403717041	96.77697467803955
88.26850175857544	92.67253160476685
122.63227462768555	135.89001655578613
86.29788970947266	86.12396717071533
99.34316825866699	104.70922565460205
99.1396164894104	108.89866590499878
142.95399570465088	139.53154468536377
102.99298095703125	103.84748840332031
109.79684925079346	110.51903343200684
117.82600402832031	119.73599433898926
119.47470092773438	120.26813888549805
122.4138822555542	131.93841934204102
103.02246809005737	104.27294969558716
103.60865306854248	114.0230484008789
96.57195281982422	105.91869163513184
