83.73591899871826	86.29191398620605
73.91938924789429	75.01494550704956
65.85617637634277	73.55912590026855
61.697309494018555	67.07912397384644
69.67822360992432	72.63037395477295
74.73335123062134	82.48308420181274
66.87000846862793	72.47831726074219
93.5743579864502	98.58764362335205
80.39243841171265	87.34752750396729
94.59993743896484	94.87747192382812
61.49397373199463	64.9362850189209
89.25231456756592	88.93240928649902
52.63514995574951	61.15227699279785
71.53700351715088	82.63021469116211
50.69166660308838	57.12752342224121
81.62688159942627	86.92235660552979
67.48309326171875	74.1062445640564
56.88236713409424	59.99794006347656
60.44764041900635	69.49156761169434
86.05448913574219	91.74382781982422
83.70386505126953	91.07562255859375
75.23198890686035	77.41398811340332
67.51614332199097	75.48716115951538
65.10525703430176	78.48268032073975
76.48891687393188	86.90238952636719
63.66494178771973	70.21401405334473
55.72042942047119	61.02527618408203
71.35623931884766	78.71443319320679
65.71813821792603	73.9286208152771
75.52540588378906	81.67895030975342
58.90588188171387	71.65715217590332
78.84714317321777	83.96200561523438
81.98769092559814	84.63764190673828
54.372620582580566	64.12442684173584
82.34110355377197	85.35362243652344
66.25870418548584	67.8723087310791
86.26260280609131	98.28245401382446
58.04832458496094	69.35381412506104
72.2669506072998	82.417236328125
64.63543796539307	64.6464056968689
67.61462211608887	74.94524955749512
51.50893211364746	58.65426063537598
79.45044612884521	85.45304727554321
77.77790641784668	81.64626979827881
70.96903800964355	74.09091281890869
78.96981525421143	86.4533920288086
57.42533731460571	62.25747013092041
64.53750801086426	72.08363342285156
70.17521095275879	74.83493041992188
64.15640830993652	69.13931369781494
73.8930230140686	74.23851156234741
68.45114374160767	72.27192687988281
60.591025829315186	67.61223411560059
67.24355936050415	81.3286542892456
54.063720703125	59.19020748138428
60.825310707092285	64.5992956161499
74.25456857681274	79.1417236328125
78.02220153808594	80.60980224609375
74.6353268623352	79.43638801574707
45.83395957946777	53.416686058044434
82.25311326980591	85.6327953338623
64.24111890792847	67.00899457931519
71.40000009536743	79.25586462020874
69.35258674621582	74.37714958190918
48.76205778121948	58.99163818359375
74.39457988739014	78.54914093017578
87.71330261230469	94.48572492599487
55.01668167114258	64.85709285736084
78.53616619110107	83.26947212219238
75.64680409431458	81.18242931365967
78.07280158996582	83.28262138366699
58.75007629394531	65.15931701660156
69.00052070617676	79.33911800384521
70.86861419677734	76.12470817565918
71.98109436035156	80.23180961608887
69.81325340270996	77.16645240783691
80.97756242752075	83.9033031463623
71.03736734390259	71.01960182189941
75.73719072341919	84.02783107757568
70.3941650390625	74.2822322845459
71.91179180145264	75.84649562835693
70.45181846618652	76.79842138290405
73.33090209960938	73.4058837890625
74.60004425048828	76.17273092269897
78.55955600738525	79.5449686050415
67.61383008956909	69.64543056488037
71.8300609588623	76.52243614196777
93.98175001144409	95.51103115081787
69.80406188964844	79.26470375061035
59.87075614929199	70.54450035095215
80.17926502227783	86.27796936035156
74.16160583496094	83.25773048400879
81.32638263702393	86.82727146148682
62.543139934539795	69.28941202163696
67.89282989501953	76.24909400939941
77.6292667388916	80.87619018554688
67.06708431243896	73.59886169433594
96.4297399520874	96.98303890228271
65.64703941345215	74.33389186859131
68.8819432258606	72.82648706436157
76.23620796203613	80.05989074707031
62.34463119506836	71.59522247314453
75.75943565368652	83.77891731262207
73.0363621711731	81.82687425613403
60.98814535140991	69.48407220840454
68.90582323074341	78.0112943649292
70.68045711517334	79.58943367004395
84.98756217956543	94.0323257446289
77.56499290466309	81.42945098876953
68.19018363952637	71.83618068695068
57.096123695373535	64.74958896636963
75.4141788482666	79.2491512298584
75.24542713165283	70.29835271835327
69.87913513183594	76.92933654785156
74.217369556427	81.96972513198853
70.3313307762146	76.63087368011475
62.755146503448486	66.5210108757019
71.99910736083984	84.07388877868652
67.53098964691162	73.13218593597412
70.27479696273804	69.20677900314331
79.08481693267822	85.89294481277466
68.23343086242676	76.9291319847107
68.59455871582031	73.03690910339355
68.34889125823975	73.18864345550537
70.63011360168457	72.44317770004272
69.74479579925537	76.34252882003784
79.06164216995239	83.1138744354248
63.53195095062256	70.81976985931396
89.45864963531494	98.95223808288574
63.82453536987305	69.35868644714355
75.5083122253418	80.75016403198242
74.57699680328369	82.9695143699646
83.08031463623047	84.00742435455322
68.90066337585449	72.04246473312378
70.87019348144531	77.65629386901855
71.53555059432983	76.60348463058472
72.07338523864746	82.17110443115234
92.1647596359253	97.92058563232422
61.502474784851074	69.9288239479065
80.8291597366333	90.73898601531982
73.84712791442871	75.70628356933594
56.9662766456604	67.63568687438965
77.50769090652466	85.97271823883057
81.03947973251343	83.52005577087402
60.64643859863281	66.29811763763428
68.34505462646484	74.66182136535645
71.79788064956665	81.08954763412476
66.02926826477051	75.76563453674316
82.32705593109131	87.17331171035767
52.034263610839844	55.073652267456055
75.29938316345215	80.44058418273926
60.429277420043945	64.25671577453613
77.66483879089355	80.92677164077759
76.1737289428711	82.81040954589844
72.60999870300293	82.14085578918457
73.0536937713623	79.03396081924438
81.73083734512329	88.32071304321289
78.91389560699463	80.46760272979736
73.29251861572266	75.95768165588379
56.91363215446472	67.0388674736023
62.11238241195679	65.72025203704834
80.89497184753418	82.78351020812988
87.27357959747314	92.08409023284912
66.3362045288086	72.53004741668701
70.51374864578247	74.86180114746094
67.49580574035645	68.85490608215332
57.4255313873291	60.14749717712402
61.60041618347168	69.6617202758789
58.28375244140625	61.35375738143921
75.95651435852051	83.90118598937988
71.66107177734375	79.02601432800293
66.2244873046875	71.78455209732056
75.81979179382324	82.57805442810059
66.46605491638184	79.14130210876465
74.94604444503784	79.03799438476562
76.48301124572754	80.7802586555481
87.14603328704834	98.18577861785889
66.79299831390381	74.79178428649902
67.59943962097168	72.68078804016113
68.4752025604248	75.87558174133301
87.12578773498535	95.14331817626953
78.53473663330078	81.94857788085938
65.87860107421875	70.73092460632324
60.40793037414551	71.10237121582031
77.74348211288452	88.0927562713623
62.787264347076416	69.73851585388184
65.80084991455078	75.42126274108887
75.21329498291016	88.16373252868652
74.19092321395874	78.54785060882568
67.39382266998291	70.70818424224854
66.78682804107666	72.32430934906006
68.29582214355469	73.62547159194946
61.35989189147949	67.1031665802002
77.73085069656372	80.16958427429199
64.71833848953247	76.86941528320312
72.13014125823975	78.48912239074707
90.42580127716064	94.15913105010986
75.00825691223145	77.84671211242676
75.30127143859863	80.54043388366699
71.60723304748535	78.96424674987793
60.738847732543945	66.38864135742188
85.51131248474121	89.36981964111328
64.00140380859375	72.1647720336914
83.43499946594238	94.37206077575684
78.07639503479004	86.20710754394531
58.45848083496094	68.29922676086426
71.08259677886963	76.01129913330078
71.90245056152344	75.7792797088623
68.75988912582397	72.0079984664917
56.684274673461914	69.87496376037598
63.26659679412842	71.54343605041504
87.61032295227051	92.53858661651611
66.28868865966797	69.4647388458252
71.04920768737793	71.23304557800293
76.54800415039062	81.68047332763672
77.5083589553833	82.59576559066772
81.882728099823	88.70709609985352
63.05216646194458	72.20391750335693
73.5794472694397	78.8088207244873
52.641329288482666	53.548802852630615
70.07867431640625	75.3464584350586
76.14258527755737	83.94510078430176
66.82440662384033	74.01746845245361
68.61780500411987	73.80829048156738
90.34910917282104	89.53769445419312
63.04128646850586	69.83163356781006
51.0377311706543	62.48864936828613
68.26804399490356	69.24860954284668
70.73316192626953	73.18243217468262
71.64579057693481	80.32443952560425
81.30551099777222	93.88518333435059
62.41586494445801	67.84916687011719
70.70427131652832	80.51374626159668
94.7247166633606	103.73539447784424
77.62095642089844	81.54566955566406
74.33856964111328	80.16876220703125
70.00584983825684	72.85139465332031
79.67310905456543	82.5354995727539
81.12315368652344	88.82098388671875
68.14997291564941	74.92298698425293
70.01815128326416	72.10956764221191
73.475106716156	77.82736110687256
86.41418266296387	92.89018249511719
58.44019317626953	66.06800079345703
67.09019565582275	72.56929874420166
77.36495733261108	84.59635019302368
74.59208106994629	80.80287075042725
66.43359184265137	75.96360683441162
68.15854454040527	72.03085899353027
60.620309829711914	71.52088737487793
69.17645120620728	78.65159034729004
70.4127345085144	75.39005947113037
76.43803644180298	84.38561201095581
71.05611419677734	75.99481201171875
61.39019060134888	68.48793888092041
52.03145503997803	56.612486839294434
59.8552680015564	64.68508434295654
69.52001094818115	73.17547798156738
75.26832389831543	75.55668640136719
89.31052207946777	91.42930889129639
82.12689256668091	86.25019836425781
63.77570104598999	71.20387125015259
56.45825958251953	68.37078666687012
74.37885475158691	75.9832935333252
81.88996648788452	84.509521484375
81.64959669113159	86.01109027862549
54.28910732269287	60.28231143951416
64.43645477294922	70.5666971206665
88.23917198181152	94.99536895751953
56.15859508514404	61.94041728973389
72.62359714508057	77.77763986587524
73.45654106140137	79.93844032287598
75.85897302627563	80.23731136322021
69.73871660232544	78.97153234481812
62.0450382232666	68.75009822845459
79.75571632385254	85.16141891479492
83.58653783798218	83.27892065048218
81.45337104797363	84.30075883865356
78.29026794433594	82.32178688049316
67.56857395172119	75.92534065246582
63.79918098449707	73.74037265777588
79.52093696594238	84.17329216003418
63.02165222167969	66.46505928039551
75.13064479827881	79.59375762939453
68.40554714202881	79.7360372543335
76.41715240478516	78.45111846923828
61.38649272918701	66.46375513076782
73.35945272445679	74.99116373062134
74.94882297515869	81.24371433258057
53.95663261413574	62.513885498046875
89.78585815429688	100.92969131469727
64.82347297668457	70.7867431640625
80.46403741836548	89.99749803543091
81.07767105102539	84.03064727783203
55.32397270202637	62.59666442871094
79.56689643859863	80.78146362304688
64.07708168029785	72.71967887878418
78.64563941955566	79.4247579574585
76.12584924697876	74.42304468154907
76.67579364776611	78.76661586761475
63.7814884185791	69.13240098953247
60.024237632751465	67.07358360290527
70.1268515586853	74.65929412841797
72.09313201904297	79.37507629394531
73.14060401916504	86.66182136535645
85.89006614685059	89.85324668884277
69.04233455657959	80.39586067199707
73.56454420089722	81.09272813796997
77.13264608383179	80.99804019927979
69.56077814102173	73.84191226959229
73.21313953399658	78.01408767700195
66.88177299499512	70.93343925476074
56.26805019378662	65.06982421875
68.32635498046875	78.92021369934082
75.20601081848145	85.03649139404297
64.2198257446289	71.98921966552734
68.89938259124756	75.03315877914429
84.13199043273926	90.12758445739746
78.97963285446167	83.19374799728394
83.59931373596191	93.63396263122559
75.56326866149902	80.45266246795654
68.68037509918213	71.85248327255249
70.98722648620605	75.21633911132812
75.9364242553711	84.45656776428223
60.93924522399902	70.73578834533691
63.324952125549316	70.09556770324707
73.11745262145996	76.2304515838623
78.4197449684143	85.28674364089966
60.39191150665283	71.64593410491943
77.68016624450684	83.3082103729248
68.135498046875	69.93996524810791
81.08349800109863	87.97673320770264
62.72190856933594	71.96734428405762
74.22717475891113	78.96631050109863
73.8263168334961	81.81360864639282
67.92379570007324	73.23937940597534
74.88674736022949	79.93059253692627
74.23447608947754	81.42000198364258
76.73320055007935	81.56689167022705
83.47663688659668	90.37367725372314
63.51280403137207	69.51541328430176
68.69963026046753	70.91487073898315
72.56149578094482	78.9917163848877
78.89888095855713	91.70357894897461
86.50066471099854	91.91710615158081
60.6138801574707	66.4822006225586
66.21122932434082	70.82548713684082
67.30293273925781	74.08277320861816
81.50396823883057	87.23898601531982
64.34316968917847	73.89712333679199
69.62020111083984	79.57520484924316
80.14579010009766	82.80780601501465
67.25378322601318	68.59809875488281
60.7425332069397	66.62103796005249
53.23626708984375	60.20497798919678
75.17275285720825	80.41047143936157
63.72557258605957	75.54992008209229
80.4653491973877	83.9421329498291
76.89382123947144	79.37846612930298
61.37768077850342	65.40629482269287
73.28973531723022	81.55901432037354
61.50232744216919	70.75596570968628
83.85539054870605	86.76278018951416
84.23153877258301	84.40877723693848
75.5810399055481	83.81289672851562
76.87896537780762	82.17947387695312
94.41686058044434	94.2268762588501
69.72364521026611	76.64634037017822
69.83697414398193	74.31324005126953
70.79705238342285	79.7844934463501
58.36964797973633	70.07867431640625
85.80732440948486	85.85514259338379
72.12704658508301	79.96481895446777
73.11735534667969	75.96416473388672
67.106436252594	73.91871738433838
68.31706953048706	69.04216718673706
67.93467044830322	72.66661167144775
72.82203483581543	76.36776924133301
72.61697244644165	74.32159185409546
64.92510223388672	72.05220222473145
72.57029914855957	81.18783760070801
60.51269865036011	67.98245286941528
72.70769739151001	78.48552131652832
85.04454374313354	89.93461847305298
74.6184139251709	79.26337623596191
73.43184471130371	79.09110832214355
76.48910522460938	82.34788513183594
77.7304744720459	82.15122985839844
74.0032434463501	83.41198921203613
78.81826734542847	85.0773696899414
80.73749542236328	87.28270053863525
58.89744758605957	65.53757572174072
83.13825798034668	85.22185707092285
81.0239052772522	78.27122926712036
68.70744037628174	70.72993659973145
70.79202461242676	76.15184211730957
69.15817022323608	78.02388668060303
75.72082567214966	78.16096019744873
75.60215711593628	82.67347478866577
87.01206016540527	92.02459478378296
73.63394165039062	79.70960807800293
68.06503582000732	72.18452262878418
72.97874355316162	78.77098608016968
77.33988189697266	83.25972175598145
70.51317596435547	75.91938781738281
72.05712032318115	75.46539688110352
81.37753009796143	86.39273166656494
75.6185531616211	81.2222728729248
103.32399845123291	108.16723823547363
66.027663230896	69.71419525146484
71.28226280212402	78.76935005187988
80.73168802261353	79.56972742080688
76.47668361663818	82.23769664764404
73.85392904281616	82.95971632003784
82.80906867980957	91.21724605560303
78.21868228912354	86.43417406082153
76.83374214172363	81.24987602233887
67.84733533859253	78.42392921447754
75.49169635772705	81.76052141189575
71.17468166351318	73.61717081069946
75.09058570861816	80.09110450744629
75.30193042755127	80.46300983428955
71.92207145690918	78.01885414123535
72.70567035675049	77.85648345947266
73.4547758102417	79.09018278121948
62.52788686752319	68.08204889297485
69.59849643707275	75.06034803390503
65.50368547439575	74.60105609893799
81.56050205230713	89.04753160476685
80.20335578918457	89.20944023132324
57.39229774475098	65.78474187850952
70.17857551574707	75.18973731994629
85.69107055664062	93.82600593566895
72.78861141204834	75.18380975723267
78.09988498687744	82.79699516296387
82.78515815734863	90.67599678039551
62.067646980285645	64.06973361968994
71.93967962265015	79.07597494125366
67.9572081565857	81.2216215133667
75.27230072021484	84.37669944763184
62.10576057434082	71.08769416809082
77.76467800140381	84.98419904708862
82.59808540344238	91.44434928894043
75.91522264480591	81.2325530052185
77.92563819885254	83.26270914077759
100.07685089111328	102.44657897949219
69.73843336105347	72.89359426498413
63.59432888031006	71.25836753845215
72.1333065032959	79.09089660644531
85.7841968536377	89.01136207580566
58.36374092102051	70.96537971496582
76.63872575759888	84.15916967391968
79.24445343017578	86.82284545898438
65.74596929550171	74.90505313873291
72.76550388336182	78.83249187469482
66.33802032470703	69.18442058563232
71.22523307800293	81.39524459838867
84.79016971588135	87.19751214981079
81.14934539794922	89.2825698852539
74.22284126281738	79.65307712554932
72.00181245803833	77.18175172805786
70.2831859588623	79.83503723144531
85.85460472106934	89.56676244735718
78.37589168548584	81.56333684921265
72.50571918487549	75.73913717269897
68.78642177581787	71.97544813156128
73.79032135009766	83.23765754699707
66.56550693511963	75.73981237411499
72.22919225692749	79.5448637008667
74.494384765625	80.1909122467041
67.73301696777344	72.16850185394287
64.578932762146	75.51427745819092
65.45602226257324	68.97015953063965
65.32934617996216	68.42083024978638
74.32818603515625	78.47979927062988
60.215559005737305	61.78258419036865
94.78636264801025	96.70039415359497
62.19869375228882	70.77478647232056
79.71607208251953	84.00228500366211
62.26224231719971	72.25092601776123
81.20082378387451	86.65777444839478
76.09193420410156	81.90444087982178
71.79743385314941	74.67870140075684
74.37606811523438	81.1380786895752
75.90853929519653	79.8480749130249
63.10007619857788	69.07491970062256
64.97448825836182	69.9083571434021
68.05447196960449	74.08977699279785
83.35021877288818	87.19146823883057
76.63459777832031	81.69142246246338
79.09781169891357	82.9350757598877
68.46510124206543	76.45863151550293
75.2451171875	79.38324737548828
79.78139162063599	82.26051092147827
77.606125831604	82.55428266525269
63.81127738952637	68.06933355331421
69.28484916687012	73.41250419616699
67.82126426696777	70.85662651062012
69.17230749130249	77.44039821624756
69.53652763366699	77.72327613830566
57.806485652923584	62.21177387237549
74.31445407867432	76.99558877944946
72.46959686279297	81.14752006530762
65.5438756942749	69.27111625671387
64.75311470031738	69.62085914611816
81.37103319168091	89.87927913665771
66.39396667480469	74.68380928039551
71.21366024017334	77.29047298431396
73.8519515991211	83.04201364517212
73.52037048339844	81.18771171569824
86.10234260559082	88.83422613143921
65.30908012390137	70.61096334457397
67.93983554840088	76.4401683807373
81.14048767089844	87.24479675292969
63.472774505615234	69.35961389541626
61.253623962402344	70.85165500640869
70.03375053405762	77.54735469818115
83.835289478302	87.68357992172241
64.85238552093506	67.48700141906738
61.93381309509277	70.91989994049072
81.58570861816406	90.46333122253418
63.51696014404297	68.68362426757812
89.82964754104614	95.0059962272644
68.38397026062012	75.63507843017578
65.10204410552979	73.11515808105469
69.24093580245972	73.10790300369263
83.80234336853027	87.36340141296387
69.97801780700684	78.24962425231934
64.8684983253479	71.52359819412231
78.62832498550415	82.06417989730835
82.25251007080078	89.8238115310669
77.84002590179443	83.3150577545166
68.87471008300781	73.57645225524902
62.66976833343506	68.49767208099365
90.3565902709961	95.62684631347656
67.2249755859375	69.10622978210449
83.33110761642456	88.1488733291626
72.1624436378479	73.19224548339844
80.63788604736328	82.08000755310059
64.88127708435059	72.7977466583252
78.77382564544678	83.97341060638428
70.31088352203369	76.66937351226807
66.87444877624512	73.5824203491211
62.79528760910034	68.25625801086426
71.96266794204712	77.35318279266357
83.87985181808472	89.43736553192139
88.64640808105469	94.06889343261719
72.83487939834595	78.78389024734497
69.12851810455322	74.07546854019165
71.44020986557007	77.98448371887207
87.10148525238037	94.98557806015015
94.62725257873535	107.91457939147949
83.68892574310303	90.19262647628784
69.21189308166504	79.74894046783447
85.0458116531372	85.72963905334473
81.33499193191528	83.22751569747925
79.06169891357422	84.09477996826172
75.79518604278564	82.36439514160156
80.47920513153076	84.4558048248291
73.50008201599121	80.13805675506592
71.90888214111328	72.88606452941895
56.312903881073	56.624131202697754
60.98526954650879	67.46903419494629
75.04160165786743	80.55126857757568
70.93752574920654	79.11768341064453
62.23290252685547	64.79457092285156
77.28205919265747	80.89412927627563
72.84569072723389	79.5910177230835
76.32022047042847	77.58003187179565
84.71663856506348	88.84266757965088
73.68254089355469	81.93494606018066
79.1024341583252	86.36117744445801
78.7038745880127	82.05179786682129
56.360140323638916	58.593120098114014
61.45619773864746	66.5705738067627
69.99263715744019	74.00581455230713
82.51478576660156	89.18625068664551
70.97698783874512	75.86519145965576
70.72139596939087	76.06842994689941
82.75491142272949	89.0731143951416
82.47453117370605	81.61447143554688
66.26744842529297	74.68853187561035
64.31312561035156	72.96759605407715
79.71399879455566	84.16536140441895
66.38593196868896	71.0155439376831
73.76499938964844	78.41173553466797
74.39961910247803	78.81263732910156
66.32946729660034	70.73169755935669
70.16039371490479	74.28545475006104
64.84669780731201	69.3459062576294
61.480780601501465	63.93283176422119
71.62352561950684	73.54261875152588
55.35160207748413	60.36662483215332
66.65753364562988	76.20158195495605
61.43633794784546	67.41924858093262
74.88018608093262	77.86111450195312
82.80853843688965	88.94765281677246
56.11317586898804	62.715352058410645
71.32862663269043	75.870849609375
77.20144844055176	82.48228454589844
65.82834434509277	69.7657699584961
86.31707191467285	93.99751663208008
67.43707180023193	76.74636268615723
73.84326457977295	79.82510614395142
71.84177255630493	80.10824775695801
76.59201192855835	84.65162134170532
83.69439125061035	87.19306755065918
69.2300033569336	72.41582679748535
62.22879409790039	71.57495021820068
83.53281307220459	90.945387840271
63.66560935974121	67.03885555267334
72.50792026519775	77.70857334136963
82.24847888946533	86.5900650024414
71.28340244293213	80.01312017440796
73.40599822998047	83.54573249816895
70.83525037765503	78.17746782302856
70.81506538391113	78.040771484375
75.81789493560791	79.64501857757568
77.19442939758301	80.9176254272461
73.58754205703735	78.28413200378418
88.70037078857422	97.93585968017578
58.224143505096436	67.01997423171997
69.99388027191162	72.8754825592041
70.03820753097534	77.12682914733887
67.52693271636963	74.74790143966675
79.50068664550781	87.78687858581543
67.81578636169434	72.15200567245483
66.38870477676392	62.421053886413574
74.69536304473877	80.84577703475952
75.6500825881958	79.29719543457031
78.04595184326172	81.86562538146973
80.75654411315918	90.05024528503418
78.4970760345459	84.45288228988647
83.39540672302246	90.43250370025635
59.59073781967163	63.141801834106445
64.67706394195557	74.00031232833862
65.20890235900879	70.72757720947266
78.26830005645752	82.5148138999939
59.36485004425049	67.74376010894775
77.82801914215088	87.06289625167847
77.61522626876831	80.87551689147949
71.74663496017456	78.19526767730713
60.68738508224487	65.15836954116821
67.25024271011353	71.83987379074097
52.27308225631714	57.36523246765137
58.205541133880615	65.17393732070923
83.04776000976562	87.42796897888184
63.972742557525635	71.1360559463501
58.08414173126221	62.56905269622803
69.65152931213379	73.15014839172363
76.38606405258179	82.0608606338501
90.16312599182129	99.83456134796143
65.69613456726074	71.73411321640015
79.05054330825806	82.13193655014038
73.6346287727356	79.37429237365723
76.22008323669434	86.12671852111816
65.81514930725098	74.40243530273438
62.70323181152344	76.97254943847656
65.20111799240112	73.2818078994751
71.94898796081543	78.75922966003418
79.89420318603516	90.48631286621094
72.57917785644531	72.19288063049316
60.8246865272522	65.71256160736084
63.73924732208252	64.46723937988281
74.43946838378906	75.48539543151855
83.9503264427185	84.13171195983887
63.237364292144775	72.14724826812744
74.32751655578613	87.51239204406738
73.4764575958252	79.15308475494385
68.23237419128418	76.84353828430176
91.18557357788086	100.07983636856079
71.99508476257324	80.0559024810791
96.82481384277344	101.46514892578125
52.86614418029785	58.43238830566406
59.183714389801025	69.19349098205566
66.7081389427185	75.47712993621826
75.54167795181274	84.15845394134521
74.02983236312866	77.35180139541626
59.58494710922241	62.415071964263916
65.09416103363037	73.37375497817993
74.07365226745605	80.37591409683228
76.02478790283203	83.47756862640381
74.98901653289795	79.46963739395142
69.26272392272949	70.01221227645874
74.56367683410645	76.97218894958496
57.334994316101074	62.431036949157715
78.78877830505371	83.24922180175781
59.76294708251953	67.08804130554199
69.24576377868652	73.7676010131836
71.50442600250244	79.41491985321045
71.95233345031738	78.77684593200684
72.98534870147705	86.3639326095581
59.6120548248291	63.6957426071167
71.06226539611816	74.42932891845703
53.659385204315186	59.98905944824219
64.82435417175293	75.4669132232666
72.64717960357666	78.66153001785278
70.85924530029297	76.05101585388184
65.04303932189941	70.51101684570312
75.55030059814453	76.26718616485596
59.527177810668945	63.6453914642334
61.02927207946777	69.08766269683838
67.93356513977051	78.46017265319824
76.23443412780762	79.71394157409668
74.75978708267212	83.35012769699097
67.0693302154541	68.59192514419556
63.131866455078125	68.07875156402588
65.89498043060303	69.76388454437256
76.01437282562256	86.52989387512207
67.41256713867188	72.06893920898438
62.333922386169434	64.46591377258301
65.25792121887207	70.13018131256104
72.2621078491211	77.63199043273926
77.31600284576416	83.55557537078857
90.3032865524292	95.6543960571289
72.67445468902588	79.42964887619019
64.97638702392578	69.6388373374939
80.37220764160156	85.27769470214844
74.07503318786621	77.15606498718262
68.70367956161499	74.62623357772827
82.50426959991455	89.1807951927185
63.055996894836426	67.33817100524902
66.56820487976074	76.1846866607666
58.45593452453613	63.936201095581055
64.03420066833496	69.5766921043396
72.28868293762207	81.40738105773926
76.59904289245605	80.14641380310059
89.75108528137207	90.85945129394531
80.69989156723022	86.82890224456787
69.9456238746643	73.1305480003357
75.86905431747437	81.58248710632324
69.90236711502075	72.54627752304077
69.66923332214355	76.51563835144043
70.26572370529175	72.78982305526733
61.92055606842041	67.66209173202515
85.04901647567749	92.14933490753174
56.27732276916504	61.59026527404785
84.89498853683472	86.12674188613892
71.14968252182007	74.74189186096191
69.89073371887207	78.0183277130127
62.88461256027222	69.8559136390686
64.76532936096191	74.11459922790527
86.21601819992065	91.94545984268188
73.37855577468872	85.51558589935303
80.55247783660889	85.45855140686035
75.90119457244873	78.90534687042236
83.26014518737793	92.15393257141113
64.6098861694336	71.96861457824707
79.20351219177246	82.59315490722656
83.0665111541748	83.94529151916504
71.79176187515259	76.84584617614746
94.47040510177612	100.1475396156311
58.86019039154053	63.03004217147827
71.12869262695312	76.07196807861328
71.99714612960815	79.61956739425659
73.52152919769287	76.9131555557251
67.69755363464355	72.25312042236328
82.03172874450684	88.42294454574585
65.66869163513184	69.15616798400879
75.45332908630371	80.32271575927734
84.49419689178467	95.83060455322266
77.67744255065918	82.50726127624512
64.1103458404541	72.02777862548828
64.28553009033203	74.31663513183594
52.60067939758301	59.07304763793945
71.46762943267822	77.95195245742798
74.07598781585693	78.05973720550537
65.14356994628906	71.60750770568848
71.66712808609009	74.90410375595093
66.70797729492188	73.04749917984009
53.52115058898926	59.17898511886597
76.25796318054199	83.37327003479004
60.59279680252075	63.95115423202515
72.75042009353638	76.20385503768921
70.3571605682373	74.4275951385498
74.146728515625	78.48183631896973
72.2731294631958	80.82310485839844
76.03394269943237	83.98654985427856
73.62863159179688	73.06938171386719
80.46484565734863	93.56624031066895
78.87494087219238	84.44313049316406
70.84539985656738	71.94605827331543
87.18358612060547	87.34377479553223
72.17560386657715	74.08330726623535
72.3059229850769	83.08692741394043
100.07220983505249	97.91331052780151
70.72555589675903	75.64987277984619
64.54351568222046	68.77751111984253
68.77677154541016	67.28681230545044
92.82191371917725	99.42079830169678
58.62164497375488	62.20913314819336
71.25283813476562	79.45285034179688
83.5096607208252	85.23252868652344
75.01260280609131	78.1337833404541
80.0474796295166	81.55345344543457
74.74781227111816	81.02732849121094
68.12677001953125	70.17517948150635
69.02845239639282	71.85415649414062
60.78437948226929	72.3165864944458
71.39570379257202	74.09076738357544
68.15053272247314	71.69652318954468
70.58155870437622	75.16283941268921
64.95226860046387	71.224684715271
98.1446385383606	104.76420879364014
64.35496616363525	67.6883487701416
73.08328056335449	75.19732475280762
64.41728448867798	65.405282497406
78.38430976867676	79.19486045837402
69.30464696884155	76.27056121826172
59.409358501434326	68.87040901184082
62.74260473251343	73.59679317474365
76.20761156082153	82.81899785995483
69.16623115539551	79.6092700958252
60.68619346618652	67.38456630706787
69.95937204360962	71.61341190338135
90.75161647796631	101.52614879608154
75.23428916931152	78.54995727539062
80.95795440673828	82.48419094085693
67.74612379074097	72.5037293434143
67.41491079330444	69.658522605896
66.04189872741699	73.14123630523682
67.79942464828491	73.84191799163818
79.62490653991699	92.91796112060547
63.37826633453369	66.7113184928894
75.25608158111572	80.13338947296143
63.53232192993164	67.44940280914307
65.84362983703613	69.11192893981934
72.69550323486328	84.41006183624268
75.79464912414551	81.1801815032959
73.12467384338379	84.34728813171387
77.03490209579468	86.75595331192017
62.053680419921875	69.77681636810303
49.34444284439087	53.588215351104736
61.73022174835205	67.12727403640747
62.74575233459473	77.24571990966797
72.61093711853027	83.21110725402832
77.76022911071777	81.80874824523926
76.35156154632568	80.67638397216797
83.13225650787354	95.68164253234863
84.40485954284668	87.48393774032593
74.00125694274902	80.96948432922363
105.87584114074707	103.20588684082031
81.92562103271484	89.14185333251953
71.10749244689941	76.69980049133301
78.95287370681763	84.27032518386841
75.23927879333496	83.33639717102051
90.21713066101074	99.00180339813232
62.90397644042969	66.9851016998291
82.3344554901123	85.87590980529785
58.8984375	61.02021026611328
81.51519584655762	83.60319328308105
72.4649977684021	84.5780258178711
60.68157148361206	67.45872402191162
73.32087135314941	75.44920349121094
56.186901569366455	59.37289810180664
86.26279544830322	85.01541042327881
69.47621965408325	75.06040287017822
73.1279764175415	81.93534278869629
92.64427375793457	92.77338981628418
57.45535850524902	64.97084140777588
83.4594898223877	89.2558765411377
69.63550567626953	72.36189842224121
72.66734266281128	79.04626607894897
61.01331186294556	66.47527360916138
85.53171730041504	89.61213207244873
65.62100219726562	73.00327157974243
76.34203577041626	82.26190948486328
69.43873405456543	77.42445468902588
78.92637348175049	79.32943105697632
75.89745044708252	80.65805625915527
68.69378566741943	73.16667079925537
62.94458866119385	77.58781433105469
70.62820243835449	76.33860397338867
65.5919623374939	71.85105085372925
69.27956199645996	76.067138671875
78.29718065261841	81.7062315940857
75.599928855896	86.66195964813232
66.8294734954834	77.54411888122559
71.90593528747559	77.31321144104004
87.74041986465454	92.26004314422607
72.110032081604	72.66187524795532
72.076651096344	77.6462173461914
68.94656944274902	69.40972661972046
78.99090814590454	85.1010308265686
74.58995246887207	77.51194953918457
75.67298698425293	85.11112022399902
67.14223623275757	71.23551034927368
80.04711294174194	82.48176765441895
58.653099060058594	64.60284948348999
55.53840637207031	62.55627250671387
71.41076803207397	73.44444751739502
78.13676261901855	83.71039581298828
82.44967603683472	85.51713752746582
75.85863304138184	79.5794849395752
76.05134391784668	75.9981017112732
75.40707302093506	81.56248760223389
53.49358558654785	64.58432197570801
71.14730167388916	82.19069528579712
76.52258920669556	79.4488525390625
82.35584449768066	81.42499351501465
92.82743072509766	97.71185302734375
70.39417219161987	73.89257526397705
76.45709037780762	82.32012176513672
77.60953521728516	84.18989610671997
62.06669855117798	67.20956611633301
62.063904762268066	69.1373233795166
62.20797157287598	67.96979427337646
70.3016939163208	75.15511560440063
68.68782234191895	77.83103942871094
59.92307758331299	64.35769653320312
71.63688659667969	80.92017650604248
72.73176670074463	75.55663108825684
78.99528980255127	85.50717115402222
68.79859685897827	76.50031518936157
78.33473205566406	81.23346328735352
64.14938449859619	72.4030590057373
65.28069877624512	76.38121032714844
76.93107032775879	80.77748680114746
62.68244743347168	69.57641410827637
63.37285852432251	69.44097757339478
81.59349060058594	86.07441902160645
56.30690956115723	62.2126784324646
63.13591003417969	70.57119846343994
70.51048469543457	72.59635925292969
68.69982957839966	78.30261087417603
60.411109924316406	68.44889163970947
68.17080497741699	75.75783729553223
78.88443946838379	84.49644470214844
74.56350612640381	77.13990545272827
84.95206260681152	87.8426284790039
85.31658411026001	94.23233270645142
60.452470779418945	68.46373558044434
61.48001670837402	66.39458656311035
79.52694892883301	84.90902900695801
84.84342288970947	83.98943996429443
90.18482780456543	94.45569324493408
87.26003456115723	93.90246295928955
78.0652756690979	85.17514562606812
64.75422668457031	73.64284229278564
70.43482971191406	73.67902946472168
75.46014404296875	79.43998718261719
66.97826385498047	78.33119773864746
61.65059566497803	65.47404289245605
82.87552070617676	92.62073516845703
73.7651596069336	77.14212226867676
74.8633713722229	79.61114549636841
74.12134552001953	79.43249702453613
82.76000452041626	87.25895547866821
59.61123085021973	66.62598943710327
64.76545715332031	71.28014945983887
89.72940874099731	94.9432954788208
71.25626611709595	76.35345268249512
52.3102126121521	59.12579584121704
76.91060543060303	78.17248344421387
76.71528053283691	84.5138111114502
59.88144063949585	64.743332862854
86.24741554260254	96.14266777038574
83.95515203475952	84.00177240371704
84.93041515350342	90.94961833953857
57.333399295806885	62.9348258972168
74.76109313964844	81.30183219909668
96.21927642822266	99.04443359375
67.40977573394775	72.81991481781006
80.65418243408203	84.27412605285645
59.96407413482666	65.96688795089722
60.19298219680786	68.83245992660522
97.83609294891357	100.60367774963379
73.45838832855225	83.82527017593384
60.542643547058105	68.10674333572388
70.38151359558105	74.75288200378418
66.67073249816895	72.30728149414062
57.461392879486084	65.32900285720825
52.065186500549316	65.60604095458984
67.29997777938843	74.98548316955566
73.33967685699463	80.03268241882324
68.37220573425293	75.46797180175781
64.290518283844	68.03321599960327
74.35389184951782	78.65606451034546
76.60139465332031	85.27910041809082
92.69956827163696	98.59626531600952
79.8050537109375	79.48797559738159
80.98932838439941	86.19591522216797
72.62164068222046	75.54995155334473
58.83003234863281	66.18014335632324
75.81639766693115	80.36670017242432
74.17325592041016	80.6908950805664
70.26177406311035	76.456298828125
64.80049133300781	73.71471405029297
72.8996787071228	80.78622245788574
82.2430739402771	85.00288248062134
63.8503360748291	69.98023986816406
71.72411441802979	70.67354679107666
73.35963249206543	78.10635566711426
66.21143341064453	73.65265846252441
63.47654342651367	68.96974086761475
74.36495971679688	78.6596908569336
69.90111351013184	72.95991325378418
70.6955337524414	70.70823097229004
78.51570796966553	83.14674472808838
77.34058856964111	84.31152105331421
