55.64893341064453	53.82476806640625
46.92860412597656	43.21302795410156
37.19345808029175	36.793434619903564
42.36621379852295	45.341267585754395
40.782175064086914	42.01764106750488
31.604819297790527	42.55450248718262
39.09216642379761	39.966158866882324
62.184386253356934	61.4641809463501
38.109886169433594	37.21523666381836
32.76151657104492	37.03235626220703
41.351112365722656	41.25898742675781
34.20089340209961	34.952274322509766
51.353878021240234	50.051788330078125
45.05709934234619	48.81011915206909
50.63955116271973	54.57261657714844
43.39695930480957	37.487685680389404
41.877408027648926	45.76046848297119
44.58430194854736	34.02553653717041
49.7959041595459	49.55514335632324
44.27067184448242	47.951141357421875
44.858673095703125	43.327823638916016
50.74944019317627	46.46642208099365
45.416253089904785	47.32425785064697
43.46674919128418	39.976487159729004
43.401363372802734	45.633201599121094
50.795156478881836	52.765451431274414
34.33453321456909	33.93341064453125
41.433536529541016	28.158498764038086
43.67841339111328	43.94084930419922
48.636579513549805	49.96424198150635
52.1068000793457	49.36262512207031
41.07121467590332	39.886794090270996
50.60098123550415	36.373602867126465
49.76016426086426	47.16043567657471
51.90275573730469	51.9327449798584
42.58400058746338	47.367095947265625
39.15711307525635	36.706809997558594
58.15976905822754	55.004883766174316
36.89272403717041	39.98111009597778
32.77204990386963	33.095104694366455
42.09575653076172	44.24971103668213
45.80016231536865	44.14020252227783
47.08146810531616	59.042012214660645
44.611061096191406	49.60527420043945
33.595088958740234	30.511798858642578
38.006561279296875	43.30598831176758
41.48523807525635	38.2374382019043
45.17935276031494	40.474419593811035
34.31249237060547	22.521326065063477
42.988176345825195	46.851205825805664
31.973185539245605	35.13822555541992
55.023322105407715	54.11171913146973
43.22542476654053	55.5651969909668
49.65270519256592	51.65207862854004
36.783974170684814	38.62178087234497
46.02604007720947	46.05699062347412
48.05742645263672	49.17557716369629
52.13374137878418	45.76502323150635
40.235904693603516	36.13922595977783
40.81096410751343	40.97445249557495
43.70581340789795	48.336496353149414
45.330528259277344	44.700013160705566
37.0729866027832	39.548187255859375
47.89459991455078	51.05302619934082
59.66135215759277	53.360206604003906
32.22697067260742	33.65639114379883
39.86622905731201	50.046918869018555
49.282270431518555	45.89637279510498
48.403377532958984	45.73004722595215
45.88442802429199	48.03212642669678
37.095191955566406	35.25370788574219
50.01740312576294	49.97414445877075
44.27638053894043	49.189958572387695
50.28134775161743	49.40894794464111
51.40589952468872	53.94934892654419
48.51506996154785	48.343454360961914
40.27470588684082	46.77289009094238
52.02846050262451	50.8878231048584
43.46226692199707	47.79213905334473
26.906673431396484	29.023372650146484
26.490707397460938	27.134429931640625
31.267127990722656	41.78665542602539
45.8183069229126	37.73467254638672
37.80993700027466	41.363463401794434
41.55791473388672	37.44191837310791
40.84145545959473	49.87849712371826
51.97291851043701	37.05002307891846
52.505292892456055	54.76592445373535
49.84138011932373	39.241318702697754
38.93742752075195	21.26748275756836
41.928574562072754	38.51674175262451
42.05210208892822	54.501280784606934
37.27125644683838	38.60813856124878
41.75168991088867	45.86168670654297
50.47958993911743	51.663819313049316
39.93364334106445	40.533416748046875
42.8012752532959	42.42762565612793
48.82137107849121	34.16100311279297
42.885398864746094	47.540626525878906
50.401960372924805	49.5058536529541
35.89644193649292	48.003602027893066
43.26819896697998	47.842888832092285
47.46760177612305	57.2905158996582
41.45254898071289	45.68892288208008
43.16835308074951	51.91307830810547
39.47960615158081	40.332326889038086
32.96825408935547	34.44427490234375
42.17001914978027	37.59378433227539
42.68533229827881	40.996378898620605
40.54018020629883	34.970924377441406
40.86314392089844	44.5151252746582
46.31615161895752	29.862923622131348
55.22051286697388	54.308435916900635
45.22270584106445	34.306640625
42.87749004364014	46.35050868988037
49.41537666320801	36.74226379394531
31.175439834594727	41.33038854598999
45.020538330078125	25.84423828125
45.37206172943115	47.68466663360596
43.2138090133667	43.090516090393066
37.17040252685547	37.960506439208984
44.73795413970947	42.05117225646973
23.616390228271484	34.942901611328125
53.09185028076172	51.30805587768555
43.98778533935547	42.55519485473633
44.18294620513916	31.05864429473877
41.90382385253906	39.63652420043945
54.55630111694336	57.00560760498047
36.569132804870605	44.9392032623291
58.47811412811279	45.81613874435425
34.677024841308594	45.16334533691406
51.21292304992676	50.03953170776367
45.04990577697754	45.154972076416016
51.18340301513672	35.664058685302734
43.2666540145874	46.33294105529785
46.56410598754883	47.73823928833008
35.91675519943237	36.01307392120361
38.79496479034424	42.066298484802246
30.395851135253906	31.084132194519043
43.78602981567383	43.477864265441895
40.29926013946533	43.78865909576416
40.091654777526855	51.27398872375488
35.82201385498047	33.82191467285156
52.16553497314453	52.024160385131836
40.521592140197754	50.10055160522461
45.01900577545166	47.56169414520264
43.691229820251465	42.74375915527344
32.590909004211426	44.097700119018555
47.538084983825684	50.363030433654785
35.18033981323242	49.44166374206543
36.62280559539795	45.50441265106201
40.00563621520996	42.30185031890869
43.05735111236572	44.711103439331055
33.081939697265625	36.9755744934082
34.07111644744873	43.29026222229004
39.93405818939209	42.890329360961914
28.79357147216797	26.424129486083984
43.490110874176025	46.46712827682495
46.433472633361816	45.6912899017334
36.71240234375	33.05549621582031
49.40713691711426	47.7145471572876
41.60081386566162	47.77079105377197
43.32960605621338	29.002041816711426
39.73260498046875	39.539710998535156
41.20450019836426	30.042967796325684
36.51547193527222	38.06835174560547
41.07231855392456	39.73709440231323
38.651909828186035	41.2123966217041
39.5143928527832	42.94644546508789
45.4060959815979	45.35789394378662
38.977821350097656	43.06643199920654
56.00069046020508	49.96003723144531
45.898043632507324	49.17782020568848
51.13600015640259	52.87694454193115
47.962157249450684	51.65270805358887
49.87318801879883	47.755859375
42.597618103027344	42.17570495605469
43.2364559173584	46.81429386138916
40.688605308532715	42.38480567932129
44.27440643310547	45.63071250915527
56.162814140319824	53.16768550872803
48.373483657836914	51.61692237854004
43.621012687683105	46.613173484802246
46.68379211425781	44.16022968292236
31.791597366333008	35.71644973754883
39.479641914367676	50.07904052734375
45.466407775878906	45.64698028564453
37.80648708343506	42.10670471191406
47.556020736694336	55.588807582855225
38.659164905548096	38.797314167022705
49.84169816970825	37.6886830329895
38.785927295684814	38.88421297073364
39.69590377807617	35.46177291870117
35.62718152999878	35.40201663970947
42.68789291381836	41.871976375579834
42.667551040649414	45.550713539123535
43.058807373046875	26.402244567871094
44.44282627105713	50.47721338272095
41.191864013671875	41.085044860839844
48.807334899902344	48.03213119506836
47.289130210876465	49.94279479980469
38.79081630706787	49.59272575378418
29.00123119354248	31.002981662750244
45.856587409973145	47.94360065460205
51.254494190216064	51.41343975067139
57.99118995666504	61.29011535644531
59.70792770385742	58.296234130859375
51.64948081970215	37.01530838012695
37.828033447265625	47.969000816345215
44.678916931152344	30.605123043060303
35.81212615966797	45.62779235839844
39.38196563720703	39.835723876953125
40.8305549621582	42.054420471191406
33.99809646606445	35.348995208740234
31.227527618408203	44.765018463134766
40.69968795776367	44.383355140686035
47.684242248535156	47.83519697189331
35.72232437133789	42.534278869628906
44.17005443572998	41.795851707458496
32.998114585876465	29.89834499359131
46.45474147796631	49.78010559082031
46.43731689453125	47.67882537841797
37.23058223724365	38.424129486083984
39.64113235473633	41.422515869140625
48.62114906311035	50.13964653015137
34.953041076660156	40.16677474975586
47.27445888519287	51.39249229431152
30.051124572753906	34.73941421508789
36.374186992645264	38.22643232345581
30.974936485290527	45.02848720550537
36.113104820251465	44.259629249572754
42.66045570373535	38.70903015136719
47.360838890075684	55.60760307312012
35.10108470916748	39.08938646316528
57.73080253601074	62.235809326171875
39.063560485839844	38.121910095214844
43.105027198791504	43.0579833984375
36.706860065460205	39.286487102508545
48.37638473510742	49.35191345214844
28.820568084716797	27.22731590270996
48.45535135269165	53.16053247451782
43.1477689743042	30.707063674926758
54.563148021698	53.970367431640625
49.98217535018921	47.98895215988159
39.13602113723755	41.987810134887695
44.81173324584961	45.61105442047119
39.07917785644531	34.98101806640625
33.65130615234375	38.657352447509766
48.08079242706299	49.65693473815918
41.52975845336914	43.24958801269531
33.10863494873047	45.359649658203125
39.14057922363281	39.895633697509766
52.00806999206543	51.56733512878418
51.1530818939209	46.65392303466797
37.06010437011719	33.27814865112305
43.51564407348633	41.33191108703613
49.61128234863281	47.357587814331055
40.19778251647949	39.56073045730591
39.85133457183838	32.32420349121094
36.424803733825684	39.54008102416992
30.88497543334961	43.00543975830078
39.75741147994995	36.348185539245605
45.9693717956543	47.42804431915283
40.05270481109619	38.17924976348877
40.406837463378906	40.827510833740234
44.67235565185547	42.00559616088867
34.98365020751953	37.920310974121094
48.878583908081055	48.153648376464844
47.83946990966797	35.54137706756592
33.38797092437744	39.24799680709839
39.18933963775635	40.830153465270996
45.17108917236328	46.591864585876465
51.50394630432129	37.264100074768066
39.25791835784912	43.84241580963135
44.26711177825928	40.29524230957031
49.08834934234619	48.805742263793945
43.432111740112305	44.9615478515625
50.46997022628784	50.93777132034302
33.091721534729004	43.236589431762695
32.859046459198	35.77268123626709
52.636940002441406	52.432777404785156
50.0005202293396	51.424771785736084
42.74828624725342	48.70228385925293
48.314199447631836	47.20308303833008
42.65881633758545	42.58729648590088
44.3273401260376	42.515268325805664
43.91697692871094	46.809542655944824
31.105539321899414	33.59483337402344
46.7124137878418	40.153143882751465
51.31796836853027	47.10453510284424
49.88485908508301	50.751176834106445
25.66269302368164	27.71202850341797
48.488670349121094	32.03649139404297
49.05143642425537	48.00187969207764
36.310694217681885	36.491095542907715
39.9450159072876	39.042372703552246
47.33019828796387	50.82503318786621
35.352675914764404	37.95111417770386
35.860023021698	37.694167137145996
42.424903869628906	41.327850341796875
44.78700637817383	41.36383056640625
35.79879856109619	36.32635974884033
51.55697822570801	47.680864334106445
40.948256492614746	43.13520526885986
37.246646881103516	41.57978057861328
35.18299579620361	39.99162197113037
58.07036781311035	59.95742702484131
53.75313758850098	56.44334316253662
40.574583530426025	51.92809438705444
41.18174695968628	41.43932294845581
46.22025680541992	36.69673776626587
58.89432334899902	58.42059803009033
46.167174339294434	36.836182594299316
45.85661315917969	35.84610843658447
37.122962951660156	45.078898429870605
38.644118309020996	48.07502269744873
45.7516565322876	48.31120491027832
45.57366943359375	44.36217498779297
44.38225746154785	44.16989803314209
38.43035125732422	34.52140426635742
53.02191781997681	48.36166763305664
51.18556022644043	34.723663330078125
41.33982181549072	45.60493469238281
30.739216804504395	34.676337242126465
38.149704933166504	43.49276065826416
43.47808837890625	30.653889179229736
52.74820327758789	47.157150745391846
40.56870746612549	43.24973201751709
50.670952796936035	44.17292022705078
49.64407014846802	52.227850914001465
50.785240173339844	33.444634437561035
49.19299602508545	50.97313404083252
44.13349151611328	44.145164489746094
50.06970405578613	47.97749042510986
52.52973747253418	49.58062934875488
44.21807289123535	44.55172061920166
44.671630859375	46.34688854217529
55.93370056152344	57.50274658203125
33.16878604888916	37.61733341217041
37.767677307128906	41.10191345214844
47.69537401199341	50.35961055755615
36.44232988357544	36.9514536857605
33.846858978271484	32.97245788574219
58.88682174682617	57.763471603393555
45.15785217285156	45.35255432128906
42.6758131980896	42.87049055099487
42.018938064575195	41.79736614227295
37.49070739746094	46.77034091949463
46.91261959075928	46.68207550048828
43.064194679260254	43.1533899307251
44.57944869995117	39.7165641784668
43.78589630126953	42.91583061218262
38.37832260131836	40.631771087646484
47.3883056640625	34.91813659667969
32.44760513305664	35.42485046386719
42.11537170410156	45.83339309692383
51.21926307678223	47.1494779586792
48.74611473083496	54.00814247131348
36.52591323852539	33.16432571411133
44.04595184326172	42.152198791503906
64.01143169403076	62.97584056854248
55.217445373535156	55.299813747406006
45.39506912231445	47.20876216888428
47.80143070220947	52.309776306152344
31.99899387359619	32.124810218811035
35.931182861328125	36.94767761230469
33.19736099243164	36.857688903808594
48.904104232788086	46.78178787231445
34.611083984375	37.857017517089844
38.07561492919922	48.018178939819336
50.199440002441406	35.54371643066406
41.33557319641113	52.30969429016113
38.979923725128174	42.73880958557129
51.930158615112305	54.10367202758789
39.729896545410156	40.389747619628906
55.138822078704834	53.71487092971802
40.582542419433594	44.97408866882324
28.950775146484375	21.92486572265625
38.95804977416992	43.76851272583008
40.56409549713135	51.93112564086914
49.25105094909668	33.275593757629395
42.839717864990234	47.50335693359375
47.24861145019531	51.182241439819336
38.06696319580078	39.960960388183594
44.15309143066406	44.04494857788086
45.419745445251465	51.674346923828125
46.66685485839844	50.55230712890625
36.692097187042236	31.400222778320312
39.303184509277344	40.227447509765625
46.21966361999512	48.66966247558594
53.99233818054199	42.493163108825684
51.83118295669556	52.80663251876831
42.65500545501709	47.20839500427246
35.35437822341919	36.58466339111328
44.755393505096436	47.756446838378906
38.34226989746094	49.181034088134766
40.73169994354248	45.61179828643799
47.595181465148926	34.82814025878906
49.25906753540039	51.99270057678223
21.002273559570312	18.723697662353516
47.521302223205566	39.80629634857178
41.299827575683594	45.03497314453125
49.6009521484375	47.78011703491211
38.79841232299805	36.72589111328125
44.996161460876465	33.8678503036499
43.75233316421509	42.542465686798096
44.105735778808594	45.29828643798828
42.71656322479248	51.37299728393555
48.79118013381958	39.647099018096924
37.605560302734375	34.18827724456787
43.91211986541748	46.484665393829346
19.43020248413086	30.58307647705078
39.166831970214844	38.37348175048828
45.16077518463135	49.113221168518066
43.96489143371582	42.73915767669678
47.05509281158447	49.27669715881348
50.57731819152832	49.97873497009277
38.50444507598877	40.55388164520264
41.280577659606934	45.82264757156372
38.55184555053711	35.316834449768066
33.93147659301758	36.368408203125
37.65932083129883	32.05777406692505
43.12114715576172	42.65971374511719
50.87991142272949	50.66136360168457
36.198978424072266	35.58141326904297
41.394248485565186	41.50337314605713
39.842087745666504	42.089735984802246
43.759819984436035	36.26158428192139
40.367445945739746	36.76254987716675
49.39156532287598	49.35690402984619
34.4778938293457	36.778533935546875
55.2533540725708	41.11886501312256
33.78671646118164	34.043155670166016
27.77762794494629	32.71399688720703
42.912108421325684	42.745697021484375
46.03586673736572	53.15095281600952
55.768014907836914	50.38649940490723
45.74838352203369	49.52263069152832
40.39328098297119	42.004661560058594
52.49646186828613	46.25844478607178
46.42163372039795	57.211830139160156
50.04042434692383	50.21129035949707
48.192925453186035	63.316222190856934
52.034783363342285	48.75584602355957
46.52773857116699	48.70688438415527
42.32264041900635	38.38528394699097
46.341986656188965	48.18933963775635
44.89060306549072	45.949604988098145
33.247901916503906	35.91197967529297
48.366079330444336	49.28205490112305
42.55459213256836	42.25514602661133
39.978344440460205	43.60273838043213
39.15449237823486	40.23995590209961
32.9410400390625	32.09969615936279
36.71685791015625	34.01654052734375
47.34351825714111	52.728899002075195
52.179325103759766	51.004228591918945
42.54391431808472	44.81751108169556
36.00475311279297	35.5670280456543
35.74391555786133	31.26635456085205
41.73819541931152	41.75992488861084
43.32705497741699	46.21071815490723
41.26619625091553	48.300275802612305
40.2883186340332	35.6587028503418
36.01989269256592	36.96732997894287
42.74296283721924	40.42928218841553
42.40482711791992	41.170745849609375
52.9383659362793	47.413753509521484
37.306060791015625	34.68694305419922
43.289361000061035	44.11551475524902
43.08859348297119	46.03865623474121
50.10436820983887	50.0101375579834
53.88102340698242	52.41478729248047
39.852516174316406	44.825520515441895
48.98288011550903	47.66068363189697
41.25541019439697	53.85013389587402
45.42618274688721	48.310303688049316
38.55819225311279	33.990139961242676
40.768378257751465	29.068625450134277
41.660780906677246	42.169365882873535
39.897446632385254	43.63274574279785
45.15184783935547	43.95648956298828
36.9417028427124	41.05386257171631
37.55518436431885	38.84817600250244
39.373921394348145	41.45431995391846
39.702956676483154	37.531445026397705
36.815338134765625	52.7042293548584
32.75144100189209	37.932960987091064
34.72342300415039	36.54313659667969
34.274383544921875	27.02914047241211
56.72487735748291	39.84558820724487
53.09396743774414	51.06144714355469
49.74011993408203	52.45857238769531
39.12854862213135	46.78054904937744
38.49853992462158	37.94223403930664
40.06088733673096	38.001933097839355
48.27532196044922	49.12358093261719
62.37920379638672	61.37237548828125
44.03776550292969	43.93754959106445
45.231399059295654	52.718626499176025
37.26104736328125	37.31976318359375
48.04615497589111	50.42342185974121
43.8579797744751	47.32607841491699
34.263718128204346	36.6011118888855
43.25087547302246	40.749311447143555
40.687256813049316	41.23498821258545
43.24677753448486	41.37594699859619
54.03537940979004	53.96252632141113
46.09599161148071	45.46599054336548
49.40362358093262	47.08455562591553
54.530229568481445	54.26358699798584
48.3335542678833	47.78827667236328
51.321401596069336	53.44438362121582
41.757728576660156	29.223297119140625
29.786970138549805	34.031070709228516
44.46990966796875	42.00993728637695
34.54514408111572	32.31767749786377
49.695305824279785	49.05398368835449
46.80689334869385	48.22848701477051
37.73358154296875	36.056854248046875
41.0442590713501	42.39820957183838
43.789573669433594	44.063873291015625
25.523130416870117	25.061450958251953
38.772406578063965	41.40928268432617
37.653897285461426	39.906715393066406
59.65018272399902	55.721574783325195
41.61819076538086	41.83045196533203
45.022422790527344	45.47180938720703
39.14702606201172	44.004730224609375
36.646728515625	47.158827781677246
49.69470977783203	35.69438934326172
44.54252243041992	49.32710838317871
40.1716103553772	47.75271511077881
44.1091890335083	46.21629810333252
47.37452030181885	49.772353172302246
41.72998046875	39.81725311279297
38.48056697845459	35.14075422286987
39.83987045288086	52.40134620666504
39.067352294921875	43.34874725341797
52.15519905090332	52.69428253173828
39.057475090026855	36.29749774932861
46.972856521606445	36.97592496871948
59.185781478881836	55.922231674194336
43.92399501800537	45.38774871826172
38.740447998046875	34.915077209472656
37.908729553222656	43.95683288574219
44.64755916595459	45.06071376800537
42.34234809875488	44.1414737701416
45.37972450256348	49.60888862609863
46.79304599761963	43.96943664550781
36.813716888427734	47.55425453186035
37.01411008834839	43.44494342803955
42.54423522949219	40.10806655883789
46.484375	48.9568567276001
62.694732666015625	57.570730209350586
44.1575813293457	45.527639389038086
37.571234703063965	34.134602546691895
49.28485870361328	37.484612464904785
47.08280563354492	47.46695518493652
52.60243606567383	50.41903495788574
36.415181159973145	44.597320556640625
38.814430236816406	36.690277099609375
45.05324649810791	45.69733428955078
53.98969268798828	55.65346908569336
36.10966444015503	34.85619306564331
42.009849548339844	42.706613540649414
45.91508865356445	44.36541748046875
58.131011962890625	55.32802200317383
50.985755920410156	44.62960243225098
44.01420593261719	44.92716312408447
45.426695823669434	45.41176700592041
35.22002410888672	33.58439254760742
45.09147930145264	32.751410484313965
40.69317817687988	41.21645927429199
53.58437919616699	53.88541030883789
41.178428649902344	50.88999366760254
49.34468746185303	46.24727725982666
36.59770488739014	38.273377418518066
30.962663650512695	27.15932273864746
42.665130615234375	49.21955108642578
45.40203380584717	33.621079444885254
48.142714500427246	44.52986240386963
45.50255298614502	49.98147010803223
47.8901252746582	44.681297302246094
34.994771003723145	35.927249908447266
41.078444480895996	53.72011756896973
47.62797546386719	45.734859466552734
37.14974498748779	35.46584415435791
42.660932540893555	43.640990257263184
47.61234140396118	47.144333362579346
44.5313024520874	42.470502853393555
51.15510606765747	51.939977169036865
40.74164867401123	39.467995166778564
49.451189041137695	34.04876708984375
42.759063720703125	33.07022953033447
35.47179698944092	35.277724266052246
38.894187927246094	40.03674077987671
33.94516468048096	40.339219093322754
40.793846130371094	44.504783630371094
41.276771545410156	40.934478759765625
32.00293731689453	30.334766387939453
34.53057861328125	45.515567779541016
52.688262939453125	53.85657501220703
34.3976526260376	37.729820251464844
36.02521514892578	36.68745803833008
45.94263553619385	34.10787105560303
49.478859424591064	51.85150384902954
43.03785037994385	30.622718811035156
54.7525315284729	54.095977783203125
38.590075969696045	42.10460662841797
34.73311185836792	46.18954658508301
47.139710426330566	41.02137279510498
39.21839237213135	49.45840835571289
41.82961463928223	43.14650535583496
39.70207214355469	39.53501892089844
52.1143102645874	55.86508274078369
36.61748027801514	39.33236789703369
45.44655704498291	36.89337158203125
42.58137130737305	45.96363830566406
37.638869285583496	37.60173797607422
41.73240661621094	31.10283660888672
46.594136238098145	42.10805797576904
43.18227767944336	51.76116943359375
55.13635540008545	52.48361110687256
48.4258918762207	38.698777198791504
44.06393527984619	28.767471313476562
46.41739273071289	47.26024627685547
46.434983253479004	49.709489822387695
36.502277851104736	48.139472007751465
44.830007553100586	44.158525466918945
39.298336029052734	43.4871940612793
44.47737646102905	53.738890171051025
39.80567932128906	38.73255491256714
47.94675636291504	52.1264705657959
42.25947189331055	49.45026397705078
40.64206314086914	39.719696044921875
47.47574234008789	35.23979949951172
39.782344818115234	40.84498596191406
51.735557556152344	36.368831634521484
46.37698173522949	44.377570152282715
37.20195007324219	38.25182342529297
44.86838436126709	44.631165504455566
45.52935600280762	49.109954833984375
42.03306198120117	37.43507385253906
49.46744728088379	53.10081481933594
37.32801914215088	42.878618240356445
33.01899719238281	44.928531646728516
45.84264278411865	41.05948448181152
50.786986351013184	53.940110206604004
43.834662437438965	45.152249336242676
44.689130783081055	48.916869163513184
46.48622417449951	47.46936750411987
36.828532218933105	46.44235897064209
33.629252910614014	45.76273441314697
40.2113676071167	49.296770095825195
50.048667907714844	44.262245178222656
41.24356746673584	46.042795181274414
41.71192646026611	41.90976142883301
49.04496192932129	46.88566207885742
33.26065540313721	43.37832450866699
54.58986282348633	49.82108116149902
56.510276794433594	59.153560638427734
41.54586696624756	43.692933082580566
55.226417541503906	53.197258949279785
37.486069202423096	39.28332567214966
41.719879150390625	31.8302001953125
47.02903747558594	47.06758975982666
40.33194065093994	29.464538097381592
37.40486240386963	43.10347080230713
33.516937255859375	45.92038345336914
45.68865776062012	31.228797435760498
44.88705539703369	33.15636348724365
41.915602684020996	46.508731842041016
50.63207674026489	51.472052574157715
35.31487226486206	35.07832050323486
50.041399002075195	49.75726127624512
52.50603103637695	48.4361515045166
45.379600524902344	49.16510009765625
44.599223136901855	45.08958339691162
53.67323112487793	39.32918643951416
43.45009517669678	47.76537609100342
42.601409912109375	50.02162742614746
43.977561950683594	43.902809143066406
36.42495346069336	38.9054069519043
44.30251407623291	48.95717811584473
43.49433135986328	42.26665496826172
41.74365997314453	37.86205291748047
41.39273643493652	40.277509689331055
38.165316581726074	41.48367881774902
43.30986976623535	40.819969177246094
54.64331674575806	51.47695255279541
34.114251136779785	37.621753215789795
45.0732946395874	35.41161298751831
45.07628631591797	43.53706455230713
44.26466941833496	45.72012424468994
44.193366050720215	46.71927738189697
36.360618591308594	37.57236862182617
38.201820850372314	39.34494733810425
36.8056640625	37.44760513305664
42.12897300720215	46.0156774520874
38.47696781158447	45.630760192871094
45.058597564697266	47.316253662109375
38.651615142822266	42.217105865478516
32.76491165161133	33.285545349121094
54.0762243270874	55.787652015686035
59.04430389404297	54.9653434753418
48.71600532531738	53.01711845397949
55.42586803436279	55.292747497558594
45.03483772277832	44.53822135925293
41.91851615905762	44.20451641082764
41.46424198150635	26.431803703308105
45.53360939025879	47.47429847717285
28.108346462249756	40.59089183807373
50.65914011001587	51.0048189163208
46.00245666503906	45.120872497558594
51.45150947570801	36.806015968322754
45.62553405761719	48.56244087219238
44.7438907623291	44.92281913757324
34.486823081970215	44.328765869140625
43.89722442626953	54.10851860046387
40.88724613189697	38.62751483917236
35.434467792510986	38.74568223953247
43.669575691223145	42.75553035736084
39.81718063354492	38.45269775390625
42.442827224731445	47.853827476501465
45.82386016845703	45.054996490478516
43.75208854675293	44.180617332458496
42.4319543838501	37.126959800720215
50.8087682723999	46.664581298828125
41.741132736206055	40.11536121368408
50.06516075134277	49.6340389251709
31.67041778564453	42.758445739746094
49.31654930114746	48.16256523132324
51.996697425842285	39.08911895751953
52.44385528564453	54.433759689331055
51.02154731750488	48.50555896759033
40.80812072753906	42.82293701171875
45.94038486480713	47.490997314453125
38.26988697052002	41.03707981109619
43.8563346862793	38.26187038421631
34.25553798675537	33.47702741622925
42.61016082763672	31.54170799255371
34.37369108200073	31.657440662384033
39.59877014160156	42.09800720214844
48.445096015930176	50.61975955963135
42.94660949707031	40.583106994628906
36.78108882904053	51.72023916244507
40.34428024291992	42.550594329833984
45.02423286437988	46.87047481536865
38.19472789764404	37.485671043395996
36.07228088378906	39.316856384277344
48.013580322265625	43.910911560058594
48.06654167175293	48.2501335144043
32.90732192993164	32.34635925292969
40.88916492462158	52.46726417541504
41.56573295593262	43.887972831726074
54.94412040710449	49.13623237609863
46.5989203453064	46.03232526779175
54.12075471878052	56.169169425964355
31.680877685546875	32.282230377197266
43.844380378723145	57.41371154785156
47.49769687652588	45.62983512878418
40.66859722137451	42.491116523742676
45.83163928985596	43.84591770172119
46.39957332611084	55.026249408721924
43.69770812988281	46.6294641494751
35.881802558898926	37.94349002838135
40.10268211364746	42.855682373046875
36.14912414550781	38.43253707885742
27.383441925048828	27.081836700439453
36.43437194824219	43.1910514831543
46.74725532531738	44.417219161987305
34.42171573638916	49.291534423828125
39.23243761062622	43.63595008850098
18.493345260620117	32.14575958251953
39.4412841796875	36.716551780700684
45.31080722808838	31.78323984146118
39.647536277770996	40.68331718444824
44.66511917114258	36.218841552734375
39.328601360321045	48.59603404998779
39.202117919921875	41.410179138183594
36.38019943237305	50.72869110107422
49.77609443664551	52.52117729187012
43.671382904052734	28.860126495361328
42.832279205322266	45.32131576538086
42.64207077026367	45.19950199127197
50.47727394104004	48.92915725708008
39.74142837524414	38.26270294189453
47.64170837402344	47.18241500854492
45.16704177856445	45.941226959228516
48.37738037109375	50.599303245544434
47.89523220062256	47.42068862915039
48.70331287384033	52.24375247955322
37.262481689453125	32.484092712402344
45.184739112854004	44.30415344238281
50.7869291305542	47.82094955444336
47.303343772888184	44.778714179992676
39.40795612335205	39.88082027435303
36.79842758178711	44.62763214111328
37.70318269729614	38.86817216873169
46.64558029174805	50.66439723968506
39.080902099609375	41.83875274658203
37.50725555419922	33.426472663879395
40.77983856201172	41.30789279937744
49.65106010437012	55.31233787536621
49.983230113983154	49.063095569610596
53.748985290527344	35.208855628967285
39.444077014923096	25.925822257995605
48.59580039978027	48.44986438751221
41.10787868499756	39.15991973876953
45.29462480545044	47.83853816986084
50.49708366394043	35.94260787963867
40.35113334655762	39.950242042541504
36.36280918121338	37.79704284667969
45.32778453826904	45.83870315551758
36.705810546875	40.237796783447266
37.72819519042969	45.037116050720215
37.19435930252075	46.54726505279541
50.5405330657959	34.05154466629028
49.37432098388672	52.47970914840698
45.31142234802246	42.228760719299316
40.913496017456055	44.917893409729004
42.76273250579834	44.40392017364502
53.26467704772949	50.31562042236328
43.87866020202637	45.58143615722656
53.121734619140625	48.98964500427246
35.47136926651001	36.55896759033203
46.760902404785156	35.638442039489746
45.276451110839844	46.332292556762695
43.36384582519531	44.373023986816406
50.24428367614746	49.79241943359375
40.43930673599243	44.878817558288574
48.817949295043945	54.0120906829834
37.36531734466553	35.730743408203125
47.26395606994629	50.259504318237305
35.01620578765869	48.06925964355469
42.370591163635254	43.01074504852295
45.177823066711426	43.442856788635254
35.46027660369873	47.567100524902344
44.0205774307251	49.57156562805176
39.16038513183594	24.210020065307617
52.33139133453369	52.78384494781494
38.19532012939453	43.39804744720459
51.023767948150635	49.1885724067688
28.029539585113525	27.42546796798706
47.037139892578125	46.74251937866211
52.23966979980469	52.43710899353027
36.98945236206055	39.75143814086914
35.88069152832031	37.415550231933594
40.29307842254639	42.846693992614746
44.55204677581787	45.13000202178955
48.98063659667969	52.34424591064453
39.60011005401611	36.93089246749878
34.11750793457031	48.38700294494629
41.096134185791016	50.01081943511963
42.72925567626953	45.00102233886719
39.82426071166992	44.73794174194336
31.749141216278076	41.149659156799316
43.82989501953125	45.911163330078125
35.83183670043945	37.17742156982422
48.4025764465332	59.69924354553223
35.1772575378418	44.75962448120117
42.60879421234131	44.76381969451904
36.59507751464844	40.49059295654297
37.330594062805176	39.9149751663208
45.21288299560547	48.23083305358887
42.32259273529053	41.855101585388184
44.49601173400879	43.55870246887207
52.71980094909668	54.037994384765625
53.6130895614624	48.111348152160645
51.67685508728027	52.799800872802734
33.59732151031494	40.54274082183838
36.40005397796631	32.47935390472412
44.116106033325195	31.69651508331299
55.2796516418457	56.234222412109375
44.962544441223145	45.97226142883301
43.648658752441406	53.13070106506348
35.819725036621094	36.846858978271484
37.89569091796875	37.85862636566162
44.132466316223145	32.904662132263184
41.36265754699707	38.76375198364258
42.410902976989746	38.96482467651367
40.76693534851074	52.02129364013672
40.153175354003906	48.89121437072754
49.83609199523926	47.16123104095459
54.400734424591064	53.69761419296265
56.44099140167236	52.43666744232178
32.649123668670654	31.834416389465332
45.0985107421875	36.78493881225586
44.00927734375	42.46082305908203
38.957122802734375	37.545230865478516
39.976990699768066	41.41822814941406
37.78132629394531	24.70549201965332
32.99631595611572	44.3818473815918
43.67795944213867	44.366445541381836
34.20273542404175	35.9826135635376
35.370304107666016	41.84210205078125
46.63895797729492	48.08963394165039
52.317896366119385	57.59583759307861
61.941490173339844	58.81379318237305
38.97151231765747	41.180315017700195
51.80150604248047	51.84265851974487
51.576528549194336	48.662476539611816
39.65766525268555	40.20128631591797
40.314345359802246	37.620357513427734
60.1805534362793	50.682552337646484
52.147470474243164	49.27803611755371
45.13539218902588	45.48921489715576
44.29327964782715	46.42955780029297
54.98958778381348	42.763824462890625
44.16625499725342	46.766730308532715
38.544960021972656	38.38920211791992
42.71005153656006	46.034278869628906
40.39765167236328	43.66436767578125
56.21792793273926	37.77212905883789
40.88031768798828	51.49481773376465
48.28640937805176	48.64119052886963
40.94077205657959	42.237650871276855
51.002564430236816	50.476951599121094
48.286739349365234	45.031371116638184
40.929765701293945	39.43749666213989
60.29237365722656	60.566680908203125
42.97555446624756	41.68776226043701
43.67610311508179	47.85334825515747
46.06352233886719	30.030052185058594
41.07221174240112	52.72870683670044
56.74004554748535	39.48050022125244
34.28863525390625	32.74845838546753
29.823157787322998	32.24879741668701
44.08982753753662	42.66151428222656
42.76833200454712	44.44701862335205
34.677841663360596	44.0317440032959
36.943321228027344	41.79749298095703
25.701873779296875	35.62068557739258
39.563133239746094	43.34445571899414
52.86956453323364	55.37079668045044
43.164061546325684	45.96493434906006
41.538376808166504	42.677741050720215
46.526312828063965	54.12483215332031
45.418365478515625	45.274688720703125
45.35626411437988	45.98980903625488
34.022640228271484	36.576507568359375
45.493764877319336	44.26518440246582
34.25088405609131	35.40475130081177
35.05023956298828	37.91327238082886
48.95608425140381	48.46455097198486
43.783650398254395	30.439746379852295
52.453012466430664	55.52055835723877
56.46072006225586	53.781314849853516
44.92903232574463	29.380714893341064
39.6829948425293	44.98601531982422
48.84835243225098	45.85495948791504
47.08259868621826	46.60136318206787
42.36194133758545	42.587599754333496
51.23899984359741	50.1098952293396
40.817301750183105	44.00922775268555
37.379698753356934	38.79393815994263
39.00470733642578	38.507161140441895
35.787513256073	39.157280921936035
48.22212219238281	55.668373107910156
42.546180725097656	40.216681480407715
46.66457653045654	42.679572105407715
46.15990161895752	46.780128479003906
35.08929443359375	36.01522445678711
38.23952865600586	41.9096565246582
43.851585388183594	41.25157356262207
49.96204948425293	48.775217056274414
35.13831377029419	40.60111999511719
44.1535758972168	43.962411880493164
39.035215854644775	51.6041784286499
55.850510597229004	54.015398025512695
40.51933288574219	50.94433784484863
39.489426612854004	44.15802478790283
38.30229949951172	43.56803226470947
49.38332176208496	39.22661590576172
46.007615089416504	45.66949939727783
49.21788215637207	48.92043113708496
38.119049072265625	44.353172302246094
56.489994049072266	54.74700736999512
48.26052188873291	34.334049224853516
52.16066312789917	54.95153474807739
36.34675884246826	37.02689266204834
42.83938503265381	42.52757549285889
57.22038269042969	57.02985763549805
46.90865516662598	48.80265712738037
40.237464904785156	42.142701148986816
46.06717014312744	46.55573558807373
49.34743118286133	45.661258697509766
48.07565975189209	48.85692262649536
49.956459045410156	35.102328300476074
47.196550369262695	46.24826908111572
52.589584827423096	47.72970724105835
51.96621894836426	52.11551856994629
43.541985511779785	43.826233863830566
42.87575721740723	44.67653274536133
43.56337547302246	30.681042671203613
38.20690441131592	42.4176549911499
44.53845977783203	42.998870849609375
34.0132474899292	33.336074352264404
44.882097244262695	50.218749046325684
