55.21812057495117	53.19615173339844
58.551159381866455	59.759385108947754
63.268277168273926	56.4098424911499
45.881744384765625	44.72252368927002
52.993247985839844	55.500404357910156
65.08420515060425	60.99689197540283
75.26946258544922	75.27037811279297
49.07917785644531	44.74551773071289
57.23017501831055	53.508304595947266
44.90809726715088	39.3408203125
70.21290588378906	64.38704681396484
62.5534725189209	57.71601676940918
65.33769035339355	58.41190433502197
69.78451776504517	61.60983371734619
60.65979194641113	60.71720838546753
40.301218032836914	33.15083980560303
63.22909069061279	56.69198513031006
63.606810092926025	61.598745346069336
61.771206855773926	61.325876235961914
45.88947153091431	43.276551246643066
64.02662515640259	65.60063123703003
64.45636653900146	63.25961208343506
66.91862487792969	65.21406555175781
75.13037157058716	73.66018152236938
45.859070777893066	32.61488628387451
57.83619689941406	51.86655807495117
61.197195053100586	56.30169868469238
67.17449474334717	57.61643886566162
59.20068168640137	54.99525260925293
45.87777042388916	46.547000885009766
59.06908321380615	53.33515977859497
59.806488037109375	57.403900146484375
57.300933837890625	56.53175735473633
61.00377941131592	59.12956428527832
48.17003774642944	43.94592237472534
40.32205867767334	34.23515224456787
66.37438726425171	60.73808526992798
61.802000999450684	59.76519584655762
56.72320556640625	60.832942962646484
73.7453842163086	69.10618782043457
58.79066562652588	53.78703260421753
58.00309658050537	58.30139446258545
68.58898115158081	55.35444688796997
62.48384475708008	59.59747314453125
53.41897773742676	52.147353172302246
58.58068084716797	58.533355712890625
71.16800022125244	65.53549861907959
71.38533115386963	65.81803321838379
61.22389221191406	66.10347747802734
46.68772077560425	44.42479848861694
58.74922561645508	57.14466094970703
60.489383697509766	53.988962173461914
59.812849044799805	58.23893737792969
50.61424255371094	50.31489181518555
48.564260959625244	46.94693613052368
60.82741928100586	61.225311279296875
67.45840406417847	72.08561706542969
68.4028091430664	65.61455535888672
68.04842376708984	61.53611469268799
71.04566955566406	62.56824493408203
61.583566665649414	55.54619789123535
51.96400308609009	52.39721059799194
49.431732177734375	47.83087110519409
59.355506896972656	62.87006855010986
37.93603181838989	35.99838399887085
67.03564453125	65.50512886047363
51.88256072998047	49.9678955078125
51.05329895019531	50.840110778808594
51.947410583496094	50.534423828125
60.426636695861816	62.92808246612549
56.268484115600586	48.33915710449219
60.37209701538086	53.393699645996094
58.44311237335205	56.33561134338379
58.81275939941406	57.48832321166992
51.45335388183594	49.97654342651367
51.10033416748047	49.665297508239746
60.30807590484619	58.04384517669678
71.21978759765625	78.67836952209473
74.68885898590088	68.42341423034668
47.95097064971924	47.86610126495361
70.33626556396484	67.87560939788818
55.578128814697266	56.68856620788574
78.14008331298828	69.20590209960938
62.41109275817871	56.142173767089844
60.362229347229004	60.994566917419434
43.926897048950195	42.299628257751465
54.33451795578003	52.25903654098511
64.6865005493164	58.59229278564453
42.38004541397095	40.67542028427124
50.96091985702515	46.3074631690979
61.162497997283936	64.40628004074097
58.607139587402344	55.963539123535156
57.758193016052246	55.48588752746582
55.4921612739563	56.87145519256592
60.23970985412598	57.97031211853027
40.632073402404785	38.86502552032471
64.57398414611816	62.09088325500488
67.3539891242981	60.98596143722534
68.26324510574341	62.24996852874756
55.7904109954834	56.52261972427368
62.81432342529297	53.41039276123047
55.10211944580078	55.62815856933594
49.7009801864624	31.68452739715576
47.874703884124756	47.526848793029785
59.970829010009766	55.296515464782715
55.265427112579346	43.69242858886719
81.83609390258789	76.68269920349121
68.13901424407959	66.26896858215332
54.212989807128906	52.37087631225586
45.595550537109375	48.152286529541016
71.69959259033203	65.58442640304565
73.95377254486084	66.8453221321106
60.48867988586426	61.853078842163086
68.0518045425415	61.03149700164795
70.36125183105469	66.71293687820435
58.917314529418945	60.314117431640625
54.030521392822266	50.180442810058594
68.36269283294678	62.68343496322632
70.16187143325806	59.108638286590576
64.6178207397461	57.451087951660156
38.852962017059326	42.89208984375
58.98214101791382	55.197359561920166
66.08595848083496	63.88951301574707
51.6566219329834	47.69794750213623
55.05030059814453	54.08878707885742
57.045907974243164	44.14758110046387
64.42572021484375	62.89219665527344
72.15386867523193	63.786020278930664
50.38383102416992	47.91819763183594
54.37001276016235	54.92577314376831
57.89004421234131	54.621920585632324
72.28571319580078	71.49832153320312
65.52177429199219	63.5428524017334
66.68673038482666	61.15626811981201
66.54631805419922	65.26079559326172
60.54673957824707	58.937376976013184
61.12867736816406	59.780128479003906
65.28606700897217	61.53384494781494
70.65259552001953	64.82692766189575
51.72039270401001	54.51397132873535
58.840965270996094	57.1592960357666
53.38314771652222	50.17841815948486
57.88236618041992	58.30086898803711
58.662567138671875	54.887290954589844
52.76767158508301	53.781240463256836
67.88095951080322	65.30727577209473
63.22268867492676	53.66007328033447
63.06705093383789	57.77917671203613
73.89266967773438	69.53550815582275
52.956520080566406	49.3076057434082
44.75283336639404	41.630730628967285
63.082037925720215	60.79470252990723
56.64216423034668	44.43968868255615
70.20142221450806	61.48547029495239
82.06980895996094	77.83495855331421
68.88175010681152	61.82049751281738
60.958590507507324	60.29712677001953
50.6803092956543	48.64116096496582
52.07277488708496	53.068432331085205
56.090126037597656	54.09031105041504
51.060874938964844	51.18654537200928
60.96339654922485	59.54070568084717
60.494834899902344	59.917362213134766
52.840476989746094	55.59394073486328
65.64820289611816	61.93192720413208
56.94398021697998	60.75041580200195
50.93516540527344	48.778648376464844
69.59573221206665	65.06218528747559
69.39543724060059	62.028303146362305
61.530776023864746	58.54132318496704
76.98490905761719	73.40192413330078
56.12837791442871	55.77586555480957
66.56764268875122	64.45208787918091
41.59073495864868	41.3865647315979
63.87701368331909	63.41809844970703
47.92831563949585	50.11728572845459
68.65866279602051	67.8849549293518
58.76840782165527	59.84890651702881
58.68098831176758	53.348876953125
65.99507141113281	53.878658294677734
65.0339412689209	64.4049596786499
57.77878761291504	52.771034240722656
69.79196071624756	66.25176429748535
58.47324752807617	61.234683990478516
71.40169525146484	67.64820098876953
66.52397155761719	67.04937934875488
42.766422271728516	38.04770278930664
54.379066467285156	55.55535888671875
58.1381778717041	51.971357345581055
52.04119348526001	52.965744495391846
61.65488290786743	60.49409580230713
71.06169891357422	64.81416893005371
47.45852279663086	47.71511936187744
55.13616228103638	54.72242832183838
63.19777488708496	62.7335319519043
71.99018955230713	64.86008644104004
44.08447265625	45.83807373046875
67.46767902374268	61.781554222106934
51.53403997421265	48.88823175430298
58.68698501586914	54.36650085449219
59.068931579589844	59.24662971496582
67.20064401626587	65.51935005187988
66.20479583740234	62.206932067871094
77.82916069030762	72.95974731445312
54.41075801849365	51.543776512145996
65.26750946044922	64.21298217773438
53.40060806274414	54.614295959472656
64.96934509277344	59.566904067993164
71.7214126586914	63.0423469543457
63.712679862976074	63.24383068084717
68.41526794433594	66.07141876220703
50.02607822418213	49.51953125
36.02672100067139	33.78918409347534
66.898193359375	60.417945861816406
60.742759704589844	63.88180732727051
67.73565673828125	61.450876235961914
63.41871643066406	63.89665174484253
71.27608489990234	63.57185363769531
59.92034149169922	60.75089645385742
65.49715423583984	60.76803207397461
65.37545490264893	60.84434986114502
58.05378770828247	54.120849609375
55.53766632080078	50.76671600341797
50.81632661819458	49.70813035964966
52.42461395263672	48.778079986572266
52.507840633392334	50.18125867843628
66.2106409072876	65.38691711425781
50.25132703781128	50.0929388999939
44.565515995025635	44.3060941696167
66.99961853027344	57.65703201293945
43.937278747558594	43.42181396484375
61.18164825439453	55.33451843261719
58.479583740234375	58.147247314453125
52.498825550079346	50.65618658065796
52.034820556640625	52.30819129943848
63.47866916656494	57.98630714416504
60.68696975708008	58.26425743103027
48.41341495513916	46.057939529418945
62.64004325866699	60.29708003997803
59.45640182495117	57.84550476074219
74.04691314697266	67.4527359008789
60.050106048583984	60.922882080078125
54.05742073059082	50.858510971069336
70.2707691192627	69.0124568939209
52.42872333526611	47.90601968765259
56.676483154296875	57.772762298583984
69.09809112548828	70.83111572265625
61.90620994567871	54.273141384124756
42.062392234802246	40.134267807006836
55.31045484542847	55.78157043457031
45.94554090499878	45.099663734436035
61.70719909667969	61.58308029174805
52.71010398864746	56.33427619934082
59.33299970626831	56.179412841796875
53.96337890625	52.38871765136719
51.42321300506592	50.73658514022827
71.61571502685547	56.17578125
71.53326988220215	67.83272743225098
73.30149841308594	66.5468602180481
70.67793273925781	56.591407775878906
62.52519989013672	56.200130462646484
72.48765563964844	63.712284088134766
44.72848320007324	41.091596603393555
51.00802993774414	47.402713775634766
61.364097118377686	63.53652763366699
47.783958435058594	43.67953109741211
63.764862060546875	66.61970520019531
57.69858360290527	54.38787794113159
66.2750015258789	62.83167839050293
62.06186294555664	57.85728454589844
47.67321062088013	48.340442180633545
52.75881099700928	49.87330102920532
60.966928482055664	61.00174570083618
58.78033447265625	52.13127517700195
49.892778396606445	48.85475492477417
65.99664115905762	64.29226684570312
51.60829782485962	52.883291244506836
67.79379272460938	64.13835906982422
59.536216735839844	64.35863542556763
60.08217430114746	61.41144561767578
53.87057876586914	54.570364475250244
70.96328544616699	64.10756778717041
70.51551914215088	62.32525825500488
37.43254852294922	38.164764404296875
56.61914825439453	57.60832977294922
62.234893798828125	61.007102966308594
59.811119556427	60.09326648712158
54.63062381744385	49.31918907165527
63.47622299194336	61.829811096191406
56.08797264099121	55.75851583480835
59.50044250488281	59.21311950683594
68.57391357421875	66.43728733062744
66.08473777770996	58.14806938171387
52.592933654785156	51.96598815917969
57.85194969177246	48.11447525024414
52.04690885543823	44.5827260017395
47.45847415924072	48.1669979095459
62.870697021484375	62.25457000732422
55.90206813812256	49.81319189071655
58.256306648254395	53.741844177246094
55.53824234008789	56.69309616088867
62.16059112548828	62.68339538574219
56.311540603637695	54.332136154174805
58.71315002441406	61.349205017089844
75.96163558959961	64.25908041000366
46.69951629638672	46.03235721588135
50.044240951538086	45.23240947723389
69.89367628097534	64.72103834152222
63.571481704711914	60.4872989654541
59.001583099365234	57.6775016784668
73.11434936523438	66.46491241455078
59.06919860839844	63.751319885253906
75.07226657867432	66.82134103775024
49.8303279876709	46.603623390197754
57.99256229400635	57.3232946395874
65.33866310119629	58.19597053527832
67.3729190826416	69.80400037765503
62.927204608917236	57.26097869873047
59.47117614746094	57.05029296875
56.4006028175354	56.07193565368652
71.43167877197266	66.78040313720703
58.98615837097168	51.64710998535156
53.794677734375	51.440406799316406
50.07890319824219	52.69549512863159
56.10765838623047	55.07561492919922
71.01896667480469	65.75312042236328
58.057029724121094	56.88114547729492
61.83422899246216	52.52440309524536
44.85505533218384	47.42385911941528
59.91370868682861	55.1367244720459
65.33660745620728	58.14683246612549
53.71625280380249	50.74542713165283
65.24904727935791	64.5140552520752
60.42643356323242	55.629173278808594
46.89368534088135	46.07467746734619
73.08945751190186	64.5759801864624
48.28795766830444	46.718101978302
72.20115280151367	69.65789937973022
50.93972587585449	49.04184675216675
63.99176502227783	55.2681040763855
56.56893825531006	52.03645992279053
54.363006591796875	54.34075164794922
66.5797119140625	59.087493896484375
51.24197244644165	45.98806142807007
52.077096462249756	54.17442512512207
57.9871940612793	44.508358001708984
56.290799617767334	56.91217088699341
40.58027648925781	37.89427947998047
69.51065254211426	65.63015699386597
52.62803649902344	49.130332946777344
62.90747833251953	60.93528747558594
63.7825927734375	56.814544677734375
49.21148681640625	50.3355827331543
52.717132568359375	52.56288146972656
50.05454683303833	51.36379909515381
60.72824573516846	59.52330493927002
60.76566982269287	60.11427974700928
66.42251491546631	57.01760673522949
74.63995456695557	69.18653011322021
45.6230034828186	45.02877426147461
63.76849365234375	58.35084915161133
63.589149475097656	58.382469177246094
60.85102462768555	58.24702453613281
81.02484893798828	75.14160919189453
45.375938415527344	43.48525142669678
74.92811584472656	66.73579406738281
58.641624450683594	53.666648864746094
64.16441297531128	61.39738702774048
56.72097682952881	51.5926456451416
52.510528564453125	48.61172866821289
33.92071485519409	32.824623584747314
67.54708671569824	64.1725845336914
58.89185571670532	56.13586664199829
84.12628841400146	86.61315536499023
52.22923564910889	51.73214292526245
46.22991180419922	43.10441589355469
59.710044860839844	48.96894073486328
46.977500438690186	44.76510000228882
70.32938385009766	61.606903076171875
69.34162902832031	66.02825164794922
49.70292282104492	49.06773376464844
63.328250885009766	56.93351697921753
61.92870569229126	62.849769592285156
56.72538614273071	56.948713302612305
69.46598052978516	58.67732238769531
58.229865074157715	59.15351915359497
50.81252098083496	46.735548973083496
58.32391834259033	55.8890061378479
62.11102294921875	58.13339614868164
57.99919128417969	58.78517150878906
45.678905963897705	44.983362674713135
53.21769905090332	53.69167900085449
65.43478488922119	59.27279806137085
47.97181034088135	47.404601097106934
62.70570468902588	65.72157382965088
57.36167907714844	58.77392578125
59.81966972351074	59.32096004486084
48.55100107192993	45.58099985122681
56.49883270263672	52.48912048339844
58.83012771606445	56.98768615722656
63.08107852935791	59.79663848876953
60.985093116760254	60.24747848510742
63.248512268066406	60.87263488769531
44.14284610748291	42.12715244293213
50.67178392410278	47.55216312408447
60.25512409210205	53.799302101135254
66.42297554016113	65.52881622314453
63.23749351501465	65.11907386779785
50.739219665527344	53.085479736328125
65.85914421081543	62.135193824768066
55.61923360824585	51.75935888290405
61.9383602142334	62.690134048461914
52.09298515319824	49.24005889892578
61.25270366668701	58.460378646850586
43.32502365112305	39.00928497314453
54.98719024658203	53.493865966796875
65.53915691375732	58.60051345825195
68.81838989257812	66.54741668701172
50.39875602722168	52.20317459106445
69.51470804214478	69.42285203933716
55.3157901763916	49.807382583618164
56.76123762130737	54.413137435913086
54.52300691604614	51.6772141456604
77.58813571929932	73.56220436096191
77.3675765991211	70.55255126953125
65.96778106689453	64.63009643554688
55.31551742553711	56.31414794921875
53.454511642456055	45.00760459899902
75.73519706726074	70.7363748550415
69.78548431396484	63.94448471069336
48.055145263671875	48.43092346191406
54.7642879486084	54.54465579986572
60.27488708496094	52.3856201171875
55.603837966918945	55.40308952331543
38.614013671875	36.24258327484131
47.28355884552002	43.152626514434814
65.28240203857422	59.641204833984375
46.046180725097656	52.581313610076904
70.8148717880249	63.11488151550293
48.02637958526611	52.69684982299805
54.59224891662598	55.172109603881836
62.04916477203369	58.913893699645996
80.51526260375977	75.78727054595947
51.897748947143555	50.55842399597168
71.52348518371582	68.51554870605469
62.337982177734375	58.564849853515625
64.68548774719238	59.05076503753662
65.60273838043213	62.82743310928345
54.89490509033203	51.328134536743164
48.10427284240723	52.84284782409668
57.169551849365234	53.29193115234375
62.844786643981934	57.855706214904785
55.78427076339722	49.599289417266846
65.53351593017578	63.52658414840698
47.922114849090576	55.13820123672485
60.76842498779297	57.41715621948242
55.573585510253906	54.02357339859009
58.31657409667969	54.70904731750488
51.66470146179199	49.20541191101074
50.796518325805664	50.16534233093262
64.11384582519531	58.16659927368164
71.52613830566406	67.97703552246094
58.23296356201172	57.097740173339844
63.76863670349121	58.926321029663086
59.258689880371094	54.10820007324219
57.51406478881836	59.65980911254883
48.33168029785156	46.9556040763855
58.18589401245117	54.92840576171875
64.85514831542969	63.228973388671875
56.852416038513184	54.283835887908936
64.73419189453125	61.58018445968628
55.52511978149414	50.542579650878906
54.53209590911865	52.021270751953125
67.9423599243164	58.963836669921875
53.62973928451538	59.49211263656616
50.75265026092529	42.13687229156494
62.33033752441406	65.86474609375
72.01460266113281	64.15354919433594
59.091400146484375	52.98469924926758
61.60151672363281	61.903045654296875
54.39044952392578	40.52336883544922
58.10666084289551	58.681983947753906
61.43458557128906	53.298651695251465
66.178542137146	65.42957925796509
51.37504005432129	49.701727867126465
58.983933448791504	54.03785228729248
69.30237579345703	66.06126403808594
61.923967361450195	59.14173412322998
69.37240600585938	66.11332893371582
55.57323360443115	54.029611587524414
57.06746864318848	54.984907150268555
63.316917419433594	62.85911560058594
57.73872756958008	58.49003791809082
62.38218307495117	60.11930847167969
61.75907611846924	63.75323295593262
54.50836658477783	53.34050703048706
60.36119985580444	59.40277576446533
57.87849140167236	50.554322719573975
51.56863975524902	51.567094802856445
53.978302001953125	50.06022262573242
75.47565364837646	67.45487022399902
72.6917610168457	71.51342582702637
69.1998381614685	61.66174507141113
36.146225929260254	32.62699604034424
63.340332984924316	61.3682918548584
63.307838439941406	57.900390625
45.43304443359375	44.76697540283203
72.68010139465332	65.93975067138672
62.277069091796875	56.91902160644531
59.39840221405029	58.21886920928955
63.281959533691406	57.501617431640625
50.98410081863403	54.42167615890503
74.22659873962402	71.22186183929443
51.405029296875	50.09942436218262
73.33496856689453	74.4598159790039
56.52859878540039	54.06891632080078
66.67790222167969	63.39183044433594
56.71119689941406	57.35783386230469
62.13718271255493	59.729567527770996
44.526248931884766	45.831902503967285
58.69453430175781	54.431053161621094
54.31260824203491	49.677669048309326
58.66008710861206	57.23161554336548
49.0098032951355	46.04387426376343
59.54425811767578	55.46198272705078
66.95594787597656	60.359275817871094
67.46324157714844	66.27117156982422
54.32667398452759	59.17683506011963
63.140092849731445	65.74331617355347
75.5032958984375	72.77540588378906
47.935293674468994	47.37610673904419
53.58346605300903	46.50087070465088
53.36738300323486	55.241955280303955
53.09854984283447	41.88241004943848
53.35425519943237	51.307239055633545
62.442100524902344	48.6796875
62.77592849731445	60.92835235595703
71.92195844650269	63.58585023880005
43.704983711242676	42.81675052642822
56.39836120605469	55.210411071777344
65.15366554260254	58.190650939941406
54.39744329452515	54.62024545669556
60.568342208862305	58.206377029418945
67.13551998138428	67.38533878326416
54.1401481628418	51.984405517578125
69.06215715408325	61.90893316268921
67.99340724945068	64.93273735046387
57.47332763671875	56.64280700683594
66.03797912597656	61.69245147705078
78.1889762878418	73.95892238616943
47.02241516113281	48.49602508544922
48.207786560058594	43.46565246582031
55.537081718444824	56.838738441467285
63.41816711425781	59.80302429199219
51.86534118652344	60.496551513671875
61.243470668792725	61.21173048019409
52.261146545410156	54.50376892089844
64.07392120361328	53.61720275878906
72.45090293884277	61.00758218765259
58.881492614746094	57.38224411010742
48.184736251831055	47.91259288787842
56.98615074157715	54.243921756744385
66.43230438232422	63.82139587402344
49.21132278442383	50.846500396728516
62.232255935668945	61.9885196685791
58.59652805328369	55.16887617111206
40.38919544219971	40.0577392578125
48.287193298339844	49.35296869277954
69.4364242553711	64.8607177734375
60.23176193237305	54.26331329345703
48.864699840545654	44.68660020828247
64.58301401138306	64.94055032730103
50.575191497802734	45.748573303222656
62.79920196533203	62.97464370727539
52.11836242675781	51.0566725730896
71.26823425292969	67.37266540527344
51.520408630371094	47.04377365112305
63.48796463012695	51.292579650878906
47.72023105621338	44.64959001541138
65.89598083496094	64.4774169921875
60.448184967041016	60.46192932128906
65.08452606201172	57.22172546386719
59.55848503112793	58.12761831283569
56.94830131530762	59.96487808227539
67.84581661224365	63.217573165893555
63.31298589706421	56.82655906677246
47.54926586151123	45.522891998291016
41.79252624511719	40.272369384765625
62.23225021362305	55.37750244140625
56.331865310668945	59.186975955963135
57.29565620422363	55.664567947387695
39.486348152160645	39.95719242095947
64.50369358062744	56.59255886077881
60.15092945098877	57.88750648498535
46.192078590393066	45.6648063659668
67.93151092529297	61.175418853759766
59.1710319519043	55.53926467895508
57.40353441238403	55.87425899505615
57.77844524383545	60.93545341491699
66.06677913665771	65.01969909667969
66.8681640625	64.61196899414062
54.973968505859375	49.05589580535889
62.327067375183105	56.035040855407715
57.39268970489502	56.67880582809448
71.68878173828125	72.31515502929688
58.90762996673584	58.36313819885254
69.61247253417969	61.97254943847656
60.58859968185425	60.08196258544922
58.89694881439209	56.9630126953125
61.50252342224121	57.71470546722412
69.17004585266113	60.586886405944824
28.48527431488037	28.903404235839844
47.44349956512451	48.02582931518555
58.0461950302124	55.19645023345947
42.068325996398926	42.22914743423462
59.02960395812988	53.435068130493164
49.9804630279541	46.99124622344971
72.03611755371094	70.28349494934082
48.19891405105591	48.61058807373047
66.20968627929688	58.778846740722656
65.543212890625	59.79443550109863
48.26203536987305	51.184871673583984
56.01980972290039	54.306182861328125
53.35734748840332	51.08400058746338
59.30001926422119	49.82287788391113
61.44859313964844	60.49420738220215
59.41082239151001	56.101083755493164
55.548070430755615	48.53961896896362
52.904959201812744	51.34390878677368
58.686638832092285	57.59474802017212
57.647300720214844	55.77796936035156
50.039846420288086	49.66279220581055
53.823304653167725	47.26989698410034
57.8278284072876	52.98156499862671
59.975857734680176	54.19778347015381
67.79676914215088	64.33300018310547
69.35219717025757	65.46602725982666
62.84544372558594	60.74255180358887
62.21101760864258	55.9755277633667
60.78009033203125	54.49651336669922
59.68912982940674	52.00007200241089
79.80365753173828	64.26294136047363
57.197540283203125	53.42205810546875
55.75575876235962	49.399688720703125
66.52207374572754	57.21174430847168
69.15052795410156	64.46241760253906
52.30139923095703	52.34953308105469
44.8045768737793	39.0605034828186
68.3541030883789	69.51715087890625
68.6300597190857	60.20424556732178
54.34612274169922	52.96842956542969
60.10070037841797	59.2912712097168
52.054521560668945	52.17160606384277
61.6619873046875	61.83345413208008
63.44869613647461	62.63153839111328
71.00249719619751	66.65898704528809
52.790287017822266	48.87443542480469
60.61124610900879	59.32056999206543
55.575490951538086	51.35075569152832
67.42051601409912	75.34073829650879
62.1427059173584	63.13942909240723
60.369486808776855	58.238205909729004
69.91534519195557	64.55700492858887
61.82652187347412	54.77204132080078
56.798675537109375	51.66407775878906
77.05609321594238	73.58893394470215
50.02168560028076	55.66001892089844
55.44438028335571	52.69362688064575
63.9838171005249	58.30286407470703
65.81307125091553	64.87449884414673
55.68496370315552	51.30983877182007
68.80500793457031	67.38422393798828
62.96417427062988	60.8964786529541
60.98039245605469	58.40470504760742
70.54299640655518	66.82670307159424
47.923179626464844	47.239829540252686
60.04764938354492	59.476749420166016
51.56668281555176	52.431318283081055
52.083972454071045	49.18330526351929
48.00954341888428	45.51896905899048
69.88280296325684	66.32723808288574
56.39334487915039	55.80400848388672
68.84675598144531	70.47621250152588
63.02990770339966	57.37474250793457
41.845770835876465	42.69096851348877
64.1747465133667	60.76650428771973
57.986313819885254	53.097233295440674
64.69970703125	62.52636909484863
62.22825765609741	57.68789577484131
63.562469482421875	60.441627502441406
58.34339618682861	57.848262786865234
64.25257682800293	57.993478775024414
73.06045532226562	70.5401611328125
67.28568267822266	63.88373565673828
47.39252996444702	47.38277339935303
63.31073474884033	63.05825901031494
54.247032165527344	42.935866355895996
63.80847930908203	64.85152435302734
56.657386302948	54.82119607925415
44.68755340576172	46.749229431152344
57.946441650390625	59.141300201416016
58.41343545913696	53.59683609008789
58.367013931274414	58.02348518371582
51.18498992919922	51.500274658203125
69.3893051147461	63.12568283081055
53.97894287109375	51.167388916015625
53.36063003540039	48.05670928955078
54.043556690216064	48.74725389480591
65.89598751068115	62.35080623626709
62.544355392456055	62.17227077484131
54.38728332519531	55.44631576538086
59.89057636260986	56.043532371520996
47.22611331939697	49.665321350097656
62.70549392700195	60.3136568069458
67.14918041229248	62.620598793029785
61.16511535644531	57.31865310668945
67.14884090423584	62.68268394470215
52.85293531417847	51.87472867965698
53.260780334472656	52.93823432922363
71.9890308380127	68.34968566894531
46.802342891693115	44.03264665603638
64.9621810913086	61.90764617919922
68.95026206970215	65.49946022033691
54.763710021972656	53.24803113937378
65.70947265625	63.5201301574707
56.05901527404785	54.316240310668945
68.33808135986328	62.19050598144531
74.9450569152832	67.56630849838257
50.179588317871094	53.47254180908203
62.98652648925781	57.52590560913086
41.037046909332275	46.025264739990234
42.9306321144104	41.685967445373535
63.69118595123291	63.228309631347656
54.216888427734375	54.07276916503906
65.0125093460083	60.3298921585083
54.92327690124512	47.55366325378418
59.292388916015625	42.99020862579346
46.636902809143066	44.59671592712402
64.53446960449219	59.39497756958008
53.52115249633789	54.67331314086914
62.87173891067505	59.96928834915161
62.261573791503906	49.95552062988281
47.65029287338257	46.415167808532715
58.802687644958496	54.250020027160645
55.84120798110962	49.892240047454834
47.702019691467285	50.845412731170654
59.99452209472656	59.115352630615234
81.9415054321289	72.17138671875
53.43283653259277	54.74864387512207
69.51914119720459	65.31133890151978
59.519619941711426	53.68627882003784
62.874850273132324	61.29917335510254
47.08065414428711	42.27989959716797
60.73385715484619	58.292574882507324
64.31173753738403	59.93877983093262
60.86143493652344	55.258460998535156
58.37433338165283	54.874470233917236
65.67329406738281	53.27873992919922
58.42694091796875	59.5681414604187
65.4000883102417	61.18819618225098
46.92483901977539	46.28610134124756
60.839569091796875	57.543418884277344
61.404629707336426	58.01049327850342
68.98464441299438	64.84479522705078
56.99090576171875	55.30781555175781
78.37474822998047	71.01458644866943
59.656691551208496	56.747822761535645
73.25288391113281	69.0433578491211
58.65175247192383	53.16683578491211
49.191856384277344	46.731300354003906
56.989187717437744	50.20185089111328
47.2452278137207	45.266929626464844
62.77861022949219	60.00593566894531
58.85952949523926	54.553565979003906
61.60674285888672	58.40285110473633
60.662309646606445	56.56470584869385
58.938377380371094	51.68952941894531
49.51523494720459	51.744446754455566
59.36089897155762	52.95531606674194
62.478302001953125	57.3349723815918
53.31261444091797	49.962432861328125
64.33287620544434	61.96699619293213
52.73068141937256	55.149834632873535
75.48803901672363	66.67817544937134
47.245768547058105	46.88570308685303
53.898666858673096	54.854576587677
59.55106258392334	60.538034439086914
61.45577430725098	61.6526985168457
68.77603054046631	60.024285316467285
50.00798034667969	51.20668268203735
50.0361213684082	49.341407775878906
46.049067974090576	44.776575565338135
50.70160102844238	49.34087562561035
47.55868434906006	45.05251979827881
60.24589824676514	54.206724643707275
53.61019515991211	51.636207580566406
68.34532260894775	63.0945348739624
71.09992361068726	72.72662544250488
38.14847230911255	39.2152214050293
55.365055084228516	50.46446228027344
75.61020183563232	73.32533740997314
51.30662536621094	50.97843933105469
71.87840461730957	67.50943660736084
59.570186614990234	56.30491638183594
66.77963256835938	65.1642017364502
44.66080665588379	44.323954582214355
58.12389373779297	56.76445770263672
55.514588356018066	56.03638935089111
67.063307762146	64.1356372833252
56.74334716796875	55.21910095214844
60.66431522369385	61.63613319396973
52.945350646972656	51.471768856048584
49.990506649017334	51.27922773361206
70.57706356048584	66.80896759033203
61.342529296875	61.551469802856445
55.67438507080078	53.35920190811157
65.54987525939941	56.6770977973938
53.3404655456543	47.897499084472656
71.27276611328125	68.98989868164062
48.32406663894653	45.931565284729004
49.347537994384766	54.11020278930664
59.92436599731445	57.6991024017334
52.64849805831909	52.33798360824585
66.90540313720703	65.8340368270874
51.11396026611328	46.699825286865234
59.319902420043945	53.533875465393066
81.28606414794922	62.60318374633789
64.98404693603516	60.46623992919922
63.89072513580322	58.7521276473999
45.734933853149414	44.49942684173584
53.807674407958984	56.121925354003906
60.161375999450684	53.5262393951416
47.478206634521484	47.410884857177734
50.49326848983765	47.52880811691284
54.73510122299194	55.959059715270996
53.255882263183594	54.92096710205078
69.68072605133057	67.88276624679565
48.98824071884155	50.61855173110962
68.89214372634888	62.611234188079834
65.05380392074585	72.13635063171387
57.16971302032471	55.167484283447266
65.24877071380615	60.98761558532715
64.63261985778809	66.70094203948975
62.15932846069336	50.62384033203125
67.05063772201538	64.4478907585144
54.89181089401245	52.731980323791504
44.30262279510498	44.2574987411499
69.96209621429443	65.01168727874756
59.477577209472656	56.96977996826172
53.48067331314087	50.664827823638916
42.69589614868164	43.368263244628906
58.72718048095703	54.204105377197266
48.97919511795044	46.91441488265991
63.517112731933594	57.39936828613281
56.198729038238525	53.71176338195801
58.11092281341553	55.66357707977295
49.4897518157959	51.183454513549805
55.6666145324707	49.819091796875
76.5487060546875	68.71141815185547
48.76789855957031	47.18127679824829
46.486634731292725	44.44442844390869
58.43012619018555	58.78133773803711
47.1339955329895	43.39587593078613
56.060869216918945	51.009498596191406
62.072410583496094	68.22245788574219
78.72180938720703	73.92861938476562
65.14825630187988	58.61051559448242
56.16281032562256	52.81835079193115
62.591909408569336	62.31304979324341
65.13345909118652	60.2307071685791
59.568739891052246	58.99630355834961
46.641104221343994	42.72404193878174
54.89300537109375	53.83073425292969
59.708115577697754	58.86810302734375
69.34285163879395	62.85389423370361
62.41054916381836	56.286521911621094
63.690160274505615	60.310546875
60.03906440734863	56.395843505859375
73.45939636230469	70.13589477539062
61.880292892456055	66.24585151672363
69.42169189453125	58.700408935546875
60.471158027648926	58.34545612335205
78.0984935760498	70.52898216247559
55.442710876464844	52.942986488342285
51.84483528137207	47.467007637023926
52.24190664291382	48.34438419342041
69.1292953491211	67.79351806640625
67.48525428771973	63.41356658935547
65.95154571533203	64.62506103515625
57.40776252746582	59.43473148345947
49.30785512924194	48.24246025085449
62.91913986206055	59.43088150024414
69.3862452507019	68.2574987411499
52.599753856658936	55.55838060379028
54.03547668457031	50.39944839477539
61.63874673843384	60.571914196014404
66.86264038085938	58.787353515625
59.19689655303955	65.71119785308838
63.702880859375	59.765316009521484
62.70636177062988	60.78328037261963
44.641305446624756	46.1059250831604
63.26499938964844	61.78511047363281
55.32676315307617	54.410186767578125
62.049739837646484	63.2537727355957
55.18006467819214	57.14428520202637
57.36939239501953	56.26830291748047
84.16869497299194	73.07024240493774
59.26926040649414	57.27549934387207
67.20379638671875	63.478477478027344
45.828824043273926	49.55501747131348
52.288039207458496	40.79257249832153
53.90478515625	51.76808738708496
56.960676193237305	49.919490337371826
39.55272960662842	42.57996368408203
50.39667320251465	51.95510673522949
60.89148712158203	53.6884765625
56.60788059234619	56.98772430419922
62.25468921661377	57.35323524475098
56.76594543457031	55.52134037017822
55.92950105667114	56.02121543884277
55.68800926208496	56.91994667053223
50.49551820755005	50.78249406814575
76.09733581542969	64.60664367675781
50.10091209411621	47.42044544219971
63.627150535583496	55.6696252822876
61.609310150146484	61.25895690917969
54.38815402984619	49.098610401153564
53.748963832855225	54.68973636627197
49.88551139831543	51.77410125732422
54.7264928817749	52.83832883834839
64.09688472747803	60.81486701965332
41.22477340698242	44.58427429199219
64.26168823242188	65.97024536132812
55.509650230407715	51.35165977478027
64.79958057403564	64.29070377349854
49.44947290420532	50.71855068206787
75.2793197631836	63.66094636917114
54.59715414047241	55.52228021621704
64.30500030517578	61.81390380859375
60.379652976989746	59.34944248199463
62.056257247924805	58.565866470336914
57.54562950134277	49.68484544754028
44.757399559020996	45.13322353363037
64.3558578491211	61.64655303955078
68.19143056869507	62.423166275024414
62.10325813293457	63.06986045837402
63.68818759918213	59.06489372253418
32.417816162109375	32.76111602783203
45.950408935546875	52.714256286621094
51.51171684265137	52.36300849914551
63.66436767578125	61.87104415893555
54.85060787200928	53.16582012176514
67.40789794921875	65.97020721435547
69.58119249343872	68.41821241378784
58.23155975341797	56.50119400024414
60.35540580749512	53.48790168762207
65.89210510253906	59.80628204345703
70.35598182678223	61.834243297576904
70.85434913635254	65.15696811676025
48.28719520568848	49.99428749084473
61.43045902252197	57.54073143005371
60.97855186462402	60.902915954589844
65.9637508392334	67.11901903152466
67.23986864089966	65.01620578765869
54.6230092048645	53.96317768096924
45.230956077575684	46.14469528198242
68.6099910736084	66.03677272796631
58.411869049072266	56.92780923843384
51.66973686218262	48.941179275512695
43.12760066986084	43.38321590423584
66.86217498779297	63.69350814819336
64.87214660644531	66.6087875366211
65.70118999481201	61.72276782989502
62.10157012939453	55.0474853515625
50.92240905761719	49.08989334106445
68.88951873779297	62.77204895019531
48.41553354263306	48.58221244812012
62.89632606506348	57.54945468902588
50.738006591796875	52.6454963684082
71.66720008850098	67.13881874084473
56.982789039611816	53.63471984863281
57.47212219238281	51.09294128417969
59.85208511352539	50.768131256103516
46.19221210479736	44.56168746948242
67.63449192047119	62.54691219329834
55.95354080200195	55.59511661529541
55.13819122314453	53.767982482910156
60.24269485473633	55.22477722167969
60.19361400604248	57.0754451751709
61.88735771179199	49.39930820465088
53.392621994018555	52.524044036865234
62.036293029785156	62.96759033203125
68.18059539794922	63.84952163696289
59.307748317718506	56.13530445098877
48.18709421157837	48.9614577293396
60.98046398162842	55.62571477890015
59.22204303741455	58.12520885467529
54.64384460449219	53.39303207397461
71.27011728286743	61.36563777923584
57.66050720214844	54.143402099609375
