30.881850242614746	29.099135398864746
32.88941955566406	38.025054931640625
35.235286712646484	34.74810028076172
18.537933826446533	21.289119243621826
27.89205551147461	30.431124687194824
30.287857055664062	28.95270538330078
35.626954078674316	30.395633697509766
25.05803108215332	27.635652542114258
34.37516498565674	20.080917835235596
15.810827255249023	13.575510025024414
35.36388397216797	39.10923385620117
42.60762119293213	37.71112060546875
30.482158660888672	33.113914489746094
19.462932586669922	24.330453872680664
17.383625030517578	21.335176467895508
13.885342597961426	18.461505889892578
23.026421070098877	23.77553939819336
23.05265998840332	29.528974533081055
24.179823875427246	23.21343469619751
36.64681625366211	35.20893859863281
24.262707710266113	23.480170726776123
26.329788208007812	33.584354400634766
35.059075355529785	31.668545722961426
34.219146728515625	30.99893569946289
33.69139099121094	35.92094802856445
35.959075927734375	35.68531036376953
36.308990478515625	37.58864974975586
41.1925048828125	27.507290840148926
11.798689126968384	10.365811586380005
25.999122619628906	30.16205596923828
25.260191917419434	32.30384159088135
36.251304149627686	22.245020866394043
26.59628963470459	29.618308067321777
32.44938659667969	32.84425354003906
11.656882524490356	22.96137285232544
22.347667694091797	28.182795524597168
22.885517120361328	28.651631355285645
29.83545684814453	25.195209503173828
26.465901374816895	29.12775421142578
38.066734313964844	39.1100378036499
21.54863405227661	21.418992519378662
34.48538303375244	37.81252956390381
29.22268009185791	30.648831367492676
28.322413444519043	27.50474739074707
23.749488830566406	26.397228240966797
22.869717121124268	26.63100814819336
39.82117462158203	40.67574691772461
33.19334030151367	33.64427185058594
29.118450164794922	31.799975395202637
31.63701820373535	37.06367492675781
18.74129819869995	16.146522045135498
28.497814178466797	31.56788921356201
24.36133575439453	31.399898529052734
28.032468795776367	27.69888210296631
36.91339874267578	24.424781799316406
27.487326622009277	31.58598232269287
32.00884246826172	36.74691390991211
30.637381553649902	28.566269874572754
27.07843017578125	30.355575561523438
9.793452262878418	9.413503646850586
30.771018981933594	36.23264694213867
34.26115417480469	35.67420196533203
26.200684547424316	21.34520673751831
36.676979064941406	40.849403381347656
29.65165615081787	29.305352210998535
22.818353176116943	26.416394233703613
28.33311653137207	26.587414741516113
32.280426025390625	34.88167190551758
35.57007694244385	30.56990146636963
23.6256365776062	21.034313678741455
32.012969970703125	34.58611297607422
32.53292798995972	34.780802726745605
41.95992565155029	28.478476524353027
21.965908527374268	25.91011905670166
33.14091491699219	38.403663635253906
30.914875030517578	39.225096702575684
21.71584939956665	27.82668113708496
27.351694107055664	29.907989501953125
13.61753797531128	15.390699863433838
10.841585397720337	9.271450281143188
24.897262573242188	26.857669830322266
21.259055614471436	17.3566632270813
19.913005828857422	22.912292003631592
26.17316722869873	29.26160717010498
22.148436069488525	22.633512496948242
30.942401885986328	27.6027250289917
25.940428733825684	27.08111572265625
31.27696990966797	36.00050354003906
24.16350555419922	23.336132049560547
41.39004135131836	42.9263916015625
28.598093032836914	31.77581787109375
36.13067150115967	36.85685062408447
36.07591247558594	35.090415954589844
37.16478729248047	40.578224182128906
11.493419647216797	9.943967819213867
30.183603286743164	29.92858600616455
35.182456970214844	38.582054138183594
36.847023010253906	35.698551177978516
26.60514736175537	21.800438404083252
30.103530883789062	37.22494125366211
10.254171371459961	8.087738037109375
32.22289276123047	39.509220123291016
17.564911365509033	29.625494956970215
30.918071746826172	36.17033767700195
40.945767402648926	24.538421630859375
13.814619541168213	11.29889988899231
33.08726119995117	33.06843566894531
11.269308090209961	5.542121887207031
26.827072143554688	32.56462478637695
29.060837745666504	26.618651390075684
31.783275604248047	34.02132797241211
34.33383560180664	33.351261138916016
39.08734130859375	23.430537700653076
32.290985107421875	38.08566665649414
29.83125400543213	24.653820991516113
37.69599151611328	41.03322219848633
35.18665313720703	41.35253143310547
35.6550407409668	29.462857246398926
40.54546356201172	40.81162643432617
27.280709266662598	27.508549690246582
34.480536460876465	35.13848876953125
29.49100971221924	19.753493785858154
20.486473560333252	19.054168224334717
26.44632625579834	32.80088710784912
16.364227294921875	18.759663105010986
23.734206676483154	26.41039752960205
29.896662712097168	40.191078186035156
19.443450450897217	23.69235849380493
37.31180191040039	24.326683044433594
39.42723846435547	40.010501861572266
40.4618034362793	45.347686767578125
33.93512010574341	31.333413124084473
30.7108154296875	32.939697265625
30.113338470458984	32.24971008300781
27.486820220947266	30.646221160888672
23.30620765686035	25.102200508117676
25.48399829864502	39.047953605651855
18.662681579589844	15.286245346069336
24.272319793701172	29.976318359375
26.499679565429688	33.002254486083984
37.4010009765625	39.604923248291016
29.862433433532715	24.883060455322266
35.05622577667236	36.01318645477295
21.492632389068604	23.076537609100342
25.895442008972168	26.911170959472656
23.50650930404663	21.667169094085693
20.576046466827393	21.061928272247314
34.524147033691406	32.24925899505615
41.40730667114258	40.837493896484375
17.555830478668213	17.946149826049805
32.72747039794922	32.85843276977539
35.5303955078125	36.99714660644531
36.31454086303711	29.03642749786377
33.048537254333496	42.435227394104004
19.203231811523438	18.212363719940186
35.786766052246094	37.13084411621094
22.61335515975952	23.472164154052734
16.037977695465088	21.278879642486572
37.765625953674316	40.73089599609375
29.49565601348877	30.493191719055176
22.41022539138794	20.309464931488037
36.964237213134766	40.575218200683594
32.07569122314453	32.24352264404297
24.780827522277832	32.1941556930542
29.81858253479004	30.125332832336426
20.49150276184082	18.551677703857422
28.720215797424316	32.12637805938721
36.09419250488281	36.14415740966797
18.29867172241211	16.28778839111328
36.76432800292969	39.81957244873047
36.099849700927734	34.9692497253418
29.197760581970215	15.067887783050537
29.71728515625	28.840198516845703
36.139323234558105	35.038933753967285
20.3407244682312	32.837164878845215
34.04570007324219	40.62528991699219
33.97160053253174	29.34887981414795
21.02173089981079	23.791271209716797
20.00991439819336	16.54564619064331
32.022544860839844	37.96372604370117
32.77045154571533	20.25730848312378
38.686692237854004	33.87575054168701
23.439788818359375	25.44059944152832
30.82073211669922	35.327781677246094
24.849992752075195	24.420132637023926
17.774158000946045	17.13682508468628
29.22689437866211	30.67086124420166
24.238365173339844	27.66315460205078
38.120347023010254	36.733975410461426
25.725937843322754	26.16167449951172
36.46355438232422	32.741394996643066
34.32630920410156	35.342010498046875
43.93895244598389	40.11726379394531
25.14382553100586	36.93340587615967
28.977991104125977	33.22192668914795
27.368382453918457	27.001310348510742
28.026592254638672	27.183670043945312
29.873653411865234	33.679840087890625
33.30172348022461	35.79691696166992
31.73276138305664	30.997787475585938
21.481464385986328	20.042728424072266
28.57463836669922	36.25908660888672
35.502689361572266	36.695587158203125
34.959754943847656	33.97145748138428
28.806705474853516	35.084259033203125
31.341599464416504	31.447291374206543
36.89632797241211	41.80958557128906
28.89619731903076	25.881603240966797
38.02105712890625	42.302345275878906
25.624234199523926	32.21415996551514
25.016919136047363	26.269686698913574
11.022830963134766	8.422408103942871
18.52977991104126	23.605618000030518
24.714726448059082	26.916584014892578
22.999063968658447	27.09730625152588
26.68018341064453	29.56037139892578
32.17304229736328	34.628456115722656
27.293143272399902	28.541321754455566
23.358096599578857	26.774897575378418
41.0813512802124	39.20344161987305
23.711933612823486	30.140012741088867
28.664179801940918	22.46412706375122
32.074031829833984	34.233055114746094
28.395931243896484	23.090805053710938
21.221214294433594	22.752604007720947
29.66220188140869	28.628276824951172
30.12960147857666	27.990832328796387
18.941664218902588	23.35226583480835
28.15228271484375	23.504818439483643
35.25379943847656	38.14070129394531
35.062110900878906	22.069032669067383
22.725040912628174	34.992905616760254
30.234163284301758	27.559879302978516
26.647075653076172	22.324296951293945
25.732154846191406	23.449406147003174
30.563727378845215	23.531633377075195
24.604248046875	21.882649898529053
34.56230163574219	37.20780563354492
33.89746856689453	29.35847282409668
34.313873291015625	29.74360942840576
39.02197265625	37.871337890625
32.08903121948242	39.185447692871094
43.84043884277344	38.28578853607178
34.7488431930542	32.259827613830566
21.718246936798096	20.541476726531982
25.36410093307495	26.93758726119995
33.845401763916016	39.16405487060547
28.659954071044922	27.264057159423828
13.991446495056152	10.894150972366333
5.446575164794922	8.254704475402832
19.993876934051514	26.757451057434082
39.34724807739258	47.43510055541992
35.51426696777344	36.304561614990234
36.283782958984375	36.01532745361328
22.092426300048828	22.44350814819336
21.414400577545166	26.21353054046631
23.165398120880127	26.49235725402832
24.10073947906494	25.0607271194458
27.041848182678223	38.82663059234619
20.683254718780518	20.182876110076904
36.972190856933594	40.09235763549805
30.001330375671387	26.91390895843506
23.800552368164062	28.298609733581543
29.452031135559082	30.508217811584473
25.157973289489746	25.606887817382812
22.966525554656982	21.253116130828857
25.054936408996582	26.36385440826416
36.70655059814453	40.666072845458984
30.914222717285156	33.386515617370605
14.096928596496582	17.246456146240234
23.595404624938965	22.453980445861816
23.11537742614746	28.638893127441406
26.944247245788574	27.586063385009766
28.00565814971924	31.631864547729492
38.14059066772461	43.1486930847168
37.447279930114746	24.46460723876953
22.0269513130188	25.884615898132324
33.201951026916504	33.456788063049316
29.832996368408203	35.35458755493164
25.310176849365234	32.95594882965088
26.06181049346924	22.93647336959839
26.598411560058594	22.684215545654297
23.702550888061523	35.88729000091553
35.992584228515625	33.788352966308594
30.078758239746094	27.489615440368652
24.265377044677734	23.9286847114563
40.51020526885986	38.117051124572754
25.834001541137695	27.911416053771973
24.221254348754883	29.16284465789795
29.077320098876953	35.57963562011719
17.858867168426514	14.789178371429443
36.554320335388184	35.21055507659912
26.81444263458252	28.484959602355957
7.52347469329834	8.816305160522461
20.129676818847656	23.573862075805664
36.45990753173828	35.71036148071289
36.846153259277344	38.35150146484375
42.46094799041748	36.620633125305176
28.667716026306152	35.127814292907715
27.817190170288086	34.057987213134766
9.161191940307617	9.293428421020508
30.701744079589844	33.54350662231445
30.623997688293457	16.81931734085083
31.256242752075195	31.149492263793945
39.49680233001709	33.150750160217285
13.564817905426025	12.352101802825928
27.481816291809082	24.332679748535156
23.99374008178711	27.50943088531494
30.30201530456543	28.70603084564209
23.411471843719482	23.221954822540283
31.30147361755371	29.780951499938965
23.78014326095581	22.414695739746094
31.847331047058105	30.807412147521973
19.28130340576172	23.97053575515747
25.946179389953613	34.22943878173828
33.43620300292969	41.36195755004883
37.30948734283447	22.0077166557312
33.40870666503906	39.41047668457031
40.284385681152344	39.00965881347656
25.104260444641113	29.076144218444824
18.457687854766846	32.29885482788086
23.408630847930908	34.267436027526855
38.44660949707031	33.46581172943115
19.29362154006958	24.413683891296387
25.813472747802734	27.04900360107422
32.597145080566406	35.468048095703125
40.65264892578125	35.83608627319336
22.17558717727661	25.8691463470459
40.430580139160156	26.464625358581543
13.676605224609375	14.391627788543701
43.21633815765381	38.15340042114258
32.15673065185547	35.80876159667969
17.66425323486328	17.957759857177734
41.880818367004395	39.78373718261719
36.58891296386719	42.98065948486328
28.65497589111328	23.89788579940796
28.700302124023438	33.724910736083984
18.909833908081055	23.348329067230225
32.302605628967285	28.072477340698242
27.520777702331543	25.14990234375
23.964088439941406	23.922311782836914
5.48322868347168	5.173955917358398
21.453376293182373	23.883533477783203
34.744991302490234	39.85721969604492
23.205329418182373	32.38480854034424
38.55122756958008	37.42882537841797
29.984050750732422	29.63137435913086
26.608760833740234	35.47122859954834
16.897737979888916	15.458797931671143
10.474483489990234	9.051081657409668
30.496044158935547	19.413665533065796
9.631019353866577	20.59369468688965
19.83400869369507	21.350127696990967
23.792678833007812	21.69552183151245
18.99451446533203	23.498215198516846
30.041479110717773	31.535147666931152
27.568058967590332	15.086887836456299
20.908743381500244	21.295267581939697
27.521985054016113	28.608464241027832
27.001310348510742	25.91083526611328
26.121405601501465	27.055243492126465
38.392311096191406	35.49903869628906
39.02171230316162	33.776827812194824
20.299259662628174	17.184853076934814
10.244460105895996	7.701526641845703
14.681543827056885	17.68983793258667
12.949717998504639	18.241161346435547
26.983983993530273	34.891883850097656
23.710514545440674	23.99153709411621
32.46998977661133	31.5703125
24.461021423339844	27.114425659179688
26.498777389526367	25.45465850830078
21.207852363586426	19.245189428329468
25.922547340393066	29.374812126159668
24.908130168914795	22.525858879089355
19.107635021209717	21.98870086669922
25.177273750305176	27.466172218322754
37.495200634002686	24.577603340148926
29.33877182006836	32.210838317871094
39.19929599761963	23.664058685302734
34.547607421875	35.42823791503906
28.56328296661377	33.5150785446167
41.77242565155029	39.46808338165283
35.13353633880615	31.659052848815918
22.41961669921875	23.186492443084717
24.13652515411377	22.17101240158081
28.68251895904541	32.475279808044434
24.898841857910156	25.309561729431152
15.026812076568604	19.706615924835205
27.405558586120605	27.85349178314209
35.824095726013184	29.241110801696777
32.81956100463867	33.312171936035156
19.388850688934326	19.447487354278564
34.5445671081543	37.68705749511719
26.7410888671875	30.76308822631836
27.938807487487793	20.746829509735107
23.104953289031982	27.324769020080566
27.566611289978027	22.930315017700195
42.18182373046875	43.34058380126953
30.18610382080078	27.573037147521973
25.507956504821777	25.605019569396973
28.83546257019043	34.77252197265625
32.20147705078125	35.32681655883789
37.20698165893555	37.024471282958984
25.694355010986328	24.458518981933594
33.17509078979492	34.725250244140625
27.764488220214844	26.14633083343506
31.160438537597656	40.98861312866211
32.774434089660645	32.95023250579834
31.601572036743164	28.921314239501953
26.04287624359131	28.341038703918457
31.594980239868164	25.951088905334473
20.88506269454956	29.734954833984375
38.793582916259766	34.97531032562256
34.055912017822266	30.504169464111328
32.4691858291626	29.83275604248047
35.48280429840088	22.36492109298706
29.29947280883789	30.95702075958252
35.940460205078125	37.45677947998047
28.517412185668945	27.08939838409424
24.077199935913086	31.744998931884766
26.942550659179688	29.245779991149902
28.157020568847656	30.188435554504395
21.11849308013916	19.768311977386475
17.331011295318604	20.40360689163208
19.012245655059814	18.93486785888672
28.009258270263672	33.877620697021484
24.089180946350098	32.98718547821045
26.09807586669922	29.898509979248047
35.47071838378906	39.722225189208984
27.82606315612793	26.610697746276855
32.22409439086914	40.05303192138672
34.16415786743164	35.841697692871094
31.791678428649902	26.856087684631348
21.16241455078125	9.395831108093262
8.18209433555603	8.215009689331055
33.688751220703125	37.315277099609375
24.383402824401855	25.438084602355957
32.85013198852539	34.026885986328125
27.60658550262451	28.58928394317627
40.210272789001465	24.221800804138184
21.11317491531372	27.045501708984375
35.79323196411133	35.50065612792969
23.86813735961914	23.89044189453125
38.18123531341553	35.61292362213135
21.925439834594727	26.224395751953125
34.51676845550537	32.69655704498291
7.163732528686523	8.314465522766113
19.076824188232422	23.86134910583496
31.75593852996826	27.5342960357666
36.452110290527344	35.509949684143066
21.475330352783203	21.286406993865967
32.943912506103516	36.444332122802734
32.48070430755615	31.39119815826416
27.19947624206543	29.182086944580078
29.05858612060547	34.96469497680664
27.812421798706055	25.760109901428223
16.893098831176758	21.965221881866455
29.82260513305664	22.555230617523193
26.311832427978516	36.273948669433594
15.676144123077393	20.23084831237793
35.87223815917969	34.79388427734375
23.28367280960083	29.440421104431152
26.233686447143555	24.235794067382812
12.370935916900635	10.997798681259155
22.19478178024292	34.09548854827881
40.23059844970703	38.54613494873047
31.72321128845215	28.26924419403076
18.500013828277588	14.541539669036865
27.400543212890625	33.72311019897461
36.14147186279297	35.49042510986328
25.591252326965332	23.131690979003906
37.19762420654297	32.37226867675781
17.836628437042236	17.80056381225586
34.15213108062744	31.761059761047363
33.6224479675293	39.84445571899414
17.588623523712158	18.858449935913086
21.839143753051758	24.19094181060791
22.165771007537842	24.33702278137207
34.31715774536133	42.818695068359375
27.210594177246094	30.554183959960938
30.825298309326172	30.573516845703125
38.008830070495605	33.85598087310791
24.604674339294434	25.337965965270996
23.495276927947998	25.975542068481445
21.981307983398438	26.686031341552734
33.53946018218994	30.110678672790527
29.225083351135254	26.62474250793457
20.128262042999268	22.486798763275146
14.665919780731201	20.828059673309326
5.5094146728515625	6.374150276184082
13.015603065490723	14.787816047668457
31.65256118774414	32.814605712890625
31.56520652770996	37.254634857177734
31.83178997039795	32.68044948577881
28.11641502380371	34.80223083496094
40.14260959625244	40.448126792907715
32.4673433303833	27.245244026184082
33.516014099121094	35.7069091796875
23.451438903808594	25.932209014892578
36.98275279998779	37.386268615722656
34.51409149169922	37.37918472290039
24.58348274230957	21.03128957748413
35.90430450439453	36.97975540161133
22.972599506378174	20.02529525756836
27.732625007629395	29.187243461608887
38.12811279296875	41.60301971435547
28.882790565490723	27.748446464538574
29.031068801879883	30.595479011535645
26.619077682495117	25.788702964782715
27.7992582321167	28.853748321533203
36.96818161010742	36.60581970214844
35.57992458343506	37.53050994873047
33.50608825683594	33.27778244018555
26.077320098876953	29.981576919555664
16.24333906173706	19.78105115890503
16.57157850265503	17.977302074432373
35.831485748291016	35.71692657470703
23.971662998199463	15.102235794067383
33.38778018951416	32.509840965270996
38.09406566619873	41.02496337890625
22.649524211883545	19.350100994110107
32.99702453613281	30.14553451538086
23.180756092071533	24.34735107421875
22.6203875541687	23.939307689666748
34.15055179595947	34.05235576629639
34.01431655883789	35.11813735961914
17.369699478149414	14.234760761260986
36.63899230957031	36.37385559082031
28.034794807434082	28.793543815612793
31.49281597137451	28.81160831451416
34.3227424621582	33.4757080078125
34.20641040802002	31.372612953186035
38.704734802246094	44.428855895996094
28.01890754699707	32.12968826293945
32.63638687133789	29.404306411743164
31.741477966308594	36.44559860229492
28.024229049682617	26.732425689697266
28.14737319946289	27.364737510681152
19.279751300811768	24.497560501098633
26.993463039398193	28.517112731933594
24.877761840820312	26.649590492248535
31.757022857666016	41.46795654296875
35.607407569885254	33.44347286224365
17.72154951095581	16.876304626464844
20.992373943328857	25.014976501464844
24.54799175262451	33.04669189453125
31.604150772094727	35.065399169921875
34.253440856933594	32.123870849609375
33.54810047149658	30.169240951538086
30.464146614074707	29.46364688873291
32.19136905670166	32.75598621368408
30.60787582397461	28.455388069152832
5.686385154724121	7.135649681091309
39.504066467285156	24.297961235046387
35.46612548828125	36.13702392578125
42.59711456298828	44.45301055908203
17.142123699188232	19.29735517501831
38.043243408203125	41.664466857910156
21.220523357391357	19.156541347503662
26.096317291259766	30.415210723876953
20.195125579833984	31.906502723693848
23.16804313659668	25.68717098236084
30.180113315582275	23.966822624206543
37.6649055480957	40.061866760253906
19.122106075286865	20.472450256347656
34.048338890075684	29.374958038330078
19.248369216918945	13.578106880187988
29.959796905517578	34.94962692260742
34.29029846191406	27.38646411895752
14.05993366241455	15.32751750946045
39.57246494293213	34.9176664352417
23.202812671661377	21.25556230545044
32.65487766265869	33.92456817626953
33.41203308105469	34.001285552978516
30.961318016052246	28.80439281463623
36.65724563598633	34.82756423950195
20.591046810150146	18.758570194244385
34.33949279785156	34.22149658203125
31.13642978668213	28.459879875183105
28.594359397888184	23.80052947998047
22.02493143081665	23.955646991729736
34.90580749511719	38.14505386352539
31.81021499633789	33.674720764160156
23.561508178710938	26.110925674438477
33.800296783447266	33.54072570800781
23.053489208221436	26.132094383239746
34.75125217437744	34.60700225830078
38.63920593261719	41.47038269042969
35.98120594024658	32.57293224334717
35.609947204589844	41.034027099609375
32.59360599517822	18.96697998046875
31.03023910522461	38.74634552001953
20.093188762664795	16.84238290786743
31.47771453857422	36.087608337402344
23.822874069213867	33.014525413513184
23.77050018310547	33.38437557220459
31.290776252746582	31.254647254943848
41.37623977661133	39.542747497558594
31.531661987304688	35.681968688964844
19.982437133789062	17.063133716583252
33.34267044067383	36.16328048706055
28.87650203704834	28.890612602233887
29.674087524414062	26.197647094726562
35.03493881225586	39.029388427734375
33.236002922058105	30.790669441223145
14.733334064483643	28.81186294555664
21.72489595413208	29.522469520568848
17.050596714019775	14.936688423156738
23.082075119018555	27.048351287841797
21.162443161010742	24.156466484069824
27.76355266571045	23.692977905273438
19.884498596191406	24.589073181152344
30.817043781280518	31.26167058944702
23.623924255371094	27.588741302490234
38.5450439453125	39.689788818359375
28.152199745178223	31.63179588317871
24.732696533203125	26.111989974975586
32.16227340698242	33.308502197265625
33.70018768310547	38.89056396484375
24.40312671661377	22.16138792037964
33.69579792022705	24.97082233428955
34.091209411621094	40.55699157714844
20.843017101287842	19.838039875030518
33.648555278778076	36.07105255126953
28.971111297607422	31.20655059814453
33.045021057128906	19.107100009918213
16.9547061920166	13.241472244262695
29.403021812438965	29.29248332977295
23.81772232055664	28.04680633544922
21.73686647415161	21.252357959747314
20.3756103515625	5.947783470153809
36.957759857177734	41.92897033691406
25.85519313812256	24.51049518585205
39.23178434371948	27.623839378356934
28.17294216156006	20.609042644500732
34.33631134033203	38.98038864135742
23.749630451202393	25.539459228515625
40.04092311859131	38.415985107421875
25.293365478515625	24.793490409851074
26.023693084716797	28.034228324890137
24.849446296691895	30.884831428527832
8.04085922241211	5.053631782531738
33.056342124938965	20.590084075927734
25.210856437683105	27.607426643371582
24.479936599731445	31.730916023254395
28.78730297088623	28.49825382232666
19.60506820678711	19.54527997970581
34.303932189941406	36.01417541503906
31.750818252563477	31.52816390991211
37.44049835205078	34.77033615112305
32.829254150390625	32.699405670166016
33.9359016418457	37.25334930419922
31.9850435256958	27.75929832458496
22.550994873046875	28.554798126220703
22.903605937957764	21.295433521270752
31.136686325073242	33.79900360107422
29.782501220703125	31.745101928710938
29.73624038696289	31.521148681640625
38.542542457580566	37.22093868255615
17.286333560943604	20.46278142929077
18.32056474685669	23.743476390838623
22.138762950897217	25.85566806793213
22.19095802307129	18.024840831756592
27.86184024810791	29.437748908996582
20.963069915771484	20.923460483551025
10.638842582702637	11.07909607887268
21.994709014892578	23.721492290496826
19.088077068328857	22.87518310546875
36.906829833984375	38.40232467651367
25.111332893371582	24.705585479736328
28.07654857635498	31.738426208496094
35.89508819580078	39.92927932739258
35.6874475479126	33.00189685821533
31.792912483215332	29.459633827209473
23.91875410079956	34.80797481536865
20.396843433380127	24.06979465484619
36.51795959472656	32.34480571746826
15.171144962310791	15.62367296218872
29.256651878356934	25.27177333831787
30.47570514678955	20.198318481445312
28.426586151123047	36.58573532104492
31.059146881103516	34.075439453125
28.76096820831299	22.582700729370117
27.03819465637207	25.64542007446289
38.09839153289795	36.89691925048828
34.143035888671875	38.40092849731445
54.34317111968994	34.323787689208984
31.05709934234619	17.00861120223999
38.12035369873047	37.42096710205078
15.308668613433838	22.22681951522827
34.85596561431885	24.129939079284668
22.795028686523438	30.647629737854004
25.46622085571289	25.201091766357422
29.97256088256836	31.44720458984375
22.463825225830078	22.71368980407715
32.707191467285156	32.174163818359375
25.633034706115723	36.14567470550537
37.98658275604248	38.550530433654785
27.57794952392578	33.1341438293457
24.598318099975586	27.652446746826172
42.327378273010254	27.78775405883789
27.859814643859863	23.322837352752686
30.86498260498047	31.781818389892578
25.22610855102539	21.008470058441162
22.407867908477783	30.27667236328125
26.0317325592041	29.565974235534668
20.015251636505127	25.83017349243164
37.588643074035645	38.9928674697876
18.681724548339844	15.895241260528564
28.219562530517578	27.838455200195312
30.53880214691162	29.14742946624756
19.016193866729736	21.199500560760498
19.7280535697937	22.602717876434326
37.23336696624756	31.2694730758667
42.183302879333496	39.53150653839111
25.58712387084961	8.775059938430786
22.5571346282959	28.07496929168701
27.520843505859375	26.251444816589355
24.648728370666504	26.595454216003418
26.935930252075195	32.50771236419678
21.16001844406128	33.23194885253906
28.077009201049805	36.50226974487305
22.864002227783203	25.55086898803711
38.523911476135254	32.81352138519287
32.29368495941162	32.00885009765625
25.94308090209961	24.83202838897705
20.559064865112305	21.09310483932495
25.6411714553833	28.844146728515625
21.868057250976562	25.947893142700195
32.592010498046875	32.37128448486328
37.96125030517578	39.51397705078125
26.23230743408203	28.482799530029297
22.724388599395752	19.053593158721924
23.151100158691406	25.600224494934082
18.874701976776123	15.011674404144287
24.850733757019043	23.49942970275879
38.32429122924805	41.85674285888672
11.741844177246094	8.21180248260498
27.088584899902344	28.74979019165039
18.60719633102417	20.831106662750244
16.95302152633667	17.8202805519104
28.533041954040527	25.354599952697754
25.040934562683105	24.43179702758789
27.586652755737305	31.259389877319336
19.659057140350342	20.959961414337158
25.027762413024902	21.064727783203125
16.087005615234375	19.01936674118042
27.607961654663086	29.098983764648438
22.728893280029297	22.44524383544922
24.870457649230957	26.955130577087402
25.631166458129883	29.488903999328613
28.908946990966797	33.587745666503906
24.44795322418213	24.942177772521973
41.230167388916016	43.00231647491455
29.910152435302734	28.926380157470703
22.452831745147705	18.658565998077393
33.45252275466919	34.03798580169678
23.83793878555298	22.96255874633789
14.582010269165039	11.51373291015625
39.05594253540039	40.182403564453125
32.01400852203369	30.219749450683594
20.32016372680664	24.217331886291504
25.91704559326172	31.0025691986084
25.610595703125	26.858834266662598
35.93267822265625	32.69837188720703
29.95857524871826	29.921330451965332
32.905147552490234	38.1146240234375
22.886070728302002	27.492708206176758
17.027481079101562	16.71564531326294
37.30959701538086	39.5200309753418
22.6000657081604	24.499852180480957
37.650306701660156	39.507530212402344
31.72507381439209	26.290331840515137
23.042118072509766	25.11369037628174
40.505661964416504	27.140376091003418
20.04439115524292	24.841315269470215
41.03620147705078	37.950584411621094
17.950475692749023	18.929358959197998
35.544419288635254	39.35873508453369
15.833271503448486	22.97659921646118
35.47442150115967	36.072933197021484
37.89429759979248	24.557676315307617
10.468120336532593	10.580180883407593
34.42613124847412	33.78929901123047
26.056357383728027	24.24821376800537
5.126755714416504	8.234318733215332
21.739020824432373	20.128692626953125
33.67068099975586	39.99249267578125
34.74894332885742	39.69233322143555
23.744464874267578	28.924467086791992
23.313802242279053	29.175450325012207
29.22744655609131	28.594691276550293
25.88924503326416	25.40873622894287
26.354487419128418	21.942398071289062
24.033050537109375	27.36668872833252
29.476030349731445	31.30010986328125
24.358829498291016	23.58620595932007
19.813964366912842	24.084895133972168
31.689725875854492	35.38108825683594
29.591411590576172	36.719767570495605
18.802230834960938	22.642380237579346
34.41103744506836	36.048309326171875
22.32318878173828	23.153993606567383
28.51247215270996	36.84049606323242
27.43611431121826	23.27185821533203
32.80617904663086	36.332847595214844
28.39819049835205	27.86450958251953
31.74352741241455	28.998916625976562
32.23667621612549	21.35964059829712
23.93606185913086	27.702220916748047
25.080622673034668	27.87059497833252
27.663644790649414	27.497108459472656
29.07048511505127	25.29297924041748
24.2430419921875	23.071985244750977
37.963826179504395	23.629722118377686
23.710411548614502	19.122133255004883
29.04360008239746	30.889660835266113
30.325501441955566	20.66504430770874
32.148902893066406	33.22700881958008
26.671859741210938	32.519020080566406
35.35573959350586	35.87788009643555
37.66914367675781	32.819918632507324
18.7685809135437	18.142547607421875
24.909896850585938	30.19332504272461
36.19267272949219	35.985084533691406
38.98413848876953	37.67724609375
14.326061248779297	14.20232105255127
27.06199550628662	38.627220153808594
35.09113788604736	21.26018524169922
23.7018084526062	25.910611152648926
24.18002986907959	27.552886962890625
28.86529541015625	31.999046325683594
21.09013795852661	31.969216346740723
32.63815689086914	35.75959777832031
31.12101936340332	31.8533935546875
30.984217643737793	28.82962703704834
18.065505981445312	6.159028053283691
25.882404327392578	30.916805267333984
33.52727508544922	34.91693878173828
28.696414947509766	26.053905487060547
29.6533203125	35.474403381347656
28.39996910095215	30.656078338623047
27.815131187438965	23.569855213165283
32.31340026855469	38.473594665527344
37.88330078125	40.927154541015625
34.55836486816406	31.465092658996582
24.789422035217285	25.58590793609619
33.5255241394043	26.509119987487793
17.589172840118408	20.78757333755493
42.733497619628906	37.40873336791992
34.36210632324219	40.61249542236328
36.82557678222656	37.07769012451172
41.59139156341553	36.12163066864014
20.842288970947266	22.31369972229004
16.354641437530518	25.837523460388184
24.808402061462402	24.881887435913086
28.151387214660645	31.894763946533203
28.492446899414062	38.42079544067383
29.545555114746094	29.693628311157227
34.32965850830078	36.47388458251953
37.80466842651367	36.718971252441406
30.521635055541992	32.3166389465332
16.862598419189453	5.368494033813477
27.080142498016357	27.48117208480835
31.031585693359375	37.766624450683594
24.09799861907959	27.33768939971924
35.27500534057617	39.091861724853516
39.065425872802734	35.410736083984375
23.25150489807129	28.941819190979004
36.520572662353516	38.721458435058594
42.06718063354492	42.66423797607422
18.922927379608154	18.862689971923828
20.01665496826172	23.953003406524658
31.699962615966797	32.310821533203125
26.765464782714844	24.95665454864502
27.299222946166992	22.949003219604492
35.74533462524414	31.32699966430664
21.981489658355713	27.60358715057373
22.045063018798828	29.164695739746094
34.404587745666504	22.946006298065186
41.27942657470703	40.3946647644043
25.408058166503906	27.991655349731445
35.66573238372803	37.957088470458984
39.859962463378906	38.3808479309082
18.61940574645996	17.405529499053955
27.606900215148926	27.08228302001953
31.80983543395996	27.60926628112793
25.698420524597168	26.464293479919434
23.431816577911377	23.977116107940674
13.440167427062988	9.822277307510376
29.841279983520508	37.03466796875
23.183642864227295	25.224234580993652
33.23347473144531	33.91344451904297
22.596410751342773	24.707751274108887
30.92003631591797	22.150021076202393
36.96579837799072	33.67737579345703
26.957539558410645	27.768221855163574
33.535675048828125	38.14397430419922
31.34036922454834	35.76255512237549
24.855791091918945	32.97132110595703
38.04794692993164	37.21659851074219
18.947575092315674	12.735327243804932
21.93982172012329	27.38968276977539
35.419368743896484	34.13755798339844
42.03704833984375	40.08527755737305
22.369834899902344	24.734061241149902
25.272401809692383	31.489219665527344
28.759403228759766	39.45553493499756
31.57537078857422	26.834120750427246
26.191414833068848	36.83079814910889
19.593372344970703	16.545095443725586
18.126296997070312	5.261762619018555
18.792544841766357	17.733627319335938
27.463050842285156	36.73469161987305
23.146621227264404	30.637264251708984
21.43873643875122	20.920782566070557
30.457280158996582	28.544137001037598
33.06071949005127	25.097439765930176
35.013710021972656	35.091461181640625
32.13661193847656	30.996954917907715
27.907238006591797	31.680442810058594
23.65253448486328	30.56161880493164
18.680043697357178	29.83190631866455
32.51018142700195	38.90357208251953
41.40888214111328	35.232977867126465
31.93073081970215	41.48767852783203
27.10850429534912	22.467470169067383
12.388917446136475	15.480680465698242
28.346439361572266	33.71466064453125
26.306201934814453	26.366520881652832
32.038570404052734	33.510902404785156
21.687093257904053	23.337162494659424
37.74232482910156	39.60005569458008
33.32712936401367	33.347731590270996
21.699790477752686	19.204490661621094
23.766420364379883	26.647982597351074
27.444570541381836	29.651264190673828
27.297849655151367	24.22364902496338
23.253526210784912	26.455533027648926
16.239234924316406	19.271674633026123
20.96243667602539	28.435632705688477
18.9148907661438	17.67024564743042
33.20623016357422	34.60456466674805
36.59949016571045	19.95598554611206
5.965400695800781	7.567209243774414
32.32519054412842	34.260512351989746
28.458369255065918	35.59449863433838
29.557329177856445	34.87774658203125
28.349246978759766	26.61287784576416
32.707557678222656	32.624244689941406
18.47113037109375	23.727051258087158
18.982977390289307	21.479732036590576
25.144389152526855	32.29703235626221
21.72890281677246	27.527758598327637
29.411922454833984	34.868587493896484
32.44459915161133	31.426090240478516
34.22510528564453	34.937408447265625
31.49825096130371	31.783843994140625
32.54046630859375	30.32019805908203
20.855422496795654	19.35891580581665
31.913555145263672	35.29189682006836
31.964845657348633	36.71262741088867
28.035006523132324	28.528653144836426
27.234027862548828	32.405982971191406
9.441854476928711	6.994658470153809
32.007476806640625	33.46098804473877
26.330291748046875	23.42635202407837
16.33552122116089	27.437819480895996
14.910322666168213	25.549687385559082
21.39559555053711	25.77971839904785
40.07622241973877	36.7492561340332
24.962337493896484	32.47947311401367
37.62473201751709	32.83699035644531
32.0234375	37.55485534667969
19.21804189682007	24.934341430664062
20.955717086791992	26.48872947692871
10.26750111579895	8.4131920337677
23.307960033416748	26.74625015258789
21.785070419311523	19.527145385742188
28.316943168640137	25.066981315612793
22.88445281982422	26.858623504638672
20.7308030128479	18.876899480819702
28.364633560180664	30.275667190551758
34.60003662109375	38.296871185302734
29.63503360748291	26.878337860107422
33.06155776977539	33.370792388916016
38.50275421142578	26.04851245880127
11.104828119277954	10.207102060317993
18.605133056640625	18.326492309570312
24.35884380340576	40.238030433654785
29.667858123779297	38.317298889160156
43.570045471191406	43.11201477050781
26.618651390075684	33.64464569091797
31.987812042236328	37.422874450683594
27.945639610290527	27.425545692443848
23.809673309326172	25.248530387878418
28.798778533935547	35.052425384521484
22.15207529067993	23.76524019241333
31.790616989135742	36.3232307434082
