28.86327838897705	26.37220287322998
31.43927764892578	26.200112342834473
28.611419677734375	22.64112424850464
26.675271034240723	23.662017345428467
22.59937620162964	20.853511333465576
28.586517333984375	25.785527229309082
30.537378311157227	24.02974510192871
31.4652042388916	31.20670223236084
26.330623626708984	23.83485746383667
23.34075927734375	24.77334213256836
32.58652925491333	29.24539089202881
17.394092559814453	20.702075958251953
16.264692306518555	23.93834638595581
18.984424591064453	19.8004207611084
18.642284393310547	16.482702255249023
28.229321479797363	25.089677810668945
24.27561092376709	25.826273918151855
22.40571403503418	21.41409683227539
33.75336456298828	26.60995101928711
35.71320343017578	33.68182373046875
31.796070098876953	27.376928329467773
27.679987907409668	31.19798183441162
20.145748138427734	19.1846866607666
24.615689277648926	26.096237182617188
26.884552001953125	27.16713237762451
13.630728721618652	16.54168701171875
17.50366973876953	19.024625778198242
28.09335422515869	27.84916877746582
16.756793975830078	16.31064748764038
23.823856830596924	21.366321086883545
17.463796615600586	17.871017456054688
40.17630672454834	34.418206214904785
23.214874267578125	18.969791412353516
19.885753631591797	21.35729217529297
20.536441326141357	22.94529962539673
26.899154663085938	24.49325466156006
22.625328063964844	18.731197357177734
26.881376266479492	22.14486312866211
33.078179359436035	26.407320499420166
31.900161743164062	29.52812957763672
24.998823165893555	22.03125
18.311260223388672	19.118257522583008
24.31567096710205	23.00603485107422
21.476598739624023	20.491111755371094
19.502681732177734	18.33650016784668
32.037574768066406	30.407676696777344
26.459166526794434	24.896183967590332
29.58534336090088	24.829513549804688
29.951967239379883	30.412841796875
30.67258358001709	26.37245464324951
22.36976432800293	17.382719039916992
18.905176162719727	18.564960479736328
24.840911865234375	23.787208557128906
24.664320945739746	26.761384963989258
18.891054153442383	17.263809204101562
24.482531547546387	21.477742195129395
31.10060453414917	27.40382671356201
20.828365325927734	19.743724822998047
28.815826416015625	23.551712036132812
24.0838565826416	18.185657501220703
22.77848768234253	25.612189292907715
17.780811309814453	19.48495864868164
38.45799922943115	32.93924617767334
26.838939666748047	27.81283950805664
20.04580307006836	22.47343111038208
25.099448204040527	24.669894218444824
21.463016510009766	21.58771514892578
18.496524810791016	20.32447099685669
32.086501121520996	29.41783332824707
24.93817138671875	22.306989669799805
27.4595947265625	27.602917671203613
21.97278594970703	18.846450805664062
30.30411148071289	26.77756118774414
30.54595184326172	27.33065414428711
21.97777557373047	18.402027130126953
32.5062255859375	29.535804748535156
33.57734680175781	27.109371185302734
16.846492767333984	17.120065689086914
25.610970497131348	21.99311399459839
21.491361618041992	16.74983787536621
29.619140625	22.520708084106445
10.694707870483398	12.006416320800781
30.43030071258545	26.551875114440918
23.313549041748047	26.776785850524902
21.797086715698242	20.92034149169922
27.40861988067627	30.503823280334473
18.575347423553467	24.386778831481934
26.957767486572266	28.800012588500977
12.229089736938477	12.633846282958984
21.916847705841064	23.97604751586914
23.505447387695312	17.7677001953125
20.472068786621094	18.523658752441406
33.38582992553711	29.628875732421875
31.167205810546875	26.678698539733887
27.079155921936035	27.686453819274902
35.234676361083984	24.436572074890137
23.480987548828125	21.639171600341797
26.55977725982666	24.206005096435547
40.16316223144531	34.42942810058594
25.730941772460938	22.108165740966797
31.236376762390137	29.04785442352295
26.51224994659424	21.38050889968872
29.041037559509277	28.057942390441895
27.964550971984863	22.09482192993164
25.748230934143066	22.07089376449585
29.32576560974121	22.711525440216064
25.355563163757324	24.506852626800537
28.11950397491455	23.700759887695312
25.184575080871582	23.23482084274292
29.250452041625977	22.75790548324585
11.400169372558594	12.110067367553711
16.605106353759766	17.139572143554688
16.75832748413086	16.668712615966797
18.89919662475586	17.77175521850586
14.55579948425293	17.983346939086914
17.223838806152344	20.8688006401062
18.140892505645752	20.881954193115234
33.59018611907959	29.054969787597656
20.030153274536133	21.01317024230957
23.834651470184326	21.98907709121704
28.73734188079834	28.145024299621582
27.584728240966797	19.51559066772461
26.100065231323242	24.99638271331787
28.586949348449707	26.041829109191895
15.583663940429688	17.576364517211914
38.64326000213623	31.068873405456543
29.44789981842041	23.273373126983643
24.58989429473877	20.60204315185547
32.14393329620361	27.385680198669434
17.923362731933594	16.0189266204834
29.899449348449707	24.97746706008911
31.276399612426758	31.79483413696289
24.27001953125	28.111021041870117
28.303593635559082	24.988451957702637
22.988475799560547	18.7116641998291
22.564878463745117	20.91604995727539
20.983240127563477	18.277685165405273
24.310921669006348	20.299620151519775
26.52670383453369	21.420015335083008
25.335448265075684	22.572757244110107
19.144943237304688	15.737520217895508
22.958534240722656	20.64443016052246
35.77396774291992	27.61856460571289
26.069077491760254	23.006585597991943
21.33504295349121	22.840965270996094
25.601231575012207	23.923805236816406
22.69411039352417	23.763529300689697
25.693519592285156	23.484839916229248
27.99601936340332	27.94413185119629
24.12079620361328	20.238323211669922
23.135039806365967	22.476558208465576
35.86998748779297	32.56195831298828
21.505508422851562	21.37772798538208
39.56703186035156	34.10266160964966
42.76112365722656	37.71591567993164
33.69828128814697	28.46513271331787
23.110456466674805	17.318622589111328
25.604601860046387	22.611080646514893
28.146964073181152	24.955464363098145
21.887264251708984	20.60776138305664
25.043859481811523	22.013717651367188
20.438243865966797	20.383209228515625
20.144046306610107	22.365230083465576
18.229498386383057	16.364348888397217
23.761280059814453	19.32343292236328
23.543453216552734	25.328493118286133
23.20863962173462	24.926064491271973
21.711091995239258	18.699731826782227
37.086663246154785	33.3006477355957
22.322399139404297	19.73772430419922
34.873863220214844	31.876678466796875
26.53663158416748	23.225629806518555
32.32687282562256	28.799906730651855
20.163711547851562	17.70379114151001
30.41279125213623	25.914198875427246
18.74266004562378	22.993067264556885
22.7860164642334	19.678356170654297
43.57973098754883	35.81883239746094
24.3251895904541	22.494167804718018
18.912105560302734	18.745121002197266
22.3955135345459	18.965396881103516
24.646522521972656	21.340440273284912
31.41265869140625	24.067585945129395
17.47689437866211	13.170848846435547
17.0950984954834	19.657660961151123
36.50148868560791	31.44122314453125
23.62241506576538	22.559095859527588
28.78278636932373	25.000176429748535
23.81714630126953	21.14305830001831
19.92717218399048	25.062758445739746
16.588666915893555	14.847589492797852
19.986488342285156	19.996260166168213
15.820137977600098	17.243080139160156
42.143062591552734	38.25556945800781
23.319599151611328	20.71639633178711
19.0711612701416	19.43017578125
31.482413291931152	26.798678398132324
22.52389097213745	22.45244264602661
27.807775497436523	27.51742172241211
31.685993194580078	29.55730628967285
16.521289825439453	15.374692916870117
30.996508598327637	29.776382446289062
17.120551586151123	19.42734146118164
23.073999881744385	22.776347637176514
24.83942699432373	28.30125904083252
26.148971557617188	22.251464366912842
21.460613250732422	22.90230131149292
29.149231910705566	25.741433143615723
22.346769332885742	19.25238561630249
26.441651344299316	23.827541828155518
22.298755645751953	20.391551971435547
36.23067855834961	29.097530364990234
33.078572273254395	28.240044593811035
18.25762367248535	16.71034049987793
32.80785369873047	31.446330070495605
22.868324279785156	20.35442352294922
31.38182258605957	29.992363929748535
20.432273864746094	20.735023498535156
23.739739894866943	24.826998710632324
23.318088054656982	24.302066802978516
36.357933044433594	34.948760986328125
25.92220973968506	18.981120586395264
38.23626708984375	35.44152069091797
45.97547912597656	39.82905578613281
35.00053024291992	26.914132118225098
25.048620223999023	20.332225799560547
26.922297477722168	27.34295082092285
19.12166976928711	19.91925048828125
21.745697021484375	21.92993402481079
34.04170227050781	29.332252502441406
33.6234130859375	32.44453430175781
29.91474437713623	23.70684814453125
25.803966522216797	23.44524335861206
24.7558536529541	22.991782665252686
37.56945037841797	34.647911071777344
37.628116607666016	30.118846893310547
26.982025146484375	21.953659057617188
24.328182220458984	20.13064956665039
18.531160354614258	18.407127380371094
19.482192993164062	18.496248245239258
26.686543464660645	23.604198932647705
21.562442779541016	21.598018169403076
27.163536071777344	25.982468605041504
28.074225425720215	26.810440063476562
23.000720500946045	23.611299991607666
25.075936317443848	23.833152294158936
30.781967163085938	29.88607406616211
25.91429615020752	29.994489669799805
26.051276206970215	24.911879539489746
26.288005828857422	22.43356704711914
28.94671630859375	30.28689193725586
21.381258010864258	23.31458282470703
30.589916229248047	26.878509521484375
32.0273551940918	29.10706615447998
21.46920347213745	21.757095336914062
37.895236015319824	32.39628982543945
22.661171436309814	22.94281768798828
26.275076866149902	26.265063285827637
23.39394760131836	21.09354019165039
22.43704605102539	19.18068265914917
22.87062120437622	21.918049335479736
29.804085731506348	21.9740252494812
15.139449119567871	16.783174514770508
27.88758373260498	26.21088695526123
34.95918273925781	29.83634090423584
30.10725688934326	26.808551788330078
17.968965530395508	18.74944496154785
28.80754852294922	27.507099151611328
10.45569896697998	12.992105484008789
28.485909461975098	28.036422729492188
19.67095184326172	19.335254669189453
25.537004470825195	21.095054626464844
27.72761821746826	24.258481979370117
19.930423736572266	19.327787399291992
15.348210334777832	16.661884307861328
20.24988555908203	17.079221725463867
17.8701114654541	15.432079315185547
19.682405948638916	22.092470169067383
17.122334003448486	18.80910301208496
28.18285846710205	25.038771629333496
18.789634704589844	19.0461483001709
23.27219009399414	23.690597534179688
20.283149242401123	23.043647289276123
23.51588487625122	22.378136157989502
25.59470272064209	21.292129039764404
28.10149383544922	25.718387603759766
36.55050754547119	31.481263637542725
23.302465438842773	20.174766540527344
18.527727127075195	21.610050201416016
21.301547527313232	18.1501407623291
10.342698097229004	11.469683647155762
23.44487428665161	26.007943153381348
25.4628267288208	24.377205848693848
32.60301876068115	27.026533126831055
18.16636848449707	18.244014739990234
24.825504302978516	20.823211669921875
29.374428749084473	23.084179401397705
30.230945587158203	27.900365829467773
28.929279327392578	22.011606216430664
26.466742515563965	23.425482273101807
20.72012710571289	19.192533493041992
38.56631517410278	31.667704582214355
22.684022426605225	22.831626892089844
24.021778106689453	21.22344446182251
31.702746391296387	26.25395965576172
24.568339347839355	20.62837028503418
18.76811981201172	17.552688598632812
36.90648651123047	33.532264709472656
34.19870853424072	28.540589332580566
24.255858421325684	21.462002277374268
23.76828384399414	18.635757446289062
23.010114669799805	21.835636138916016
18.348677158355713	16.194481372833252
24.660232543945312	23.785464763641357
17.98626136779785	17.419906616210938
30.89777374267578	30.28351593017578
22.237567901611328	19.17171859741211
26.100708961486816	26.080573081970215
25.40288543701172	21.71237325668335
24.69411277770996	20.509706497192383
18.012169361114502	15.341151237487793
25.35387897491455	23.9615421295166
39.241737365722656	37.034271240234375
20.09682846069336	18.94556999206543
12.572938919067383	12.694722175598145
38.85065460205078	34.36634826660156
25.406636238098145	21.02618980407715
17.676090240478516	18.517044067382812
23.60065269470215	22.96382188796997
29.59903621673584	27.01956081390381
19.220942974090576	21.4232439994812
24.208983421325684	26.331599235534668
23.845835208892822	22.45424222946167
17.01624870300293	17.36530303955078
26.006616592407227	20.409366607666016
22.9990234375	21.57866668701172
30.582508087158203	26.084217071533203
29.813444137573242	24.355178833007812
26.462342262268066	25.956607818603516
27.642751693725586	26.650543212890625
21.21556520462036	25.60397243499756
24.794912338256836	22.606929302215576
18.471107482910156	15.97830581665039
12.404722213745117	18.244632720947266
12.002300262451172	12.791461944580078
15.70398235321045	18.913372039794922
16.448863983154297	18.755704879760742
16.073028564453125	17.578506469726562
23.121944427490234	20.347238540649414
41.88600158691406	34.88214111328125
20.861980438232422	18.053836822509766
19.516942977905273	18.460949420928955
20.013845443725586	16.9371337890625
30.6412935256958	26.532750129699707
27.58140277862549	23.68883514404297
30.024547576904297	27.441028594970703
25.651737213134766	22.39451837539673
25.91648578643799	24.017140865325928
20.07319450378418	19.82288360595703
27.21155834197998	22.244303226470947
10.002317428588867	12.462138175964355
22.661888122558594	23.54677391052246
23.200814723968506	22.58622694015503
19.878271102905273	19.19489097595215
26.60115909576416	21.491055965423584
21.923762798309326	21.549304962158203
32.59172058105469	26.378414154052734
20.101444244384766	18.16943359375
20.93433380126953	19.057449340820312
18.842342376708984	21.184471607208252
26.882683753967285	24.408336639404297
37.294578552246094	29.013107299804688
29.500720024108887	31.30996799468994
26.522360801696777	25.715938568115234
12.436956882476807	15.638095378875732
25.488947868347168	25.373888969421387
29.717278480529785	26.04121446609497
31.25012969970703	27.361358642578125
24.94390869140625	19.998900890350342
32.128074645996094	27.132184982299805
33.87916660308838	29.694376945495605
15.334811210632324	12.128274917602539
26.110774040222168	26.558650016784668
17.443124771118164	19.336532592773438
26.805447578430176	24.748343467712402
19.943119049072266	17.655092239379883
22.62259340286255	22.856430530548096
22.83070135116577	21.446887493133545
26.476418495178223	21.9370379447937
10.061969757080078	11.568432807922363
20.55400276184082	20.94451904296875
34.05757999420166	27.66830348968506
24.435084342956543	22.724274158477783
20.235353469848633	17.011009216308594
31.069087028503418	28.835074424743652
26.834527015686035	27.854533195495605
16.328514099121094	16.649333953857422
14.71425724029541	16.56979751586914
23.018835067749023	21.019981384277344
31.38596773147583	27.304110527038574
15.742193698883057	15.487505435943604
21.526089191436768	19.418365001678467
18.3790283203125	19.006427764892578
19.49453353881836	17.255496978759766
20.58473539352417	19.42047357559204
24.471888542175293	21.674919605255127
32.76818513870239	28.020625114440918
20.978107452392578	21.68729066848755
27.52514362335205	26.10806179046631
22.353681564331055	19.61867666244507
27.170605659484863	22.84667158126831
27.5476655960083	26.72563076019287
25.450767517089844	24.204663276672363
32.90536880493164	30.506037712097168
19.939571380615234	20.211448669433594
29.586493492126465	28.249420166015625
31.041769981384277	27.116432189941406
26.6903657913208	29.11333179473877
22.540414810180664	22.092620849609375
24.58523654937744	22.91486406326294
18.61656951904297	18.24549674987793
29.7142276763916	31.91354751586914
40.53380584716797	33.013346672058105
17.829212188720703	18.38555145263672
29.84348487854004	30.354341506958008
29.44233798980713	28.22120761871338
25.74623394012451	22.97486686706543
25.519071578979492	22.386680603027344
27.07796001434326	24.17728042602539
26.443121910095215	23.009422302246094
24.926593780517578	27.91669464111328
37.45107936859131	33.7727165222168
23.68932867050171	22.72205686569214
28.6047101020813	28.005800247192383
20.878507614135742	20.924251556396484
27.673373222351074	24.089375495910645
19.256759643554688	16.844356536865234
24.826553344726562	23.191781997680664
19.244726181030273	17.444141387939453
36.91795349121094	30.533123016357422
26.634352684020996	23.47340440750122
19.49494171142578	20.154102325439453
21.797080993652344	22.996371746063232
32.355430603027344	28.836139678955078
30.828718185424805	24.566954612731934
34.75274658203125	33.30978012084961
31.277626991271973	25.527743339538574
25.378097534179688	21.304912567138672
24.902080535888672	26.661498069763184
23.661448001861572	24.72868251800537
24.010196685791016	25.870322227478027
27.41209888458252	24.732081413269043
26.855690002441406	23.590857982635498
18.625207901000977	19.97288703918457
18.311668395996094	18.855472564697266
32.553428649902344	27.732596397399902
29.883390426635742	30.109580993652344
41.77248001098633	33.03022766113281
19.38581085205078	19.176883697509766
20.192251205444336	16.740617752075195
21.40007972717285	19.647478103637695
19.71400022506714	20.592196941375732
19.962034225463867	18.01519012451172
19.26476240158081	22.38469362258911
16.253353118896484	16.398128509521484
15.313692092895508	16.255050659179688
29.97916030883789	26.51619815826416
37.02447509765625	34.47997283935547
35.36308288574219	29.633893966674805
19.760665893554688	17.46449851989746
29.73394012451172	26.706134796142578
18.407426834106445	16.043087005615234
28.4807071685791	28.099388122558594
27.2757568359375	23.054218769073486
27.752806663513184	25.07218837738037
30.15802001953125	27.721744537353516
31.029667854309082	26.062620162963867
38.56275939941406	34.49519729614258
31.0946044921875	26.01841449737549
34.4532470703125	29.63282012939453
27.732871055603027	23.076380252838135
26.35554599761963	23.923227310180664
30.63980484008789	27.957172393798828
23.38789415359497	21.748161792755127
24.279576301574707	21.411834239959717
24.377262115478516	24.457582473754883
27.803561210632324	28.071965217590332
18.466535568237305	18.48674774169922
16.512548446655273	18.051498413085938
20.35562753677368	22.828721523284912
31.056653022766113	23.62712860107422
20.261810302734375	20.468488693237305
16.763641357421875	19.925594329833984
25.821181297302246	25.148780822753906
18.83716583251953	17.268972396850586
16.75173568725586	17.4161696434021
30.415815353393555	27.271915435791016
27.714122772216797	24.927895545959473
32.976924896240234	32.96711730957031
22.824783325195312	21.80445098876953
32.242443561553955	27.146379947662354
24.818103790283203	21.479580402374268
25.354270935058594	24.723132133483887
24.054977416992188	22.128013610839844
29.382356643676758	27.738947868347168
25.96999168395996	19.69092607498169
24.17647933959961	21.531856536865234
30.92230987548828	31.59084701538086
32.26285457611084	27.750171661376953
19.358829498291016	20.229015350341797
15.992708206176758	18.484989166259766
21.401889324188232	23.631083965301514
30.211862564086914	25.628372192382812
16.019763946533203	17.692798614501953
13.325486183166504	16.515697479248047
17.26539659500122	18.752785205841064
18.759201049804688	16.8111572265625
23.290436267852783	23.894964694976807
29.08157730102539	27.983222007751465
23.226521015167236	20.43120574951172
18.92268419265747	15.881343841552734
22.55561399459839	22.24390411376953
20.98520278930664	19.495622634887695
24.408259391784668	24.868918418884277
25.486659049987793	21.877670288085938
17.885194778442383	18.814382553100586
19.309127807617188	18.923969268798828
26.44497013092041	28.436542510986328
31.622760772705078	30.99521541595459
19.858226776123047	23.022418975830078
12.919835090637207	12.415576934814453
17.12923240661621	14.636322021484375
29.09732151031494	26.91880702972412
16.739845275878906	16.36804962158203
35.70156955718994	30.248448371887207
32.50719451904297	25.115081787109375
29.47707748413086	21.194805145263672
31.442238807678223	24.71052646636963
24.81771469116211	21.597251415252686
27.967817306518555	22.604595184326172
25.3194637298584	23.874618530273438
19.89631462097168	20.922584533691406
16.579577922821045	17.93860960006714
22.499393463134766	24.460269927978516
22.162940979003906	22.463516235351562
29.92906951904297	24.97317123413086
26.619770050048828	22.80866289138794
23.278145790100098	20.2685809135437
25.124573707580566	22.47228240966797
25.00320339202881	24.48302936553955
28.055025100708008	28.440728187561035
25.430368423461914	21.109100818634033
29.87196636199951	25.747861862182617
24.006096839904785	24.3158540725708
17.480052947998047	18.26897430419922
35.132598876953125	29.467622756958008
23.53138542175293	18.687883377075195
16.711729049682617	17.401287078857422
30.701125144958496	26.376949310302734
21.121606826782227	17.73706817626953
19.75969886779785	17.90863800048828
21.422605991363525	22.707653045654297
27.276034355163574	23.731171131134033
35.096431732177734	27.293415069580078
17.258241653442383	17.492679595947266
17.338912963867188	16.184925079345703
17.373647689819336	16.524981021881104
17.39798355102539	17.888827800750732
19.479991912841797	19.768871307373047
22.67766571044922	18.649494171142578
21.765460968017578	17.90802526473999
31.81460666656494	28.387850761413574
17.902755737304688	19.79713249206543
19.097900390625	18.733745098114014
35.294254302978516	30.045024871826172
15.396117210388184	12.14335823059082
21.268840312957764	20.804855346679688
29.657054901123047	23.049048900604248
20.553447723388672	18.565418243408203
31.622777938842773	28.067031860351562
28.855253219604492	23.01124906539917
19.15054702758789	18.877857208251953
15.828723907470703	17.18612289428711
22.238811492919922	18.05816650390625
32.39472198486328	29.793943405151367
36.69694185256958	32.92863130569458
24.017715454101562	23.280239582061768
23.943336009979248	24.37232208251953
31.83434772491455	22.468249797821045
34.21849060058594	28.236133575439453
18.619990825653076	16.747165203094482
21.378374099731445	19.74289894104004
18.796157836914062	18.12484359741211
23.127193450927734	18.223018646240234
29.09498691558838	26.0169038772583
23.345702648162842	21.67549180984497
23.948009490966797	22.87801694869995
38.77543544769287	28.536157608032227
23.754394054412842	21.30390501022339
31.52229118347168	30.047779083251953
26.495908737182617	21.80040740966797
31.60433864593506	28.185816764831543
17.579999923706055	17.714387893676758
29.488720893859863	26.405104637145996
22.166557788848877	23.690980911254883
22.43542242050171	21.5019793510437
22.332496643066406	20.81291961669922
13.771413803100586	16.14041519165039
26.11472511291504	26.703426361083984
25.51929473876953	18.21222686767578
24.884017944335938	23.32632064819336
17.602264881134033	15.805714130401611
22.539602279663086	20.99563980102539
29.18356704711914	24.956748962402344
22.758075714111328	24.50277328491211
20.814301013946533	22.08202314376831
27.561936378479004	23.621193408966064
22.732333660125732	20.7250714302063
22.00562810897827	22.087768077850342
18.928211212158203	20.129674911499023
18.36549711227417	16.613685607910156
23.17362928390503	23.33277940750122
27.233722686767578	25.35091209411621
18.121807098388672	17.34911346435547
24.727675437927246	24.39159107208252
17.438385009765625	16.72551727294922
37.52156448364258	34.09035873413086
14.287927150726318	16.101775646209717
32.08472442626953	30.545907974243164
22.088390350341797	20.918712615966797
21.527977466583252	19.830864429473877
26.16737651824951	24.402119636535645
19.653295516967773	18.864147186279297
31.044065475463867	29.834918975830078
32.99066925048828	26.953948974609375
25.1892728805542	25.907498359680176
22.275575637817383	21.024034023284912
19.403226852416992	19.298614501953125
24.380702018737793	22.005662441253662
19.440074920654297	19.053834915161133
28.557223320007324	25.84464454650879
27.729443550109863	22.419811248779297
21.750171661376953	19.949798583984375
18.942161560058594	14.937101364135742
20.518978118896484	18.55317497253418
30.49808406829834	26.134961128234863
23.034165859222412	26.055058479309082
23.652953624725342	22.190249919891357
34.65332508087158	28.283592224121094
37.13911533355713	28.74161720275879
33.53509187698364	33.17047119140625
18.252426147460938	18.55234146118164
26.273978233337402	22.699716567993164
16.58102035522461	19.75269317626953
21.618194103240967	20.48371124267578
22.957469940185547	18.849227905273438
36.651082038879395	32.299442291259766
25.71093463897705	17.956871509552002
24.956534385681152	22.74369478225708
25.21633243560791	22.478363513946533
21.972365856170654	20.866185665130615
21.326758861541748	19.469974994659424
17.433504581451416	15.109212398529053
17.251460552215576	15.045202732086182
14.8231201171875	15.705517768859863
23.71442413330078	22.06489133834839
24.883057594299316	22.787137985229492
32.58332347869873	28.446702003479004
36.18074035644531	32.26999282836914
28.03524112701416	24.216816902160645
31.78773021697998	29.259455680847168
24.291254997253418	20.773359775543213
26.617534637451172	25.27831268310547
18.85951805114746	21.634672164916992
31.928546905517578	29.552587509155273
29.866284370422363	27.345073699951172
18.342653274536133	19.461429595947266
24.921409606933594	21.92521047592163
19.91818857192993	20.413753509521484
16.205541610717773	12.886723518371582
17.607257843017578	18.218660354614258
16.9901180267334	20.11532974243164
45.77633285522461	38.4453649520874
36.855323791503906	31.99700355529785
18.05738639831543	18.114696502685547
24.966733932495117	23.55690336227417
25.356605529785156	24.75282382965088
17.05527114868164	18.595182418823242
17.795495986938477	19.570350646972656
23.612358570098877	22.41954803466797
29.494340896606445	28.091821670532227
32.71595001220703	23.624019622802734
29.191397666931152	24.424072265625
17.230850219726562	16.1751766204834
18.902938842773438	15.729775428771973
24.683255195617676	24.48885726928711
16.71601152420044	20.32014513015747
28.022197723388672	24.043381690979004
24.589030265808105	20.036860942840576
22.518047332763672	20.110763549804688
35.51908493041992	31.446216583251953
28.049320220947266	18.72357177734375
26.440913200378418	21.476951122283936
22.91244077682495	23.336746215820312
27.16190242767334	28.63967514038086
30.258853912353516	26.985612869262695
16.99832534790039	18.176841735839844
21.559505462646484	21.518327713012695
27.284440994262695	28.09847068786621
19.820690155029297	17.53419303894043
35.41045379638672	31.467243194580078
26.567338943481445	26.17416000366211
30.28842544555664	26.087127685546875
19.618462085723877	23.12912893295288
29.957015991210938	24.29849624633789
38.922306060791016	35.607144355773926
18.201294422149658	18.59374237060547
24.123859405517578	20.44064712524414
14.6997652053833	19.543201446533203
29.318599700927734	24.207019805908203
25.822826385498047	22.651613235473633
22.023552417755127	21.46432113647461
16.240840911865234	18.517505645751953
38.342525482177734	32.78339385986328
39.60193634033203	33.53562927246094
21.202436447143555	21.955001831054688
18.670162200927734	20.994728088378906
39.63243103027344	33.29454040527344
26.661277770996094	24.804774284362793
22.62562608718872	22.288890838623047
29.840911865234375	26.8283634185791
20.79364013671875	16.484275817871094
26.579774856567383	27.782665252685547
22.511137008666992	22.900897979736328
38.22946548461914	33.48122024536133
27.349963188171387	23.854270935058594
38.734642028808594	35.7430534362793
19.526790618896484	19.11048173904419
23.981290340423584	27.441267013549805
34.05342102050781	33.49116516113281
29.82923126220703	27.19197177886963
24.001293182373047	24.34471893310547
26.302136421203613	25.797429084777832
21.6617431640625	22.139236450195312
13.007855415344238	16.08119773864746
20.40802764892578	18.553434371948242
29.300365447998047	28.64854145050049
34.78418731689453	32.70923614501953
21.481769561767578	17.07730484008789
32.257370948791504	31.7191743850708
20.741558074951172	23.71133852005005
22.085453510284424	20.558825969696045
24.691386222839355	23.508304595947266
35.34598922729492	30.88665008544922
34.03944396972656	24.546140670776367
23.734477996826172	23.06629753112793
23.45736837387085	25.150772094726562
23.393089294433594	20.01213836669922
29.927722930908203	27.273298263549805
21.286422729492188	18.20431137084961
24.224764823913574	22.291527271270752
26.136425971984863	24.83854579925537
25.36135768890381	20.824207305908203
27.264567375183105	24.586758613586426
25.212385177612305	21.276405334472656
19.217864990234375	23.33209228515625
23.45372772216797	24.088085174560547
26.88157081604004	25.341785430908203
30.392863750457764	26.983637809753418
22.087520599365234	22.172813415527344
24.032283782958984	21.962051391601562
30.828463554382324	26.990635871887207
30.075353622436523	24.62113094329834
24.042426109313965	25.038451194763184
30.8021297454834	27.540607452392578
20.68679428100586	16.94015121459961
27.69433307647705	23.569210052490234
29.572961807250977	28.039758682250977
24.535701751708984	19.23685073852539
29.12300205230713	24.609143257141113
28.275280952453613	27.79811668395996
25.29848861694336	19.098243713378906
22.673873901367188	19.046552658081055
31.854443550109863	25.813677310943604
30.774876594543457	29.68556499481201
17.17574119567871	18.350109100341797
32.15371227264404	26.25333881378174
16.539615631103516	19.203380584716797
30.821449279785156	28.363941192626953
23.741392135620117	20.506711959838867
26.414111137390137	24.27113628387451
19.500868320465088	16.280319213867188
18.487720012664795	17.680728435516357
28.6404390335083	25.91568088531494
19.739665985107422	16.93560218811035
31.875861167907715	28.759142875671387
28.3277006149292	23.980068683624268
33.816444396972656	27.601905822753906
36.404090881347656	28.667195320129395
21.250526428222656	20.91057777404785
19.65643882751465	17.797460556030273
23.17204713821411	21.15034532546997
23.455055236816406	23.708526134490967
13.556628227233887	16.452306747436523
24.849088191986084	23.222928047180176
34.877647399902344	32.598514556884766
30.710165977478027	27.128451347351074
30.049355506896973	28.642910957336426
18.76443862915039	18.281282424926758
24.021228790283203	21.84400177001953
9.849746704101562	12.312549591064453
25.5613374710083	21.76939058303833
22.003604888916016	17.844818115234375
31.962321281433105	27.79768466949463
28.279091835021973	25.482913970947266
23.729591369628906	29.959379196166992
33.704495429992676	29.898648262023926
25.48542308807373	24.971766471862793
22.17090940475464	20.5283203125
22.864356994628906	21.173995971679688
19.79721450805664	20.615219593048096
28.550408363342285	26.165236473083496
19.390867233276367	17.877483367919922
26.635685920715332	23.07771921157837
32.39907932281494	28.933762550354004
31.612544059753418	26.347904205322266
28.185745239257812	20.809261322021484
28.068795204162598	25.58191680908203
34.92771911621094	34.553070068359375
21.470324993133545	20.660644054412842
20.780372619628906	20.05337142944336
31.790250778198242	31.477161407470703
23.692867755889893	19.954587936401367
24.859577178955078	24.991215705871582
24.10041904449463	22.969592571258545
19.18570327758789	19.134855270385742
16.74544906616211	18.448890686035156
21.833255767822266	20.204674243927002
29.155898094177246	22.80939817428589
29.624061584472656	28.18488311767578
27.57362651824951	25.24200439453125
29.54648494720459	25.37235975265503
29.401362419128418	27.710028648376465
23.64054822921753	19.32273817062378
24.06093120574951	20.6596941947937
29.44908618927002	23.57283115386963
25.32675075531006	26.620104789733887
34.798996925354004	28.725866317749023
23.22037124633789	18.61733627319336
27.68650531768799	25.69189453125
26.510310173034668	23.849681854248047
16.96495819091797	18.96657371520996
24.988274574279785	21.78229522705078
23.82062530517578	21.604715824127197
19.338760375976562	17.965255737304688
15.9109525680542	12.735690116882324
20.470863819122314	15.918296813964844
19.86090087890625	20.01213312149048
20.55696678161621	18.72398567199707
21.052608489990234	23.8257737159729
21.750407695770264	19.65177869796753
34.44327926635742	27.517929077148438
28.609837532043457	26.14076328277588
22.369205474853516	20.886104583740234
17.222070693969727	17.0142560005188
22.636241912841797	20.043357849121094
27.128562927246094	26.710204124450684
17.537285327911377	16.809986114501953
18.85073471069336	19.818361282348633
27.970476150512695	24.992817878723145
36.307379722595215	27.48515796661377
20.226741790771484	20.756519317626953
16.022655487060547	18.346118927001953
20.122454166412354	19.94379472732544
28.368682861328125	22.05709934234619
15.91569185256958	14.721622467041016
29.029701232910156	26.569625854492188
22.197452545166016	19.100290298461914
27.41667366027832	23.378751754760742
19.34337615966797	19.400501251220703
18.05499839782715	21.994970321655273
30.90045738220215	26.63650894165039
25.255791664123535	22.699607849121094
19.02764892578125	17.99380874633789
22.764188289642334	26.825554847717285
20.869953632354736	20.436997890472412
22.056123733520508	22.603099822998047
21.791122913360596	18.759716033935547
23.25899314880371	21.806509017944336
27.601890563964844	25.337708473205566
32.4010705947876	26.587105751037598
23.656535625457764	25.40599536895752
22.23561143875122	18.67898941040039
15.121866703033447	15.630972862243652
28.406089782714844	26.78708267211914
30.67192554473877	29.546164512634277
21.145347118377686	21.245018005371094
18.283510208129883	20.340610027313232
21.023364543914795	22.342353343963623
36.891109466552734	34.908084869384766
32.038902282714844	26.557860374450684
20.386545181274414	17.926239013671875
30.701955795288086	27.993385314941406
20.514801025390625	22.143068313598633
11.039639472961426	12.755666732788086
11.041621208190918	13.352460861206055
20.627593994140625	23.389354705810547
18.379535675048828	19.65182876586914
13.485177040100098	18.668357849121094
23.9345703125	15.831645965576172
37.25434112548828	29.93990993499756
25.989641189575195	25.330598831176758
21.56938934326172	20.51634979248047
18.395179748535156	17.958118438720703
32.01329803466797	31.925384521484375
34.348998069763184	26.249356269836426
17.652559280395508	19.555938720703125
28.799224853515625	30.594905853271484
38.1237678527832	33.70802688598633
31.714802742004395	27.536564826965332
45.202972412109375	34.69797420501709
23.53273057937622	20.61736536026001
15.399715423583984	13.008636474609375
26.809146881103516	24.436989784240723
32.116393089294434	25.983318328857422
27.409452438354492	24.098651885986328
19.63265037536621	19.24060821533203
26.162055015563965	21.133882999420166
31.64305877685547	31.071245193481445
22.797521591186523	20.406578063964844
32.77384567260742	30.319591522216797
24.189208030700684	22.814151763916016
32.606361389160156	25.96432113647461
24.95906639099121	20.30470848083496
25.41775131225586	21.683205127716064
25.547289848327637	25.95706844329834
20.725811004638672	20.590892791748047
33.22572326660156	26.30119514465332
24.995932579040527	24.894187450408936
21.17741584777832	17.088376998901367
19.562244415283203	20.220273971557617
23.32101058959961	23.44771957397461
23.960193157196045	20.61489486694336
26.235875129699707	22.666870594024658
33.43349838256836	31.554115295410156
23.038062572479248	21.804192066192627
27.92072296142578	26.89540958404541
27.674448013305664	24.955007553100586
19.906265258789062	16.758506298065186
36.788169860839844	36.084877014160156
29.281373977661133	25.784554481506348
25.438897132873535	22.61361265182495
23.62224578857422	24.310291290283203
37.327117919921875	33.6201171875
20.749385833740234	20.40977668762207
18.549048900604248	18.79806089401245
32.80250644683838	23.983280181884766
21.928129196166992	19.634502410888672
30.413841247558594	22.741321563720703
29.94800090789795	23.48787832260132
17.611095428466797	14.792039394378662
25.271235466003418	24.55231761932373
23.709730625152588	22.3270525932312
21.848434448242188	21.086217880249023
18.10570526123047	20.41937255859375
20.526371002197266	21.894439697265625
20.848979949951172	20.194087982177734
18.862682819366455	20.119518756866455
30.475756645202637	26.199954986572266
26.57819366455078	27.131263732910156
23.726656436920166	21.022045612335205
19.369613647460938	18.344411849975586
28.87722873687744	26.541893005371094
28.48938274383545	23.106483936309814
31.702625274658203	27.585491180419922
30.62728786468506	28.490303993225098
32.91507625579834	27.239785194396973
32.107380867004395	28.53676128387451
33.196861267089844	29.264668464660645
19.488794803619385	22.53737211227417
18.55176544189453	19.528833389282227
29.01950740814209	25.3319091796875
25.888392448425293	22.794925689697266
20.412548065185547	20.991291046142578
19.171030044555664	16.535627365112305
21.211200714111328	21.063026905059814
24.56169033050537	18.706928730010986
21.88658094406128	22.904435634613037
24.30472183227539	24.540969848632812
28.943575859069824	28.844584465026855
24.78354263305664	21.782439708709717
33.33332061767578	30.175201416015625
24.90704345703125	17.95943832397461
27.285080909729004	27.89849853515625
24.029820442199707	22.80137300491333
29.73572540283203	28.651851654052734
22.505990982055664	20.371322631835938
26.178159713745117	24.981396675109863
30.245232582092285	25.382858276367188
20.863780975341797	21.684980392456055
