40.9299373626709	38.14095973968506
35.14883041381836	33.51564025878906
37.1137433052063	32.68467330932617
32.73698425292969	30.367860794067383
36.41880416870117	30.952037811279297
32.440635681152344	31.048847198486328
38.10328722000122	35.0927996635437
33.74988555908203	33.7867956161499
29.766108512878418	32.1361198425293
29.941991806030273	26.90729522705078
42.89233207702637	40.17664909362793
35.83485794067383	30.480207443237305
37.08921813964844	31.96969223022461
28.91750717163086	26.91248321533203
35.90887451171875	34.80161666870117
32.08358860015869	32.56629180908203
35.319068908691406	34.00587463378906
39.27455186843872	34.02255296707153
40.87851524353027	33.776583671569824
41.195969581604004	36.22859239578247
41.75144577026367	36.834251403808594
41.2967586517334	34.01486158370972
38.61372375488281	31.922117233276367
33.37139129638672	28.35134506225586
32.855674743652344	31.088802337646484
40.212440490722656	36.84845447540283
36.556556224823	32.64797925949097
36.424012184143066	36.842923164367676
30.112326622009277	32.11354351043701
31.76078510284424	31.905444145202637
30.432961463928223	31.376463890075684
28.389066696166992	26.335601806640625
30.549114227294922	29.224445343017578
34.62647247314453	30.904935836791992
34.67671203613281	32.8245735168457
31.187040328979492	30.15677261352539
31.306325912475586	30.925509452819824
44.491167068481445	38.20295810699463
35.44182586669922	34.214046478271484
35.89197635650635	32.71772289276123
35.43103790283203	33.69939422607422
31.71269702911377	32.07981777191162
34.134422302246094	33.647579193115234
44.00932312011719	37.83792495727539
35.47361755371094	31.331607818603516
35.509949684143066	36.261054039001465
37.001790046691895	32.55467891693115
43.856903076171875	39.64523696899414
30.37770938873291	32.40890121459961
30.65075397491455	31.059359550476074
34.966824531555176	35.420599937438965
29.25076961517334	30.77061939239502
37.92204666137695	36.86959457397461
26.614273071289062	25.967445373535156
32.04515838623047	33.272369384765625
34.73918533325195	29.05851173400879
34.95017910003662	34.25721073150635
40.388309478759766	35.088409423828125
35.648590087890625	31.194324493408203
30.768848419189453	30.127650260925293
29.978739738464355	31.608707427978516
31.134109497070312	32.35755157470703
41.176239013671875	41.06949996948242
39.672271728515625	33.51837158203125
33.38650417327881	34.27301788330078
34.634613037109375	29.76861572265625
37.66157531738281	32.64086151123047
38.281150817871094	37.14183044433594
39.34401321411133	33.72224426269531
23.18703031539917	25.106889724731445
40.34365463256836	38.33912658691406
33.43558073043823	31.34432315826416
35.96595001220703	30.386821746826172
32.0872106552124	31.51498031616211
34.20565414428711	34.78461456298828
36.861907958984375	33.15882873535156
36.843109130859375	34.61543369293213
32.609554290771484	31.671974182128906
29.49100685119629	31.644776344299316
37.703125	34.652381896972656
32.27520751953125	31.220848083496094
29.843868255615234	29.056156158447266
32.53849124908447	31.771156311035156
33.20533752441406	31.505538940429688
33.34305953979492	31.831356048583984
38.9588508605957	36.31679153442383
39.615614891052246	33.77793502807617
33.43718719482422	27.81612777709961
25.737916946411133	27.96344566345215
35.34834671020508	34.48212814331055
32.61746168136597	29.276764392852783
33.398277282714844	32.9015007019043
37.5595817565918	33.970909118652344
40.20960807800293	35.324063301086426
33.93124008178711	32.798163414001465
31.859214782714844	29.627931594848633
42.28102111816406	38.3756103515625
38.71238708496094	35.442344665527344
31.171985626220703	31.637775421142578
35.81879425048828	34.81562042236328
32.66679382324219	33.25788402557373
38.67315673828125	34.157958984375
49.23899173736572	44.4883918762207
39.94110822677612	35.45803785324097
29.792367935180664	29.797700881958008
43.45828056335449	40.608463287353516
39.919918060302734	36.71611022949219
37.72095489501953	37.59483337402344
39.70863723754883	35.44310760498047
29.069799423217773	30.579771041870117
31.83042812347412	32.09170579910278
34.270347595214844	33.23362731933594
31.22841167449951	30.659565925598145
42.11143493652344	39.39255952835083
39.17742919921875	33.854862213134766
34.02841567993164	35.14206314086914
44.259278297424316	40.33312511444092
33.596946716308594	32.30307388305664
31.378238677978516	31.171165466308594
46.003238677978516	38.99715042114258
35.07911682128906	35.84359645843506
30.038501739501953	29.658815383911133
35.17006301879883	32.14237976074219
37.18782424926758	35.89008331298828
36.52210235595703	30.783486366271973
38.63225555419922	35.25516891479492
36.17539596557617	36.009376525878906
33.976927757263184	30.89022445678711
38.69518280029297	36.668701171875
40.60355281829834	32.757144927978516
35.78000259399414	32.54404067993164
35.39832305908203	33.832801818847656
30.379969596862793	29.91532802581787
40.075764656066895	33.17571258544922
35.96432876586914	34.0438756942749
30.73501968383789	30.14223289489746
39.87173843383789	36.399845123291016
28.972278594970703	28.830699920654297
35.43855285644531	34.584930419921875
28.66495132446289	29.648181915283203
37.7979040145874	34.24079895019531
37.8990592956543	33.49618911743164
37.268500328063965	36.48620128631592
32.79349994659424	32.39062213897705
32.5709810256958	31.282279014587402
23.987680435180664	24.59648609161377
29.673261642456055	28.082374572753906
30.259560585021973	33.48952388763428
33.56626033782959	29.056029319763184
38.651336669921875	37.251914978027344
33.86045455932617	31.470090866088867
35.955963134765625	34.524871826171875
37.762489318847656	33.83010482788086
42.007896423339844	37.441646575927734
31.316604614257812	26.86711883544922
38.433082580566406	36.87267303466797
31.767051696777344	30.425363540649414
36.734066009521484	33.47876739501953
35.673370361328125	32.66227722167969
33.35002613067627	32.005276679992676
41.841864585876465	36.96314334869385
31.124361991882324	32.83366870880127
39.111289978027344	38.726966857910156
37.297359466552734	33.733734130859375
40.709099769592285	35.50817012786865
35.03653335571289	32.401824951171875
31.684017181396484	26.98180389404297
35.64265441894531	33.312217712402344
33.9992790222168	33.30426788330078
36.32666015625	30.508447647094727
31.580586433410645	32.77153015136719
33.8470458984375	32.858055114746094
33.14505100250244	32.6947546005249
31.839869499206543	30.698561668395996
29.42710018157959	31.66486644744873
32.04660415649414	30.65452766418457
38.33231735229492	34.53208637237549
33.28599548339844	29.661109924316406
35.66074848175049	33.35313081741333
34.926066398620605	36.95591068267822
34.95603275299072	38.48177719116211
43.86223793029785	37.77928113937378
31.4840726852417	30.58406352996826
36.09130096435547	36.006614685058594
36.251461029052734	35.03095245361328
31.20038414001465	30.44241714477539
42.296786308288574	38.25486660003662
38.07569885253906	35.18107604980469
38.42512130737305	36.73603057861328
39.14623260498047	37.298583984375
33.558380126953125	32.728824615478516
31.071395874023438	29.2034969329834
37.45746612548828	35.539710998535156
41.3588752746582	35.03718566894531
36.999375343322754	34.41672420501709
32.804298400878906	31.077075958251953
35.47405242919922	32.60537624359131
31.68050193786621	35.41146183013916
40.04481506347656	35.51951599121094
40.56828689575195	34.35307693481445
39.89712905883789	33.84559631347656
37.58281707763672	33.531670570373535
35.827054023742676	35.26429080963135
38.363494873046875	29.99211549758911
32.58832550048828	33.830841064453125
36.559441566467285	31.481755256652832
34.09347438812256	31.920796394348145
35.67298126220703	33.623077392578125
37.46683883666992	31.844524383544922
38.67607593536377	36.79672956466675
35.44657230377197	33.218321800231934
28.35047483444214	26.354377269744873
33.235198974609375	32.70249557495117
29.348739624023438	26.4348201751709
39.267032623291016	35.69731903076172
33.40870666503906	32.68727111816406
44.05562973022461	39.14440155029297
34.402894020080566	33.209418296813965
39.90753936767578	33.23603439331055
36.15653991699219	34.64234924316406
37.5142707824707	35.755977630615234
47.24679946899414	43.36648941040039
34.265353202819824	33.67052364349365
41.11969470977783	37.56291961669922
37.80998992919922	36.09288787841797
30.671749114990234	31.180622100830078
37.259751319885254	39.068169593811035
34.70066785812378	29.596123695373535
33.89585208892822	33.40639114379883
37.92409133911133	34.528419494628906
27.444782257080078	25.457223892211914
25.848405838012695	27.11426544189453
33.817989349365234	32.451847076416016
31.917692184448242	30.764010429382324
29.398483276367188	29.510395050048828
32.018463134765625	30.494857788085938
31.567139625549316	31.91282558441162
37.52611541748047	37.572792053222656
39.95951461791992	37.54552459716797
36.56129837036133	33.83954620361328
34.28596496582031	32.73499298095703
38.67073440551758	35.43157958984375
39.927757263183594	40.00667953491211
28.45800018310547	28.066837310791016
35.43281936645508	32.068363189697266
32.04501724243164	32.512855529785156
24.699172973632812	25.99175453186035
34.525328636169434	34.704400062561035
34.20748519897461	31.898990631103516
34.90732669830322	35.13789367675781
36.255680084228516	35.00133514404297
45.920610427856445	40.18935680389404
36.229248046875	35.57005310058594
31.95201587677002	31.062686920166016
34.51017093658447	32.291476249694824
33.986077308654785	35.82831859588623
36.47552490234375	35.171836853027344
27.097383499145508	26.19990348815918
34.675148010253906	34.02172088623047
40.74835777282715	37.04441547393799
40.414527893066406	38.046241760253906
41.4005184173584	37.07998752593994
32.48719024658203	30.30022144317627
34.541927337646484	35.06751251220703
32.169410705566406	33.45455074310303
37.057518005371094	37.27460861206055
32.792521476745605	32.95462131500244
28.101370811462402	26.484947204589844
38.42408752441406	39.01570129394531
33.867865562438965	33.190924644470215
34.45277786254883	30.943796157836914
37.267059326171875	37.421241760253906
37.3399658203125	35.11295986175537
32.09819030761719	33.76740646362305
35.534969329833984	33.038448333740234
33.77439498901367	32.39607620239258
31.91612434387207	33.660621643066406
36.02435302734375	34.060054779052734
48.55233192443848	40.876030921936035
38.61617946624756	36.13995838165283
35.54644012451172	33.990264892578125
38.64649295806885	36.800220012664795
38.935028076171875	40.014949798583984
36.50664138793945	36.209784507751465
36.161415100097656	34.87104415893555
38.280911445617676	35.35245895385742
43.65059280395508	41.08245849609375
36.30717086791992	32.59674072265625
34.2462043762207	29.858997344970703
37.571563720703125	35.95069122314453
49.8983097076416	40.976905822753906
38.26161193847656	36.5867805480957
31.23581314086914	30.77214813232422
37.57020664215088	37.42402267456055
32.57359027862549	32.326171875
43.35972738265991	35.4661021232605
37.94567823410034	33.55181932449341
25.91524887084961	25.628374099731445
35.22432327270508	32.38397216796875
35.697872161865234	33.72259521484375
35.89961242675781	36.27055358886719
35.03335475921631	36.68873119354248
37.05520534515381	32.417710304260254
26.500980377197266	24.770373344421387
35.728492736816406	33.0423583984375
29.922637939453125	31.786209106445312
23.35163688659668	25.77956771850586
37.75260543823242	33.196526527404785
32.75688886642456	33.097758293151855
37.35717296600342	34.49638843536377
34.7486457824707	32.704856872558594
37.11272430419922	36.10411834716797
32.26607894897461	32.46078586578369
40.90003204345703	37.757286071777344
33.69585418701172	31.314706802368164
37.166412353515625	30.894535064697266
32.94731903076172	32.35237503051758
38.281893730163574	34.02245759963989
44.85846519470215	38.07103395462036
33.209678649902344	31.989730834960938
33.06855010986328	34.50707244873047
38.30193328857422	33.98550796508789
27.68047332763672	27.40324592590332
39.889488220214844	38.95876407623291
39.48068618774414	34.075504302978516
34.20867919921875	31.777690887451172
37.7847204208374	37.188666343688965
35.21891498565674	36.824217796325684
31.705252647399902	33.520840644836426
33.997737884521484	31.813825607299805
33.01300048828125	33.26012420654297
31.319856643676758	31.81341552734375
32.215572357177734	34.39472198486328
35.2833366394043	32.28989839553833
35.74821090698242	32.748600006103516
32.63237762451172	31.744211196899414
33.67333984375	34.73749542236328
43.93692684173584	41.73452281951904
31.5172119140625	32.31258487701416
42.95930862426758	39.52242660522461
45.257863998413086	39.98361587524414
30.933171272277832	27.318428993225098
35.733062744140625	33.26356887817383
36.69505310058594	33.4238166809082
32.61226272583008	32.04735565185547
28.510056495666504	31.72528839111328
32.61943435668945	29.93294334411621
35.14430236816406	34.244964599609375
37.092010498046875	33.537506103515625
32.55831241607666	34.96813201904297
34.452491760253906	32.16118621826172
32.27229309082031	32.49247455596924
42.06936836242676	35.2461314201355
31.99109649658203	31.42402458190918
37.919418811798096	33.96275043487549
48.3099365234375	46.64517402648926
41.72383975982666	37.3086633682251
29.7064790725708	31.430831909179688
34.821876525878906	32.13580322265625
39.373321533203125	36.26491928100586
37.58573532104492	35.70990753173828
34.782397747039795	31.288082599639893
34.90857696533203	30.324481964111328
39.04663848876953	36.591392517089844
33.92936038970947	32.84480381011963
36.7761926651001	33.69367218017578
36.43882369995117	34.188331604003906
31.593650817871094	30.374927520751953
29.665698051452637	27.541056632995605
37.98566436767578	36.59700679779053
35.23590087890625	32.112061500549316
27.941508293151855	27.741419792175293
37.44313716888428	32.56505870819092
40.15060043334961	36.293338775634766
34.11616897583008	34.151161193847656
31.246607780456543	32.71585750579834
50.268460273742676	42.91327524185181
34.52620315551758	33.42713165283203
38.46763610839844	37.40726089477539
29.217158317565918	30.33328342437744
38.34444522857666	35.2720832824707
39.62214660644531	31.822240829467773
29.357524871826172	28.647037506103516
41.01458740234375	38.97343826293945
32.622886657714844	29.84341049194336
33.134525299072266	35.22433376312256
35.713783264160156	34.03822708129883
38.89727020263672	36.05134582519531
28.7448091506958	29.42592144012451
31.544391632080078	31.577545166015625
31.050410270690918	30.530548095703125
35.29714107513428	32.61543273925781
38.02085876464844	36.8576545715332
40.763362884521484	38.69048309326172
38.07925462722778	31.992485523223877
36.20625686645508	30.729317665100098
27.713461875915527	31.766701698303223
31.312427520751953	30.691625595092773
32.269500732421875	31.764368057250977
35.88177967071533	35.878432273864746
25.38050937652588	26.049221992492676
39.44524383544922	37.26641845703125
44.27854537963867	38.33035230636597
32.63101100921631	31.768126487731934
35.83913040161133	37.281822204589844
31.497224807739258	33.82978057861328
43.67637634277344	39.23420715332031
34.165958404541016	35.98019313812256
33.12553310394287	35.84107303619385
37.776947021484375	32.30061721801758
35.20502471923828	35.49918079376221
26.82215118408203	26.111133575439453
36.659966468811035	34.96495342254639
34.371673583984375	31.269542694091797
38.26490879058838	35.17197847366333
34.4871826171875	32.97386932373047
28.57792854309082	30.381522178649902
34.69428253173828	31.32938575744629
35.23358917236328	34.2740364074707
31.320785522460938	32.28606033325195
39.216461181640625	34.13288116455078
32.18009090423584	32.85739803314209
38.21434020996094	32.93587875366211
34.586405754089355	29.84303569793701
37.385414123535156	33.86661148071289
30.77731990814209	31.280024528503418
30.147168159484863	28.14085865020752
38.99382829666138	40.10897636413574
36.50142574310303	34.54702663421631
39.462249755859375	33.850868225097656
36.699626445770264	33.6082124710083
30.946075439453125	31.143802642822266
37.85160446166992	34.025997161865234
37.77589416503906	33.71095657348633
32.35768127441406	32.865535736083984
42.36970138549805	37.233052253723145
34.064452171325684	34.768858909606934
34.777503967285156	31.725994110107422
31.78560733795166	31.93389129638672
33.324989318847656	35.41795349121094
34.732215881347656	35.031009674072266
32.958523750305176	33.45960330963135
44.04767990112305	38.292317390441895
36.81934356689453	33.49488830566406
36.28125762939453	32.922481536865234
39.224037170410156	32.23789978027344
27.920516967773438	30.599206924438477
35.5905647277832	34.37687015533447
33.92125225067139	33.924373626708984
38.23625564575195	34.87196731567383
28.98182201385498	30.598148345947266
36.033427715301514	32.89785861968994
32.724609375	32.786662101745605
35.417091369628906	34.38300323486328
32.25147342681885	35.19316864013672
32.50176239013672	29.924972534179688
31.52531623840332	31.93475341796875
36.30641174316406	34.494869232177734
33.150681495666504	32.002281188964844
29.535853385925293	31.58389663696289
29.38231658935547	30.278732299804688
39.68822479248047	35.16728210449219
32.79906463623047	34.67293167114258
33.35844421386719	33.23222351074219
34.35098361968994	33.59860610961914
31.320828437805176	33.81167507171631
44.24664497375488	38.80522966384888
39.66272735595703	35.52339553833008
34.60539245605469	32.99072265625
32.125709533691406	31.785037994384766
33.27190017700195	34.508148193359375
34.88861846923828	31.81222629547119
21.284987926483154	23.589916706085205
31.903647422790527	31.42924404144287
29.422958374023438	28.345556259155273
33.610859870910645	32.80214309692383
36.50314807891846	33.75592517852783
29.480792999267578	29.93740940093994
40.26270866394043	37.37721920013428
36.907959938049316	31.761488914489746
37.879764556884766	35.60370635986328
33.45418453216553	31.221888542175293
37.86787509918213	36.104302406311035
30.437511444091797	29.757186889648438
38.69911193847656	36.327964782714844
42.02139186859131	37.555824279785156
36.0295295715332	34.43085479736328
23.33514976501465	25.555355072021484
42.98037338256836	39.61773681640625
32.79715347290039	33.123619079589844
47.68267822265625	42.227317810058594
42.24894332885742	40.50791549682617
41.75159454345703	35.24862289428711
42.59072494506836	38.74168395996094
33.97540283203125	32.22896957397461
27.183977127075195	30.77121353149414
31.707953453063965	32.59672451019287
39.46178436279297	37.102603912353516
37.78348207473755	33.18345546722412
40.3289794921875	34.46810531616211
33.27718257904053	29.530620574951172
32.89580535888672	31.257415771484375
36.40547180175781	36.40552520751953
36.244285583496094	35.643516540527344
32.44470691680908	32.088523864746094
34.462303161621094	32.95740222930908
35.65851974487305	33.457740783691406
33.892940521240234	32.946067810058594
29.32760238647461	31.244508743286133
35.887794494628906	33.397254943847656
34.5764274597168	31.42974853515625
32.86739444732666	33.57444763183594
42.257843017578125	36.275248527526855
33.62691402435303	28.400588035583496
40.0692253112793	33.01155090332031
40.90330410003662	37.22032070159912
41.010074615478516	38.141841888427734
32.00165557861328	30.79015350341797
27.89092254638672	28.103309631347656
34.28862762451172	33.166171073913574
24.251815795898438	25.43339252471924
30.741923332214355	30.46568012237549
36.293816566467285	33.183064460754395
32.559096336364746	33.43942165374756
37.01935958862305	37.240272521972656
44.66695308685303	40.936455726623535
35.998863220214844	32.87864685058594
33.8526611328125	32.69120788574219
36.045119762420654	33.22324752807617
30.486190795898438	31.03124237060547
38.090529441833496	37.228782176971436
43.43210983276367	41.41798782348633
37.88705062866211	36.624351501464844
41.81520462036133	39.02971649169922
40.448699951171875	38.024444580078125
31.33055591583252	30.059409141540527
33.890536308288574	34.06068706512451
38.227046966552734	34.5069580078125
41.122711181640625	39.176387786865234
39.810882568359375	36.37792205810547
35.07015609741211	34.55361557006836
36.594345569610596	36.756813526153564
29.724197387695312	29.49103546142578
39.06626510620117	35.54370880126953
35.903892517089844	34.143287658691406
33.67179870605469	32.50620651245117
37.70352554321289	33.3931770324707
39.85148620605469	36.03850555419922
26.3413667678833	24.836583137512207
32.41194820404053	33.335978507995605
30.03714370727539	28.770126342773438
35.8441162109375	31.36094093322754
46.666250228881836	41.69924736022949
49.2242431640625	41.92054748535156
37.68235778808594	37.18782043457031
39.489200592041016	38.772186279296875
43.320322036743164	41.558799743652344
34.912052154541016	33.296043395996094
37.48837661743164	33.32553482055664
37.550950050354004	34.90874528884888
33.596954345703125	32.22188949584961
33.502564430236816	32.24023103713989
40.81189727783203	37.95941925048828
32.36436080932617	34.56684112548828
40.04412841796875	37.13622283935547
31.774374961853027	31.033905029296875
32.180251121520996	31.021224975585938
24.76270580291748	24.541425704956055
37.55097198486328	36.18635940551758
42.15340614318848	38.723273277282715
43.910698890686035	37.92200565338135
36.95325469970703	37.110076904296875
41.26737976074219	37.991737365722656
38.20159149169922	34.68992614746094
35.88470935821533	34.07128095626831
37.55624008178711	33.06004333496094
37.160048484802246	34.271399974823
33.718082427978516	29.71560287475586
33.357635498046875	30.427692413330078
36.45289993286133	34.40186405181885
34.14599132537842	35.57054901123047
34.716400146484375	32.42202377319336
37.79222869873047	34.783111572265625
36.737969398498535	35.65714359283447
26.684955596923828	25.17864990234375
39.694557189941406	35.362346172332764
34.93693256378174	32.694891929626465
33.14906311035156	32.028656005859375
35.720086097717285	34.16646480560303
34.737839698791504	30.6613712310791
28.83719253540039	28.617393493652344
38.674530029296875	33.678345680236816
30.61182403564453	32.0848274230957
33.13632583618164	30.488182067871094
28.742095947265625	27.98139190673828
38.37660884857178	36.12477779388428
35.55827331542969	31.782068252563477
46.351633071899414	41.094393730163574
33.18539047241211	33.51080322265625
33.404388427734375	36.337552070617676
37.411030769348145	33.57927417755127
37.686129570007324	34.632187843322754
33.58692169189453	34.674842834472656
36.746219635009766	33.94914245605469
34.43664836883545	35.61917781829834
33.24802017211914	30.916370391845703
36.50334548950195	33.823256492614746
31.7537841796875	35.0579137802124
31.625847816467285	33.71902942657471
31.479294776916504	30.87626552581787
31.367457389831543	29.999244689941406
32.53554153442383	30.524646759033203
33.481106758117676	33.43839645385742
37.20158386230469	33.10004425048828
34.68170166015625	32.29959487915039
32.189918518066406	34.3595666885376
38.09915256500244	35.41890048980713
43.263702392578125	34.808292388916016
34.33077621459961	32.00556564331055
34.07476806640625	31.624340057373047
47.2458553314209	39.01226043701172
37.55162048339844	34.58699417114258
41.648712158203125	35.19670104980469
32.28419494628906	31.672149658203125
30.758912086486816	30.490565299987793
34.741390228271484	33.81957244873047
38.324954986572266	33.960105895996094
30.866655349731445	29.045475006103516
32.10556125640869	31.8539400100708
40.858492851257324	38.15982103347778
40.828392028808594	36.766014099121094
35.470263957977295	33.288588523864746
30.713768005371094	31.115610122680664
32.522705078125	29.795207977294922
32.987144470214844	33.238277435302734
43.028350830078125	37.040348052978516
39.25394058227539	35.810019969940186
38.39465618133545	35.96839427947998
43.22712326049805	35.613243103027344
38.997591495513916	34.0673451423645
48.018150329589844	40.46637535095215
42.292144775390625	37.28228759765625
30.919639587402344	28.709768295288086
32.24533939361572	32.15335178375244
29.62387466430664	29.416553497314453
28.96553134918213	30.66006374359131
25.870769500732422	25.63715362548828
38.32545757293701	38.17159175872803
38.48694324493408	34.56085205078125
33.95669937133789	32.8004150390625
37.86375427246094	36.49538040161133
33.221046447753906	32.883079528808594
29.809772491455078	30.840373992919922
35.405982971191406	36.228386878967285
31.27412509918213	34.71255970001221
29.812236785888672	32.8104887008667
36.27678680419922	33.4514045715332
33.20252323150635	30.181998252868652
31.670069694519043	32.851409912109375
39.674694538116455	39.938673973083496
30.853755950927734	30.779394149780273
34.20751953125	35.096885681152344
26.719003677368164	27.177749633789062
29.691917419433594	30.623754501342773
30.944466590881348	29.734259605407715
32.280426025390625	32.98542785644531
43.08377456665039	41.91863250732422
33.09357833862305	33.105979919433594
34.39156436920166	33.960299491882324
31.262274742126465	31.47759246826172
38.866912841796875	36.034141540527344
36.956024169921875	34.94780349731445
32.940826416015625	32.33687973022461
39.67145538330078	35.755332946777344
27.15261459350586	27.499756813049316
34.10072994232178	34.65754795074463
35.943031311035156	34.45793437957764
37.065186500549316	37.25839138031006
35.46288013458252	34.17219257354736
34.77187728881836	33.53085994720459
27.412673950195312	25.79135799407959
33.51023769378662	34.191338539123535
34.64252471923828	33.661803245544434
35.967936515808105	34.61256408691406
33.58157444000244	32.04253005981445
41.325340270996094	36.1185417175293
34.75895643234253	31.014418601989746
42.160152435302734	39.63700866699219
43.82463836669922	39.36422348022461
39.45661926269531	35.1468620300293
36.396682262420654	34.42044019699097
37.16242504119873	31.90572452545166
38.93630266189575	35.143229961395264
36.92673444747925	34.407005310058594
42.66654586791992	39.56542205810547
30.87667465209961	32.331055641174316
32.17588424682617	30.355016708374023
29.482200622558594	30.420490264892578
49.568185806274414	42.74157524108887
35.7252197265625	34.4492073059082
34.2619743347168	32.87199020385742
35.507179260253906	33.08706283569336
31.093491554260254	31.15785312652588
32.488609313964844	33.43944454193115
43.049283027648926	39.46810245513916
41.215450286865234	38.63304138183594
32.198859214782715	33.13710880279541
35.61464309692383	31.318893432617188
31.40675640106201	30.842714309692383
34.80004119873047	35.919922828674316
34.510498046875	30.81453800201416
38.22420120239258	38.794677734375
46.712703704833984	39.27359342575073
30.781737327575684	29.580382347106934
35.367862701416016	32.32659912109375
31.82416534423828	32.26675033569336
33.04417133331299	30.6143159866333
44.032769203186035	37.794928550720215
40.11945724487305	35.180259704589844
38.96223449707031	36.75235366821289
30.991421699523926	34.902085304260254
34.15630340576172	32.676048278808594
39.08998107910156	32.86543273925781
28.39727783203125	25.624675750732422
33.215423583984375	33.858924865722656
33.48189067840576	31.322985649108887
37.564781188964844	36.185157775878906
36.52100086212158	34.66219425201416
34.956138610839844	35.5336389541626
38.70206356048584	34.41488265991211
39.157737731933594	35.178871154785156
36.53681182861328	35.80870056152344
31.500762939453125	31.182998657226562
34.8321008682251	32.15149641036987
35.814125061035156	33.285316467285156
35.35163116455078	33.2610969543457
39.957794189453125	37.16978073120117
28.57222080230713	30.725712776184082
33.733497619628906	34.73054885864258
36.583984375	30.505794525146484
43.598976135253906	40.1969051361084
38.92981719970703	36.475460052490234
35.53359603881836	37.28079128265381
42.77271270751953	38.18009614944458
40.69292068481445	38.129886627197266
37.307167053222656	33.575767517089844
41.6164665222168	36.217552185058594
31.080256462097168	31.04754638671875
39.18614959716797	34.631675720214844
38.33382797241211	33.220436096191406
36.9930419921875	36.75151443481445
40.560821533203125	37.56102991104126
35.55019283294678	32.150919914245605
37.326083183288574	38.030192852020264
37.476585388183594	32.509727478027344
38.03276062011719	32.229129791259766
38.561370849609375	33.75188446044922
33.89233875274658	31.38958740234375
36.90700912475586	31.698867797851562
37.139461040496826	35.98464488983154
37.72528076171875	33.00712585449219
32.33778476715088	32.364169120788574
28.706954956054688	32.97797393798828
40.218610763549805	35.632526874542236
33.96250820159912	32.48049545288086
36.98820638656616	32.60644054412842
29.781163215637207	31.238937377929688
44.433393478393555	42.19918727874756
37.01847839355469	33.635430335998535
36.57271957397461	34.41738510131836
31.84043025970459	32.769272804260254
38.68211364746094	37.44594192504883
38.41572570800781	34.6911735534668
26.42885398864746	26.421944618225098
33.44355773925781	29.917346954345703
35.9074821472168	35.07044982910156
38.005173206329346	35.175414085388184
39.73490810394287	32.46646738052368
39.961289405822754	37.046424865722656
32.8600959777832	33.87129878997803
37.99398899078369	34.277756214141846
38.41535568237305	36.70928955078125
36.108123779296875	31.979284286499023
39.7791051864624	32.547385692596436
39.00830030441284	34.09931182861328
30.483238220214844	29.30414581298828
37.96392822265625	36.571266174316406
35.52421951293945	32.34513854980469
34.67838764190674	32.4944372177124
36.511470794677734	31.73230743408203
34.80677795410156	36.42083740234375
37.016815185546875	33.8414306640625
32.198126792907715	32.31016159057617
38.55180358886719	38.84044647216797
38.66704177856445	35.597103118896484
34.681503772735596	31.585724353790283
32.89058208465576	31.032028198242188
28.97860622406006	31.123689651489258
33.868091106414795	30.082011222839355
35.05664825439453	32.617669105529785
32.547486305236816	29.234993934631348
32.29061222076416	31.62304401397705
38.24930667877197	32.41059064865112
31.010467529296875	30.83009433746338
40.43293762207031	38.95425796508789
44.5151481628418	39.47319793701172
39.316001892089844	34.85588836669922
30.691678047180176	28.17063331604004
34.613033294677734	31.699996948242188
30.491870880126953	29.854299545288086
32.235870361328125	32.29261779785156
42.864891052246094	38.67841339111328
32.757591247558594	30.8616943359375
33.69419002532959	30.391453742980957
38.48613357543945	39.648555755615234
40.54408264160156	39.001121520996094
34.69667434692383	29.339502334594727
27.296401977539062	27.39113998413086
44.55988883972168	41.63661479949951
38.823325634002686	34.15275573730469
37.20227336883545	37.293213844299316
42.01913356781006	38.707993030548096
28.971010208129883	27.912723541259766
43.248538970947266	39.617652893066406
36.122071266174316	34.94528102874756
39.930548667907715	36.375412940979004
40.18886184692383	35.191993713378906
34.7677116394043	37.155235290527344
32.88481903076172	33.52645492553711
36.318626403808594	34.691734313964844
35.431495666503906	34.60688018798828
32.51451110839844	29.91933822631836
35.91533660888672	33.92082214355469
31.867595672607422	33.65936279296875
47.814956188201904	38.256916999816895
37.75969743728638	34.59716796875
31.784069061279297	31.86467170715332
34.064998626708984	35.06558704376221
45.36984443664551	41.75065517425537
38.15149784088135	35.71952819824219
37.58848571777344	35.98307704925537
36.61446762084961	34.7603874206543
27.789173126220703	29.753128051757812
32.93500900268555	30.549915313720703
37.49561309814453	30.686752796173096
35.29599380493164	32.93275451660156
30.91907262802124	33.10647487640381
29.787418365478516	28.158374786376953
41.18257141113281	37.34230041503906
34.14985275268555	30.186321258544922
39.605506896972656	37.084896087646484
38.6375617980957	35.67420196533203
31.72861671447754	28.476726531982422
35.80766201019287	35.115654945373535
35.32366991043091	31.814768314361572
32.0971565246582	29.011157989501953
29.5428409576416	31.464778900146484
37.600799560546875	36.999847412109375
32.30745220184326	34.93739032745361
33.78533935546875	33.870835304260254
24.01156234741211	25.961776733398438
32.71709442138672	32.93986892700195
33.998854637145996	33.44191360473633
32.8339729309082	31.156505584716797
35.60182285308838	32.71282196044922
37.97879505157471	35.086792945861816
29.65019702911377	32.38684844970703
43.245704650878906	37.17219161987305
35.565430641174316	30.45751190185547
34.57737731933594	30.520709991455078
37.2440071105957	35.30281448364258
32.36002731323242	33.15718460083008
38.18045425415039	32.38496398925781
40.091835021972656	37.46753692626953
41.08509063720703	37.808966636657715
43.80544662475586	40.73317527770996
38.535552978515625	33.876946449279785
35.757999420166016	34.503173828125
39.924835205078125	37.525394439697266
36.4920768737793	33.428462982177734
29.43607234954834	28.520928382873535
31.929943084716797	29.86103057861328
27.210847854614258	30.91042137145996
42.0816764831543	38.580963134765625
33.8743257522583	32.930405616760254
34.49242353439331	34.920806884765625
33.951515197753906	30.582107543945312
26.959962844848633	28.345314025878906
34.38804626464844	31.032766342163086
37.491517066955566	36.43275022506714
40.20513153076172	38.805824279785156
38.734580993652344	35.183319091796875
35.78844451904297	32.714964866638184
36.9421501159668	34.584754943847656
34.386460304260254	33.34247589111328
35.946571350097656	32.22305679321289
33.355613708496094	28.580148696899414
36.6034049987793	35.6440315246582
36.98217487335205	36.169312477111816
37.99348831176758	35.57927703857422
36.95276355743408	38.78315734863281
28.20261573791504	27.506349563598633
33.970970153808594	31.60689353942871
27.29216194152832	29.282532691955566
35.48668384552002	36.62969970703125
36.29403305053711	33.53313446044922
34.22967195510864	30.61082124710083
33.41680145263672	28.63131332397461
34.08566665649414	37.75883102416992
42.03329086303711	39.360679626464844
33.63564205169678	32.34196186065674
38.220680236816406	35.35338592529297
35.31332302093506	36.314964294433594
34.408843994140625	31.531009674072266
33.422760009765625	32.87522506713867
37.90015411376953	33.554447174072266
34.79857921600342	32.07536029815674
32.12490749359131	29.89783000946045
37.06481170654297	37.0617790222168
35.096580505371094	30.309694290161133
34.05659866333008	35.421363830566406
37.05687713623047	34.84515380859375
30.830836296081543	29.892325401306152
39.91227388381958	35.167076587677
37.24967956542969	32.73247957229614
45.32557678222656	40.37709426879883
35.50019073486328	34.058738708496094
29.383501052856445	28.847618103027344
36.73455810546875	30.00655746459961
41.04517364501953	36.202789306640625
41.137633323669434	37.22912549972534
40.457279205322266	38.214317321777344
35.67649459838867	33.052085876464844
43.23922157287598	38.54869842529297
37.17774963378906	31.66366958618164
37.95976638793945	35.0741081237793
30.536190032958984	31.452003479003906
35.664276123046875	37.25082778930664
34.794734954833984	35.217647552490234
31.248046875	29.155869483947754
30.43756866455078	27.382522583007812
36.25547790527344	33.957393646240234
31.69723892211914	31.60480499267578
35.7243766784668	34.20979690551758
37.4981803894043	34.7129602432251
39.4658203125	37.217830657958984
43.57999324798584	40.22595405578613
34.7808952331543	33.07638645172119
36.76517105102539	33.62846374511719
34.53024673461914	33.38029098510742
29.684913635253906	30.944782257080078
32.69462871551514	34.96368885040283
36.181861877441406	35.877830505371094
41.68385028839111	40.20944118499756
42.5814208984375	37.99884796142578
31.477413177490234	31.239906311035156
35.62488555908203	34.32460021972656
33.6470832824707	29.72180938720703
38.01354217529297	39.204345703125
35.67865753173828	37.75685119628906
28.685718536376953	28.14853286743164
35.60729217529297	36.67728042602539
31.874364852905273	31.873043060302734
36.21701717376709	33.54300785064697
28.6100492477417	30.477081298828125
32.92252731323242	31.290908813476562
39.567084312438965	35.49112319946289
33.63245391845703	31.047433853149414
40.640811920166016	38.715354919433594
42.46060848236084	36.06435775756836
38.6278190612793	32.7239990234375
37.95747756958008	33.742183685302734
34.68605422973633	30.717670440673828
31.797726154327393	32.16312885284424
33.693397521972656	31.17782974243164
33.52708339691162	31.945738792419434
35.33606719970703	31.842151641845703
26.73218536376953	27.662489891052246
27.84086322784424	30.39125347137451
29.824979782104492	29.736005783081055
26.09430694580078	24.937942504882812
26.0771484375	28.482337951660156
34.458030700683594	30.939043045043945
32.759681701660156	32.042381286621094
39.81825351715088	34.85494136810303
31.23058032989502	30.857345581054688
37.746766090393066	32.84334468841553
28.874300003051758	29.035259246826172
34.9128942489624	34.42540740966797
34.76927947998047	32.878562927246094
34.237937927246094	32.34964370727539
31.60781764984131	28.92996883392334
29.996978759765625	27.39678192138672
29.550015926361084	28.80894184112549
30.640660285949707	32.240315437316895
35.23132610321045	34.32243633270264
31.987863540649414	31.54407501220703
30.10898208618164	33.64347553253174
30.591903686523438	31.34326171875
39.3605842590332	35.429073333740234
