72.31050968170166	69.77619981765747
76.05997467041016	71.29554176330566
73.32556915283203	67.43812465667725
61.14975070953369	61.69643211364746
85.42976427078247	80.7988452911377
69.0936508178711	65.70330810546875
74.20464515686035	66.07898712158203
57.29170322418213	52.531280517578125
64.00434970855713	63.547401428222656
76.3993239402771	71.84028816223145
79.70957136154175	77.56563806533813
80.58130264282227	79.57223415374756
74.82759952545166	68.81250858306885
81.98641204833984	74.54646301269531
78.36916923522949	78.49660396575928
65.5584716796875	60.78825378417969
76.16048812866211	73.3167200088501
93.9724588394165	85.5928087234497
63.87830352783203	59.91300964355469
59.461700439453125	56.289371490478516
82.78404378890991	82.23171806335449
65.9404525756836	60.20116424560547
72.92173767089844	70.48736572265625
78.90551948547363	77.35866737365723
74.4060230255127	73.07963848114014
70.66343784332275	68.19819450378418
87.61427307128906	78.63150787353516
67.48291015625	60.81531524658203
61.198851585388184	58.155012130737305
66.3082799911499	64.36920356750488
61.78727722167969	51.28167724609375
54.286678314208984	51.26679611206055
78.2065200805664	74.4758071899414
81.71112442016602	72.31995964050293
69.90685987472534	67.11654710769653
71.25680494308472	64.77381992340088
84.99176216125488	80.20813179016113
85.23583030700684	82.18281555175781
84.81836700439453	83.04886436462402
72.51794338226318	66.72867774963379
72.0840015411377	70.53523302078247
71.10289192199707	67.91730308532715
78.84303951263428	74.3634443283081
72.78996992111206	66.34744787216187
77.1945858001709	76.39241695404053
65.9268159866333	61.653160095214844
72.11222839355469	63.00537872314453
55.771729946136475	56.920655250549316
56.78297519683838	53.49204874038696
71.25702619552612	69.73003578186035
80.00401210784912	74.72045516967773
64.19938659667969	58.318572998046875
73.59662008285522	75.13258504867554
66.90115356445312	62.692466735839844
79.18168067932129	73.86717367172241
73.65478515625	66.77409172058105
60.7093391418457	61.507633209228516
65.02951049804688	63.78692579269409
65.62735748291016	58.139564514160156
67.04205465316772	66.35215616226196
70.46708536148071	65.59550285339355
69.1133041381836	62.25656270980835
73.79410743713379	71.82161521911621
57.0358829498291	55.49454689025879
73.44265222549438	72.13395690917969
69.51655769348145	66.68079328536987
82.22634315490723	77.18064785003662
60.49000597000122	60.448318004608154
72.80560302734375	71.397216796875
83.08682441711426	81.18374633789062
59.855146408081055	53.01660346984863
70.2656478881836	69.0262451171875
57.182129859924316	54.2164945602417
68.2064037322998	65.26956939697266
70.92333984375	68.58396911621094
69.1530990600586	65.44212341308594
76.65945434570312	77.58049774169922
65.96560478210449	61.351102352142334
70.65566825866699	64.5391411781311
56.019968032836914	55.46315002441406
75.64968872070312	68.77560615539551
80.88496208190918	76.80478191375732
64.7603530883789	61.21280336380005
82.56963157653809	79.29943656921387
79.59003448486328	79.89093780517578
65.9901819229126	56.594733238220215
74.21566009521484	69.39498138427734
73.52066993713379	75.364670753479
68.38759422302246	66.4822006225586
87.96437644958496	81.84504890441895
66.65306282043457	63.5445442199707
69.49635982513428	63.9233922958374
72.6838698387146	72.16398048400879
66.27388763427734	60.46330261230469
60.54172611236572	52.618484020233154
49.93279266357422	47.11582946777344
75.40878200531006	70.5994553565979
71.06157779693604	68.5492467880249
75.95515251159668	69.59738254547119
68.79804134368896	67.32315063476562
67.86231279373169	63.906445026397705
68.828444480896	66.24804496765137
62.55394172668457	62.926066398620605
66.48055458068848	61.32776927947998
72.5138931274414	69.803955078125
69.69669198989868	68.40144538879395
71.29348754882812	63.893924713134766
84.66722059249878	77.88734245300293
76.54750633239746	76.6267614364624
72.06421852111816	66.71946859359741
64.64239501953125	55.57572555541992
75.73117160797119	76.15166473388672
77.34487438201904	77.17858600616455
73.50907516479492	74.62138080596924
82.78683471679688	83.86381530761719
72.78125762939453	69.24230098724365
66.12896633148193	59.242019176483154
74.33083534240723	74.59053039550781
68.0908670425415	63.01845359802246
91.97381210327148	83.16673946380615
80.75319385528564	74.13967323303223
81.10672760009766	72.38493347167969
65.35768032073975	67.31921195983887
62.97684669494629	62.90018558502197
68.05507802963257	70.75004529953003
62.848182678222656	64.10737037658691
68.14872598648071	65.363929271698
66.54237413406372	68.1240062713623
73.76931667327881	68.09309959411621
68.20173454284668	65.27413988113403
77.80776977539062	72.05859184265137
83.07401990890503	79.94868326187134
65.34272718429565	62.36516618728638
63.11983680725098	60.058359146118164
69.93726968765259	66.90116786956787
71.77749061584473	71.16889190673828
68.73274230957031	63.45328903198242
82.06000566482544	78.6439061164856
74.42643642425537	70.570387840271
71.6951847076416	72.30721139907837
80.8948769569397	79.79043006896973
65.87882137298584	67.21908473968506
42.022637367248535	39.70634937286377
77.11622142791748	69.73878622055054
61.93469524383545	61.24499320983887
73.04592895507812	68.47652435302734
70.76461791992188	66.29562377929688
83.26432657241821	79.8674087524414
69.7026138305664	63.377864837646484
72.94909000396729	74.30281162261963
71.0936450958252	67.62917518615723
69.21537780761719	63.379281520843506
66.36059761047363	62.832693099975586
62.61994457244873	58.300092697143555
64.72730159759521	62.64620304107666
72.03606605529785	69.72167015075684
62.49095964431763	62.05938148498535
61.52211570739746	59.3320426940918
74.47219276428223	75.94834327697754
80.37547874450684	73.03515243530273
70.22049713134766	71.50801849365234
80.51376342773438	75.07406711578369
60.96424579620361	63.26498508453369
78.67041206359863	71.81273174285889
68.96327209472656	61.65270233154297
81.1647891998291	81.14636421203613
63.210296630859375	65.09005546569824
80.9710922241211	76.65548706054688
56.295273780822754	51.688819885253906
68.74307298660278	64.92171478271484
69.86352396011353	67.24833583831787
73.68370628356934	70.10738182067871
64.3879165649414	60.25932741165161
68.5739278793335	70.8391809463501
70.99551630020142	65.3904242515564
73.81361103057861	66.7879786491394
69.58958435058594	67.12373352050781
76.34988212585449	75.4713077545166
53.70102548599243	45.70139980316162
70.83005571365356	73.32174491882324
81.68525505065918	77.26182746887207
75.46872615814209	72.84902095794678
67.05754280090332	59.51633405685425
77.56811141967773	75.90699577331543
74.63089084625244	71.03378248214722
63.760414123535156	58.8625431060791
68.37904930114746	65.25123596191406
67.52802085876465	63.732126235961914
79.42507553100586	73.1132755279541
76.38198852539062	74.71125030517578
74.41889762878418	72.9448938369751
53.538448333740234	47.3651123046875
81.0005521774292	79.74073028564453
89.74191808700562	85.90828704833984
74.98679447174072	67.87296438217163
66.81505823135376	60.80791473388672
70.27107238769531	70.30455780029297
69.81059074401855	66.67105197906494
73.60215663909912	73.54660034179688
73.00293922424316	67.09025382995605
68.42610025405884	68.99606323242188
85.25274562835693	80.86750507354736
64.88569736480713	60.52342128753662
65.44935703277588	61.520371437072754
71.08121395111084	72.0879602432251
84.41298007965088	86.88381958007812
71.93107795715332	72.89198684692383
82.0259428024292	73.06242942810059
64.23498630523682	62.23703861236572
80.77005767822266	77.46562194824219
57.964110374450684	55.920525550842285
75.12219429016113	76.50668144226074
75.76552391052246	76.96810340881348
71.12806797027588	68.04944038391113
66.8012466430664	65.98271179199219
82.31550216674805	78.50096702575684
74.87380886077881	67.27231693267822
76.98206901550293	73.46023273468018
66.7208251953125	60.7437858581543
80.64641666412354	79.1966724395752
70.28203010559082	69.03625345230103
78.80701303482056	78.38277339935303
73.81856536865234	68.02750396728516
63.21168851852417	62.15561485290527
64.51861381530762	67.4633960723877
67.81701564788818	64.01318407058716
69.33193159103394	65.75107526779175
65.89524793624878	67.32966041564941
77.64346313476562	73.5042724609375
80.03715133666992	72.99032306671143
79.25508975982666	72.01550960540771
67.80744934082031	64.9425048828125
84.84618186950684	84.9935073852539
57.34601926803589	56.77367448806763
74.43130016326904	71.76983642578125
61.469825744628906	59.390167236328125
66.65696144104004	63.005995750427246
70.11819696426392	67.03234624862671
61.42174959182739	61.9874210357666
62.60247087478638	58.146695137023926
69.48271369934082	68.8185863494873
70.22172689437866	68.76975870132446
65.52438545227051	62.62210130691528
61.364810943603516	60.087833404541016
71.1182861328125	70.16777038574219
68.94204807281494	68.81755304336548
79.2946720123291	78.99620056152344
70.02563667297363	67.15659999847412
67.52023458480835	69.25916290283203
84.31909847259521	74.52448654174805
82.72904634475708	75.7485580444336
87.43132019042969	85.77642250061035
70.52322959899902	70.42415523529053
71.5433349609375	65.805419921875
83.53385925292969	81.7558364868164
74.8447437286377	70.01019811630249
72.90953922271729	71.5008864402771
57.70785331726074	56.987433433532715
75.14901161193848	73.401198387146
63.82705211639404	63.317599296569824
59.270835876464844	55.3670539855957
73.64271354675293	74.72156238555908
66.82319641113281	64.73580837249756
86.07356071472168	83.45020294189453
64.93722438812256	61.48117542266846
68.17440032958984	66.97319030761719
66.64980268478394	63.64814805984497
59.883103370666504	54.252562522888184
70.15284156799316	68.39372968673706
70.9800181388855	69.18447875976562
67.98914337158203	67.7484359741211
76.02223873138428	69.91507053375244
68.87759399414062	65.82759857177734
72.4597864151001	69.61533164978027
70.66656494140625	65.6595687866211
74.39237213134766	66.39250183105469
74.17764472961426	69.17518615722656
82.3759651184082	77.97509670257568
72.78239822387695	68.67130994796753
92.70309448242188	85.6121826171875
77.53557682037354	76.65603637695312
59.54612159729004	55.07480192184448
68.19215488433838	60.59835624694824
62.060441970825195	63.43610763549805
76.79288387298584	74.09672737121582
59.46734619140625	51.64248275756836
68.3170223236084	64.99575233459473
72.75819301605225	65.66216945648193
63.63126754760742	62.11415481567383
67.18734216690063	65.11711072921753
68.32343816757202	62.9504075050354
77.51699829101562	71.13286590576172
47.590965270996094	51.032955169677734
53.746634006500244	49.84925174713135
63.81757736206055	60.43255805969238
67.074875831604	64.91895198822021
61.38168525695801	61.70930290222168
77.85979986190796	74.02639818191528
81.94080352783203	79.48184967041016
62.69332695007324	55.88902187347412
70.55768394470215	66.31538200378418
81.54253959655762	74.35614204406738
64.54232168197632	65.92648315429688
78.25075626373291	72.76257514953613
71.44203758239746	64.67484855651855
65.97038984298706	62.927494525909424
68.96168613433838	68.69870185852051
76.8665657043457	71.33533573150635
67.20086574554443	66.28403663635254
80.0309386253357	77.34842872619629
71.87219381332397	67.93804121017456
78.77599239349365	76.48011684417725
61.16873359680176	55.01069927215576
64.54620552062988	63.2450852394104
88.39567184448242	86.91287040710449
64.5013427734375	60.34623718261719
69.48552131652832	67.11177062988281
63.23654079437256	63.55670213699341
79.0380392074585	75.64835357666016
69.11317443847656	72.33636474609375
79.0239372253418	70.23805046081543
70.09142541885376	71.25613451004028
63.078298568725586	57.6243257522583
62.1476936340332	62.00921058654785
72.01651668548584	71.37212181091309
64.75775098800659	61.889434814453125
68.27981424331665	65.73312902450562
57.331552505493164	53.41576337814331
63.94199180603027	58.3985652923584
79.53166198730469	69.40599822998047
53.29074668884277	49.124216079711914
72.67556476593018	70.93798685073853
77.93767547607422	75.18336391448975
86.1232271194458	87.96789693832397
87.42056465148926	78.14047050476074
81.17150688171387	77.69974136352539
83.24609756469727	77.53359794616699
75.20708703994751	71.26089668273926
73.73703289031982	69.00638008117676
73.02369117736816	73.29991817474365
68.4505386352539	63.657737731933594
82.85630893707275	85.67187404632568
85.80044794082642	84.3202657699585
60.74310302734375	54.728267669677734
67.78586769104004	62.998477935791016
68.68946266174316	66.88974189758301
87.43059158325195	79.02693271636963
75.21296882629395	66.84848928451538
65.35540580749512	61.39260292053223
72.41789245605469	68.78677368164062
57.492218017578125	49.32051658630371
58.39982604980469	54.09587478637695
75.22141790390015	71.70303153991699
69.3219428062439	63.45681858062744
82.8250184059143	82.6406946182251
77.0894832611084	79.0619740486145
67.0975112915039	62.106502532958984
66.8254566192627	65.69741821289062
57.61501455307007	57.70812749862671
82.8645429611206	78.7703504562378
76.43129253387451	76.3498477935791
82.59238386154175	80.47363424301147
66.44827270507812	67.82188415527344
71.08679008483887	68.48688697814941
69.18589782714844	68.76183843612671
77.6586389541626	77.3294448852539
76.29045343399048	72.74649620056152
65.4469985961914	60.5849175453186
69.16422843933105	67.75283813476562
78.31339502334595	78.6327600479126
71.80413818359375	67.81321620941162
65.16888427734375	60.7902946472168
72.77506828308105	71.82614707946777
64.67545890808105	62.73223686218262
69.89735269546509	68.61882257461548
74.93067264556885	74.11871814727783
76.3341064453125	72.20534992218018
83.30729532241821	80.19457340240479
64.51261806488037	59.98270130157471
65.74414253234863	65.0328540802002
66.26894330978394	62.85692024230957
63.14811706542969	64.09189701080322
67.14408874511719	57.08472442626953
76.0268726348877	74.56317901611328
65.69067192077637	63.64932203292847
66.69061231613159	68.6798243522644
86.15213394165039	81.59507751464844
78.30980014801025	75.54608631134033
86.08575439453125	79.23875427246094
77.53074645996094	64.83631134033203
72.80953884124756	74.21444129943848
58.618791580200195	56.27245616912842
68.75942373275757	64.25101661682129
70.7588677406311	65.99291896820068
59.86469745635986	61.59782409667969
68.27394104003906	63.39224624633789
68.49327993392944	64.11698770523071
75.88087701797485	75.45516014099121
66.20478820800781	63.708885192871094
85.59485673904419	82.68810892105103
63.81184387207031	58.48479461669922
73.9112434387207	72.72689151763916
75.69955539703369	70.78856086730957
65.39604949951172	64.7216567993164
68.59905862808228	64.99344444274902
69.78472709655762	61.81366539001465
81.97626113891602	80.79740524291992
72.84304141998291	74.46324825286865
74.21521759033203	67.51367950439453
64.43751382827759	64.37509346008301
88.02628898620605	79.91458511352539
59.464131355285645	49.156639099121094
80.08571434020996	79.62292385101318
82.72242832183838	79.07510948181152
67.05362892150879	65.8387770652771
61.89367961883545	56.31757068634033
65.6601095199585	63.58527183532715
63.84061813354492	62.29899883270264
76.43435668945312	68.57903289794922
75.68353176116943	71.04512214660645
63.8714017868042	62.41202259063721
64.81942081451416	60.10128879547119
69.9346399307251	69.77069854736328
66.18425750732422	65.41303253173828
90.78289985656738	86.2556266784668
68.95240020751953	65.3281478881836
69.56826686859131	70.8761134147644
73.5549087524414	72.4229564666748
80.64375877380371	77.35764503479004
76.51319980621338	72.8226089477539
75.78459167480469	70.52032470703125
72.92626857757568	64.32391166687012
67.87158203125	63.05104064941406
63.17215061187744	59.3981237411499
67.59809970855713	69.50060367584229
69.32016849517822	67.63671112060547
67.86056327819824	67.05935668945312
69.85321092605591	69.91256523132324
59.972914695739746	56.57479953765869
66.68262481689453	62.31553077697754
72.0087890625	65.96690368652344
70.23390293121338	70.7399115562439
52.01099348068237	50.06288146972656
75.62433815002441	71.47511100769043
69.26513671875	63.052958488464355
70.09707641601562	69.48014068603516
53.23512649536133	51.66645812988281
78.51831817626953	71.64718627929688
84.16539192199707	77.86779880523682
75.51732444763184	69.31392860412598
77.27992057800293	74.03162479400635
77.0476598739624	72.61417007446289
85.61803817749023	78.69780540466309
64.72048759460449	60.37686824798584
74.36067390441895	68.41418600082397
69.83449459075928	64.42994594573975
64.39863681793213	59.19722938537598
75.80499458312988	74.70798540115356
78.45726585388184	73.25862121582031
74.82289123535156	68.88299560546875
71.84703254699707	66.10971879959106
66.59171104431152	64.3238468170166
79.20529174804688	78.26465034484863
71.22430515289307	68.80709838867188
73.75443935394287	74.64990234375
62.28370189666748	54.71739053726196
66.43393611907959	67.33940076828003
83.60660934448242	80.0926923751831
68.67066192626953	62.42384338378906
82.20586967468262	80.67708778381348
70.81297874450684	67.89707851409912
76.5863037109375	74.84720611572266
66.96549415588379	67.72769927978516
65.11879062652588	56.80928134918213
75.15708923339844	75.37858581542969
79.47999858856201	73.06683254241943
75.75386047363281	73.34725952148438
81.7499771118164	81.7185287475586
56.22455978393555	50.15284538269043
60.450504302978516	60.92084503173828
77.73456001281738	74.43807744979858
66.4418249130249	58.49016189575195
73.82490634918213	73.6218786239624
81.02856683731079	76.06870794296265
69.99481201171875	67.28897094726562
79.62383270263672	74.37873840332031
64.57401132583618	65.14165306091309
66.90625762939453	59.85877990722656
69.1676812171936	69.90137577056885
68.2264633178711	65.4750747680664
75.36601066589355	66.65391445159912
57.96945095062256	52.549190044403076
72.95892238616943	70.52636623382568
80.4832854270935	79.17145347595215
71.63714408874512	69.40042018890381
67.46947479248047	67.65826416015625
65.91696739196777	69.4256067276001
82.2967324256897	74.97755241394043
59.12244129180908	59.099637031555176
66.33684539794922	57.90452575683594
80.88168525695801	77.04921054840088
66.37138557434082	61.512168884277344
68.43071937561035	69.39949607849121
75.85741996765137	70.55579566955566
66.9063048362732	64.96420097351074
69.7016773223877	63.82887125015259
76.70599365234375	68.37899780273438
62.7164626121521	60.880099296569824
78.71436309814453	74.91693878173828
75.99637126922607	73.61800289154053
44.74064111709595	42.69388818740845
79.42520093917847	79.14332342147827
69.87325191497803	64.40859794616699
67.24309062957764	63.4994797706604
66.59381246566772	59.46986961364746
79.33616352081299	76.65945625305176
65.68617820739746	64.92661952972412
64.02164363861084	56.88675928115845
77.46728515625	80.8419189453125
62.31580352783203	58.7309455871582
75.71639156341553	69.50248146057129
57.24979496002197	53.36173868179321
79.07347822189331	79.87057685852051
71.34112548828125	62.438262939453125
75.27562522888184	74.1870174407959
71.50456428527832	70.23697853088379
73.44279670715332	68.66856336593628
66.84838771820068	65.64265251159668
62.873695850372314	59.59707069396973
89.06391716003418	80.11840772628784
86.071373462677	85.46904516220093
80.72271537780762	74.6684513092041
91.21748924255371	88.82993698120117
67.02828884124756	64.57036018371582
69.35628414154053	68.65283012390137
78.95101165771484	77.58175659179688
72.26122570037842	66.11577415466309
80.89848566055298	77.10030937194824
77.2270336151123	71.57785987854004
83.72981262207031	76.04015350341797
78.4573860168457	82.12310314178467
82.29724502563477	82.25299072265625
77.26850986480713	75.12484550476074
84.6082992553711	81.38472747802734
77.35250949859619	70.11542320251465
46.462486267089844	44.17676639556885
64.50279235839844	59.240257263183594
68.51802730560303	70.66628742218018
76.94285202026367	75.53042221069336
78.03751945495605	70.89646196365356
62.995644092559814	57.96466112136841
84.81637001037598	81.94583702087402
63.99637413024902	63.205830574035645
66.58505058288574	66.04392862319946
60.53873538970947	55.10829448699951
70.9002685546875	65.19717979431152
71.26637077331543	69.19393730163574
72.1548080444336	66.59711456298828
68.99366855621338	65.73489189147949
70.09728384017944	66.35131931304932
64.49830770492554	60.99850559234619
65.84810638427734	59.68021011352539
69.09544372558594	64.42671203613281
70.09519386291504	66.02188110351562
89.23839569091797	86.01081275939941
66.3613748550415	67.68137454986572
74.34075832366943	73.04646968841553
67.36461067199707	64.89573097229004
66.18393135070801	62.92590618133545
73.5426607131958	65.58908700942993
83.84082746505737	78.44070672988892
77.98107719421387	75.65757179260254
69.74437713623047	65.82030296325684
80.61410522460938	73.18675518035889
77.18889617919922	75.92275905609131
65.48509883880615	60.44837141036987
64.49295806884766	66.76716613769531
90.54340171813965	87.76723337173462
62.331138610839844	60.707794189453125
63.48165988922119	62.450721740722656
79.34938144683838	77.9901237487793
73.29845714569092	65.7093505859375
68.3321762084961	59.93989181518555
68.57850551605225	65.80806159973145
67.65594577789307	67.7998366355896
75.6915512084961	72.1673059463501
62.72327899932861	59.100632667541504
67.40335035324097	65.50934600830078
57.75421714782715	51.901907444000244
87.87132263183594	83.91691207885742
62.34819030761719	60.3940544128418
54.49217510223389	52.12678384780884
85.45234060287476	79.802077293396
84.17614841461182	76.88700771331787
78.64102125167847	74.36939144134521
70.84032535552979	68.04730415344238
69.94437217712402	70.09194946289062
61.5149359703064	58.20921850204468
62.89650535583496	56.024672985076904
61.89942741394043	61.0250883102417
77.72106409072876	71.5547547340393
65.42239379882812	60.3890495300293
83.82155656814575	82.26229238510132
68.77564239501953	68.92399597167969
65.99552917480469	59.06499004364014
61.48894023895264	62.54751110076904
54.44239091873169	51.31260633468628
82.17166328430176	82.8083667755127
83.7455005645752	83.87077903747559
52.40984106063843	44.541693687438965
67.7416090965271	63.66159152984619
56.58310413360596	54.202735900878906
67.80205535888672	69.07308769226074
56.709754943847656	57.989044189453125
69.11130428314209	67.55235195159912
63.41696739196777	63.431010246276855
80.89850425720215	68.63607883453369
71.05347442626953	69.72010040283203
66.75591945648193	66.21296882629395
75.0102767944336	73.64248466491699
80.1520528793335	71.02928066253662
61.09785461425781	57.12564468383789
65.22807312011719	63.20006561279297
71.80699253082275	68.72675228118896
81.86556816101074	77.47598171234131
69.88509464263916	68.28273582458496
56.15698957443237	52.91210889816284
67.460702419281	63.87960147857666
70.2800464630127	68.69621276855469
66.62141561508179	64.863929271698
77.02544975280762	70.58851385116577
68.9204273223877	63.98758125305176
71.176025390625	66.35767936706543
65.01078987121582	58.43618059158325
65.92007637023926	66.44396781921387
82.8834400177002	84.5134048461914
82.65048408508301	83.46074867248535
89.65626525878906	80.93807029724121
69.91368293762207	68.32375526428223
60.90901851654053	56.2921085357666
62.55908966064453	59.52547836303711
84.03940200805664	77.99747467041016
73.66199970245361	71.64656209945679
66.1937427520752	60.13133239746094
75.31883192062378	69.86038446426392
71.8937840461731	70.08384609222412
72.92643547058105	65.66519260406494
68.50189208984375	66.69570922851562
61.86469078063965	58.48169803619385
74.12945938110352	69.25776529312134
56.017690658569336	58.99190711975098
62.62126159667969	60.94868087768555
54.28493118286133	54.20957565307617
68.29836559295654	67.22662544250488
72.72613525390625	65.78503608703613
60.01408338546753	63.42108106613159
66.24608612060547	59.935054779052734
68.45976829528809	65.0060510635376
86.57699060440063	82.81723022460938
72.88671112060547	72.46916198730469
85.76864242553711	80.04396438598633
71.17576599121094	65.93421936035156
66.024001121521	61.69812774658203
60.43384552001953	53.389474868774414
70.23964881896973	66.13084316253662
72.5684642791748	70.35765171051025
66.43671417236328	63.600507736206055
68.83085632324219	63.74104070663452
72.54827117919922	68.74899291992188
78.8378381729126	71.724534034729
75.52992343902588	70.32938957214355
70.61807060241699	67.59437561035156
70.75879096984863	72.90205478668213
68.79738903045654	61.39127826690674
79.71647691726685	80.80537271499634
79.03683662414551	77.25975036621094
69.24551582336426	71.40449523925781
79.06895685195923	75.327712059021
73.72398376464844	73.56293678283691
71.25496864318848	67.235671043396
79.99081611633301	75.5715560913086
69.79423522949219	60.57463455200195
73.35146427154541	70.38417720794678
63.6320686340332	57.731924057006836
65.74618434906006	63.531474113464355
59.94917297363281	52.67436218261719
78.22148895263672	68.03141784667969
67.31658172607422	67.89554595947266
80.09217643737793	75.89474534988403
79.2255449295044	75.54790592193604
78.36098670959473	74.5048828125
60.109092712402344	56.379791259765625
74.51241302490234	71.3919677734375
77.3113660812378	77.62221908569336
57.36770009994507	52.87048959732056
60.63849067687988	59.61735248565674
68.94645690917969	67.86698913574219
79.17913818359375	69.4405288696289
67.93406677246094	67.79733276367188
78.33567142486572	76.9507212638855
66.50641536712646	63.102357387542725
72.59919166564941	67.5310230255127
78.78342342376709	78.41714525222778
53.142935276031494	56.20356273651123
68.47447443008423	64.85860586166382
72.72279453277588	73.1962742805481
70.78029012680054	71.81485891342163
83.63056182861328	75.20628452301025
58.122191429138184	47.727500915527344
62.794100761413574	61.11717987060547
55.80356979370117	52.20677185058594
71.89167737960815	69.59611415863037
58.27814054489136	54.8402738571167
75.00130271911621	68.33253192901611
60.33957052230835	58.26219320297241
72.63311719894409	67.67025804519653
76.94395637512207	77.66980934143066
69.24185752868652	69.7226333618164
74.5053482055664	69.35398864746094
66.9169864654541	65.88827562332153
65.89202213287354	64.5556468963623
67.19380187988281	67.62955474853516
69.14175224304199	66.37089729309082
72.56661415100098	69.92929077148438
79.94775485992432	73.57861328125
70.38750648498535	68.42514038085938
70.9074010848999	63.15581703186035
80.45930433273315	80.3244080543518
66.096435546875	64.05651092529297
74.23631191253662	69.19543266296387
73.52639675140381	70.05779266357422
77.4352970123291	74.20907592773438
77.30306625366211	74.0940113067627
70.99003791809082	75.41035652160645
62.23914861679077	60.13364315032959
75.87960720062256	74.49235153198242
72.67668914794922	72.45987844467163
69.74745082855225	64.54345893859863
69.75128173828125	69.5067834854126
54.684627532958984	50.067047119140625
74.37774705886841	68.7567138671875
76.05400085449219	69.71776008605957
73.36464023590088	73.1640477180481
67.81652641296387	69.61875915527344
81.1425347328186	76.5970630645752
71.12144470214844	70.83113193511963
65.14391899108887	60.790841579437256
67.67899131774902	69.02922248840332
61.565714836120605	59.09946346282959
63.03080749511719	63.2738037109375
76.59342813491821	78.26286268234253
87.03374290466309	82.78799629211426
62.76997470855713	58.14468860626221
71.56522274017334	71.77967357635498
75.82173919677734	73.33365631103516
72.9785041809082	66.09750509262085
77.53172254562378	76.02148532867432
80.41242027282715	81.27737045288086
68.17873907089233	64.69570016860962
72.15020942687988	69.8067569732666
71.95828247070312	66.13664245605469
75.33997535705566	67.15066432952881
62.879323959350586	58.39005470275879
73.53827476501465	74.59293365478516
76.15509033203125	77.56011009216309
78.72917222976685	71.66031455993652
51.1046028137207	49.48967742919922
72.03127861022949	69.7362232208252
69.68313789367676	67.98619222640991
61.18281841278076	58.49411201477051
64.30400276184082	61.483943939208984
66.9716649055481	59.09097862243652
73.48567962646484	68.6257266998291
77.97930240631104	77.10224151611328
77.8774881362915	72.31626892089844
71.0606689453125	68.98688507080078
80.27558898925781	79.70820808410645
72.26964569091797	70.83364677429199
65.55129432678223	58.80549430847168
72.6064281463623	68.11068105697632
62.386963844299316	70.17573690414429
77.64507150650024	69.87571620941162
72.39138793945312	67.92542839050293
63.88829231262207	61.92397117614746
71.86028957366943	70.08217811584473
67.34291076660156	63.507442474365234
67.50030326843262	61.171852111816406
77.39077854156494	76.49926614761353
67.6690993309021	58.137983322143555
68.4620132446289	68.28572082519531
65.08181571960449	58.972439765930176
78.61932277679443	75.18704795837402
69.3717565536499	67.10124731063843
65.0181884765625	59.59422969818115
68.3126220703125	65.14853096008301
69.48932647705078	67.44349479675293
53.38253831863403	52.508241176605225
67.25222587585449	62.85679817199707
63.999762535095215	61.57034778594971
59.74902963638306	62.90024757385254
68.41983032226562	64.78219699859619
72.01235771179199	64.09899711608887
61.99268341064453	61.45040512084961
70.00951290130615	65.30275821685791
79.4935712814331	80.29953145980835
83.78664970397949	77.74121618270874
75.37240028381348	66.9744348526001
74.06129264831543	73.7281665802002
77.63393592834473	74.35702323913574
75.85721588134766	74.22032928466797
63.613380432128906	58.336910247802734
76.78319835662842	72.59347629547119
69.86418199539185	67.43176889419556
65.90918731689453	62.5748291015625
77.11534976959229	71.4925479888916
69.28359031677246	66.71624660491943
73.38109302520752	65.44686126708984
67.62387084960938	65.64696979522705
84.6459846496582	80.03031063079834
61.29288339614868	59.39176797866821
70.24398803710938	67.2581558227539
67.09970951080322	62.11273193359375
70.32614707946777	68.2021951675415
68.14086151123047	67.03668975830078
64.84225273132324	59.5456280708313
87.14938449859619	85.76367902755737
57.88787364959717	57.27376747131348
65.86734008789062	66.09928894042969
57.795186042785645	55.59293270111084
63.349082946777344	57.58646011352539
58.48041343688965	55.82408666610718
66.62522220611572	64.41317653656006
72.63291788101196	72.5436863899231
84.20162439346313	77.10483598709106
83.29929256439209	73.01667308807373
68.9312744140625	65.03697204589844
62.77962112426758	59.62822723388672
81.86326026916504	81.30574226379395
67.46556043624878	66.84873390197754
81.15689611434937	73.79539251327515
70.13771057128906	64.48184204101562
68.09852600097656	64.91142272949219
77.04137992858887	71.63255310058594
72.58242130279541	66.13162040710449
66.32083225250244	57.85024881362915
60.21071243286133	58.53770065307617
67.5497817993164	59.3485951423645
64.36983585357666	63.829264640808105
74.65600490570068	71.87897682189941
68.61074924468994	56.98111057281494
83.36008071899414	76.04845523834229
67.16207122802734	65.91488647460938
68.97414207458496	68.12256050109863
80.11966133117676	74.9943528175354
62.18082237243652	63.19525146484375
54.15693712234497	53.66157531738281
76.46789073944092	69.87828254699707
67.41958522796631	64.9361343383789
73.456787109375	73.73627758026123
70.91751766204834	69.83587741851807
58.773016929626465	53.10743808746338
67.89000701904297	65.7129135131836
57.413268089294434	56.48233890533447
75.66477012634277	72.59665489196777
73.88792419433594	64.5015869140625
77.82710552215576	76.37928771972656
68.88723850250244	67.81991004943848
77.74572944641113	71.58114051818848
60.83349609375	60.398658752441406
72.2188949584961	71.89971923828125
69.3677544593811	65.57540035247803
79.15996599197388	80.13670539855957
75.42272758483887	71.03027963638306
76.01929664611816	76.15025520324707
57.70741939544678	60.79944133758545
73.52253723144531	70.37181091308594
64.82691287994385	59.934678077697754
73.31828117370605	67.07866668701172
61.23329734802246	55.21133041381836
76.48885917663574	69.21239519119263
71.05195713043213	65.82924556732178
68.84185791015625	66.60273742675781
65.08818531036377	62.030638694763184
62.39741611480713	58.36112880706787
79.76740837097168	74.54617977142334
67.98303985595703	62.07295227050781
71.07735633850098	69.30659294128418
69.91789817810059	66.22874355316162
68.46757364273071	60.52519655227661
58.49987554550171	57.93532848358154
65.24308633804321	65.60536050796509
66.99265480041504	64.3828353881836
75.19969940185547	74.52626037597656
61.70417022705078	61.514801025390625
71.95525217056274	65.95197486877441
58.87209892272949	58.459184646606445
73.77632284164429	71.46486473083496
66.51328086853027	66.87187194824219
80.23832130432129	73.78105545043945
57.79070281982422	57.69850540161133
54.67329025268555	57.64026641845703
60.11082744598389	57.45614004135132
63.52224159240723	58.23888301849365
58.67726373672485	59.29998016357422
62.95841932296753	57.617488861083984
70.42266654968262	61.807963371276855
76.74105834960938	75.32318115234375
84.24864387512207	89.31140327453613
71.63555860519409	64.27457284927368
70.70031642913818	75.26147365570068
83.26476287841797	77.98307704925537
73.89794826507568	72.22137451171875
75.75491428375244	77.69349575042725
69.824453830719	58.501991271972656
84.0494441986084	85.29797172546387
77.25779151916504	68.13791036605835
71.79207420349121	68.46846866607666
70.40830421447754	67.48899936676025
72.23719120025635	72.02218532562256
72.4747223854065	68.85028839111328
58.537893295288086	61.18145942687988
75.7994327545166	71.42822170257568
66.52855205535889	66.19482612609863
80.2187328338623	76.00485277175903
72.87590980529785	74.848952293396
78.49047660827637	73.69516849517822
74.80222606658936	74.550217628479
71.1413197517395	69.68493604660034
75.49518013000488	70.13569736480713
61.42190456390381	59.19473171234131
69.43262481689453	68.3236083984375
68.97268009185791	64.17614841461182
70.38151741027832	68.18999290466309
64.1672887802124	61.630022048950195
59.7447452545166	57.90846824645996
63.99516820907593	65.59137868881226
55.43459987640381	53.19712257385254
69.32053852081299	67.33424472808838
65.75785160064697	65.916419506073
53.62483215332031	51.01170492172241
68.09345245361328	66.24864101409912
76.32596111297607	76.90990161895752
72.18254852294922	66.86744689941406
84.99221706390381	76.93232917785645
83.48930358886719	78.57729911804199
77.3653130531311	75.79957628250122
75.3870301246643	70.7381911277771
76.82952117919922	75.85149192810059
74.89622497558594	68.08882141113281
63.552228927612305	60.205535888671875
70.42366218566895	70.73186540603638
71.52708578109741	68.75067329406738
59.45664739608765	57.34616947174072
62.7095890045166	59.65536689758301
70.64927816390991	64.72031307220459
83.59001159667969	81.04672431945801
64.113760471344	60.085309982299805
67.03164672851562	67.43112182617188
83.01467895507812	75.13365268707275
79.44155502319336	72.39803123474121
67.15946245193481	63.050631523132324
82.51057434082031	83.88775110244751
83.07605743408203	79.87191009521484
70.44820976257324	64.26588249206543
59.1583685874939	56.054584980010986
72.68595886230469	67.66645050048828
69.33410358428955	66.1934175491333
72.21118927001953	69.12759590148926
70.48556470870972	72.18722248077393
55.34687423706055	55.34095764160156
86.00765991210938	85.05766344070435
68.78843879699707	66.85971164703369
69.0117359161377	67.84282684326172
78.5569200515747	79.69422912597656
67.70946550369263	65.66907691955566
86.38556098937988	79.11740112304688
77.02334403991699	76.6457576751709
77.12382316589355	72.456298828125
56.14864158630371	54.343106269836426
74.77914428710938	75.40660858154297
69.63369083404541	62.20230674743652
76.70368957519531	76.23558712005615
61.9024658203125	58.662353515625
70.9549126625061	72.71756505966187
78.1507396697998	70.78614711761475
76.51689147949219	72.55621719360352
90.84453392028809	83.60161399841309
57.93768119812012	55.93737173080444
74.90027046203613	66.1334981918335
72.47292995452881	67.11257934570312
72.30039978027344	73.06544494628906
75.77021598815918	73.0415210723877
68.84368801116943	67.01552438735962
68.11370897293091	67.27153825759888
77.35722541809082	73.41634273529053
56.48971080780029	52.280312061309814
70.60942840576172	67.47132873535156
74.80197715759277	71.71309804916382
70.7192611694336	69.63348197937012
67.45577812194824	66.40397548675537
