35.857834815979004	40.47018814086914
51.87847900390625	55.06449365615845
31.02638053894043	38.934372425079346
41.47213268280029	42.62398958206177
36.492347717285156	47.15248489379883
37.567344665527344	49.05800199508667
45.03459930419922	53.2586932182312
46.98000717163086	54.560791969299316
47.69506072998047	48.80680465698242
40.47023391723633	45.60593366622925
48.310203552246094	57.94260931015015
51.74568557739258	58.524264335632324
32.9908561706543	44.03179883956909
60.114458084106445	64.34308528900146
48.861268520355225	51.44994354248047
48.3544864654541	49.04953479766846
40.97785663604736	52.090277671813965
35.754408836364746	40.11397647857666
40.48133039474487	34.39710998535156
37.36574649810791	42.13038349151611
28.697268962860107	35.58036804199219
38.034000396728516	47.12984561920166
34.232136726379395	44.3294358253479
50.667633056640625	46.890798568725586
41.295997619628906	46.65981101989746
41.17230987548828	42.81426239013672
52.3497633934021	59.743961334228516
42.40620517730713	40.981932640075684
40.57228088378906	45.99265766143799
43.182260036468506	41.90237092971802
41.93713140487671	36.834304332733154
44.37267446517944	45.02644443511963
45.93106126785278	49.601078033447266
45.986276149749756	44.03028964996338
44.362595558166504	51.61763000488281
42.005650997161865	47.552724838256836
43.49683380126953	51.00984334945679
41.10944652557373	47.72047805786133
37.735838890075684	48.3160285949707
40.61920166015625	55.38087034225464
42.12237548828125	40.331180572509766
40.256564140319824	47.96937894821167
50.74751663208008	56.556827545166016
43.787675857543945	51.62917900085449
35.08803606033325	49.22494697570801
45.700321197509766	51.01807880401611
37.26386308670044	48.754594802856445
25.74590802192688	32.81903839111328
32.68785381317139	41.91874313354492
46.63051700592041	53.05703830718994
44.59219217300415	45.42939758300781
39.51006317138672	51.72736358642578
44.352718353271484	49.7510461807251
43.40639877319336	51.68539524078369
36.362351417541504	35.56248617172241
40.16982650756836	38.31706380844116
37.965521812438965	48.45736742019653
35.31651973724365	40.12913417816162
33.42900037765503	45.57304000854492
44.10667371749878	39.65049695968628
49.55148124694824	59.11435031890869
47.03282928466797	51.467848777770996
44.825411796569824	49.96086883544922
49.14426898956299	53.88737106323242
41.8526086807251	49.31191635131836
48.11891841888428	53.21648836135864
49.01361036300659	49.256826877593994
32.60569620132446	44.747398376464844
41.55014419555664	49.89083003997803
36.36378526687622	42.67361927032471
47.37421417236328	50.133657932281494
53.79901123046875	54.463133811950684
30.118858814239502	39.4544563293457
40.39418888092041	52.861053466796875
50.3988037109375	57.41845703125
44.64936017990112	47.42442512512207
35.482017040252686	32.61029815673828
39.47198009490967	43.36087131500244
52.45076036453247	58.97469520568848
41.33012771606445	44.19615697860718
37.108763217926025	59.02008247375488
47.337684631347656	42.29898548126221
48.720149993896484	41.151005268096924
45.302207946777344	47.70323133468628
32.727057456970215	44.353187561035156
43.0820198059082	44.929141998291016
41.29899215698242	42.188849449157715
30.001107215881348	30.599021434783936
47.47140598297119	43.88691568374634
53.11234760284424	50.882680892944336
36.2584924697876	41.26081466674805
28.69548797607422	36.57103729248047
47.01810073852539	59.0153489112854
52.66426086425781	57.625253200531006
43.995720863342285	50.16479301452637
43.64923334121704	42.445053577423096
37.16302013397217	47.65721893310547
51.99163055419922	44.05844211578369
54.661720275878906	62.23304271697998
48.60034942626953	48.17000961303711
32.06399440765381	41.137596130371094
51.682541370391846	61.50329303741455
62.878767013549805	67.30581092834473
42.26171159744263	46.261332511901855
36.583096504211426	38.271029472351074
39.94843769073486	39.748008728027344
39.082122802734375	50.885817527770996
54.281524658203125	58.41099786758423
47.07076835632324	47.05782890319824
39.007790088653564	45.82291126251221
36.31559753417969	44.4842004776001
39.11240100860596	42.71865749359131
57.45740509033203	61.35336399078369
45.03776264190674	54.09238290786743
51.62022829055786	56.1522912979126
56.8915114402771	53.72714424133301
41.56745672225952	52.98467254638672
49.88227987289429	65.80938863754272
45.682109355926514	53.797229290008545
37.80774784088135	48.09876251220703
39.804471015930176	45.921424865722656
48.23960876464844	54.01095962524414
37.43368053436279	47.429649353027344
35.40133762359619	53.91391372680664
27.575256824493408	47.517345905303955
59.73374938964844	51.4574761390686
47.90342617034912	54.574729919433594
33.893165588378906	50.30614471435547
43.90780735015869	57.24604415893555
38.43738842010498	32.589210510253906
52.75427055358887	49.534573554992676
40.93292284011841	44.47041320800781
47.13149356842041	43.520592212677
51.810171604156494	52.01822519302368
31.662863731384277	46.22799062728882
34.52890491485596	43.19193649291992
39.51295852661133	44.88157796859741
48.09911346435547	51.49180221557617
49.859052658081055	45.199782848358154
53.788185119628906	58.779584884643555
41.853965282440186	53.84776306152344
38.614073753356934	48.51092004776001
35.207200050354004	36.544833183288574
36.37489986419678	31.18291664123535
46.27356719970703	48.7226037979126
34.82414245605469	42.7257342338562
48.16961669921875	58.279191970825195
49.56267166137695	53.82556629180908
35.55026626586914	58.138885498046875
61.955543518066406	61.347999572753906
47.812439918518066	58.11870574951172
27.13333225250244	38.47486925125122
36.046048641204834	36.904616355895996
48.291576862335205	57.37284183502197
32.49960422515869	32.4720983505249
39.112098693847656	42.238685131073
35.708621978759766	39.38129186630249
44.385371685028076	62.20792007446289
48.35471725463867	54.91519546508789
45.55579376220703	50.694347858428955
48.433356285095215	49.337830543518066
48.82530975341797	54.572235107421875
37.61243295669556	41.369022369384766
45.654940128326416	53.9938850402832
37.228111743927	43.27595901489258
54.15681838989258	61.26300811767578
44.06106090545654	44.2360258102417
44.04643535614014	41.42075777053833
34.80310916900635	43.20874500274658
57.77718544006348	59.529852867126465
43.621819496154785	53.02629852294922
51.172462463378906	60.806742668151855
43.07982635498047	36.587069034576416
42.66093921661377	47.10304260253906
45.31799650192261	42.75106191635132
46.0491943359375	49.96116828918457
52.30235290527344	51.94085693359375
42.39375305175781	57.84914588928223
40.438475608825684	49.198957443237305
58.49653720855713	40.57608127593994
40.20279884338379	46.32418155670166
38.89104080200195	56.931790351867676
61.85547637939453	53.52173852920532
41.52951908111572	48.00304460525513
48.227508544921875	37.94653272628784
50.884857177734375	60.21292304992676
35.59506177902222	47.73303508758545
44.944007873535156	52.27031421661377
41.41053009033203	52.40699100494385
42.64141082763672	55.28362274169922
46.608418464660645	54.70043087005615
43.739845275878906	49.370262145996094
49.66061067581177	40.58202266693115
50.49136257171631	48.98433303833008
43.746429443359375	49.27839803695679
42.97861385345459	50.55686950683594
35.55538845062256	44.089186668395996
34.40041780471802	44.58805561065674
37.056708335876465	48.53079414367676
55.076637268066406	58.554588317871094
53.58733367919922	61.122798919677734
48.76998424530029	56.635684967041016
28.96933650970459	47.254422664642334
43.495885372161865	46.38060760498047
42.44276714324951	48.488746643066406
47.20573425292969	43.39592981338501
31.468822956085205	42.703110694885254
25.924341678619385	38.94342041015625
42.020118713378906	41.80488204956055
43.808738708496094	48.40150833129883
40.81163835525513	52.36402130126953
36.17551326751709	39.30528259277344
45.34711456298828	44.26344394683838
55.522666454315186	53.27250003814697
36.780014991760254	48.80126953125
30.858319759368896	40.00919723510742
36.896185874938965	40.11387348175049
53.169342041015625	52.56376934051514
38.5585241317749	40.04715824127197
35.11824035644531	38.12324523925781
43.21164655685425	35.70395803451538
43.32684278488159	39.065673828125
37.13700771331787	45.637192726135254
45.6918568611145	59.80044078826904
42.7607684135437	44.70747518539429
47.24499177932739	54.28276062011719
58.26380157470703	59.48228073120117
35.885101318359375	44.970462799072266
35.807167053222656	37.08596897125244
34.238548278808594	40.75839281082153
33.322410583496094	47.04246139526367
44.51546573638916	53.31135702133179
33.96170520782471	33.62055969238281
38.3710241317749	51.245999336242676
41.40627670288086	41.398037910461426
57.02336502075195	53.49768829345703
47.05282974243164	52.624502182006836
48.82029628753662	50.907570362091064
31.243648529052734	33.85200119018555
31.268726348876953	49.79905033111572
34.601731300354004	41.274224281311035
40.959938049316406	36.24463653564453
45.22598171234131	45.57635498046875
41.784027099609375	53.076133728027344
43.47457408905029	43.08067989349365
44.84263515472412	38.70070266723633
51.7496223449707	58.340771198272705
44.057777404785156	57.72184371948242
48.69813394546509	50.79644012451172
58.03694772720337	59.38591480255127
42.909173011779785	57.12069320678711
52.47856521606445	50.674171447753906
37.20843172073364	40.451507568359375
42.672438621520996	50.98375701904297
53.659645080566406	64.5206151008606
56.06016159057617	42.728562355041504
33.658020973205566	41.8473596572876
31.402106285095215	41.243056297302246
40.628360748291016	57.067970752716064
50.39696502685547	56.68806552886963
45.03950214385986	43.68765878677368
43.962098121643066	41.4091100692749
50.192901611328125	54.38206672668457
43.55426788330078	41.885504722595215
48.91502523422241	58.309447288513184
38.627272605895996	44.12220764160156
35.933876037597656	37.39981126785278
42.636383056640625	46.81684923171997
44.52704906463623	55.12937068939209
45.28698110580444	42.779415130615234
45.506492137908936	58.75494384765625
41.9527530670166	61.81111192703247
42.420053005218506	38.557955265045166
44.889790534973145	49.34037160873413
41.64143657684326	40.00756120681763
37.38119602203369	43.95768356323242
46.595266342163086	49.01883602142334
45.28572082519531	58.04540205001831
39.06330490112305	47.071768283843994
35.73003101348877	44.21210336685181
46.54889678955078	56.20444107055664
46.45100784301758	47.072150230407715
47.291404724121094	48.044368743896484
44.41865682601929	46.88632583618164
42.01534652709961	42.91047191619873
52.391536712646484	59.14269161224365
48.015965938568115	41.95411777496338
51.47564697265625	61.54308319091797
37.0314302444458	49.575790882110596
29.957573890686035	49.371002197265625
34.084224700927734	43.15205383300781
48.727874755859375	59.41262245178223
52.35152721405029	57.76809072494507
43.31799077987671	41.0204963684082
38.55520486831665	42.36866760253906
42.280314445495605	46.53545427322388
42.20601940155029	41.14558792114258
46.21988010406494	48.74156188964844
36.24429225921631	41.887699127197266
44.33835983276367	51.248984813690186
39.75864362716675	39.59108304977417
58.31247329711914	57.39081382751465
31.16725444793701	33.289780616760254
38.850765228271484	42.704209327697754
45.295342445373535	53.32093048095703
53.79249620437622	51.13382339477539
36.773972511291504	46.38678741455078
31.767101287841797	33.48690319061279
41.160667419433594	45.83706712722778
47.33314895629883	55.59971809387207
35.74720859527588	44.59962844848633
30.372910499572754	38.61243438720703
47.29151725769043	42.4751615524292
47.67502975463867	57.50296068191528
30.16091537475586	37.2665638923645
40.94231557846069	47.97394561767578
48.40788650512695	52.70688772201538
38.01016616821289	37.711634159088135
43.9500732421875	50.832889556884766
45.79142379760742	55.66179370880127
42.0157470703125	51.39493131637573
50.16106414794922	53.42761993408203
31.214115142822266	44.19615173339844
56.06554412841797	57.330116271972656
36.77574872970581	48.135629653930664
48.45604133605957	58.3074517250061
49.87339782714844	60.058573722839355
35.470709800720215	46.73756790161133
43.59720325469971	38.03391122817993
32.721123695373535	48.012136459350586
46.59333944320679	46.31248474121094
45.40913105010986	44.55758571624756
36.60924053192139	39.52094125747681
43.66449737548828	52.5390362739563
42.892147064208984	46.30739498138428
49.06372690200806	58.262786865234375
38.24729919433594	46.488510608673096
44.208030700683594	31.005799770355225
44.7951545715332	48.00502014160156
39.8948450088501	55.50712490081787
42.232449531555176	47.67361116409302
41.999205589294434	51.05926513671875
37.895888328552246	50.33588171005249
40.99855184555054	55.754966735839844
46.81339120864868	53.56765365600586
57.61063003540039	62.31350326538086
39.22576189041138	44.566749572753906
35.319451332092285	44.71675109863281
30.181889533996582	39.801795959472656
43.53783416748047	61.74191951751709
40.735660552978516	50.81255292892456
50.5888352394104	54.58274459838867
41.848299980163574	51.687227725982666
41.83794355392456	45.97364044189453
42.24926137924194	53.45552444458008
35.83832025527954	46.75400924682617
53.72230052947998	64.29573202133179
43.182806968688965	48.43004035949707
57.88233757019043	66.45652770996094
49.59305191040039	51.855186462402344
49.10910415649414	59.094377517700195
51.907949924468994	52.886672019958496
44.91355800628662	51.62691879272461
41.37058639526367	46.26234436035156
34.23332214355469	42.04325866699219
34.586219787597656	47.67948818206787
37.097784996032715	44.061405181884766
51.029579162597656	61.10729217529297
36.60925245285034	44.19438600540161
49.38991355895996	53.84194850921631
38.376389026641846	47.152679443359375
44.46824073791504	44.46522617340088
41.28504467010498	50.00471305847168
37.23197937011719	40.622657775878906
48.493194580078125	61.301204681396484
37.98069906234741	53.957393646240234
35.103697776794434	33.79423141479492
50.24918079376221	50.78437042236328
40.90569019317627	43.89170217514038
46.82750701904297	48.40418243408203
42.0823016166687	49.59092712402344
52.17479753494263	59.16074752807617
38.907952308654785	47.084285259246826
46.499632358551025	48.55926513671875
40.28695583343506	48.09444236755371
39.312615394592285	54.82531690597534
45.258999824523926	57.01726531982422
46.65024662017822	44.58712387084961
30.292250633239746	35.27304029464722
51.17659950256348	54.231605529785156
39.67177629470825	45.707879066467285
41.05052900314331	33.10027027130127
40.147064208984375	36.55092144012451
33.405235290527344	43.96952772140503
46.36465072631836	48.968772888183594
52.09868240356445	56.18408203125
40.26456069946289	36.12385416030884
40.63880157470703	54.40435791015625
50.62928771972656	58.70432424545288
51.58994913101196	54.29448699951172
43.78982400894165	56.42463684082031
38.395325660705566	49.786705017089844
44.235846519470215	49.13283014297485
38.48122835159302	52.89761924743652
44.717665672302246	51.049827575683594
47.58910322189331	54.257041931152344
42.83213710784912	41.994919776916504
46.76061248779297	53.63172197341919
50.013508796691895	56.196516036987305
40.255226135253906	52.51109504699707
43.29297351837158	49.73090362548828
48.02992630004883	57.08480453491211
39.076735496520996	48.021366119384766
26.988956928253174	44.6321382522583
47.63016891479492	44.01987838745117
38.951000690460205	50.618839263916016
52.38477373123169	49.55803680419922
44.10138416290283	58.15869140625
41.300010681152344	42.76953363418579
38.08945369720459	45.39502429962158
46.07962942123413	51.02024841308594
49.27738285064697	55.958988189697266
46.977561950683594	62.020952224731445
45.322303771972656	48.729515075683594
43.27057647705078	47.06224966049194
64.16140079498291	64.79329586029053
44.92198848724365	50.79341220855713
34.959716796875	44.334609031677246
42.38482189178467	52.3169059753418
55.25025939941406	58.6580924987793
35.4542350769043	40.313246726989746
42.725815773010254	49.14676904678345
53.20733642578125	55.77461242675781
45.09301137924194	46.729209899902344
35.47164440155029	45.396918296813965
53.966796875	64.38629007339478
44.98964595794678	63.03443145751953
40.964449882507324	41.545273303985596
38.087242126464844	47.56916952133179
42.13225269317627	54.90655517578125
55.31175994873047	54.03746032714844
46.62014961242676	49.617629051208496
44.79824495315552	56.021422386169434
50.94393825531006	56.31817817687988
44.33142852783203	56.782814025878906
46.68530750274658	46.98324203491211
51.1690673828125	49.10757780075073
51.10411024093628	57.56631088256836
48.78961181640625	53.902586460113525
39.541046142578125	46.82901859283447
33.16372632980347	49.18426322937012
48.797698974609375	50.24729824066162
33.42212677001953	51.11263847351074
47.81860113143921	50.30513000488281
41.02555847167969	50.549304485321045
36.06792449951172	40.04859924316406
42.907931327819824	48.32555532455444
47.625245571136475	56.02077865600586
43.43883466720581	49.8801155090332
32.98462200164795	35.19096231460571
46.70779228210449	45.29546070098877
42.55549621582031	47.028356075286865
47.42833709716797	50.48358917236328
40.80044984817505	45.35365295410156
43.39899444580078	57.281126976013184
38.27744150161743	55.743980407714844
45.45919132232666	49.25213623046875
42.67220497131348	45.226226806640625
45.98727035522461	45.72623014450073
52.09577178955078	47.66441202163696
55.016655921936035	56.29297733306885
36.51318073272705	46.17629528045654
36.94636917114258	45.84251689910889
48.947818756103516	52.68244743347168
41.09201431274414	42.98188829421997
51.833282470703125	51.24995422363281
43.766395568847656	52.45908737182617
52.83202362060547	60.35822153091431
43.254180908203125	29.511265754699707
54.353922843933105	53.53182792663574
44.264885902404785	48.088119983673096
41.52579355239868	49.861167907714844
54.156044483184814	51.49659776687622
48.978824615478516	64.95250701904297
48.602718353271484	62.94475555419922
44.254265785217285	43.365291595458984
48.98029947280884	55.51113939285278
57.144615173339844	69.59757328033447
41.5746545791626	34.72578811645508
33.240684032440186	41.49128007888794
42.31531095504761	52.552364349365234
43.49736499786377	38.89608716964722
42.63548183441162	52.43516540527344
46.12424039840698	40.20676374435425
33.48609209060669	44.489227294921875
45.88822317123413	46.487640380859375
46.841118812561035	50.293792724609375
47.700636863708496	53.62283945083618
59.823625564575195	61.516517639160156
42.118135929107666	48.02682876586914
51.956162452697754	48.56104278564453
52.3015832901001	56.15887641906738
40.40378952026367	51.291282176971436
38.526222705841064	52.543946743011475
47.586984634399414	43.63257694244385
43.20376682281494	46.68737030029297
33.85016679763794	44.680755615234375
53.344627380371094	47.48143768310547
55.185707092285156	50.95481872558594
33.008917808532715	39.5399694442749
39.898741722106934	52.14129686355591
46.40653133392334	50.49891471862793
42.2891321182251	36.89149188995361
44.817091941833496	48.20942687988281
39.72349166870117	51.49483346939087
39.224228858947754	47.73076248168945
44.144418239593506	46.475836753845215
49.42317581176758	37.678818702697754
51.3622932434082	52.53546667098999
43.4769401550293	45.325950622558594
40.14157962799072	50.08010816574097
33.1670036315918	35.756813049316406
52.01378774642944	48.7170352935791
39.937989234924316	50.85239028930664
34.021148681640625	52.697007179260254
49.47535800933838	46.50325393676758
45.9873046875	49.59870529174805
39.280391693115234	47.39753007888794
36.934298515319824	45.84158992767334
38.695631980895996	43.63276290893555
50.35197448730469	51.766136169433594
53.45219039916992	53.287757873535156
50.68010187149048	59.61767578125
32.64280986785889	40.75855302810669
40.52069711685181	45.877790451049805
51.36387586593628	57.474510192871094
35.29856014251709	35.7983660697937
51.47848129272461	61.461896896362305
41.23031282424927	48.61971426010132
46.78121280670166	44.04435586929321
43.71709442138672	53.30156707763672
47.0969557762146	64.50060272216797
37.09227800369263	55.62682914733887
55.29806137084961	59.87454843521118
44.65374755859375	51.203683376312256
44.942115783691406	45.26789903640747
46.22418212890625	49.949066162109375
47.44311189651489	46.64982986450195
32.724642753601074	38.0302095413208
39.10623216629028	39.799378395080566
41.007981300354004	49.940467834472656
45.74799633026123	51.378952980041504
43.78797149658203	36.40305948257446
50.21989059448242	50.22878313064575
35.12171506881714	46.51136016845703
34.440410137176514	41.937912940979004
33.09939908981323	36.84210205078125
53.26715850830078	62.25185251235962
50.092848777770996	46.26094198226929
41.37321853637695	51.182369232177734
31.06696367263794	37.795166015625
45.649948596954346	52.99569129943848
48.86229085922241	52.664079666137695
37.76809501647949	49.30947303771973
39.710174560546875	50.04150390625
44.34603834152222	57.466163635253906
39.118706703186035	51.783721923828125
48.47383975982666	47.85423946380615
42.86439514160156	47.08472442626953
52.20908260345459	48.52923774719238
48.43074035644531	53.46829175949097
46.64627122879028	53.67616653442383
40.87709140777588	36.61190938949585
25.162540197372437	35.22502136230469
47.570860862731934	58.92922878265381
38.60188007354736	46.10364532470703
55.41203498840332	60.6203031539917
49.47068500518799	56.9614143371582
38.11630296707153	48.83958578109741
59.627639293670654	57.19907283782959
46.0425591468811	45.03101396560669
40.739012718200684	48.946096897125244
48.97391319274902	49.89910268783569
38.87997531890869	35.62928771972656
40.623793601989746	53.10460567474365
44.02986145019531	49.77891969680786
38.40297842025757	43.25010681152344
45.55092239379883	51.70636796951294
31.52267360687256	26.715830087661743
51.74386215209961	55.97760772705078
55.397804260253906	50.86621856689453
39.017441749572754	48.68272399902344
65.52358818054199	69.09744930267334
46.54650163650513	47.500648498535156
38.57732391357422	45.63206911087036
33.134803771972656	44.73234987258911
38.50479984283447	56.82051944732666
49.3013277053833	55.7235050201416
40.47515869140625	44.9078369140625
59.16719436645508	59.678579807281494
57.76126480102539	64.22525024414062
38.78320598602295	38.08226680755615
39.97865581512451	43.94447708129883
50.40678787231445	44.9030647277832
50.014801025390625	40.697264671325684
47.03720808029175	60.53599548339844
50.56312894821167	44.269859790802
53.712711334228516	51.09771728515625
47.68765640258789	59.08671712875366
43.70384502410889	45.09004735946655
42.511176109313965	32.60383701324463
35.85500621795654	53.12113952636719
46.144466400146484	63.30432987213135
39.780375480651855	43.7896203994751
53.89107656478882	57.940144538879395
41.76687240600586	50.059534549713135
50.13295316696167	52.35246658325195
45.88171720504761	50.09577226638794
39.80600118637085	42.26243019104004
40.22985076904297	52.186317443847656
39.864577293395996	51.58208513259888
42.23976135253906	48.99517059326172
56.09915542602539	54.598182678222656
48.328492641448975	55.85161590576172
44.76760482788086	53.84347867965698
50.0640664100647	47.58477020263672
43.0253791809082	54.73345756530762
36.907344818115234	53.02542591094971
43.852203369140625	50.94589567184448
48.88961410522461	56.37765598297119
37.918212890625	49.57271671295166
43.98018550872803	49.830291748046875
39.26132917404175	42.517967224121094
52.03704833984375	59.90727996826172
47.296058654785156	55.51519060134888
40.45785140991211	41.02791881561279
47.72428321838379	40.23673152923584
36.38048219680786	45.5809326171875
29.03447914123535	37.739315032958984
47.01242113113403	34.77841281890869
41.90970039367676	48.999319076538086
51.42020797729492	55.12242078781128
42.19819641113281	50.24928903579712
33.57430696487427	47.734557151794434
52.21636772155762	63.876577377319336
52.351080894470215	51.670310497283936
51.94032287597656	63.364145278930664
41.295570373535156	47.109753131866455
43.69542217254639	49.73320770263672
40.100409507751465	40.79695177078247
55.3404655456543	54.24125671386719
37.91913890838623	35.96315002441406
44.238038063049316	46.734848499298096
49.20365285873413	56.917633056640625
44.61753463745117	50.55469608306885
41.90581512451172	40.39815902709961
44.307589530944824	60.94460678100586
40.200499534606934	43.59656524658203
37.82508373260498	43.31937265396118
39.31238842010498	47.9978141784668
38.23386240005493	45.56352233886719
45.64689922332764	55.00556182861328
38.65502119064331	36.45490264892578
48.28710079193115	56.570016860961914
40.313756465911865	46.53504943847656
41.86368465423584	53.75857448577881
29.1507568359375	39.968204498291016
50.63393211364746	58.00317668914795
40.776869773864746	45.88640737533569
42.53700256347656	46.85013198852539
43.08638000488281	47.56244087219238
32.95607137680054	44.39691925048828
46.511207580566406	58.35675048828125
53.70500564575195	59.347612380981445
35.66093444824219	27.602542638778687
40.37032413482666	43.483895778656006
45.05533695220947	61.76231002807617
38.039984703063965	37.19462871551514
37.62265491485596	48.5329065322876
43.372231006622314	44.15766143798828
29.320228099822998	39.27707052230835
46.32639026641846	43.37910175323486
39.23312425613403	49.60154581069946
44.78586959838867	56.37029552459717
41.07453632354736	54.03023862838745
36.72493600845337	49.16918182373047
36.22354507446289	49.973549365997314
35.51950550079346	43.16866159439087
34.23358154296875	43.20444202423096
47.53751754760742	59.29885196685791
38.328017234802246	48.636757373809814
43.172462463378906	50.7533597946167
51.45798873901367	57.08981895446777
45.50178909301758	48.041720390319824
42.482948303222656	45.402995109558105
57.68394088745117	69.06172800064087
37.41127395629883	43.86077880859375
46.33679485321045	54.98585891723633
48.80113983154297	44.3892502784729
48.03619194030762	48.72806167602539
46.89962196350098	56.35605812072754
39.09771680831909	41.45045471191406
41.84466600418091	52.153717041015625
43.598878383636475	44.31910514831543
43.55214834213257	46.917091369628906
28.016726970672607	27.279919624328613
46.153526306152344	56.6365385055542
56.857234954833984	55.662689208984375
35.761821269989014	42.139288902282715
41.13797378540039	48.85539722442627
36.626532554626465	48.76787519454956
47.89881658554077	51.29182052612305
39.992451667785645	50.86760902404785
32.36388301849365	43.51840591430664
37.7028021812439	45.160282135009766
35.10266590118408	41.27742671966553
54.361063957214355	54.05555725097656
40.734450340270996	46.31999588012695
39.3363561630249	44.6424036026001
45.43226623535156	55.85179328918457
43.132925033569336	43.65374565124512
40.91805553436279	53.17106246948242
45.3048620223999	43.50379180908203
47.51366424560547	52.2117919921875
36.18489694595337	47.184608459472656
42.581932067871094	49.91791486740112
33.30353498458862	39.48600769042969
32.06078052520752	48.98126792907715
34.88741731643677	40.8223876953125
42.17658615112305	57.15999412536621
44.380821228027344	65.67786598205566
44.289390563964844	45.90101623535156
46.89352798461914	45.52474308013916
43.66506481170654	40.310691833496094
48.437103271484375	54.7591552734375
37.525222301483154	42.306538581848145
45.96994733810425	53.560855865478516
47.82711410522461	44.528114318847656
43.95671510696411	56.32371234893799
34.87925434112549	49.88499069213867
47.349021911621094	56.779579639434814
41.068968772888184	40.25247287750244
39.435932636260986	47.74102210998535
34.40922498703003	40.122124671936035
34.38882112503052	40.62790775299072
55.789127349853516	63.02439308166504
55.741843700408936	51.741743087768555
45.76008605957031	46.71376037597656
47.416526794433594	54.72671556472778
39.93343734741211	54.42829179763794
38.10279130935669	48.736900329589844
42.693142890930176	54.75674390792847
42.6644811630249	55.291542530059814
47.76466464996338	70.69732666015625
49.27924346923828	52.00182771682739
35.42620897293091	38.56352233886719
36.37136459350586	48.84152841567993
37.8865442276001	44.31287384033203
50.002716064453125	51.90008354187012
46.3884482383728	51.302886962890625
39.40988540649414	47.154547691345215
36.94412899017334	36.455323696136475
54.54026985168457	63.494606018066406
45.65752029418945	47.11658573150635
41.03368091583252	42.51152038574219
41.79495859146118	36.2379150390625
50.49345588684082	61.089935302734375
45.30419158935547	52.11925220489502
51.17091083526611	54.09027862548828
48.049354553222656	53.39680337905884
34.581719398498535	37.91828775405884
52.430238246917725	62.41604661941528
48.272953033447266	54.88398742675781
46.32037353515625	49.49237823486328
42.35848617553711	52.01176452636719
53.75181198120117	51.16465616226196
26.948821544647217	32.972405433654785
40.681654930114746	43.88202238082886
36.386871337890625	45.463271141052246
45.9001259803772	43.6203875541687
37.130187034606934	48.28443956375122
37.08797550201416	48.4556884765625
45.53579378128052	50.471086502075195
37.91388702392578	36.94298505783081
34.88898468017578	49.990646839141846
43.09431552886963	47.1767373085022
56.1782112121582	67.92880058288574
47.46220111846924	57.939971923828125
32.83023118972778	34.64432430267334
36.77335834503174	40.33465576171875
45.86587953567505	48.33061218261719
47.598045349121094	48.79369497299194
34.703078269958496	42.49522018432617
35.08124828338623	46.824007987976074
41.71833801269531	41.55668878555298
40.170204162597656	46.45255517959595
30.270285606384277	48.32637310028076
43.28064823150635	50.29303693771362
46.64874267578125	49.49586296081543
46.83988046646118	63.684417724609375
38.61666488647461	46.07666015625
39.15648937225342	49.52428102493286
51.517547607421875	53.977829933166504
44.04108476638794	47.59419250488281
43.78292798995972	40.44098663330078
45.69508361816406	52.90148305892944
46.991722106933594	49.7145938873291
51.60192108154297	56.24466133117676
47.716172218322754	62.62097930908203
33.375020027160645	43.044259548187256
43.9492769241333	45.828895568847656
49.69245910644531	58.67463970184326
50.42693328857422	60.38990592956543
37.00774431228638	40.509098052978516
41.48490810394287	42.732603549957275
33.152220726013184	34.80496883392334
39.32540512084961	54.77519702911377
39.991058349609375	43.921188831329346
49.36180067062378	44.47834777832031
46.928250789642334	52.88685750961304
49.98368263244629	53.21123170852661
37.22095584869385	46.34170484542847
36.352455615997314	43.979126930236816
40.19784927368164	43.0965576171875
52.69166564941406	53.831275939941406
34.87402582168579	44.68399667739868
44.371883392333984	48.57232475280762
38.42354965209961	49.804396629333496
38.885239124298096	49.31898498535156
40.26430892944336	38.87633037567139
35.19078016281128	40.93473815917969
39.58817768096924	43.66097927093506
50.91871213912964	49.09109115600586
53.32818603515625	54.68333053588867
39.576613426208496	39.83437728881836
40.98532962799072	47.53906202316284
54.94804000854492	54.869932651519775
44.56502151489258	47.318870544433594
48.11274862289429	52.52755308151245
46.413957595825195	45.14174556732178
46.86430263519287	50.1600456237793
44.64851522445679	50.924224853515625
43.40888786315918	38.513598918914795
39.992445945739746	43.20773458480835
46.90560436248779	52.60588359832764
47.78855037689209	47.842323303222656
40.2908821105957	48.833438873291016
51.03699588775635	53.34150791168213
38.515305519104004	41.19584655761719
55.80824375152588	64.80218315124512
48.776647090911865	54.208919525146484
38.50844144821167	43.584320068359375
49.757415771484375	53.26874542236328
31.34706401824951	43.21362257003784
47.39147186279297	49.351139068603516
38.07919979095459	46.66973638534546
41.48657989501953	48.668429374694824
38.83747386932373	44.76484966278076
44.49355173110962	53.885066986083984
31.97652578353882	35.5330696105957
54.205886363983154	67.20810890197754
28.7308931350708	38.29064607620239
50.79152297973633	52.0307731628418
42.91355562210083	47.01421356201172
48.22627830505371	45.75900936126709
34.900474548339844	37.072341442108154
39.74854373931885	35.95373010635376
40.548508644104004	47.18307590484619
41.21005725860596	50.686485290527344
45.05262756347656	57.034531116485596
55.988722801208496	57.96100044250488
41.98157501220703	53.879859924316406
34.609660148620605	39.30867671966553
54.37017488479614	65.99518775939941
50.77017402648926	74.30346488952637
46.442193031311035	54.017287731170654
39.81178379058838	55.92611646652222
39.26072692871094	45.2792329788208
47.757080078125	38.83878707885742
53.243099212646484	59.669498920440674
47.06304931640625	57.87042999267578
54.26780700683594	61.26432752609253
48.000587940216064	51.218589782714844
51.61766195297241	60.29832363128662
50.839195251464844	60.866751194000244
46.016173362731934	45.459373474121094
40.17732524871826	51.653151512145996
45.06743621826172	51.63438606262207
53.24793863296509	53.150628089904785
46.42188262939453	55.92739248275757
57.620744705200195	58.85032653808594
46.15294885635376	54.86125183105469
32.37595081329346	34.399662017822266
49.803115367889404	51.00060796737671
44.11735153198242	55.6682825088501
40.244469165802	46.954383850097656
54.25833463668823	58.67484664916992
41.64181995391846	43.652374267578125
48.44099235534668	58.72446823120117
45.00200271606445	50.35935926437378
46.54277038574219	45.93899202346802
34.32975387573242	47.37169075012207
51.38056945800781	61.66162967681885
36.803260803222656	46.628509521484375
50.60222244262695	57.53565788269043
47.14869928359985	59.966697692871094
44.365882873535156	47.32196760177612
55.67522621154785	56.928354263305664
39.924768924713135	53.43137741088867
39.844112396240234	49.692758560180664
43.88304042816162	52.74961471557617
42.458144664764404	46.64111328125
45.77153015136719	56.72271680831909
38.69303846359253	44.39101266860962
50.97768259048462	50.220055103302
49.110663414001465	58.44763898849487
51.413169384002686	53.27667999267578
47.337066650390625	46.678199768066406
48.677085399627686	59.49424743652344
42.474117279052734	35.95106506347656
30.936908721923828	41.112144470214844
42.925804138183594	46.57042837142944
44.10077667236328	45.96549606323242
42.16463327407837	50.80702590942383
52.27541208267212	47.50564670562744
42.551554679870605	48.478492736816406
58.409658908843994	54.724295139312744
42.40796661376953	50.50224494934082
38.96938991546631	45.95815658569336
33.27186584472656	43.62714385986328
36.76647186279297	40.979461669921875
38.08655548095703	46.290945053100586
31.07952117919922	35.26368427276611
46.66529846191406	47.59893178939819
35.74764347076416	42.581435203552246
35.56021213531494	45.29267120361328
45.444766998291016	49.11322021484375
49.90888261795044	50.096436977386475
31.872577667236328	40.572630882263184
42.86976623535156	40.13169479370117
49.1431884765625	54.79875564575195
36.796531677246094	53.64275550842285
55.30839538574219	55.276214599609375
35.649173736572266	44.81164312362671
30.796520709991455	36.51276111602783
40.2580943107605	45.35176467895508
38.90788555145264	50.882680892944336
38.40535497665405	49.32188034057617
37.09145736694336	44.15643882751465
38.95773983001709	46.21889591217041
39.379310607910156	46.28024196624756
57.4223747253418	57.252923011779785
43.37227249145508	50.49946355819702
40.069146156311035	50.51734781265259
40.207242012023926	48.31218719482422
40.7561559677124	39.89794921875
52.742279052734375	60.07746505737305
43.405662536621094	53.07591247558594
46.708659172058105	47.81360626220703
50.011810302734375	57.9962854385376
42.73029327392578	46.39734506607056
52.46339464187622	59.02200937271118
31.762229919433594	34.75902557373047
42.586642265319824	47.05453824996948
42.741148471832275	48.538657665252686
39.11722707748413	48.51860427856445
49.89051818847656	64.5988998413086
44.84064960479736	40.82240962982178
36.990803241729736	27.350677728652954
48.23253583908081	50.636497497558594
37.68208026885986	48.89003562927246
41.060505867004395	50.630417823791504
40.3824577331543	46.12842893600464
34.518465995788574	41.85204219818115
35.75468349456787	47.50659942626953
51.84022521972656	39.073771476745605
33.14721059799194	46.53409194946289
44.0163779258728	55.94020080566406
36.03183603286743	46.26161241531372
32.86792755126953	40.60326290130615
45.17058992385864	51.831363677978516
49.11442947387695	49.37983703613281
33.45869779586792	43.19824504852295
43.93858623504639	57.23066234588623
41.32123947143555	46.157413959503174
47.10846710205078	48.91823101043701
38.65839958190918	46.76318168640137
49.29427528381348	33.43313694000244
47.92296123504639	48.77886343002319
38.601948738098145	35.062047481536865
35.908409118652344	60.78494596481323
30.993922233581543	51.9896240234375
56.71700477600098	54.337172508239746
34.66897439956665	43.39188480377197
42.99258232116699	56.686798095703125
47.8705940246582	49.07066345214844
39.24487352371216	46.56687927246094
41.16906452178955	57.788846015930176
43.594242095947266	47.04453802108765
47.51329708099365	48.84370470046997
