38.04116487503052	37.06654644012451
36.14523410797119	37.438124656677246
39.03656005859375	38.45691633224487
45.91533327102661	45.931044578552246
47.792320251464844	47.085723876953125
53.937599182128906	62.77281475067139
36.51431322097778	39.40874004364014
45.57950448989868	46.585914611816406
39.4319224357605	45.613357067108154
41.33864879608154	48.56049394607544
48.49810600280762	54.49353313446045
46.51205921173096	59.78201675415039
51.90700912475586	63.26828479766846
47.762207984924316	44.993292808532715
32.26544141769409	44.700459003448486
44.80213689804077	51.82365417480469
41.55401849746704	48.165122985839844
56.106834411621094	46.98830604553223
54.663360595703125	57.80531644821167
44.65845203399658	45.243831634521484
43.96304512023926	49.486398696899414
42.26893615722656	44.29970932006836
45.19900131225586	56.23544216156006
44.644004821777344	38.98744010925293
46.727702617645264	67.06302452087402
45.17507266998291	46.31884050369263
47.922576904296875	53.576146602630615
43.633209228515625	54.40631818771362
39.970097064971924	43.59640121459961
35.220844745635986	47.50345706939697
43.87099075317383	52.04274368286133
44.58334016799927	46.89700794219971
45.312716007232666	44.96516799926758
41.0900764465332	47.651344299316406
37.86397933959961	46.35038709640503
32.304325103759766	35.82365798950195
41.98841857910156	55.21145296096802
38.727290630340576	42.326348304748535
49.464454650878906	51.29994869232178
45.99666976928711	58.69315147399902
52.587836265563965	56.843767166137695
49.75910186767578	45.7141227722168
43.58988952636719	53.63432312011719
48.20820617675781	50.313666343688965
55.688201904296875	57.225714683532715
52.42791175842285	62.39096164703369
53.233059883117676	56.317644119262695
42.975829124450684	43.56719207763672
37.68919372558594	38.603256702423096
47.26585388183594	46.95795249938965
48.59062147140503	42.07009172439575
32.434725761413574	35.949368476867676
43.01789903640747	46.482648849487305
57.646053314208984	61.7138147354126
38.256651878356934	43.496339321136475
50.131417751312256	59.23945999145508
46.17907762527466	44.60019636154175
38.74656677246094	48.82466125488281
45.248305320739746	45.11551284790039
53.99235916137695	41.751495361328125
40.63097333908081	50.545501708984375
37.330756187438965	45.783156394958496
41.38918685913086	53.741379261016846
58.96330261230469	53.66464614868164
38.59978437423706	46.51706600189209
50.02422332763672	52.298840045928955
34.0570592880249	44.341827392578125
47.612635135650635	49.43944549560547
40.79714870452881	51.056983947753906
40.669724464416504	40.55625057220459
32.00495958328247	50.70944595336914
41.567176818847656	41.97556972503662
38.566977977752686	43.52814960479736
47.41763114929199	53.64537763595581
53.20114517211914	57.85831260681152
49.87159729003906	55.98011827468872
47.77366256713867	39.23963928222656
50.30213928222656	59.2401180267334
44.49414825439453	44.19051742553711
58.50198268890381	49.99123573303223
47.73633575439453	56.04128122329712
33.306121826171875	39.30420398712158
35.995296478271484	33.702149391174316
39.53005361557007	49.86586618423462
39.797489166259766	47.44729471206665
45.51346206665039	51.8766450881958
38.73697805404663	48.07551956176758
50.34246063232422	46.24149560928345
41.73396635055542	48.75664710998535
44.25591278076172	55.43453550338745
52.6581916809082	65.16855716705322
40.422377586364746	50.236390113830566
48.514671325683594	63.9396014213562
48.577752113342285	51.373952865600586
40.90244150161743	46.80104064941406
39.997870445251465	47.49990749359131
50.012423038482666	37.64951419830322
41.419898986816406	48.320068359375
56.57543992996216	47.167070388793945
40.95640182495117	53.99567985534668
40.45257568359375	51.356781005859375
57.374510765075684	47.77799606323242
50.754600524902344	53.613033294677734
34.97021436691284	44.593013763427734
34.04564380645752	39.38236665725708
51.890960693359375	59.48590278625488
37.803865909576416	52.53273010253906
40.291738510131836	52.27631378173828
43.46752166748047	46.650150775909424
39.911192893981934	44.3355975151062
41.418843269348145	47.652225494384766
31.405034065246582	41.02782487869263
49.81578826904297	51.78493022918701
54.45056200027466	54.69209289550781
24.935526847839355	32.45457744598389
43.341312408447266	46.995506286621094
51.47563934326172	51.1335768699646
45.400071144104004	43.504371643066406
48.1638560295105	51.2190260887146
53.48395776748657	50.550106048583984
38.586745262145996	41.645405769348145
43.355995655059814	43.98434066772461
46.56621170043945	56.85152816772461
41.331504821777344	45.78486633300781
55.86787414550781	59.84742593765259
36.2660608291626	40.39860820770264
45.01633358001709	45.44865369796753
34.20062589645386	35.50088119506836
53.739566802978516	53.42214059829712
34.937903881073	37.71805286407471
44.414225578308105	52.17455196380615
34.708911180496216	47.5931978225708
37.64130878448486	38.522664070129395
35.3564977645874	55.2182297706604
45.21677780151367	52.033973693847656
51.69764518737793	50.32864332199097
40.68646860122681	43.35917282104492
45.55254793167114	61.74458312988281
45.24672603607178	58.04599475860596
46.020992279052734	51.16500473022461
45.92710256576538	41.46244812011719
47.59675359725952	63.73301315307617
52.36312294006348	52.240500926971436
42.7999792098999	48.22170114517212
41.43112277984619	39.9139142036438
42.90975093841553	53.766287326812744
43.068817138671875	42.24752998352051
36.13001346588135	41.53706884384155
33.40499019622803	43.016204833984375
53.20052146911621	57.22298622131348
42.54613494873047	47.829309940338135
43.750868797302246	56.02546787261963
48.016639709472656	52.42774963378906
43.62763738632202	52.662681579589844
55.65240478515625	58.877028465270996
48.90835762023926	65.31038093566895
40.503055572509766	49.926849365234375
44.67933654785156	52.675655364990234
41.79001808166504	50.84211826324463
35.4944372177124	43.43411922454834
47.948914527893066	56.59680938720703
52.735939025878906	51.540414333343506
46.64141130447388	57.83656692504883
63.230018615722656	60.565757751464844
44.37023448944092	43.938682556152344
39.39381551742554	54.66362380981445
42.57886838912964	56.45703125
41.438286781311035	53.51214599609375
35.035508155822754	50.07968521118164
38.7713098526001	30.058711051940918
40.945953369140625	52.37293767929077
49.414368629455566	50.57777404785156
53.24658250808716	58.041778564453125
46.40949249267578	46.58015584945679
50.994110107421875	47.95630502700806
38.385498046875	43.80403661727905
36.666226387023926	40.798667907714844
50.46932888031006	44.007158279418945
52.84044885635376	49.20149803161621
41.67440128326416	49.53900766372681
44.006754875183105	49.95745849609375
41.84204912185669	50.01399612426758
33.91599178314209	44.28555393218994
40.49576282501221	43.442933559417725
53.58769512176514	57.8963623046875
41.05666399002075	52.85243225097656
39.20034885406494	52.39925670623779
48.46883583068848	39.84712600708008
38.043585777282715	44.4557204246521
47.66623783111572	55.514655113220215
44.12329959869385	47.50239562988281
42.681644439697266	54.756187438964844
40.34338998794556	47.889739990234375
55.34447479248047	64.13763427734375
37.130329608917236	41.3873291015625
40.67788362503052	44.82069110870361
30.32578754425049	33.176597118377686
47.84718322753906	45.176937103271484
40.461546897888184	47.09467315673828
38.43476104736328	47.57564163208008
46.0997428894043	51.45939016342163
34.12095546722412	41.674312591552734
35.83267879486084	43.21672010421753
46.097808837890625	51.44894456863403
47.462897300720215	46.21488952636719
45.73128890991211	45.126976013183594
42.03276824951172	44.2666711807251
34.967811584472656	54.76778554916382
44.82578897476196	58.59754180908203
46.147634983062744	39.801631927490234
48.71830368041992	48.20166063308716
39.65407848358154	51.62026357650757
53.377601623535156	57.51458215713501
38.63035202026367	47.8820686340332
38.60467863082886	33.58316516876221
40.5693883895874	50.25726842880249
49.39500427246094	57.98341941833496
34.050270080566406	37.88603496551514
41.5153694152832	46.81774377822876
41.878947257995605	51.60756969451904
45.43098449707031	55.38244915008545
37.203004360198975	40.59297513961792
50.72136640548706	60.401421546936035
42.113609313964844	49.596147537231445
50.18299436569214	50.29158020019531
50.84773254394531	48.452951431274414
31.76846981048584	43.003981590270996
52.82069492340088	60.885066986083984
30.70338010787964	51.37338066101074
45.52257442474365	49.90925979614258
30.178688049316406	32.91149091720581
43.36636734008789	42.9541711807251
43.711517333984375	40.29317092895508
40.9341778755188	56.03483963012695
50.5088529586792	57.48622226715088
48.98391819000244	55.10553026199341
42.60869598388672	49.258283615112305
49.42501401901245	68.55954122543335
39.4926962852478	58.9442138671875
38.782668113708496	39.9270715713501
46.32044982910156	58.65890693664551
46.58885478973389	58.56362342834473
42.04942321777344	49.75619602203369
43.12709856033325	57.39002227783203
45.417678356170654	58.68849182128906
52.41554832458496	62.676100730895996
34.53929901123047	42.708191871643066
54.72241973876953	65.97226619720459
45.34010696411133	46.68238878250122
45.605666637420654	47.80943202972412
48.705841064453125	57.604835510253906
44.24921369552612	50.24701690673828
46.16418409347534	46.360209941864014
44.3956618309021	56.02050161361694
45.546095848083496	56.14405822753906
50.67206573486328	50.636024951934814
47.963791370391846	52.64514684677124
39.89688205718994	59.79521369934082
50.53146696090698	48.84842300415039
47.1385498046875	52.66308403015137
49.88402557373047	56.586829662323
38.52838325500488	48.84821891784668
34.04769229888916	52.84419345855713
43.8401985168457	53.66162872314453
37.80100345611572	42.117645263671875
48.227142333984375	58.39750528335571
36.92882251739502	34.3331823348999
45.45239877700806	45.25
43.682798862457275	50.462646484375
49.37700128555298	50.795806884765625
34.33271026611328	39.93810701370239
38.750800132751465	55.664283752441406
54.09095764160156	56.24626684188843
50.21954011917114	50.81767272949219
49.65284204483032	50.387752532958984
33.067505836486816	32.205230712890625
35.39013385772705	43.77327346801758
48.34008979797363	40.00436019897461
43.65519618988037	50.244093894958496
48.37284851074219	46.687904357910156
47.57500076293945	55.78056192398071
41.73915767669678	42.36451768875122
49.09602499008179	52.45994424819946
48.07558298110962	52.43929672241211
49.93830585479736	48.90290832519531
47.093247413635254	47.28321838378906
50.02558898925781	54.70216751098633
36.56816864013672	60.804880142211914
43.59967803955078	63.62132406234741
48.913856506347656	46.8276743888855
55.59237051010132	67.05934143066406
44.85295581817627	47.96520233154297
41.20905590057373	37.32545185089111
48.07119798660278	55.33078193664551
49.61396265029907	47.35491943359375
44.84101963043213	53.02459716796875
44.7817325592041	53.84908199310303
41.39596939086914	44.52308177947998
49.585899353027344	53.52729797363281
45.41583585739136	51.445913791656494
35.42387008666992	35.74076461791992
45.98216390609741	52.41225814819336
40.82056379318237	42.650718688964844
38.7041335105896	52.32819366455078
56.21026039123535	56.46730184555054
46.41261291503906	50.41476631164551
47.28956985473633	46.15204095840454
37.40325927734375	40.74577331542969
42.16881227493286	50.03966522216797
47.26946258544922	50.76508855819702
34.155558586120605	47.941771507263184
45.074522972106934	57.16205596923828
37.42499828338623	46.465763092041016
45.337913513183594	55.33407497406006
27.200045585632324	36.19126796722412
45.16871404647827	49.87617492675781
52.75007629394531	56.88726282119751
37.522451877593994	54.65872764587402
39.69820022583008	46.09624099731445
49.29386901855469	50.950963497161865
33.74467134475708	33.074729919433594
34.76442813873291	39.94644069671631
42.232322692871094	47.8406138420105
52.66964149475098	60.89668273925781
54.34449768066406	53.76218032836914
55.49051761627197	68.19470405578613
43.21177005767822	42.96540069580078
55.27345371246338	67.7358455657959
45.58566951751709	58.530338287353516
48.22705841064453	53.01966857910156
39.52014923095703	45.50723934173584
41.46996307373047	54.690242767333984
46.27498769760132	56.28304481506348
38.14136362075806	38.44405746459961
44.35968017578125	53.97633361816406
36.197482109069824	39.46622705459595
37.377562522888184	48.500969886779785
30.129497051239014	41.31301975250244
38.353514671325684	44.83688449859619
47.27026414871216	53.316490173339844
41.758469104766846	46.80792999267578
51.698416233062744	50.62110900878906
50.8971905708313	53.5974497795105
41.99101257324219	41.08953666687012
32.00079345703125	40.55133056640625
42.47664928436279	58.63690185546875
44.535736083984375	55.81101036071777
36.195337772369385	46.09920883178711
40.73503017425537	43.57547664642334
40.0491943359375	51.27653646469116
47.794904708862305	51.487635135650635
40.08225917816162	50.583951473236084
43.52330255508423	52.45521545410156
47.18803262710571	53.36351776123047
47.37457895278931	43.47846031188965
48.77792739868164	35.290748596191406
43.45912218093872	59.51668930053711
46.071857929229736	32.87748336791992
49.40114974975586	53.10103940963745
47.74614715576172	59.00517463684082
41.93323516845703	54.33108329772949
54.50510787963867	53.57733964920044
45.34458923339844	34.24317026138306
41.48958444595337	43.36334991455078
42.5271315574646	47.27808380126953
40.073673248291016	40.449193477630615
52.49006652832031	59.35470628738403
45.59669780731201	45.9314079284668
32.22413873672485	26.656911849975586
44.0601282119751	50.73112440109253
45.81410598754883	58.594451904296875
41.435176849365234	47.86017036437988
47.381651878356934	46.1879768371582
50.23044204711914	58.053104400634766
47.225921630859375	58.55411195755005
48.425347328186035	50.84746551513672
43.231947898864746	53.207035064697266
46.499452114105225	57.7717399597168
45.61004638671875	49.40762901306152
44.38653564453125	45.97172927856445
46.05014133453369	48.96048974990845
41.758681297302246	51.625794410705566
44.79807186126709	47.80235195159912
60.01578712463379	59.44997310638428
45.61841440200806	59.72832679748535
49.743000984191895	52.80276107788086
42.29528045654297	44.953612327575684
47.124396324157715	44.23942708969116
54.40408134460449	59.52398729324341
51.844146728515625	61.2044734954834
37.911635398864746	48.525736808776855
48.159202575683594	47.01768493652344
34.235252380371094	47.54381847381592
36.3590784072876	52.33069038391113
51.073814392089844	52.518879890441895
40.581461906433105	51.95934009552002
43.90330791473389	43.98379898071289
47.90636348724365	56.7592887878418
46.4618878364563	49.64480209350586
55.65767765045166	54.574923038482666
33.36704921722412	40.010802268981934
51.09464406967163	48.16047668457031
57.29866027832031	62.534329891204834
42.938140869140625	47.03385019302368
38.89204025268555	48.9165301322937
44.29290771484375	43.59982681274414
50.410560607910156	45.1767578125
53.88447618484497	56.2833194732666
48.1175594329834	46.76302671432495
58.81859588623047	58.763307094573975
48.67519283294678	51.37367248535156
38.99191761016846	42.83939838409424
42.8560676574707	50.983741760253906
50.99621057510376	53.51225280761719
48.04960775375366	40.992713928222656
41.600478172302246	38.567442893981934
53.932082176208496	58.21745824813843
45.753028869628906	54.92746067047119
38.43196773529053	35.16157913208008
54.25931167602539	61.24484395980835
46.216423988342285	46.233304500579834
49.44619846343994	47.85582494735718
40.85033416748047	48.56878852844238
44.37143039703369	49.277549743652344
45.994839668273926	46.00776672363281
50.41714859008789	47.97067308425903
45.4426589012146	54.64162349700928
33.7844352722168	43.809847831726074
40.13588047027588	52.493534564971924
47.339715003967285	62.14332580566406
52.24460983276367	38.93243646621704
44.490203857421875	57.554264068603516
37.55083608627319	49.33879089355469
48.463722705841064	54.75519561767578
57.34087800979614	61.113271713256836
39.839333057403564	50.9296760559082
41.0134162902832	38.60488224029541
58.29545593261719	60.21388244628906
45.5944447517395	61.670982360839844
37.77236223220825	48.553876876831055
51.887688636779785	61.130306243896484
39.16144609451294	57.738664627075195
46.41065311431885	46.467745780944824
37.64634609222412	39.689884185791016
41.096553802490234	46.23539113998413
40.41239547729492	57.771735191345215
53.678709983825684	54.51980781555176
41.923095703125	54.80577039718628
40.76327133178711	44.03353452682495
45.02816677093506	36.921142578125
41.06364154815674	39.46171188354492
51.11083221435547	54.36238145828247
48.90165328979492	47.484310150146484
39.006789207458496	40.347054958343506
43.679380893707275	57.49699401855469
45.17212677001953	35.29981327056885
36.709107398986816	47.08152484893799
47.96675109863281	53.15431022644043
52.597275257110596	53.678260803222656
48.50168991088867	51.231844425201416
50.859498500823975	45.11964416503906
35.975356101989746	48.97048759460449
39.808547496795654	40.65964221954346
38.966994285583496	49.089202880859375
38.04298496246338	42.742470264434814
39.28193378448486	36.60076904296875
44.20915985107422	49.488258361816406
40.22425842285156	45.143917083740234
47.62658071517944	56.664913177490234
47.62581825256348	59.79576015472412
38.291072845458984	42.14139175415039
34.956374168395996	48.14384460449219
55.606608867645264	64.57696437835693
48.21599006652832	45.34373760223389
45.803855895996094	46.04087829589844
36.316866874694824	42.35558795928955
39.98908615112305	43.05495071411133
43.43489742279053	49.76281785964966
45.92728042602539	47.930405616760254
37.35454559326172	45.19918203353882
35.707491874694824	30.295884132385254
36.63581371307373	35.323769092559814
40.81798553466797	50.94197702407837
34.164443492889404	47.74156999588013
45.02574014663696	44.47301483154297
45.71424388885498	48.361663818359375
53.48568916320801	59.40301179885864
47.42619228363037	64.5899658203125
38.60055637359619	47.75575256347656
41.225220680236816	44.25148677825928
33.19475555419922	40.01803493499756
39.90606689453125	39.63691711425781
44.95683670043945	52.74020290374756
49.35148000717163	49.12351989746094
38.784393310546875	50.6155309677124
52.94618797302246	59.94119167327881
44.321434020996094	54.658912658691406
49.72422981262207	58.58726215362549
43.84145402908325	52.564998626708984
37.762463092803955	44.11421298980713
39.78241586685181	50.457950592041016
39.0415563583374	43.72727918624878
39.45736598968506	48.26097774505615
38.486878395080566	47.66752624511719
37.97282791137695	42.14491081237793
46.74159622192383	49.38851881027222
55.924644470214844	54.908170223236084
46.681198596954346	45.2083625793457
44.29560470581055	40.841715812683105
34.62159013748169	33.1015419960022
42.013458251953125	49.638999938964844
42.887720584869385	45.1536750793457
30.65650749206543	27.24361753463745
32.39830827713013	53.55720520019531
28.379382133483887	48.26467943191528
45.43138790130615	41.81425142288208
39.67628526687622	56.32752990722656
42.15389537811279	46.760414123535156
53.69574737548828	55.77838182449341
60.09887981414795	61.197781562805176
55.32682657241821	61.69644832611084
43.54818248748779	52.8535795211792
42.67268371582031	51.99199104309082
36.17611646652222	44.014434814453125
47.47163391113281	48.46093225479126
54.596755027770996	44.66652202606201
41.83844757080078	49.63732147216797
42.59561061859131	59.35707950592041
27.672982215881348	25.431286811828613
49.702516078948975	40.45405673980713
43.28181838989258	54.34504508972168
41.96140766143799	43.61074781417847
37.224937438964844	39.05002784729004
42.987876415252686	47.890084743499756
33.50053310394287	42.50475597381592
48.99128723144531	57.648340702056885
42.3111457824707	39.9731969833374
43.08202075958252	39.89002227783203
38.46976566314697	45.88449478149414
43.42402791976929	53.763980865478516
51.245126724243164	53.063857555389404
43.86661148071289	40.37087917327881
44.26486587524414	41.450486183166504
47.032203674316406	46.93152093887329
38.57322931289673	50.32720184326172
42.09401082992554	44.55912780761719
42.31886386871338	48.55408191680908
38.81094837188721	45.69016647338867
45.283912658691406	55.2457594871521
46.694618225097656	49.50994825363159
40.234145164489746	49.85904836654663
37.183470726013184	45.32845401763916
42.44313097000122	44.88947534561157
43.09032440185547	44.92432260513306
50.9292106628418	59.96142625808716
50.719276428222656	52.78213119506836
47.24207258224487	56.14131689071655
38.38499736785889	38.551025390625
38.436981201171875	34.315207958221436
57.94727325439453	63.06174659729004
39.359397888183594	52.39809513092041
43.93438005447388	47.49655532836914
44.54276514053345	45.856239318847656
60.4544677734375	65.2523946762085
35.289612770080566	45.77092742919922
41.9894757270813	53.617919921875
39.91424560546875	49.71963596343994
45.7353892326355	51.07069396972656
36.42430067062378	54.034738540649414
41.463011741638184	48.951560974121094
46.63715219497681	40.83740234375
37.46957302093506	41.225890159606934
42.00262689590454	48.64667510986328
42.12078380584717	42.7003059387207
38.25562238693237	41.38331890106201
45.52122211456299	51.53908920288086
38.6980094909668	46.02175521850586
39.483909606933594	45.65495491027832
50.79737091064453	45.42123556137085
42.9281702041626	40.30486440658569
47.12633943557739	52.600122928619385
31.80950164794922	44.00193500518799
26.9773006439209	38.72419738769531
28.103392124176025	31.644518852233887
34.550418853759766	40.20076847076416
44.292869567871094	52.32302713394165
52.87324905395508	50.61545133590698
42.11322784423828	38.705381870269775
39.17176103591919	38.36087465286255
53.83885383605957	58.97833824157715
44.470073223114014	59.816959381103516
48.63652038574219	55.77387237548828
50.24645233154297	53.16322374343872
41.4887433052063	49.55298614501953
40.814772605895996	48.44206666946411
42.75102138519287	49.80277872085571
50.618059158325195	50.49741077423096
49.216984272003174	52.010589599609375
40.85901641845703	50.434627532958984
41.42415237426758	58.31941223144531
34.44025897979736	53.46841335296631
40.471266746520996	35.89392566680908
38.39348554611206	39.468403816223145
40.28772735595703	52.32799243927002
53.56784439086914	42.14385986328125
47.679545879364014	48.19859313964844
44.5973596572876	49.958266258239746
28.27068328857422	31.97556781768799
55.83233594894409	57.601470947265625
50.430335998535156	59.31122875213623
48.56655740737915	64.85211324691772
32.998372077941895	42.31025314331055
42.78856658935547	53.12516784667969
39.44242858886719	46.59920072555542
48.37122344970703	56.97714900970459
42.216593742370605	52.70656681060791
41.14442300796509	44.65302276611328
40.866517066955566	44.552878856658936
32.38578796386719	44.88602828979492
39.366119384765625	52.97564506530762
35.90033292770386	50.87167167663574
42.56018304824829	43.294044494628906
49.18149185180664	52.507877349853516
41.26393508911133	54.320672035217285
33.48199129104614	35.38022232055664
36.41807556152344	47.68537139892578
51.736140727996826	43.79552507400513
46.2730712890625	48.72361660003662
32.34692335128784	35.464348793029785
45.506946086883545	62.98532009124756
47.083709716796875	58.19782876968384
40.579007148742676	53.76963520050049
46.702133655548096	59.110469818115234
53.393150329589844	55.345988273620605
39.544673442840576	41.81130599975586
33.13154935836792	54.46089267730713
39.009403228759766	30.753798007965088
50.30156326293945	45.0622615814209
41.944687843322754	53.120625019073486
39.97969675064087	43.24402713775635
44.627259731292725	43.021358489990234
43.20584201812744	47.75782012939453
38.9067497253418	44.78686332702637
45.93776607513428	49.453147888183594
38.82744073867798	46.28371524810791
34.107441902160645	29.98762607574463
44.179412841796875	55.70289993286133
45.96296310424805	47.862857818603516
40.75492858886719	46.387450218200684
40.685394287109375	46.944149017333984
31.667752265930176	44.17715549468994
43.725289821624756	48.186180114746094
51.631839752197266	49.022220611572266
42.08259582519531	50.091665267944336
39.87940692901611	53.18020582199097
40.619850158691406	53.23753595352173
40.70890760421753	53.79376411437988
34.99966049194336	39.88254928588867
41.15410614013672	51.488128662109375
36.55759906768799	35.95146560668945
48.59663963317871	56.0701379776001
48.376365661621094	45.617225646972656
39.79252576828003	41.64573669433594
48.76992416381836	48.274075984954834
36.6718053817749	45.30044460296631
37.46228265762329	40.4932746887207
37.700626850128174	44.17449474334717
49.15003967285156	65.6415491104126
48.26889991760254	47.65256929397583
41.336544036865234	58.69654655456543
48.48481607437134	47.58571815490723
42.95203685760498	46.70084857940674
36.97182083129883	40.18372344970703
31.196904182434082	44.78037357330322
41.21374225616455	50.74404716491699
52.93245315551758	43.058682441711426
52.21525955200195	60.47738456726074
48.94352912902832	56.516523361206055
41.52104187011719	46.306944370269775
47.39930725097656	54.315144538879395
39.53805208206177	56.85530090332031
55.11417245864868	57.35971450805664
38.10715198516846	42.68529415130615
45.1963415145874	61.91213607788086
45.203993797302246	48.87664031982422
44.63594055175781	56.37642860412598
50.26864719390869	54.82078552246094
54.778072357177734	58.13322830200195
39.55027770996094	52.312018394470215
39.26755142211914	41.64789581298828
39.396517753601074	46.49882459640503
51.621174812316895	45.72426223754883
39.85817241668701	38.32335662841797
32.47042894363403	48.61872482299805
49.218846797943115	57.148780822753906
47.15813875198364	57.530216217041016
50.24365997314453	48.23207092285156
38.75084352493286	48.72780704498291
49.9696569442749	53.41451644897461
31.195979118347168	42.7903151512146
35.77210187911987	42.53094005584717
45.54957723617554	49.564666748046875
51.53538513183594	58.7197151184082
56.10507917404175	57.334333419799805
32.16422939300537	35.070128440856934
41.02399301528931	48.1103630065918
47.83424663543701	59.16681480407715
42.14066696166992	53.34661388397217
35.911357402801514	44.153042793273926
37.521653175354004	41.42237854003906
44.476582050323486	43.05091857910156
39.93817901611328	47.80520009994507
41.13223648071289	48.90721893310547
59.7446608543396	55.980658531188965
38.60298299789429	48.417659759521484
41.786155700683594	47.83455419540405
35.141685485839844	37.030799865722656
48.66963195800781	57.415992736816406
41.52902698516846	39.34121084213257
51.79347610473633	61.18168830871582
46.80353927612305	48.942091941833496
40.255600929260254	43.87927198410034
48.16628932952881	45.62568712234497
41.92548227310181	48.890342712402344
48.6105580329895	54.000558853149414
49.38542556762695	50.431312561035156
61.20564317703247	60.56999158859253
51.82316970825195	43.039920806884766
48.8980016708374	68.27305603027344
48.277008056640625	52.329803466796875
41.87711000442505	41.27613830566406
43.154014587402344	51.46334266662598
48.76370620727539	39.7706298828125
40.90104389190674	53.728182315826416
44.584808349609375	52.57035255432129
54.75779724121094	64.99971771240234
44.164422035217285	49.80517578125
36.837890625	45.849791049957275
29.29087734222412	45.06854438781738
47.406442165374756	41.701451778411865
39.376644134521484	51.596256256103516
37.95483112335205	44.559903144836426
36.64705753326416	42.704625606536865
47.98845720291138	48.36930751800537
39.34225559234619	50.118478775024414
33.177186012268066	46.88739824295044
46.996028900146484	51.63290786743164
44.01899480819702	43.70298767089844
47.044342041015625	51.84628486633301
41.90156650543213	47.07373046875
53.79805326461792	67.75698757171631
42.7909460067749	46.94080352783203
41.44760751724243	42.12225341796875
53.4077844619751	51.164634704589844
47.76763200759888	62.79376983642578
49.400376319885254	62.44908142089844
53.20683193206787	60.105432987213135
39.320759773254395	49.282867431640625
35.75747728347778	47.9232759475708
33.242085456848145	49.3194465637207
30.251154899597168	25.453866004943848
36.544464111328125	51.61103105545044
43.45828056335449	49.19045400619507
40.39215612411499	39.9450798034668
31.015496253967285	45.26199245452881
41.36155080795288	54.092445373535156
43.845245361328125	44.670501708984375
41.370129108428955	41.57823181152344
40.77397155761719	46.794166564941406
33.325904846191406	46.900078773498535
45.988412380218506	38.648207664489746
40.30400848388672	48.85780715942383
49.15699625015259	56.69232940673828
42.50698471069336	46.72092533111572
58.145540714263916	59.53585624694824
47.67727613449097	45.05290985107422
50.26620864868164	59.633291244506836
43.87824249267578	49.146915435791016
39.451767444610596	54.47612762451172
42.68380403518677	52.859580993652344
34.936110973358154	42.378570556640625
44.25297260284424	45.881935119628906
46.30527448654175	48.089051246643066
57.112876892089844	52.98873853683472
44.78224992752075	46.51235580444336
35.12718915939331	44.0564546585083
44.54241943359375	49.9534797668457
30.532533645629883	38.4250283241272
40.93590259552002	46.593512535095215
47.30000019073486	45.87635040283203
54.82787322998047	63.01626920700073
32.85714340209961	37.82307529449463
46.58484649658203	41.91253662109375
61.621366024017334	52.745155334472656
49.32049369812012	56.46040916442871
38.780213356018066	39.59922409057617
51.305463790893555	59.19766187667847
40.04856204986572	45.48073053359985
44.02533674240112	45.7142539024353
40.9935998916626	49.59586477279663
37.288780212402344	42.58549118041992
36.01310729980469	38.94493103027344
43.46778106689453	54.461442947387695
44.14613056182861	49.973548889160156
53.59019470214844	47.468207359313965
43.11357021331787	40.73580884933472
42.60134983062744	46.17484188079834
44.410943031311035	54.89086151123047
50.74037551879883	60.210232734680176
34.2811975479126	41.028706073760986
38.242233753204346	50.46394205093384
34.61458921432495	39.81783199310303
34.41023588180542	48.459428787231445
41.37143611907959	48.38661479949951
41.92780780792236	38.920326232910156
44.255839347839355	52.51973342895508
50.124107360839844	53.04460144042969
36.984455585479736	45.3585090637207
41.721792221069336	52.737831115722656
45.90529251098633	46.544189453125
44.4112491607666	47.681801319122314
42.07456111907959	51.261123180389404
43.20143222808838	45.97354221343994
38.649044036865234	42.291316986083984
40.27356147766113	46.42531871795654
47.952919006347656	55.76218032836914
43.56503248214722	47.78297424316406
45.48516845703125	48.1880521774292
31.768791675567627	40.39950656890869
41.54625606536865	41.2778434753418
41.76756811141968	51.66060256958008
43.82369613647461	50.33140754699707
49.545663356781006	54.2497673034668
45.92588996887207	58.42039108276367
34.49974822998047	47.79727220535278
42.13897705078125	51.52633285522461
40.126304626464844	49.03852891921997
37.402894020080566	41.410276889801025
46.981201171875	53.88064384460449
39.689887046813965	46.254393100738525
53.99669170379639	47.39268493652344
46.99195098876953	52.25406217575073
41.17552185058594	47.046310901641846
46.347726345062256	50.79387664794922
41.70784091949463	51.154051303863525
39.40682601928711	44.67259454727173
39.89082956314087	37.31875228881836
35.09724426269531	45.4547553062439
38.6366753578186	49.09931182861328
51.36820602416992	50.380096435546875
40.73068857192993	52.105308532714844
48.672308921813965	44.831247329711914
29.20711040496826	32.86461639404297
40.01758813858032	49.14893341064453
39.01762533187866	41.54130935668945
36.270859241485596	45.57772350311279
42.43926239013672	46.93608474731445
40.068145751953125	43.887786865234375
39.66689586639404	39.750969886779785
45.572997093200684	57.16378402709961
41.74207353591919	46.485015869140625
50.587379455566406	53.95671463012695
56.77107810974121	58.23585510253906
55.8390212059021	58.74575614929199
40.80555725097656	58.69485282897949
51.90727949142456	56.24032211303711
39.75169372558594	52.938446044921875
49.233195304870605	50.22244453430176
36.48651838302612	46.07248306274414
35.111958503723145	31.27997398376465
41.888805866241455	54.202125549316406
55.76366186141968	59.450602531433105
41.97095489501953	51.67929458618164
41.982980251312256	53.69888687133789
44.37402820587158	52.76033878326416
55.46507406234741	57.51104164123535
46.61538791656494	54.80692195892334
54.2618408203125	53.00269317626953
50.27802085876465	52.96852207183838
48.35979080200195	46.58729696273804
53.2903733253479	48.93642711639404
49.40684366226196	48.855454444885254
36.729966163635254	40.923648834228516
52.79427242279053	58.33659362792969
39.61003065109253	49.22586250305176
43.13452911376953	48.45566368103027
46.23069095611572	53.02253723144531
43.784568786621094	47.85908889770508
34.27935838699341	43.83702850341797
37.476279735565186	46.93681240081787
42.68592023849487	38.43936109542847
55.06562805175781	54.56289577484131
34.89830732345581	46.17393493652344
41.285316467285156	48.868104457855225
26.697356700897217	38.805962562561035
28.123250007629395	45.055970191955566
49.915467739105225	55.45865058898926
52.1396598815918	57.596923828125
40.34642028808594	36.158050537109375
43.53544235229492	51.91423034667969
49.67437744140625	48.35133647918701
39.52248811721802	45.36749839782715
53.8219108581543	56.92317199707031
41.87242031097412	50.63758087158203
44.5342903137207	47.85255432128906
41.7121467590332	52.515257835388184
44.6360969543457	60.63508129119873
43.910240173339844	49.980703353881836
44.760780811309814	46.21887826919556
44.40468692779541	48.28387641906738
32.03657627105713	51.45629119873047
32.508999824523926	45.951008319854736
43.77424621582031	45.51358938217163
35.49234390258789	50.14295768737793
46.044044494628906	49.86516571044922
41.74484968185425	42.14686393737793
45.36391067504883	44.36144256591797
57.602362632751465	54.157371520996094
50.5646653175354	63.98696422576904
46.40558052062988	48.84823560714722
44.88383960723877	48.142627239227295
36.180267333984375	38.36433029174805
29.083857536315918	33.757483959198
37.251465797424316	34.72701644897461
38.54930019378662	45.50695037841797
42.74832487106323	44.71005868911743
41.53860092163086	47.774593353271484
49.67364835739136	64.37694549560547
40.95035648345947	45.72506856918335
49.641170501708984	58.50685358047485
41.62440299987793	42.80973815917969
39.20741271972656	45.529823303222656
51.80665969848633	49.0352783203125
35.42212772369385	46.83760404586792
59.40553665161133	55.79113483428955
42.17030429840088	42.128578186035156
51.85780334472656	52.64913558959961
39.67981719970703	57.24747276306152
31.2250018119812	41.529029846191406
36.61358594894409	51.80774688720703
31.27908706665039	39.26739978790283
45.25271701812744	48.02771186828613
43.72801685333252	44.46238708496094
45.56393003463745	42.26194381713867
33.242740631103516	42.03862905502319
41.13137340545654	50.319976806640625
52.425575733184814	60.51129150390625
42.45509338378906	44.8048038482666
36.13663911819458	36.7859001159668
51.43394422531128	56.20116424560547
44.97272825241089	43.0204963684082
37.251319885253906	41.765565395355225
42.14311218261719	43.59829044342041
41.08702087402344	44.33790588378906
42.32974147796631	44.57332992553711
51.05163240432739	49.60591506958008
47.156126976013184	54.16579246520996
37.513747215270996	49.10805702209473
38.74519729614258	47.989012241363525
40.304903984069824	46.98416805267334
49.36427402496338	51.22295379638672
43.4335241317749	48.80327320098877
40.45490789413452	48.05183792114258
42.921382904052734	43.22703409194946
49.84011459350586	64.97430419921875
43.18065547943115	52.324552059173584
43.59877157211304	44.655338287353516
33.861026763916016	43.89830017089844
45.150856018066406	54.7591872215271
37.137577056884766	47.528894901275635
45.70035171508789	52.703834533691406
36.22168302536011	49.43121528625488
37.625404357910156	53.72429037094116
48.99684143066406	56.34986114501953
49.16770553588867	49.74211359024048
52.608864307403564	56.54903793334961
44.125205993652344	45.337241649627686
43.40699481964111	52.031707763671875
34.86711025238037	43.29485321044922
40.491190910339355	52.76527643203735
51.907344818115234	55.45751190185547
45.64548397064209	59.115230560302734
39.32688903808594	58.31614112854004
44.541747093200684	47.274986267089844
49.598989486694336	54.63542938232422
42.26390075683594	50.024044036865234
31.187610626220703	30.622610092163086
42.0144567489624	50.36423683166504
43.967304706573486	54.63673400878906
30.728759765625	35.84510135650635
58.96169185638428	58.836477756500244
36.84732532501221	49.6731071472168
50.921817779541016	53.016990661621094
39.96526336669922	49.88640546798706
42.09308338165283	50.90354824066162
35.41917181015015	48.90660095214844
46.321285247802734	53.95392608642578
48.865477561950684	55.1514892578125
42.927701473236084	49.4094123840332
44.98284339904785	57.28559970855713
