99.26695346832275	96.69556617736816
100.11139011383057	100.1461238861084
112.9151701927185	115.04401445388794
94.95268058776855	100.1602430343628
113.05261373519897	116.57634258270264
106.33961963653564	106.60974216461182
98.53071308135986	99.58422565460205
109.93201446533203	113.78378677368164
82.18569660186768	81.89808082580566
96.56329822540283	97.98355102539062
74.53823661804199	76.23934936523438
91.36312866210938	94.6192398071289
83.90904331207275	79.9133710861206
98.04429531097412	104.806387424469
87.25695323944092	84.22312688827515
85.83127689361572	85.19258403778076
79.90383815765381	84.2261734008789
93.63369750976562	101.58161926269531
104.75265741348267	107.3349380493164
75.56070232391357	79.29667615890503
98.13069820404053	97.64670610427856
98.76902103424072	93.2875657081604
109.68998527526855	109.60613584518433
90.4448070526123	85.18385219573975
104.13798809051514	106.3952751159668
88.76036739349365	92.43925905227661
125.05370950698853	123.64972639083862
96.19476318359375	100.6620192527771
76.54221153259277	77.37205696105957
100.76030015945435	99.48429107666016
89.61268138885498	89.7551622390747
96.66830205917358	97.94850158691406
96.05127048492432	94.5845079421997
83.59151935577393	91.97546291351318
78.75236988067627	83.73813152313232
61.86352348327637	66.0853500366211
89.96755981445312	87.12937068939209
98.09273958206177	96.75207853317261
62.88858413696289	69.64636325836182
105.97317695617676	113.28560829162598
87.01999473571777	88.14216613769531
68.58413600921631	67.5607852935791
92.41816520690918	97.79866218566895
87.2525086402893	86.50995063781738
86.15121507644653	95.395094871521
83.8361644744873	80.66096496582031
76.23807573318481	73.03921699523926
83.62699127197266	85.87529754638672
86.79801273345947	90.52623176574707
95.60711145401001	93.27910423278809
91.76592540740967	85.78553485870361
85.8051528930664	84.18449401855469
112.6311526298523	115.83698081970215
93.64454650878906	107.02086639404297
89.22456550598145	84.53083324432373
98.02965354919434	100.00815010070801
100.02276420593262	89.6976900100708
94.87742614746094	92.31312799453735
86.01540994644165	82.98453426361084
98.26397800445557	101.25990104675293
71.95886135101318	76.20445919036865
107.92182922363281	97.60594415664673
90.83008289337158	89.09599113464355
86.40581560134888	86.90044927597046
122.39623546600342	124.01299095153809
92.43974018096924	90.22859859466553
86.8186674118042	85.95705366134644
88.95594930648804	87.6702823638916
82.14488315582275	78.75204229354858
111.45230054855347	106.15001678466797
76.2467451095581	84.07582902908325
96.68270206451416	96.1809892654419
104.68094444274902	106.96453857421875
81.74537086486816	81.93832397460938
90.80113983154297	89.28737878799438
85.79070854187012	83.65411376953125
112.24922943115234	115.4665756225586
93.98358821868896	95.04951238632202
88.48898649215698	88.40773344039917
86.29664707183838	78.14682674407959
83.81633138656616	85.21249961853027
108.52494812011719	109.57241821289062
101.2795181274414	102.51358032226562
91.60221672058105	90.1974048614502
100.25202083587646	108.30073070526123
102.14015197753906	93.4799575805664
76.54242897033691	83.70194435119629
77.94829559326172	80.9579086303711
95.30985832214355	93.98432731628418
84.73721981048584	88.40132904052734
72.60775899887085	79.92901802062988
104.17882919311523	95.9012222290039
121.06029796600342	125.75501346588135
74.54399251937866	73.75874900817871
92.23619651794434	88.75567626953125
70.76836442947388	72.19061136245728
90.78636169433594	95.0848388671875
79.30979919433594	86.5133752822876
110.06602478027344	120.37113666534424
106.2310962677002	108.57043313980103
90.25389432907104	89.73466157913208
86.09652948379517	83.67826271057129
100.66587924957275	99.0464186668396
92.2283525466919	90.62777519226074
74.12220048904419	73.89129066467285
101.58040618896484	106.01692199707031
78.75676584243774	77.46876811981201
83.69609642028809	85.2828540802002
67.17939710617065	71.98808145523071
105.45415496826172	114.09220886230469
100.5597915649414	104.6525354385376
88.67928743362427	96.68249845504761
111.19478797912598	111.3853931427002
79.22694969177246	84.74251556396484
80.92658424377441	82.48709678649902
91.20828247070312	83.07192802429199
94.37015533447266	100.54476165771484
87.92635822296143	90.98252296447754
109.41814184188843	107.43473052978516
100.74729919433594	98.38286590576172
93.62020015716553	90.43934631347656
90.5507607460022	87.49963331222534
108.00552749633789	121.68832111358643
104.40722942352295	108.27650356292725
102.87777709960938	99.77796936035156
104.04054164886475	109.18073415756226
92.41640281677246	88.79229927062988
90.0225305557251	92.52324342727661
108.14997911453247	107.0911512374878
74.1430606842041	76.41016960144043
84.89206123352051	83.53954124450684
92.18786716461182	89.96890783309937
85.03073120117188	82.71792793273926
99.28708076477051	95.43075799942017
86.2602367401123	85.21534538269043
85.96787071228027	90.23139429092407
82.10617160797119	83.47338581085205
106.47506952285767	98.23658466339111
95.18802165985107	97.89060831069946
95.04154777526855	102.1305284500122
102.3405532836914	100.31724262237549
83.8716459274292	87.36365509033203
96.6485595703125	90.65680503845215
92.02882242202759	85.73750162124634
98.32407474517822	95.78986644744873
116.40598154067993	112.42464637756348
94.8638505935669	91.65049839019775
109.00493144989014	110.78306436538696
116.10866928100586	111.91260004043579
102.84327507019043	100.22207355499268
124.57654428482056	110.33339262008667
77.53209495544434	83.87211322784424
101.72967767715454	101.61506032943726
78.9840292930603	80.78918743133545
90.6974630355835	90.65029239654541
81.25697374343872	83.41326761245728
117.46341514587402	118.91174745559692
91.6927261352539	88.79672527313232
93.55675935745239	96.57023906707764
94.14558410644531	89.1190414428711
97.83071708679199	95.4617509841919
111.43027925491333	111.47323417663574
89.61623764038086	87.51326036453247
103.01892137527466	100.46581220626831
88.43775844573975	85.65169334411621
108.97961139678955	111.98473739624023
102.03423118591309	98.13786029815674
95.50226593017578	91.22888374328613
90.70232963562012	80.87003946304321
87.07073783874512	91.08576965332031
77.72581720352173	81.90608358383179
99.95355987548828	107.17227935791016
88.11040782928467	87.99828243255615
110.12585878372192	102.64313220977783
97.52285289764404	97.19885349273682
105.32962036132812	107.96511840820312
86.63811922073364	84.14229154586792
97.16565370559692	91.13968849182129
101.32784748077393	99.47136640548706
129.5520782470703	129.90545272827148
101.44367694854736	101.4792251586914
93.04059791564941	96.69288682937622
94.61585807800293	93.30997657775879
101.31774616241455	101.09565830230713
118.0644679069519	121.34625959396362
118.12140655517578	119.65326690673828
101.11546421051025	98.25942802429199
90.72459983825684	98.81971836090088
92.60637187957764	93.52573871612549
96.127610206604	96.02593660354614
77.14753532409668	72.5943775177002
74.7184476852417	77.8747205734253
96.5762357711792	98.43812084197998
81.5487289428711	80.74373626708984
88.34382820129395	90.18902492523193
95.67674732208252	100.15783929824829
79.96269035339355	82.582679271698
94.63069438934326	93.07377576828003
89.69276714324951	91.09985542297363
86.17597961425781	91.56887626647949
87.80010795593262	90.73969459533691
92.55895709991455	90.3161268234253
91.37539672851562	88.21094512939453
115.84281349182129	109.00004768371582
107.35711812973022	110.54250955581665
106.94523096084595	109.09527921676636
86.59997463226318	88.20765495300293
95.33268737792969	91.99633026123047
85.81297302246094	90.9271011352539
119.15893697738647	119.03238821029663
96.7128643989563	95.60941982269287
100.76990604400635	97.61095762252808
92.34484386444092	89.73722076416016
120.0182113647461	121.13004302978516
88.37010383605957	84.55290985107422
93.80522918701172	92.19009590148926
97.67863750457764	94.38479709625244
102.39508819580078	108.93310546875
102.19041109085083	104.19350624084473
100.2494215965271	102.16326713562012
86.10264587402344	92.54155731201172
92.35636711120605	93.26574897766113
79.84466552734375	73.00189208984375
106.50294494628906	106.81923389434814
101.60388088226318	97.98987150192261
80.03159523010254	83.49810791015625
111.15885257720947	116.8343997001648
113.4031982421875	116.58949851989746
73.86343574523926	71.99072456359863
82.76447296142578	88.56301689147949
83.11473083496094	85.18776512145996
94.95790100097656	87.57405376434326
89.86499977111816	85.3113784790039
99.27870559692383	101.41372489929199
86.38594198226929	70.81044244766235
100.36738634109497	95.15335702896118
85.12959098815918	81.71386909484863
126.57285690307617	118.36778926849365
86.65564155578613	82.15237426757812
101.33193874359131	97.3571949005127
66.98751926422119	73.08871269226074
118.03710222244263	114.63155508041382
108.36785888671875	107.46846008300781
77.81777763366699	86.60743427276611
102.37258911132812	104.03785705566406
118.4130859375	113.6729736328125
96.37531805038452	99.09621238708496
98.5792236328125	102.6586685180664
107.55040740966797	102.78851318359375
85.74181938171387	87.25717735290527
85.78949546813965	82.80624389648438
91.49828243255615	95.05867767333984
78.67833042144775	78.64082193374634
112.97280883789062	99.8328504562378
80.81627082824707	79.56863594055176
81.95646524429321	82.20883321762085
108.02188491821289	102.04490947723389
101.53264904022217	102.92627334594727
100.84634685516357	107.3694200515747
107.55185270309448	112.59785223007202
81.58924293518066	84.01517295837402
100.23182010650635	109.24719333648682
107.49538898468018	101.46390676498413
87.71776866912842	86.30845737457275
96.83545684814453	94.18902587890625
91.66008186340332	80.3175950050354
108.13303565979004	100.7508773803711
104.81984853744507	96.45362377166748
96.95453548431396	98.85356426239014
80.57716464996338	71.66710090637207
94.79904413223267	102.4951171875
81.32375907897949	83.23704528808594
81.91237545013428	87.12209415435791
109.55355548858643	105.67333984375
90.74478721618652	96.34657096862793
109.0666651725769	104.17956590652466
89.64254999160767	87.56175231933594
92.59306335449219	94.07586097717285
103.74215698242188	98.63329315185547
107.78922271728516	113.12200927734375
79.97055053710938	83.791344165802
104.26624059677124	105.01308917999268
93.05379009246826	90.50349617004395
107.78022766113281	110.28836822509766
94.28099870681763	93.20878744125366
112.7459192276001	112.07166910171509
92.24739837646484	95.12576198577881
85.79511404037476	76.57881307601929
87.87351989746094	85.67697143554688
86.5373945236206	92.42388439178467
129.44702053070068	132.272686958313
80.51248359680176	84.05181694030762
107.06075191497803	109.67709302902222
102.01345634460449	108.10618925094604
79.95947933197021	75.00903272628784
88.8086485862732	84.78525638580322
88.70556163787842	91.78169345855713
108.54141139984131	112.08088874816895
103.85118103027344	101.40824127197266
57.24419593811035	65.60536861419678
85.0157470703125	81.66554832458496
77.46623086929321	77.00300550460815
92.27230548858643	92.24681758880615
79.0309066772461	79.3721752166748
83.96745872497559	88.68511962890625
107.77798175811768	111.92838907241821
120.66512489318848	119.8893871307373
102.29841613769531	109.2608871459961
111.65899658203125	105.90278577804565
79.34140205383301	77.001051902771
98.88775730133057	92.66133975982666
103.49832153320312	103.41851806640625
87.6500301361084	86.11912727355957
81.19032955169678	84.02751731872559
105.2093300819397	104.96142530441284
95.47868013381958	95.46428918838501
92.84393119812012	83.81363868713379
83.80057621002197	94.47496604919434
98.25112724304199	100.36068820953369
93.90287017822266	93.7040605545044
67.46111392974854	72.35194206237793
114.09785985946655	111.77093267440796
108.14771890640259	104.94575500488281
103.55533361434937	100.06005764007568
97.32129669189453	99.83323669433594
97.71592855453491	88.52646589279175
112.05990314483643	107.52957916259766
87.9532241821289	88.99599409103394
80.19302558898926	78.3650894165039
90.7240195274353	89.2300329208374
113.60711574554443	110.16502618789673
91.8918228149414	91.74121856689453
98.48503589630127	94.9343204498291
102.10213851928711	106.2437014579773
113.87900972366333	113.33850240707397
85.57470893859863	87.87398052215576
83.44052124023438	88.12495422363281
114.50514316558838	113.0850772857666
114.42557525634766	116.69844818115234
89.71757411956787	85.28122186660767
83.25287532806396	84.15164279937744
122.89549827575684	123.26703119277954
104.32703733444214	111.04583501815796
98.72862339019775	97.53798723220825
104.29299831390381	105.66876411437988
82.40157508850098	84.91832542419434
87.8300142288208	85.21235704421997
95.42692613601685	86.17271280288696
81.57096862792969	79.30767154693604
78.15677642822266	75.78319549560547
98.73354434967041	104.14580583572388
106.71853637695312	114.53614807128906
129.28716659545898	126.34993553161621
117.97621154785156	116.3182487487793
91.18177318572998	91.22129344940186
92.79777812957764	91.0882396697998
92.01309013366699	84.79965019226074
91.6257905960083	89.35359477996826
110.4560923576355	108.51312160491943
103.42344760894775	109.70302820205688
92.45462989807129	93.57446432113647
78.15277099609375	75.43645572662354
101.50995826721191	97.10267639160156
93.79669427871704	93.07263994216919
89.50405883789062	75.40052032470703
95.32675218582153	86.29742193222046
98.32172966003418	96.73081874847412
100.21887445449829	107.02847385406494
124.66405916213989	124.14631414413452
110.43278932571411	107.32488870620728
75.9194278717041	79.27613735198975
73.77183628082275	74.51645135879517
65.50211906433105	66.04455757141113
96.56955432891846	96.01151323318481
109.50190830230713	105.88772392272949
94.86805200576782	91.56031608581543
84.16943454742432	87.48834037780762
107.42871952056885	105.84189891815186
103.75742530822754	100.63253116607666
106.52878952026367	102.95101499557495
91.3599443435669	88.70658683776855
81.41119194030762	78.41860771179199
113.66096830368042	106.88656616210938
69.30386257171631	60.80145263671875
92.74397850036621	92.98441886901855
79.89068508148193	75.94924926757812
109.82625579833984	109.47982025146484
86.38644313812256	82.46601295471191
84.75486707687378	97.2991623878479
99.84616756439209	99.61886644363403
93.32048177719116	90.4979395866394
93.64850521087646	84.58122968673706
84.63221168518066	86.43344306945801
81.27479553222656	92.32154607772827
80.76996803283691	78.01602172851562
80.4616322517395	83.50990200042725
111.93079376220703	118.37822723388672
102.47097730636597	98.22677850723267
105.30291795730591	101.72479391098022
79.95280265808105	81.53205871582031
111.0805892944336	111.2068247795105
82.89452362060547	80.41813659667969
93.24306964874268	93.93375635147095
98.06455850601196	93.61681938171387
95.82909107208252	89.38251972198486
84.2065601348877	86.13717460632324
96.5694522857666	92.9373049736023
102.1686315536499	98.26308488845825
107.31268644332886	101.51744842529297
94.65205430984497	91.4062614440918
106.7400131225586	101.04803466796875
77.0137267112732	79.92258358001709
85.08084869384766	78.59976196289062
105.31979084014893	106.50970458984375
87.42677879333496	86.4389877319336
98.97767925262451	95.89449787139893
91.53826141357422	97.34208679199219
88.08808708190918	85.25088500976562
97.04676055908203	100.62778377532959
93.63027334213257	98.32448244094849
92.82268524169922	89.0390625
99.41662073135376	92.20565557479858
98.26596021652222	102.72825479507446
95.82788228988647	103.23620796203613
102.50082778930664	99.98058700561523
84.96968507766724	86.115403175354
93.60298347473145	85.80713081359863
92.48787117004395	96.14216709136963
85.45066690444946	93.11410427093506
106.5764946937561	117.6746392250061
84.66803932189941	78.61952304840088
89.81813716888428	98.25764274597168
99.23881530761719	94.18580532073975
87.0722017288208	83.75907850265503
98.46455383300781	94.02449798583984
93.29249572753906	89.31905364990234
95.08116817474365	96.1994047164917
88.46302652359009	85.26640510559082
78.91584777832031	81.07187509536743
103.2886791229248	103.42843294143677
112.8247332572937	112.43996143341064
105.74779462814331	106.2815170288086
91.33942985534668	84.73394536972046
100.88151454925537	98.86452198028564
100.3714542388916	95.13526725769043
103.10304164886475	98.70170831680298
95.23243188858032	88.66189241409302
115.29924011230469	112.35783386230469
105.00468444824219	108.19410705566406
96.32927894592285	90.9889907836914
99.22586059570312	99.85734558105469
87.90168476104736	85.85895442962646
105.85223388671875	100.292724609375
108.97587776184082	108.21953773498535
79.44198513031006	83.88377571105957
103.87264251708984	98.79777431488037
99.17206287384033	99.08516502380371
103.15545415878296	107.46522951126099
99.98418045043945	87.15978240966797
97.68418884277344	96.18719482421875
113.14585876464844	101.31130981445312
118.77646923065186	115.60652732849121
95.87653112411499	97.9775185585022
98.1678409576416	101.18645477294922
99.82257080078125	99.63803100585938
108.15354347229004	105.01123523712158
103.2343339920044	102.81081676483154
73.65523338317871	68.56598854064941
83.51313972473145	82.05227851867676
100.06156921386719	97.08959865570068
91.01493644714355	91.44051933288574
93.83702754974365	92.97691440582275
106.46435022354126	110.71256875991821
99.79159355163574	95.0381326675415
87.73379611968994	87.67001581192017
81.74648380279541	83.31906032562256
88.94709730148315	79.353036403656
95.722825050354	93.87106037139893
96.72662353515625	91.42158508300781
89.45127868652344	92.45571327209473
98.63568210601807	101.28293895721436
104.42420101165771	102.0273666381836
74.32709980010986	79.60210132598877
94.62219715118408	93.1658935546875
75.94727087020874	75.5825662612915
106.40335083007812	113.6470947265625
91.25393724441528	92.07463216781616
97.3934473991394	97.72924089431763
94.16806316375732	99.37712097167969
75.45676231384277	81.11869239807129
94.3663558959961	97.52135467529297
97.32033920288086	94.33419227600098
100.42812633514404	95.56875610351562
92.89024353027344	92.12261962890625
90.88350868225098	96.58858585357666
106.19818115234375	106.97716522216797
94.94261980056763	96.40489912033081
84.91434288024902	84.21229362487793
89.92568397521973	93.26580953598022
87.73060607910156	79.7445421218872
97.95270681381226	101.60202741622925
88.43215084075928	88.46472835540771
123.74712467193604	127.97111892700195
96.03085041046143	100.13949394226074
92.42368507385254	91.49183797836304
83.32253837585449	76.91118049621582
95.93306493759155	89.34987592697144
89.91336250305176	92.11172676086426
86.90743446350098	88.59073448181152
110.12507629394531	104.84722137451172
97.72716331481934	98.402419090271
114.87901306152344	113.06159210205078
88.86821556091309	89.16910362243652
96.23592138290405	98.97256135940552
84.1974949836731	89.46361541748047
72.40133666992188	74.02970123291016
83.60494995117188	77.90526580810547
111.79908037185669	118.08509826660156
72.75149250030518	71.98079776763916
85.4685583114624	82.33239841461182
92.08911895751953	85.6889820098877
80.17506408691406	75.65534019470215
94.5765438079834	96.05629062652588
95.41605949401855	96.57674074172974
106.29344129562378	106.36093378067017
86.25799560546875	87.82349872589111
74.23474311828613	73.34843635559082
91.99543523788452	91.59045600891113
106.30845308303833	98.49276781082153
92.82366371154785	89.83067321777344
101.33415699005127	98.99562120437622
94.26185417175293	95.50349235534668
89.69865608215332	86.63694715499878
74.83429002761841	68.32916116714478
81.234055519104	82.38452243804932
100.50973176956177	96.62095069885254
83.34737205505371	86.22420501708984
87.03953504562378	84.72743511199951
100.05461883544922	99.87274932861328
90.3386287689209	92.53858757019043
99.96716022491455	110.24876117706299
73.12388515472412	79.68082618713379
119.38921451568604	120.71233892440796
84.97213554382324	85.37434959411621
92.89111137390137	86.67890644073486
74.13886976242065	71.93829488754272
84.77334880828857	93.9084243774414
70.06297302246094	69.52020835876465
75.32568168640137	76.71719169616699
80.79438591003418	84.08497524261475
130.47537517547607	133.98298358917236
103.14202117919922	108.3671875
98.24211120605469	89.03534698486328
76.05051231384277	69.39027214050293
87.757333278656	88.6912693977356
86.11015510559082	86.89100742340088
84.65758323669434	87.3607234954834
60.85597038269043	63.38470458984375
82.94728565216064	82.14854907989502
77.31955146789551	69.43052673339844
97.56120300292969	103.04549407958984
110.87702894210815	109.03922462463379
68.50336694717407	71.43388271331787
99.15365791320801	100.2433557510376
99.38540649414062	97.55332946777344
71.61756134033203	75.09052848815918
79.41179466247559	70.2363052368164
99.65183973312378	98.10085773468018
138.08520984649658	135.68951082229614
103.592848777771	105.92649936676025
83.45447778701782	85.90342712402344
81.25085544586182	84.72366189956665
92.10514163970947	93.12070846557617
89.00797033309937	88.62576580047607
101.81452655792236	99.8046875
92.81267738342285	95.20664882659912
71.49186611175537	73.25522422790527
101.83574438095093	93.00631999969482
98.83645391464233	94.24281454086304
78.96944999694824	78.53409767150879
93.96588706970215	89.73292350769043
86.36441230773926	89.04434394836426
103.12776756286621	106.03534412384033
94.80680274963379	88.66029357910156
75.83033752441406	74.46782112121582
98.05722999572754	99.88701629638672
102.46060180664062	98.52491760253906
73.5062255859375	68.92440605163574
69.9261908531189	72.93511009216309
109.75274562835693	110.3829288482666
90.28628540039062	94.08425331115723
89.87570858001709	86.97964000701904
81.78440141677856	85.24193811416626
101.02156066894531	101.4445104598999
78.3173394203186	85.9679012298584
77.77024841308594	82.17101097106934
87.96311473846436	87.32499599456787
116.906982421875	120.56231689453125
66.71346473693848	71.16715049743652
77.30066585540771	75.8031849861145
100.72878742218018	100.02160024642944
108.18110752105713	109.40524101257324
83.6075530052185	80.406418800354
100.87281036376953	110.65451049804688
92.24272012710571	91.60150051116943
114.53240442276001	109.05254316329956
80.17719268798828	73.7647762298584
91.64818000793457	96.50219058990479
94.74017858505249	96.11723184585571
95.03710269927979	96.88495874404907
115.7341775894165	118.2175703048706
106.67771911621094	115.41723918914795
140.54594135284424	133.9582643508911
91.63782835006714	92.22729206085205
115.13256311416626	114.69081401824951
86.77978992462158	79.39943075180054
95.06991863250732	97.04509019851685
76.99108219146729	82.2675838470459
86.25263500213623	90.33013153076172
96.35057258605957	95.33855819702148
105.14604473114014	107.59258651733398
90.97293663024902	85.6289005279541
82.63463830947876	86.11015367507935
104.02886199951172	95.60896301269531
102.05414485931396	109.96130847930908
93.01939392089844	93.91142272949219
95.98133563995361	101.64735317230225
92.4312105178833	87.98036909103394
86.27467632293701	82.13883876800537
95.75363206863403	84.8212571144104
113.82775115966797	116.84364318847656
79.23068046569824	77.84403800964355
75.85788202285767	76.81420946121216
74.01120138168335	79.5488829612732
110.24542999267578	108.62251281738281
99.9433422088623	96.33673095703125
80.05232048034668	71.35834693908691
92.34068870544434	94.85627174377441
94.28474140167236	90.96021938323975
96.85934448242188	95.56536865234375
98.04703521728516	105.44124603271484
100.1544885635376	102.44726467132568
100.69854497909546	97.65170574188232
96.46583414077759	90.62327527999878
94.87140083312988	96.27743768692017
74.335214138031	82.4264612197876
80.38910865783691	77.35844993591309
98.0509557723999	100.73597717285156
93.77726650238037	97.75935363769531
112.01195526123047	118.7112808227539
82.11467599868774	78.61154460906982
85.33805799484253	77.56346845626831
85.12718868255615	84.2629566192627
96.26137018203735	96.65713548660278
127.16767644882202	122.62795686721802
108.87577819824219	107.95227813720703
102.7181625366211	106.46347045898438
92.0692834854126	83.95814323425293
99.23697090148926	99.92285442352295
99.67888355255127	98.59821081161499
76.40583848953247	75.78205728530884
69.27887201309204	70.64524841308594
71.28733158111572	66.0793399810791
82.44060325622559	87.912184715271
85.35527229309082	88.91695976257324
102.1852970123291	100.81590414047241
77.16228675842285	70.10613441467285
110.13348197937012	100.34158229827881
102.628014087677	97.83566665649414
75.55012464523315	83.36013793945312
121.72461795806885	113.38910150527954
93.47634887695312	90.40776824951172
77.05467796325684	82.60652732849121
81.48116111755371	82.75000190734863
72.15634346008301	71.4078426361084
92.03205585479736	90.83864450454712
98.64192724227905	96.29860639572144
98.92680597305298	94.32364988327026
105.61524105072021	98.68072319030762
74.75328302383423	76.51151895523071
114.33815002441406	114.11747741699219
101.44017934799194	103.21721076965332
70.76605224609375	70.63757514953613
80.84704780578613	84.04389238357544
97.21979808807373	96.75597906112671
109.08930969238281	118.75389099121094
94.43759155273438	96.17837524414062
110.56416749954224	112.57186889648438
92.4515175819397	82.73573398590088
78.94161415100098	80.48744201660156
80.51811218261719	79.40451622009277
82.17237281799316	82.64272499084473
80.71375465393066	82.58308410644531
106.5934009552002	102.10648250579834
70.41847467422485	73.71465826034546
108.67744731903076	112.69670486450195
92.94681072235107	91.59918308258057
90.15427017211914	91.94516277313232
78.08067512512207	86.83529090881348
95.3488712310791	98.97720527648926
90.83522129058838	93.44309139251709
89.68505144119263	97.336106300354
85.22491693496704	94.55616474151611
103.20500183105469	103.86924743652344
124.6140193939209	121.2955551147461
95.19102764129639	96.03871250152588
90.28504371643066	82.4825086593628
78.90203952789307	73.5807695388794
99.59086465835571	97.59025573730469
103.64132642745972	90.85228681564331
107.49840974807739	110.89684724807739
105.07392358779907	104.07628154754639
84.89791774749756	86.47711944580078
96.99725341796875	96.92091655731201
79.751953125	77.29585027694702
95.49765300750732	89.57789134979248
110.80477952957153	103.09736347198486
92.21713209152222	85.80175924301147
95.89666509628296	82.48174285888672
95.564208984375	98.31905364990234
87.23376321792603	88.4823670387268
92.32429599761963	87.08648586273193
109.15974807739258	115.54182481765747
111.97162628173828	104.77400064468384
88.77683925628662	91.20332622528076
107.35804796218872	110.24116516113281
90.77497959136963	98.4894061088562
129.89266967773438	130.18936347961426
85.71346855163574	88.80364274978638
104.20414733886719	103.33193111419678
113.3091688156128	106.578848361969
95.19030284881592	97.13550090789795
102.60934352874756	104.48628902435303
110.30533790588379	104.39286231994629
80.96167135238647	82.27411127090454
90.49007892608643	92.04056024551392
87.34218788146973	89.98263311386108
98.9389066696167	94.48705577850342
95.52432775497437	87.17865228652954
89.19451332092285	87.39228630065918
109.00397825241089	106.90458059310913
78.93066930770874	82.7938814163208
117.11696100234985	111.994544506073
102.86690521240234	100.72520446777344
92.08733081817627	90.66436529159546
70.50520896911621	75.85037231445312
108.02448272705078	113.53397369384766
91.92298936843872	99.568106174469
82.18798923492432	86.17396831512451
110.23884153366089	110.43633365631104
80.5964412689209	82.51119232177734
105.33237934112549	96.00175380706787
113.29184818267822	116.56922435760498
116.55770587921143	120.23788547515869
100.87027072906494	101.48685693740845
68.45736503601074	73.32852363586426
89.10603046417236	93.18547201156616
105.08341598510742	105.40614938735962
114.31158447265625	111.50927734375
108.94881248474121	107.11451768875122
68.21250915527344	71.89023494720459
104.78797912597656	94.6660385131836
79.76467609405518	73.36353778839111
105.27362060546875	107.56926488876343
88.32080841064453	83.85548973083496
87.15985918045044	78.77635288238525
100.65564155578613	98.139328956604
87.97486400604248	81.5119857788086
84.7190957069397	86.58444929122925
78.92701721191406	75.05889701843262
85.59486961364746	83.73112201690674
105.78997802734375	104.451416015625
82.8046817779541	84.21046257019043
112.91265869140625	107.70649719238281
99.22899627685547	93.76118469238281
88.1624526977539	86.94490051269531
82.64688110351562	76.7806487083435
110.82363796234131	108.50203609466553
77.88505554199219	84.81317377090454
85.82771873474121	91.1410961151123
83.19582939147949	84.22692775726318
85.02726745605469	92.1463623046875
100.5072569847107	98.43667030334473
82.13488101959229	77.0079517364502
87.50367879867554	88.22424173355103
97.73143577575684	97.92185401916504
101.45279693603516	105.91703653335571
105.35813903808594	104.3521499633789
95.2909164428711	99.49342441558838
86.95433378219604	96.18962287902832
101.14921760559082	101.76536655426025
85.27444267272949	85.31005668640137
90.46158027648926	91.3227481842041
85.77022075653076	79.23280811309814
82.72502660751343	83.22622776031494
105.82425689697266	97.10914611816406
98.13863039016724	106.9202470779419
112.96902894973755	112.61871814727783
89.6799488067627	87.1120662689209
96.69952154159546	95.6952166557312
101.4113974571228	97.5954008102417
119.67503023147583	117.05481243133545
97.9094409942627	91.09052896499634
94.19762992858887	95.79745292663574
94.43974161148071	100.13049602508545
96.9107437133789	86.5098648071289
86.17202281951904	86.95293188095093
89.93251895904541	97.4250135421753
97.25910186767578	96.8955945968628
91.05169773101807	94.9141788482666
120.76701164245605	121.02164268493652
123.32919311523438	125.90550231933594
102.2867660522461	106.28999614715576
84.72933197021484	75.74854278564453
91.960129737854	98.22350263595581
98.99414777755737	87.0910906791687
100.49519062042236	90.21032905578613
88.1429271697998	90.31628608703613
113.98634433746338	115.18331050872803
89.58992767333984	90.22649097442627
92.14532375335693	88.27807903289795
77.39886331558228	85.04358005523682
83.99120235443115	79.4311752319336
83.29165172576904	84.60169887542725
109.65438652038574	117.60479736328125
79.88035583496094	82.7889633178711
84.69526863098145	80.42413902282715
105.8455810546875	97.50022888183594
103.74059867858887	109.27578544616699
92.83669710159302	94.05442714691162
120.56579971313477	110.90797853469849
73.94865989685059	74.7681884765625
96.77794170379639	93.090567111969
110.9344482421875	111.77395343780518
97.13477754592896	99.1894965171814
105.34508228302002	110.49788475036621
102.62939214706421	99.9976658821106
99.68849658966064	95.25704002380371
100.85614013671875	105.62490844726562
80.72073268890381	89.57941341400146
87.38633680343628	88.56951427459717
61.61599683761597	60.785014152526855
125.25723266601562	122.8968276977539
129.83865356445312	123.89784240722656
102.39546251296997	98.50125312805176
96.86448001861572	89.01138305664062
106.30560636520386	101.80298566818237
71.60593271255493	80.16680717468262
100.3509750366211	98.80722141265869
96.74795532226562	98.43926239013672
88.28949069976807	92.61649894714355
95.58089017868042	98.36894273757935
102.13927745819092	99.90512609481812
77.95948791503906	83.16317939758301
110.17010068893433	118.7855577468872
92.63141918182373	97.82249927520752
78.02231311798096	84.743408203125
75.52830457687378	75.05938816070557
88.39558267593384	82.24684238433838
114.33189392089844	111.0595703125
88.25203514099121	92.40094757080078
72.65133857727051	79.29360866546631
71.71339988708496	72.62516212463379
83.97995948791504	84.47104549407959
111.83551788330078	107.70782470703125
89.82552862167358	83.96713781356812
127.18156290054321	132.4673933982849
81.7405424118042	85.48471355438232
91.52270221710205	95.87785148620605
84.6053638458252	89.98690223693848
101.83583736419678	94.01513814926147
85.55791282653809	85.53050231933594
81.51756477355957	86.47829246520996
81.81346797943115	83.28053760528564
67.2616982460022	71.45666408538818
80.45853900909424	81.20275211334229
97.35009860992432	91.41735935211182
85.80786323547363	80.54704284667969
97.594313621521	95.52319049835205
97.69864082336426	98.50772380828857
75.13640785217285	75.17582130432129
89.66686820983887	88.88336038589478
113.94607543945312	119.20901107788086
105.43168830871582	109.47320652008057
79.333740234375	75.02496528625488
107.43842124938965	99.74101066589355
93.66508340835571	90.55756759643555
91.73870086669922	99.63339233398438
89.94890785217285	95.10909938812256
95.6580662727356	88.82633686065674
77.30874872207642	75.23663425445557
80.60092163085938	81.41354370117188
78.44781303405762	86.21566772460938
88.85512447357178	84.9489803314209
94.13847637176514	102.5994644165039
114.33242797851562	110.3355073928833
84.96872854232788	81.03960990905762
95.0567216873169	90.2432336807251
100.60383605957031	102.19544219970703
108.85513305664062	102.73983764648438
102.10732698440552	103.39827060699463
100.92273044586182	101.3193416595459
96.4769811630249	93.08495426177979
102.83714532852173	97.55845069885254
99.23448085784912	105.60173034667969
94.20202732086182	90.54197788238525
90.66142559051514	94.65188026428223
111.26663208007812	110.67143249511719
80.37466621398926	77.60994529724121
110.69298553466797	114.06519317626953
86.8656177520752	91.15819549560547
116.01737976074219	113.1467342376709
103.9500732421875	101.86038970947266
88.8126311302185	87.90466213226318
95.12052297592163	90.84091901779175
65.91718196868896	72.32741355895996
84.76912879943848	87.09317779541016
83.43513679504395	80.15851593017578
108.18604946136475	95.31224012374878
90.79956150054932	96.61903381347656
111.06834316253662	111.4519567489624
79.78341865539551	78.43792533874512
102.6850814819336	109.95462799072266
94.95481729507446	98.5006856918335
82.28352355957031	85.48701667785645
82.65178871154785	83.84754180908203
79.63561248779297	76.91736602783203
94.32897806167603	93.91417980194092
92.23871040344238	90.77860450744629
99.88717651367188	97.4708251953125
83.23997592926025	78.28065013885498
89.66497755050659	88.32498359680176
96.37962913513184	97.5513916015625
96.35972499847412	100.19527673721313
110.52469968795776	107.47453546524048
81.13730049133301	76.3901596069336
111.87755584716797	111.94075298309326
92.0841703414917	98.70534992218018
99.94352912902832	92.46000671386719
97.26800680160522	93.22444438934326
90.70298194885254	86.98407554626465
103.26813507080078	94.55947875976562
95.46412658691406	98.536865234375
86.34676694869995	91.20508432388306
70.71243810653687	70.79557752609253
88.39137649536133	87.76772117614746
98.66021633148193	90.33540487289429
80.32790565490723	74.93560981750488
84.650221824646	91.38858032226562
87.38270711898804	83.42049217224121
99.90695190429688	97.34696197509766
119.48340702056885	129.59445571899414
87.02169942855835	90.12945365905762
82.72976016998291	83.63626003265381
89.82779026031494	87.26586246490479
65.10605049133301	73.6794662475586
112.54955291748047	113.10908508300781
121.59279012680054	116.56831121444702
129.92327690124512	131.75634384155273
69.78957414627075	75.77711629867554
126.59151077270508	123.46142864227295
109.85273742675781	104.21209716796875
86.63352012634277	93.97501945495605
95.31079626083374	92.98601055145264
81.02631378173828	86.47153186798096
108.43449354171753	108.24734687805176
91.88327980041504	100.25091934204102
113.44069719314575	109.8587293624878
80.5727686882019	80.41101694107056
86.61497211456299	87.71109580993652
102.83205986022949	108.19314384460449
68.66733360290527	70.9458384513855
81.56497764587402	77.80778503417969
102.09579467773438	102.76337432861328
96.70567798614502	100.51008415222168
97.59076118469238	105.42366695404053
81.03474998474121	82.07473659515381
89.53883838653564	90.15215015411377
117.65718078613281	119.5121841430664
101.62255764007568	98.46203517913818
80.75242900848389	83.94179439544678
93.9266128540039	91.42048645019531
67.45536184310913	66.13587713241577
91.07502174377441	88.57307529449463
91.07798194885254	86.97947883605957
87.33758354187012	86.3342342376709
95.08320617675781	90.64981842041016
93.41729164123535	93.87514734268188
97.55634784698486	88.40449666976929
90.6420578956604	91.00988721847534
89.58637237548828	93.86741638183594
64.27017450332642	75.64899921417236
87.88296604156494	88.56923198699951
76.93116664886475	75.78377056121826
98.89906311035156	101.4573974609375
102.2692699432373	106.72096729278564
105.5284652709961	104.188720703125
73.42112636566162	77.8742322921753
126.97210836410522	132.74859237670898
86.9858946800232	87.67227840423584
