90.82069492340088	81.27677011489868
93.05947589874268	93.59487533569336
84.8028564453125	84.2738151550293
85.62382698059082	81.52284622192383
85.29602146148682	81.70643663406372
85.76944351196289	83.31975936889648
89.14512348175049	86.51821279525757
101.81452655792236	98.23922443389893
93.61153221130371	87.49051094055176
99.57053661346436	94.48355913162231
87.59543037414551	87.6749210357666
113.0363416671753	105.7550311088562
92.75230407714844	98.53395080566406
96.10471820831299	87.09622955322266
80.9793472290039	84.07001495361328
82.41661262512207	77.58858489990234
80.1131534576416	84.50532913208008
87.89462375640869	93.01501750946045
91.16149711608887	91.90303325653076
80.40513038635254	79.53324794769287
80.02241134643555	77.28207588195801
87.29577827453613	84.46077919006348
88.0162181854248	80.76958465576172
96.33931732177734	91.1722183227539
93.18123817443848	99.91768074035645
85.84800720214844	80.09236335754395
94.45383167266846	91.3935980796814
86.56908988952637	90.02861976623535
90.35481452941895	88.01626205444336
86.74969434738159	82.20474195480347
65.43467664718628	61.7845778465271
85.36827087402344	82.17477798461914
101.29060363769531	96.82968997955322
100.53393173217773	93.95209693908691
89.19908618927002	91.36373138427734
81.3289704322815	90.57738018035889
72.66649770736694	70.10201025009155
88.91416645050049	86.99253702163696
91.21824407577515	97.5971302986145
81.50700330734253	81.59997463226318
77.07831382751465	74.07454490661621
71.60026741027832	69.42773342132568
80.46481132507324	83.7906551361084
81.08400344848633	76.82181358337402
81.63077354431152	76.22786045074463
78.670006275177	83.9261565208435
97.10820007324219	90.48355388641357
84.72734117507935	83.69164848327637
85.75329780578613	87.25988388061523
85.74961280822754	82.41222953796387
85.06098747253418	86.79971694946289
89.58210754394531	83.91786003112793
99.17346954345703	97.96052551269531
79.06867027282715	75.28860569000244
80.656907081604	78.32637691497803
79.61102294921875	70.98446416854858
81.53979301452637	73.3975601196289
84.81805801391602	89.77749824523926
97.70842456817627	90.27247333526611
93.33650779724121	89.64022541046143
78.52342367172241	73.97760581970215
89.28035736083984	84.45150375366211
102.01256561279297	95.56775093078613
103.98664855957031	96.08259201049805
90.12450885772705	86.81544303894043
103.81280136108398	99.14225006103516
86.47489261627197	90.16221141815186
85.36477088928223	88.78811645507812
85.10360622406006	87.14893865585327
89.25634384155273	86.08297348022461
85.87980270385742	83.21590423583984
83.9111499786377	82.62219762802124
84.02419996261597	80.76753902435303
82.6054515838623	79.4088134765625
83.49039506912231	80.232590675354
90.24521160125732	85.87069177627563
96.10021781921387	89.77512550354004
91.06476497650146	89.22243785858154
81.51725769042969	84.69141006469727
91.7314453125	82.81160545349121
80.82682800292969	81.24366760253906
76.92806196212769	78.53586006164551
79.69725942611694	78.2090311050415
87.77407836914062	77.27332258224487
85.83887100219727	85.17062187194824
85.09215354919434	85.81063270568848
99.85005569458008	95.24020385742188
92.92176818847656	89.7872314453125
94.08137893676758	95.54679584503174
86.62684440612793	88.27516555786133
80.81422805786133	81.0165786743164
76.02372646331787	65.08813381195068
106.08660507202148	95.41508674621582
86.18874549865723	82.5798282623291
92.01335000991821	83.61448955535889
85.9181661605835	84.25764322280884
76.88408660888672	78.12330436706543
94.04486179351807	90.69373989105225
93.52602672576904	92.31289386749268
89.51447010040283	85.98272943496704
92.73533248901367	85.21603202819824
85.09217691421509	88.26929950714111
88.50308418273926	82.91279411315918
82.02213478088379	79.04129219055176
93.79684734344482	88.01896667480469
86.90536499023438	86.85117721557617
99.71905517578125	88.53753662109375
89.83173179626465	90.4658670425415
98.14042091369629	93.88516426086426
101.53373336791992	105.55129623413086
95.52001190185547	89.86728858947754
85.40871620178223	81.67624473571777
83.79547119140625	86.56630516052246
94.13128185272217	92.6033525466919
93.40564155578613	90.73766899108887
93.7706093788147	90.11887836456299
72.44463920593262	69.66571807861328
87.66586875915527	84.55948448181152
98.84765625	97.0345230102539
89.96051216125488	89.2670955657959
77.36733436584473	76.41133308410645
91.65144157409668	91.92747592926025
100.94888877868652	91.8671875
88.06351661682129	83.63898468017578
78.24690341949463	78.33441734313965
82.44083404541016	80.44538354873657
70.90486288070679	67.8978214263916
82.26230049133301	79.99589538574219
83.24966621398926	78.45126533508301
95.47669410705566	94.83576774597168
82.48928689956665	88.6882381439209
90.62874412536621	90.33757781982422
83.69953155517578	81.24589920043945
91.81002521514893	87.8705587387085
82.25804996490479	84.09553527832031
85.82704544067383	87.18806266784668
89.84692573547363	97.49527931213379
98.34490489959717	98.42702388763428
85.67043495178223	88.05638599395752
92.80174255371094	90.6179256439209
90.74254131317139	84.58220100402832
88.29791307449341	85.80210018157959
92.3437328338623	96.47443771362305
84.74499654769897	92.33359146118164
105.1437931060791	103.19088459014893
88.55334854125977	84.62879419326782
66.43099021911621	70.00738334655762
95.80158805847168	90.3398265838623
89.21994209289551	88.32453727722168
69.35212898254395	63.9396915435791
78.53284358978271	81.08744621276855
99.85845184326172	91.92564010620117
84.48203086853027	86.22101783752441
96.13871765136719	92.42723941802979
88.81435203552246	87.68351554870605
88.69354248046875	97.29184532165527
87.84208488464355	88.56603240966797
79.98902320861816	76.2816333770752
83.47536087036133	83.6409854888916
81.02604913711548	78.3158130645752
84.01853561401367	84.11050796508789
75.31510162353516	71.87138557434082
92.10651588439941	91.7598180770874
81.82450103759766	82.29743003845215
102.34347438812256	100.87673568725586
96.65372371673584	93.60362434387207
95.94142436981201	89.13068866729736
91.52314376831055	89.3019027709961
83.74531745910645	74.80924987792969
92.38262176513672	82.70387649536133
73.08981895446777	78.45010280609131
72.746901512146	80.20371437072754
91.88554573059082	90.67648315429688
88.71300220489502	88.28845500946045
101.04593467712402	94.71143865585327
94.80425262451172	90.48863983154297
90.02767181396484	91.34210014343262
83.63063621520996	80.55243825912476
90.2576732635498	81.01109504699707
88.99426460266113	92.4262809753418
90.72893524169922	89.21412944793701
69.26588535308838	68.46339225769043
88.52892684936523	86.48289680480957
91.69852638244629	94.17888450622559
90.19643115997314	92.23336601257324
88.77591133117676	87.43393135070801
86.67832946777344	79.76616096496582
91.43453598022461	91.00914001464844
90.97146987915039	87.55804061889648
85.77231788635254	91.1916561126709
95.40954971313477	91.30871963500977
99.71543741226196	93.5326280593872
83.01874160766602	81.8077278137207
87.94565105438232	83.07803630828857
88.03384208679199	91.82409286499023
104.29812240600586	99.97999382019043
88.62420845031738	86.7535228729248
83.4950180053711	76.88444709777832
104.0323896408081	101.51894855499268
89.98863697052002	88.7625379562378
86.75096893310547	92.01011943817139
81.92201614379883	80.4892635345459
88.53572463989258	88.04376602172852
92.37991714477539	84.94120931625366
86.83162450790405	88.08810901641846
79.24249458312988	79.32063245773315
85.94577693939209	91.44136047363281
84.81134414672852	77.9302453994751
87.46890068054199	84.72773551940918
85.493173122406	79.5180516242981
103.74076271057129	107.02121162414551
93.60638332366943	86.70079851150513
86.7938232421875	80.4173755645752
98.16280937194824	100.00791931152344
88.58848094940186	93.40578556060791
80.9693431854248	83.93777847290039
89.48881149291992	81.27593040466309
81.51449203491211	84.25000190734863
78.28003883361816	79.20443534851074
84.40473556518555	81.0326099395752
77.58249092102051	76.13593053817749
104.80900955200195	91.1579532623291
86.4688868522644	80.71488761901855
98.13642883300781	95.05618000030518
90.14204359054565	86.3386754989624
73.25141906738281	76.80531978607178
89.74765825271606	82.54740762710571
86.57820224761963	87.05340766906738
79.00208473205566	76.91119194030762
85.04375314712524	84.49963617324829
91.04541778564453	85.77178001403809
84.41946315765381	87.19456672668457
80.66647529602051	72.69009590148926
80.5247802734375	76.65854930877686
82.80803680419922	87.91608810424805
85.84142684936523	83.43587875366211
94.65613842010498	97.1560468673706
78.77430725097656	77.88870096206665
78.7826681137085	75.697021484375
81.50727605819702	77.64041376113892
85.97971868515015	87.39882564544678
98.0245590209961	94.53459644317627
95.96419715881348	93.37586402893066
92.25241184234619	96.75436401367188
75.96981048583984	79.10494327545166
86.16145467758179	79.69586420059204
87.48393058776855	87.14917945861816
86.1145486831665	84.32324504852295
90.74813270568848	87.22585964202881
94.48997020721436	94.80618286132812
90.1407527923584	88.90016555786133
65.24819850921631	66.2453842163086
88.36958885192871	88.38905334472656
89.70421028137207	84.66273593902588
93.9798526763916	91.2947883605957
88.70874309539795	82.68812465667725
91.94145965576172	85.14004468917847
89.14121627807617	87.54968643188477
76.39910221099854	70.42076110839844
87.42457437515259	81.17588901519775
91.29068660736084	81.47383785247803
85.012460231781	78.80188131332397
88.88692855834961	87.22575187683105
87.18923234939575	81.81939744949341
89.001389503479	90.23922824859619
79.78843688964844	79.47043037414551
88.29011249542236	88.7433614730835
84.63633155822754	85.31920051574707
84.08552169799805	83.20318222045898
90.1066780090332	89.68887329101562
75.7352352142334	76.30628108978271
78.18578433990479	81.07345008850098
101.21636581420898	95.39414405822754
101.94241523742676	89.57552433013916
89.69515705108643	83.87847232818604
90.2446346282959	91.62142753601074
89.4130802154541	83.17593431472778
84.38544273376465	83.8086986541748
89.319411277771	80.27021980285645
83.40742492675781	80.72625160217285
93.60915279388428	93.48570156097412
71.54087591171265	75.64303827285767
86.56744956970215	82.21118831634521
83.02606582641602	82.37497329711914
85.94216394424438	89.99640703201294
86.2757477760315	86.55618810653687
94.78812885284424	88.3731336593628
90.57966613769531	91.50338745117188
99.63435745239258	95.14639091491699
80.50751686096191	80.08913040161133
84.3583869934082	89.37051773071289
84.9681224822998	75.99604606628418
96.04519557952881	91.80352973937988
86.40293884277344	88.26058197021484
87.29839324951172	92.50868797302246
84.33023452758789	83.38714599609375
83.0577621459961	82.43836784362793
87.0096492767334	83.53009223937988
97.8133659362793	92.56023693084717
68.7928295135498	70.95189571380615
89.0134687423706	83.66259527206421
96.71752643585205	91.38039016723633
81.95990562438965	82.83705711364746
98.0628776550293	97.25181198120117
92.1057710647583	98.93583011627197
90.25851345062256	96.63156795501709
84.96043300628662	76.81118822097778
86.01064968109131	83.69125509262085
92.46081590652466	88.14716577529907
95.34436225891113	92.77547264099121
90.76874732971191	93.24767112731934
86.7923583984375	80.90249633789062
81.33729934692383	78.68965148925781
80.86626958847046	82.02789449691772
76.38636827468872	81.73627662658691
85.85020399093628	88.57901859283447
97.42228317260742	96.32520580291748
71.600022315979	67.76859283447266
84.49472141265869	85.48758172988892
85.83327293395996	91.69393539428711
84.45847177505493	88.07625484466553
98.79016017913818	99.20755290985107
94.44001579284668	94.71550941467285
90.85459995269775	96.92109298706055
103.07486724853516	101.20880126953125
90.16602516174316	88.18105697631836
88.90078067779541	87.72958326339722
94.99995136260986	94.4980058670044
84.256751537323	86.09093284606934
85.76507377624512	83.50392723083496
101.13982772827148	98.29016876220703
72.15622901916504	69.35871124267578
83.64119529724121	84.17790412902832
79.37178134918213	76.9956111907959
96.35136795043945	96.79456329345703
83.5780143737793	84.56683158874512
91.71490859985352	92.99695301055908
74.92119789123535	77.90037631988525
89.96548461914062	89.4156084060669
80.0151138305664	78.8686580657959
93.83471822738647	96.40225219726562
74.0291690826416	72.02439785003662
97.06873512268066	92.72904872894287
98.28236389160156	97.37698745727539
92.4591293334961	92.96071815490723
88.86907768249512	84.14595222473145
95.71823644638062	93.42147588729858
83.13554620742798	79.86411476135254
92.09188842773438	91.26716423034668
91.60562896728516	90.3314380645752
86.58785247802734	81.64252281188965
94.96771907806396	90.78259897232056
75.82480573654175	78.60659694671631
91.90194988250732	90.32301378250122
96.37104034423828	91.19848823547363
82.23274087905884	87.75781297683716
90.6961841583252	87.78221368789673
83.5683536529541	87.62892723083496
97.58575057983398	96.19530487060547
81.79617166519165	74.82772302627563
78.53586673736572	74.21247959136963
94.92668628692627	91.6669569015503
85.67635536193848	80.72441101074219
92.70984077453613	93.73343467712402
80.90385437011719	78.57518196105957
76.32315826416016	74.05489921569824
88.51843643188477	91.8928050994873
93.23300838470459	89.7052698135376
85.9055233001709	82.01874732971191
92.48437023162842	90.96132946014404
90.86480712890625	87.32467460632324
94.48091697692871	93.10609245300293
97.46902084350586	86.86967468261719
79.94560432434082	74.2679123878479
86.48037910461426	87.33486032485962
82.10478401184082	78.07552480697632
85.16921854019165	77.90540170669556
84.71109390258789	88.25458526611328
88.86890602111816	90.51193428039551
94.19695472717285	92.24402046203613
78.93692016601562	84.54122543334961
85.36796379089355	82.59919738769531
84.25044822692871	80.27138328552246
84.17302751541138	79.02284097671509
82.44200706481934	83.76243591308594
75.99772453308105	73.3502197265625
78.58577871322632	82.60009956359863
82.44561195373535	84.89488220214844
86.78483724594116	84.84005546569824
83.29523086547852	77.33705997467041
89.66778373718262	92.50106620788574
85.31763696670532	73.15337371826172
84.53094482421875	86.05345058441162
86.52084350585938	89.91460800170898
85.46274042129517	84.39560794830322
85.14700841903687	91.87721014022827
93.55072116851807	91.6671142578125
89.01811599731445	86.10001564025879
71.21392250061035	67.25959777832031
104.20828247070312	97.06727695465088
84.4267749786377	82.66806602478027
100.7089729309082	92.52432823181152
83.36068105697632	80.9491491317749
66.36395454406738	65.34398698806763
82.35048007965088	88.09574604034424
79.25123691558838	77.43771553039551
98.5121955871582	84.64420509338379
83.28778266906738	87.10335731506348
87.8230528831482	74.29647254943848
95.74774360656738	91.52353477478027
80.65567588806152	89.5444564819336
88.68796157836914	84.00824928283691
87.1879734992981	81.98783159255981
86.96844100952148	83.56524467468262
85.70402145385742	86.46008491516113
103.28824424743652	100.54633569717407
87.07165622711182	91.08136034011841
86.14632225036621	92.93987464904785
95.3774471282959	85.19213676452637
98.35241317749023	96.85406112670898
76.84184074401855	79.49748992919922
78.31240653991699	73.61981868743896
86.79364919662476	87.43171834945679
90.12324333190918	90.95467567443848
86.132004737854	84.9573917388916
80.87811326980591	77.26327276229858
96.38950109481812	92.32543897628784
89.24387168884277	83.60177326202393
83.96507263183594	86.49730682373047
95.9528169631958	90.94237518310547
81.68380880355835	81.73445129394531
95.20493793487549	91.41789150238037
86.70750617980957	88.36958312988281
98.6430492401123	96.929039478302
75.6275987625122	73.3634614944458
94.83961582183838	96.49315738677979
101.10914039611816	94.88473510742188
85.70279121398926	83.2982349395752
92.66363525390625	94.02956199645996
78.59131813049316	81.60360336303711
86.1591362953186	78.96829080581665
95.37265014648438	94.22146892547607
82.80603408813477	84.81550216674805
87.1765661239624	91.72108507156372
88.38069725036621	89.99294853210449
83.19149971008301	84.54919815063477
80.76537275314331	82.31699991226196
87.25139808654785	82.13943672180176
86.33988380432129	76.77169799804688
89.19259262084961	90.22963333129883
105.95408725738525	102.28742408752441
76.41886234283447	79.74980354309082
89.17116069793701	83.67114496231079
88.56803512573242	85.59633588790894
85.18847465515137	80.84135627746582
85.72198677062988	84.7881088256836
88.433180809021	88.27878284454346
85.49899530410767	81.73106288909912
94.74476146697998	90.27387142181396
81.73572587966919	82.8289794921875
77.41163635253906	68.8337631225586
65.28756618499756	63.36859703063965
78.68894147872925	76.35393714904785
82.51791000366211	79.41900730133057
92.81034851074219	86.88807106018066
94.39679718017578	93.96089744567871
88.03246784210205	84.40401601791382
88.33353233337402	85.24826908111572
91.4593563079834	85.54767036437988
80.21780443191528	81.98591709136963
96.69963645935059	95.82655239105225
83.7006950378418	87.41073608398438
89.56747055053711	90.44661521911621
81.85181617736816	88.67338180541992
75.60593605041504	76.05940246582031
89.50614166259766	86.05583381652832
85.90205192565918	85.49057006835938
83.68904685974121	82.52857065200806
84.61322116851807	87.70855522155762
86.20899200439453	83.52113723754883
96.40678024291992	99.64493179321289
84.6961784362793	88.65296363830566
79.73652505874634	70.81281995773315
95.4210433959961	94.14665794372559
96.52257251739502	94.20152568817139
82.56878566741943	83.48957681655884
101.07965469360352	92.30484580993652
87.7591381072998	86.0734920501709
79.28399562835693	81.11944198608398
76.3891167640686	75.5004210472107
92.79789924621582	88.86527061462402
71.32936954498291	68.89468193054199
88.26603698730469	100.44209671020508
89.73291206359863	87.69307661056519
85.37197732925415	83.48714303970337
87.78524398803711	92.91598320007324
97.49811553955078	93.0662612915039
77.34745025634766	75.39414882659912
83.88998985290527	89.35523986816406
71.63016319274902	73.27519416809082
74.33492517471313	72.73284959793091
79.94219779968262	79.12896633148193
91.16312026977539	92.66755104064941
86.6627426147461	83.39644432067871
94.28771495819092	84.6780834197998
93.30745697021484	91.69528007507324
67.49935150146484	69.1189432144165
96.403076171875	96.49651432037354
86.32084608078003	81.06049966812134
88.60761451721191	89.11564064025879
98.1557207107544	86.75009298324585
90.07333660125732	91.08367919921875
90.70125102996826	83.00176191329956
85.71624660491943	81.29807090759277
85.41337442398071	76.60786724090576
92.38192081451416	94.76636123657227
92.43904113769531	93.65901374816895
88.74883651733398	88.5981559753418
83.88174057006836	81.09495162963867
101.71264171600342	104.3626356124878
101.34063720703125	101.92802810668945
77.03511714935303	75.98499298095703
85.98932266235352	82.76947975158691
98.15444087982178	100.57721328735352
85.95720863342285	90.14294242858887
87.05442428588867	85.00630378723145
86.39345026016235	90.50476551055908
94.17135429382324	91.87069129943848
112.43055725097656	99.69583511352539
76.7589282989502	73.9263916015625
87.58609771728516	84.91033744812012
86.11363220214844	84.79852867126465
90.75940990447998	91.76907062530518
85.14034080505371	87.74831199645996
80.92922782897949	77.02931022644043
89.02876281738281	85.65943336486816
85.94992065429688	79.96922874450684
99.3264513015747	89.97481060028076
84.3586254119873	82.46230125427246
91.39749526977539	87.62191772460938
91.29392051696777	88.48440742492676
71.00208806991577	73.95992422103882
92.97623443603516	90.278151512146
80.92950820922852	85.51163673400879
82.01066970825195	80.43401718139648
88.80917835235596	90.02952861785889
88.06743240356445	88.0830945968628
70.31247615814209	66.95483207702637
86.14118719100952	87.99263572692871
92.84942626953125	94.39706707000732
99.20209121704102	95.97604179382324
73.55013179779053	72.90715837478638
97.5802583694458	98.8116865158081
85.7047963142395	86.21045017242432
91.33389043807983	99.24427890777588
92.67187595367432	81.50512552261353
87.04629516601562	91.19549655914307
83.31798505783081	83.85021114349365
84.28457260131836	81.86567306518555
85.13845443725586	81.03497505187988
85.95089101791382	84.46244764328003
83.91450691223145	77.73600769042969
65.85181331634521	64.80066871643066
102.45280838012695	97.64227294921875
87.27185249328613	84.82650756835938
99.05103588104248	94.38084888458252
78.87835693359375	76.66432046890259
91.3532829284668	92.21889972686768
86.85462093353271	81.51893854141235
80.58821296691895	77.27742576599121
100.33431243896484	93.440185546875
78.75230312347412	76.70673370361328
72.01357936859131	75.74833583831787
80.85961866378784	83.76289415359497
80.17475175857544	74.86884546279907
85.68569755554199	79.3329644203186
88.67072582244873	87.33625555038452
70.98770141601562	70.86380767822266
81.88418769836426	78.83250617980957
85.73867797851562	91.86917304992676
99.41959571838379	95.88474464416504
82.57725715637207	79.18255805969238
74.33497762680054	68.74904537200928
85.9553337097168	88.16286087036133
94.09449577331543	89.25462913513184
90.95106983184814	84.96022844314575
80.75857496261597	85.8583550453186
92.40617752075195	88.95668029785156
105.95308208465576	92.6623854637146
105.76850414276123	100.97676753997803
97.8193473815918	99.49319839477539
96.38167190551758	95.86827278137207
74.74835395812988	77.83844947814941
69.07837867736816	70.33053398132324
71.02508306503296	66.28502464294434
86.1710262298584	91.58565521240234
85.63900566101074	83.49183750152588
85.0041389465332	80.19908905029297
92.7067461013794	85.98718786239624
86.4500880241394	91.69135761260986
90.81683349609375	89.37640571594238
82.29482841491699	85.81203985214233
84.99032545089722	85.57752132415771
95.3401346206665	98.63123035430908
82.6513295173645	81.1882152557373
88.69962692260742	89.46365356445312
78.35610866546631	79.34054374694824
97.4134635925293	93.04684638977051
77.17447137832642	76.3144302368164
88.63396739959717	87.95847368240356
90.90073680877686	91.86013793945312
97.23175048828125	97.9335823059082
91.62246704101562	95.52793502807617
88.25189590454102	95.5508975982666
82.97606039047241	79.12515306472778
91.31699657440186	90.0763053894043
71.56869649887085	66.57811117172241
97.84591770172119	93.48231315612793
82.63525009155273	77.8750991821289
85.75750017166138	78.96554756164551
76.65940761566162	74.82500553131104
85.9593358039856	83.24245405197144
101.69282913208008	103.51417922973633
95.07717704772949	94.20660209655762
95.15402412414551	93.58637809753418
83.56330347061157	82.47759771347046
91.05290794372559	94.30613708496094
95.70332527160645	93.10910701751709
93.73443984985352	88.44446849822998
88.77872467041016	88.52730083465576
86.48806571960449	89.42001342773438
93.91848564147949	95.49450874328613
90.0122537612915	87.27346611022949
64.95262098312378	64.55655527114868
96.02384757995605	91.60493755340576
104.16260147094727	101.38449096679688
94.92472457885742	94.65961074829102
82.91296005249023	79.2929744720459
79.3549747467041	78.55309867858887
88.97362518310547	82.65753936767578
77.77365303039551	74.92660331726074
76.93418979644775	78.15452575683594
80.69422721862793	76.01164817810059
82.93636989593506	81.95671701431274
93.93330669403076	91.11801433563232
87.27338647842407	86.5564661026001
86.69638252258301	82.95236778259277
85.60961246490479	83.70068502426147
93.39830589294434	90.76237678527832
99.76084899902344	95.46857643127441
97.77310180664062	96.90644073486328
85.6483383178711	85.18884086608887
83.11457061767578	82.84103965759277
91.10375785827637	91.42495346069336
83.39747428894043	79.25402641296387
89.66795539855957	91.64341735839844
82.5827431678772	81.40333700180054
70.0432300567627	68.94816398620605
88.6905288696289	79.19583797454834
99.15555191040039	91.13572216033936
95.42667961120605	89.87395477294922
85.45796203613281	80.90297031402588
70.61407375335693	70.15106344223022
85.01445770263672	84.12252426147461
79.79966163635254	84.50479221343994
86.77280616760254	88.11955261230469
77.97802686691284	71.9699182510376
82.72837257385254	81.46108818054199
106.83926200866699	111.36660385131836
81.82450103759766	79.33642053604126
87.28477382659912	81.57038927078247
77.67594814300537	76.17932319641113
89.5104627609253	90.17368793487549
101.74350357055664	95.88519859313965
91.05112075805664	88.88497352600098
104.09111499786377	96.8882999420166
91.76026725769043	91.37205505371094
95.22257995605469	86.10562705993652
93.56116962432861	91.85072803497314
97.70353317260742	95.27581787109375
95.26691150665283	86.14804792404175
94.13187217712402	86.9509220123291
91.93223857879639	90.92566204071045
87.46721649169922	88.71910285949707
87.95385789871216	84.72380590438843
97.00342178344727	89.10991764068604
86.97263717651367	86.48088455200195
95.09591102600098	91.97358131408691
82.77998924255371	86.86341285705566
81.80119514465332	77.25666046142578
102.22969627380371	99.29051685333252
94.04085731506348	89.24807739257812
105.17430400848389	91.97447061538696
95.95253372192383	90.31039905548096
86.1515064239502	81.35200309753418
72.53496646881104	68.51069450378418
99.747727394104	94.23816013336182
96.51845932006836	92.89278984069824
94.79513740539551	83.52934455871582
92.50187873840332	91.11114692687988
81.64388656616211	78.78739356994629
99.09617519378662	102.2240138053894
79.70250129699707	73.8760757446289
88.39691162109375	86.20223808288574
84.28531694412231	84.50383234024048
82.41555213928223	81.78136968612671
82.03140020370483	84.02231407165527
82.27236318588257	84.40159797668457
81.41505241394043	81.83834075927734
92.03399562835693	90.2263240814209
83.35684776306152	77.98697662353516
80.67081212997437	78.99890184402466
88.26254081726074	83.07517433166504
90.82890510559082	86.5562629699707
91.06477546691895	85.80601501464844
84.80766296386719	85.48852920532227
91.99645042419434	88.92782592773438
90.74602127075195	82.30036735534668
83.68140459060669	77.44729042053223
72.35560417175293	76.30908966064453
87.45712280273438	83.43124389648438
88.05641746520996	93.43084716796875
80.26465463638306	82.1204514503479
75.2493748664856	76.36741733551025
86.36321067810059	86.93802833557129
88.9239330291748	80.42781209945679
89.0837345123291	94.40423583984375
90.4596357345581	89.0899543762207
85.32037496566772	86.0985279083252
86.24324226379395	89.5741024017334
88.67446041107178	88.66465187072754
90.28279876708984	86.19902610778809
71.29417419433594	68.48944187164307
95.90517044067383	94.89856719970703
72.33869314193726	76.78408622741699
80.24389457702637	81.65984344482422
82.8850769996643	83.37149143218994
78.46066474914551	77.110276222229
103.64285659790039	97.37031555175781
94.2892255783081	88.32915782928467
81.6409969329834	83.28330039978027
91.24029350280762	86.6425552368164
79.93273735046387	82.56044387817383
89.27958679199219	94.47867679595947
103.53248310089111	97.37009906768799
82.03774785995483	84.73209857940674
83.02756309509277	91.1583423614502
79.84083652496338	78.55462074279785
88.92292785644531	88.35358428955078
93.00944709777832	86.29516410827637
77.76660346984863	77.21165657043457
85.84369468688965	84.07010078430176
82.02290105819702	80.3274974822998
74.18913459777832	72.94319295883179
91.1678638458252	92.94366645812988
91.14835739135742	89.12681579589844
93.8973035812378	83.72279453277588
80.16297340393066	80.51717758178711
102.60850429534912	95.58734130859375
71.82793951034546	69.29511308670044
71.50240898132324	69.65006828308105
85.44893264770508	78.31121921539307
89.15786933898926	90.64377403259277
86.25261116027832	93.79769706726074
94.86827850341797	86.54142379760742
105.91284942626953	101.20817184448242
94.47246170043945	96.34378433227539
85.64195823669434	87.21004629135132
90.36724662780762	83.32721662521362
87.80633926391602	82.0368766784668
88.48368072509766	86.43297386169434
81.01756048202515	80.62160682678223
82.5473403930664	81.94760322570801
87.38505697250366	86.83269453048706
93.38172340393066	90.32477760314941
81.71829223632812	78.11808109283447
88.67150211334229	85.34336996078491
104.33355331420898	92.83690452575684
93.41158676147461	96.91680240631104
84.29600667953491	86.7347559928894
83.25923347473145	81.70533514022827
79.20149803161621	74.91918897628784
75.00771522521973	69.9923324584961
78.56559753417969	74.26618099212646
93.79426574707031	91.82312965393066
97.38780117034912	87.68023109436035
104.64482021331787	105.1353006362915
88.05704116821289	81.69503211975098
85.42777061462402	85.44009160995483
76.87344360351562	80.46994018554688
88.33523750305176	82.88801193237305
88.56403827667236	85.61296319961548
76.33892059326172	75.66593170166016
88.58873271942139	92.10538291931152
59.0842080116272	60.74421691894531
94.5603609085083	89.93288040161133
83.4649658203125	82.52411842346191
100.12485122680664	95.3694019317627
89.83819389343262	92.67108917236328
73.65177345275879	73.06827545166016
82.6124382019043	86.04387283325195
105.11671829223633	101.73237991333008
73.02807426452637	70.16436767578125
93.36407661437988	87.14105987548828
82.92206764221191	86.96413993835449
92.84989929199219	98.49369049072266
94.41305351257324	89.926025390625
86.61282110214233	84.21733093261719
83.23051452636719	77.92330741882324
90.56344985961914	88.20171356201172
79.65798330307007	73.46362257003784
79.73182010650635	79.10748291015625
87.53709983825684	90.6115665435791
82.52167510986328	75.15026664733887
74.71319389343262	71.52006340026855
102.20683193206787	97.98339748382568
83.59162902832031	87.77481651306152
96.40558433532715	90.71580791473389
71.14299774169922	65.36440372467041
98.52735424041748	93.88488292694092
82.99975395202637	74.77250576019287
76.14070892333984	73.6196517944336
74.70382595062256	74.91659784317017
91.5842342376709	93.92456245422363
84.79980373382568	78.93414449691772
91.98606491088867	95.84716796875
90.16103744506836	89.49441909790039
100.87555027008057	95.69182586669922
92.62439632415771	90.46536350250244
86.58836221694946	83.65820503234863
84.56417846679688	84.02041816711426
97.41568279266357	89.13923168182373
85.57037210464478	78.41209936141968
90.54654121398926	86.17316246032715
101.08562088012695	98.7673225402832
94.53998851776123	92.87204360961914
83.58216285705566	77.95098304748535
91.99856948852539	87.1468563079834
88.7166109085083	85.50610256195068
91.94890785217285	84.34575748443604
78.52473497390747	73.02226972579956
87.26289367675781	81.88591575622559
77.47599601745605	80.53037643432617
84.16176795959473	82.30390548706055
84.07142782211304	82.4070496559143
70.7125997543335	85.91505575180054
90.07415771484375	86.12007141113281
71.3463306427002	75.11648654937744
88.03200578689575	89.68081569671631
77.39725589752197	79.69571590423584
84.42861557006836	78.82940769195557
85.62312126159668	84.10942077636719
88.29469299316406	87.90852355957031
88.3447790145874	86.78674602508545
96.1623420715332	90.17798900604248
89.43435668945312	85.68756103515625
88.50298118591309	85.1642017364502
75.34193181991577	71.09934997558594
73.89653778076172	75.12260627746582
75.53124904632568	79.66954231262207
88.22409629821777	81.37215948104858
82.89146566390991	88.2461051940918
82.58938360214233	83.38907861709595
88.76532745361328	87.67346858978271
89.71769714355469	85.93766784667969
93.38668251037598	89.36170864105225
82.89881944656372	74.43190908432007
93.69453430175781	97.58115196228027
84.76679420471191	88.99873352050781
94.72612953186035	98.76480102539062
95.29409217834473	91.42421913146973
75.90332984924316	75.48882961273193
85.8570671081543	82.4661636352539
93.15262031555176	88.13495922088623
93.1665096282959	93.48403358459473
93.12276411056519	90.2785120010376
94.66201972961426	98.07542037963867
87.09163856506348	83.35827827453613
91.68796920776367	93.47984790802002
83.86821746826172	81.76482200622559
86.43138885498047	85.36494255065918
81.84489250183105	81.49142265319824
90.33647537231445	89.40260887145996
84.22165870666504	81.15683555603027
94.68921089172363	92.58877372741699
97.69588470458984	93.16316843032837
93.39836120605469	87.43967056274414
77.5890588760376	79.72877502441406
99.4767951965332	92.89979553222656
89.72941875457764	89.6229829788208
101.50171279907227	97.48371124267578
99.44066619873047	95.66435050964355
86.35254859924316	84.36753273010254
94.55708885192871	97.13879013061523
85.22536277770996	79.57258701324463
91.89784049987793	88.63564586639404
84.72113609313965	77.78474617004395
99.96042251586914	98.32233810424805
100.15847778320312	96.30697345733643
81.46136999130249	83.60231733322144
99.63266658782959	92.64069843292236
72.42882680892944	72.89580774307251
89.72085952758789	88.44841957092285
104.14742755889893	106.42066955566406
101.65003442764282	92.02605152130127
76.05367517471313	75.28698825836182
89.31716632843018	92.5160722732544
92.7302360534668	90.8128547668457
82.19797134399414	89.36549186706543
83.73380422592163	89.9044828414917
81.82022619247437	76.34764289855957
84.36731338500977	87.24019050598145
84.98298740386963	84.5500636100769
70.90010643005371	67.4303674697876
115.00423049926758	105.36958694458008
93.7573013305664	93.85287666320801
89.24982261657715	81.78955078125
80.15727043151855	72.30069160461426
79.35046195983887	80.29823446273804
93.6419906616211	94.39358711242676
88.46342468261719	88.58528709411621
84.38817977905273	79.20954704284668
85.36498260498047	78.98725318908691
88.98277187347412	81.82587623596191
94.08224964141846	93.94933605194092
84.35245561599731	88.08355617523193
82.66421699523926	81.05520725250244
84.03877258300781	87.53486633300781
79.91349840164185	76.44813585281372
92.52183723449707	89.41783332824707
79.51350927352905	78.29738664627075
90.09442329406738	88.7955379486084
76.53687953948975	79.18684959411621
95.24015808105469	95.41785621643066
97.22995185852051	99.18844985961914
73.57647895812988	75.21139621734619
75.84186744689941	71.72763633728027
69.72545671463013	76.21409463882446
88.72578620910645	88.82534980773926
65.82593441009521	64.40011024475098
79.56316471099854	78.1636905670166
103.80595636367798	102.00234794616699
90.38744068145752	92.48310089111328
85.65960502624512	86.29460906982422
98.2455644607544	96.44067287445068
88.24603080749512	86.62775039672852
82.42830276489258	81.20567321777344
87.90703582763672	85.185791015625
92.1647481918335	90.12597751617432
86.12054204940796	88.39148139953613
101.15752744674683	98.93130493164062
88.66897773742676	90.70335388183594
84.98330497741699	84.39116477966309
96.35276412963867	95.54853630065918
91.24673175811768	87.31226921081543
89.17737007141113	93.53791809082031
98.58437061309814	94.42018032073975
90.05023384094238	83.95544242858887
79.80035400390625	80.60458612442017
102.53291702270508	104.58571243286133
87.09931373596191	89.32307243347168
85.54832458496094	87.31208801269531
94.31401443481445	92.60368824005127
93.65163803100586	92.76262283325195
79.08204460144043	76.85101318359375
85.01261758804321	77.25744533538818
82.11308479309082	81.84404373168945
83.73607015609741	81.07760429382324
96.25480270385742	92.08756256103516
81.19585227966309	80.59156227111816
81.90105438232422	80.60359001159668
93.55250453948975	91.94880294799805
83.02549362182617	84.77853775024414
83.13519477844238	89.1681079864502
81.67764663696289	74.32782173156738
87.10995626449585	86.95928239822388
93.04305839538574	91.45052909851074
89.14494514465332	87.38445901870728
92.00713348388672	85.25614356994629
77.22565650939941	74.09604549407959
82.84041595458984	84.98441505432129
67.57888793945312	69.22361850738525
88.42034721374512	86.87968301773071
86.78001594543457	76.68083953857422
95.64909839630127	91.17438983917236
84.38726806640625	87.152578830719
84.49546813964844	81.84264183044434
89.41129684448242	88.80411148071289
85.59621810913086	80.11589050292969
93.65505981445312	94.9778823852539
92.62845039367676	91.94060325622559
94.60268974304199	91.03550720214844
97.39009952545166	91.4473934173584
94.78558158874512	89.64082145690918
94.82191514968872	87.95668315887451
82.94462585449219	80.154043674469
81.71195983886719	80.07089614868164
86.93122053146362	89.64419460296631
92.42548751831055	91.74706172943115
77.28220462799072	75.26341438293457
