51.86106014251709	55.04005813598633
52.96673583984375	58.139686584472656
57.710893630981445	56.20519161224365
62.250771045684814	64.28641319274902
56.871788024902344	55.7396125793457
49.563995361328125	52.35039138793945
43.63196659088135	48.47908687591553
49.97455596923828	54.82595443725586
62.287575244903564	60.02638292312622
41.85377502441406	49.566768646240234
73.11345863342285	73.42924690246582
51.37017774581909	53.03488874435425
56.998366355895996	59.89071035385132
65.26808261871338	69.90117073059082
51.44342803955078	52.372711181640625
46.86361598968506	50.02425241470337
65.4610276222229	68.69776725769043
65.07170104980469	70.54075813293457
70.97683906555176	72.30945014953613
63.83760452270508	71.28714752197266
37.94496154785156	42.40043258666992
60.348501205444336	62.39787578582764
49.845256328582764	46.19932174682617
57.89834403991699	59.95317363739014
62.54179382324219	57.9538688659668
52.83024215698242	52.911048889160156
67.53880500793457	70.05540370941162
58.52789306640625	60.34318923950195
59.7577018737793	65.97322082519531
58.18767547607422	61.39349937438965
49.0386757850647	53.07455587387085
48.82986068725586	54.782012939453125
53.78388690948486	58.16404151916504
53.23674774169922	55.23470687866211
55.11928939819336	55.89069747924805
58.108131408691406	56.74028778076172
55.16999816894531	59.93402862548828
57.10261344909668	60.242271423339844
54.85331153869629	58.01231861114502
56.2005615234375	60.30755567550659
52.703999519348145	55.446590423583984
60.13886833190918	59.53667593002319
64.58184242248535	68.92485618591309
60.206889152526855	63.23332214355469
59.85056686401367	63.631629943847656
60.6697998046875	65.17121887207031
57.88907861709595	60.86772108078003
52.537845611572266	54.674285888671875
48.074013233184814	50.71504497528076
57.033203125	58.02176284790039
51.09442090988159	53.900020122528076
52.391446113586426	53.32951831817627
55.00558853149414	56.12034225463867
52.365760803222656	56.78263473510742
46.98541784286499	50.9727087020874
64.5413990020752	70.03094530105591
56.863226890563965	60.00141143798828
44.37687301635742	48.697654724121094
50.92795944213867	52.89147186279297
50.258737087249756	53.95653533935547
43.81327438354492	45.177730560302734
59.2548508644104	58.16916561126709
41.77406358718872	48.01594877243042
56.546531677246094	62.36871337890625
64.57150936126709	65.73261260986328
48.62677574157715	53.38281297683716
49.7956223487854	57.30685901641846
58.87440204620361	68.68597507476807
61.24855422973633	61.471527099609375
59.127010345458984	60.727641105651855
57.5406494140625	59.82497787475586
59.201805114746094	59.012916564941406
67.68476963043213	68.99392604827881
64.01476383209229	67.29981899261475
52.47825622558594	54.636085510253906
62.390438079833984	66.99372863769531
48.95395803451538	52.89725589752197
63.11126518249512	65.68769645690918
45.50283718109131	50.3503680229187
60.308852195739746	67.40529537200928
62.40710258483887	66.96427822113037
56.65292739868164	57.389102935791016
81.75937461853027	86.67526865005493
62.37781763076782	69.42002820968628
68.90153408050537	65.304856300354
45.93733310699463	53.005906105041504
60.138550758361816	61.80701780319214
59.74342346191406	62.46449661254883
49.86842155456543	54.78007793426514
55.57994079589844	60.71849060058594
51.745216369628906	57.459672927856445
55.91588592529297	56.01952362060547
53.43596267700195	60.207472801208496
67.69658899307251	70.46331596374512
55.5932731628418	62.361236572265625
59.40967655181885	62.035752296447754
57.53394317626953	61.744651794433594
60.56315994262695	63.22011184692383
52.967979431152344	55.606597900390625
52.152284145355225	56.22576141357422
54.04566287994385	58.867475509643555
49.44736337661743	50.58727264404297
64.67755126953125	68.49281311035156
70.57811737060547	66.01941585540771
58.309739112854004	62.61154317855835
61.651363372802734	64.9933910369873
36.884437561035156	41.9906005859375
64.18969917297363	69.21732187271118
76.072096824646	82.14966773986816
52.93395185470581	53.41054153442383
49.88756036758423	53.37201261520386
54.51702260971069	58.02290153503418
43.53270721435547	48.49244689941406
63.482818603515625	65.56275844573975
57.20075082778931	59.34491729736328
65.03662872314453	70.83531951904297
62.35041618347168	62.975722789764404
55.080758571624756	63.23976802825928
52.4057035446167	60.62436103820801
50.95576572418213	57.21892547607422
61.94735336303711	62.868072509765625
53.48135948181152	56.93932342529297
62.552809715270996	67.01194763183594
62.30980968475342	68.51155757904053
53.3901481628418	55.11182403564453
46.985891819000244	50.628578662872314
57.77293252944946	61.91232347488403
57.25766944885254	57.437973976135254
59.819183349609375	57.43638610839844
57.61479377746582	60.1613130569458
57.147162437438965	63.69838285446167
45.47589874267578	44.127952575683594
58.7532434463501	69.81089687347412
62.95662975311279	68.81352281570435
64.52255249023438	67.22640228271484
46.598876953125	44.95635223388672
51.98824882507324	56.219839096069336
54.85179662704468	63.44350004196167
65.98506927490234	73.11800956726074
58.06654739379883	59.767093658447266
60.167449951171875	63.3664436340332
39.97394561767578	41.06987380981445
55.88355875015259	53.406442165374756
55.8816933631897	58.89003562927246
59.896554946899414	65.92170715332031
53.47648239135742	57.66501235961914
62.85991287231445	66.00794219970703
52.36945343017578	56.73863220214844
63.19183158874512	61.722899436950684
53.012149810791016	55.611846923828125
59.51975440979004	67.34724283218384
56.15774488449097	57.1204776763916
62.170424938201904	63.09381294250488
56.33701038360596	59.44911766052246
64.39153861999512	70.16244649887085
51.59885787963867	55.092281341552734
51.667877197265625	57.40446472167969
53.90808868408203	59.149505615234375
66.65389394760132	65.8155837059021
55.77104949951172	60.74313926696777
58.62853145599365	63.418450355529785
52.30385780334473	56.42089366912842
52.05646514892578	54.871092319488525
67.82397413253784	70.19123649597168
49.15836811065674	57.4710750579834
59.39841842651367	61.739891052246094
55.48943758010864	56.14796733856201
61.36265516281128	62.370354652404785
70.70614099502563	70.17436981201172
51.53087568283081	54.71390914916992
49.55466842651367	52.69509506225586
64.5015778541565	64.51028537750244
52.28926420211792	54.66243267059326
58.57797288894653	63.126158237457275
49.51683807373047	54.25818634033203
57.46462631225586	63.27821350097656
50.313819885253906	58.054195404052734
58.632020473480225	62.93405199050903
61.441734313964844	60.95036315917969
51.62055730819702	53.05666494369507
63.64253044128418	70.83709716796875
46.13983154296875	51.44519805908203
41.9653434753418	49.194618225097656
62.99777364730835	64.65754652023315
63.66142654418945	65.07694244384766
58.5091495513916	61.12707567214966
65.05081176757812	68.84131622314453
60.810508728027344	65.19597053527832
57.11196517944336	61.048095703125
62.84249496459961	59.601600646972656
39.92393445968628	43.66486930847168
51.312379360198975	59.20874261856079
58.81484842300415	61.58254051208496
55.744415283203125	58.4763069152832
50.1519455909729	47.224632263183594
47.67363882064819	52.50680351257324
64.0064926147461	61.55152893066406
64.5754165649414	67.53063201904297
44.19859170913696	49.49868631362915
44.91253662109375	47.96840763092041
51.920897483825684	56.01457929611206
51.87501239776611	59.8634033203125
48.71983337402344	54.261962890625
61.027456283569336	66.19204759597778
54.582977294921875	59.54790496826172
54.59888935089111	59.955854415893555
62.636494636535645	66.28190517425537
51.55510330200195	58.517539978027344
57.649383544921875	65.84663391113281
60.037879943847656	62.868507385253906
46.99237060546875	46.95964956283569
50.75225830078125	56.27416229248047
55.70003128051758	57.59468460083008
59.96675205230713	59.44860506057739
46.81197261810303	46.21191883087158
64.19014930725098	69.05630588531494
59.054908752441406	66.07648372650146
61.42044639587402	64.38473510742188
48.49327898025513	51.68495321273804
51.80380725860596	55.42669057846069
69.53950357437134	71.82894277572632
43.99241256713867	45.77523422241211
50.958128929138184	52.82709360122681
52.69857406616211	56.985076904296875
74.01480197906494	66.72266960144043
53.317474365234375	61.08049774169922
46.789695739746094	49.851043701171875
56.08335494995117	61.258724212646484
65.54525852203369	70.23212432861328
56.31718444824219	61.418357849121094
60.701149463653564	69.2093825340271
72.3946762084961	77.66099452972412
64.99749040603638	68.14247703552246
54.40462636947632	59.493531227111816
69.11334800720215	67.79745483398438
51.23403549194336	51.52343273162842
43.692420959472656	47.4716796875
53.62175703048706	57.9501256942749
47.07252502441406	42.30878448486328
67.46701145172119	68.38195943832397
52.642982482910156	53.9611873626709
51.70877981185913	55.422532081604004
53.980061531066895	58.395689964294434
49.58327770233154	50.143951416015625
56.38428497314453	61.6012077331543
64.17723226547241	62.686537742614746
56.60503387451172	64.85427856445312
42.091307163238525	44.682297706604004
61.67166709899902	67.51330375671387
48.70927572250366	49.09549951553345
74.01567029953003	69.67800855636597
58.8939208984375	58.24591064453125
49.02480363845825	49.33942365646362
46.063515186309814	43.262864112854004
58.69018363952637	59.384931564331055
61.775994300842285	64.3776683807373
62.03703689575195	64.79450225830078
41.75446319580078	49.50690841674805
43.04600524902344	44.53673696517944
70.37400722503662	69.37596797943115
62.234487533569336	64.01167869567871
62.86007022857666	66.38062191009521
50.812896728515625	57.353309631347656
64.36488151550293	67.84594535827637
56.301687240600586	59.771135330200195
57.394142150878906	65.9197473526001
49.09444808959961	53.50648880004883
52.02313041687012	57.38191795349121
59.74232625961304	64.39178323745728
55.61865949630737	60.68317222595215
50.14276647567749	56.91199016571045
56.74626874923706	59.00058174133301
58.15918779373169	62.46922731399536
45.819883823394775	52.69737100601196
58.87144088745117	63.60219192504883
60.6221079826355	65.62753486633301
61.33284616470337	64.33065891265869
54.981956481933594	58.44878387451172
47.41494369506836	44.94605207443237
48.950950622558594	54.66117477416992
55.095791816711426	61.82231283187866
55.13816213607788	54.55038070678711
55.834075927734375	60.111671447753906
50.276618003845215	51.669349670410156
58.935203552246094	64.85002899169922
55.43370819091797	57.904869079589844
46.30382061004639	48.27939510345459
53.64469909667969	49.26908826828003
61.369797229766846	57.0704779624939
61.21769666671753	65.3464732170105
66.28370666503906	65.01874542236328
60.88528633117676	60.69319725036621
48.96602249145508	51.386993408203125
51.3448920249939	56.26669406890869
54.63971138000488	60.515379905700684
46.18825721740723	53.0810923576355
53.32475185394287	58.46971607208252
51.804012298583984	57.86151885986328
51.79117298126221	54.33924150466919
56.1806583404541	59.799973487854004
49.05574893951416	53.58698272705078
42.52814483642578	49.65476989746094
78.18488216400146	80.85285758972168
56.45804786682129	61.9268913269043
74.09138488769531	71.59788513183594
62.72411346435547	65.26856231689453
54.985568046569824	60.11133813858032
57.40675354003906	56.29329299926758
50.07703399658203	50.982054710388184
50.60903882980347	55.847633361816406
56.43871355056763	63.36346435546875
48.56132125854492	49.811641693115234
53.64006805419922	59.793678283691406
56.569998264312744	62.30775833129883
61.38382959365845	68.26485443115234
62.32585906982422	64.52743530273438
52.79051685333252	59.785584926605225
65.7315731048584	66.60814762115479
62.022953033447266	63.730228424072266
55.0892014503479	61.57243061065674
54.7311897277832	61.797420501708984
61.33679008483887	62.41557455062866
45.1067476272583	50.89933633804321
63.04593229293823	61.8039493560791
56.212148666381836	60.88942766189575
62.73810958862305	64.43484497070312
60.43680810928345	65.4221420288086
75.252516746521	82.44551277160645
53.32950782775879	57.874826431274414
52.34645891189575	55.75346517562866
60.33600425720215	61.341553688049316
58.62952709197998	60.18421268463135
57.59019470214844	62.211238861083984
57.70594024658203	60.61139678955078
54.85442638397217	62.12392520904541
54.442092418670654	55.47928762435913
63.188690185546875	66.12560176849365
51.21095657348633	55.82394027709961
61.81136512756348	68.39745426177979
60.895851135253906	61.260536193847656
65.2162857055664	68.831298828125
61.69488859176636	65.32348823547363
49.282413482666016	51.13298034667969
62.68796443939209	63.91873836517334
56.406829833984375	59.81561279296875
59.49274158477783	62.75090789794922
71.64876461029053	74.88301277160645
55.14347505569458	52.774014949798584
67.15950012207031	69.08221244812012
53.65070343017578	56.40258026123047
49.121227741241455	55.374802112579346
55.323856830596924	60.502206802368164
54.61836242675781	59.030181884765625
53.040342807769775	51.68141984939575
50.71947526931763	54.33828639984131
45.48268127441406	52.96921157836914
56.37499952316284	59.975167751312256
52.406129360198975	59.21138858795166
77.57790565490723	75.86085224151611
49.98578643798828	58.24066162109375
62.73703622817993	66.06917667388916
59.87177276611328	59.982933044433594
61.38459777832031	60.29402017593384
46.82290744781494	49.143210887908936
46.714537143707275	54.90884351730347
43.297049045562744	46.04875421524048
56.99354934692383	58.47753143310547
58.177059173583984	62.10420608520508
54.34042167663574	52.37233257293701
52.726341247558594	58.03292655944824
61.07938766479492	66.62494659423828
48.45823526382446	52.9589524269104
72.42204999923706	69.71226501464844
46.118361949920654	50.751949310302734
64.86050605773926	63.13857078552246
59.11950874328613	65.26167297363281
61.76953315734863	67.46238708496094
53.33387088775635	55.833754539489746
58.83119201660156	69.5062484741211
67.22640037536621	69.37479496002197
62.45437002182007	65.84816694259644
47.04890060424805	49.888601779937744
68.08072090148926	75.10251045227051
53.65961456298828	52.756202697753906
68.54997158050537	71.1447286605835
65.7489013671875	68.6449646949768
57.53570556640625	61.216773986816406
54.30305099487305	57.77334451675415
59.45321846008301	66.18384647369385
56.47545623779297	55.7570915222168
53.63525390625	55.83415460586548
57.20374584197998	60.849276542663574
59.47809648513794	61.11386203765869
49.68421792984009	53.84776782989502
49.8484992980957	51.67943572998047
55.8296012878418	59.99917030334473
50.262508392333984	49.75908279418945
55.783721923828125	56.73396301269531
42.442684173583984	48.251739501953125
57.13963508605957	64.67305898666382
47.81439971923828	50.8176155090332
58.050437927246094	57.695613861083984
51.91455078125	57.59913635253906
51.66545104980469	55.854549407958984
53.00529098510742	55.49787902832031
63.411094665527344	63.111610412597656
57.90463638305664	63.57042694091797
54.64968204498291	57.23830604553223
54.39290714263916	57.71897506713867
56.39477252960205	59.591569900512695
58.90944576263428	60.48840045928955
48.2600040435791	53.75423240661621
61.29235124588013	62.30977964401245
51.424354553222656	49.847259521484375
63.38601493835449	63.44679594039917
70.43058156967163	73.78787899017334
62.18146276473999	65.84090995788574
50.55988550186157	56.10711860656738
48.058509826660156	56.657938957214355
54.71348524093628	60.28967761993408
60.39571762084961	63.15557861328125
51.266876220703125	50.54095458984375
59.202003479003906	61.07415199279785
42.45716094970703	47.689300537109375
57.035380840301514	56.503990173339844
40.53068923950195	41.26091766357422
65.40506744384766	65.91793060302734
48.18522644042969	48.37261962890625
56.78364372253418	61.03149461746216
56.39594078063965	57.71526336669922
58.634878635406494	60.73126745223999
56.52696132659912	59.99011039733887
64.8984432220459	72.73730278015137
60.399412631988525	59.901878356933594
54.13493728637695	59.05390167236328
53.5828971862793	60.08488464355469
58.632643699645996	60.34178829193115
53.41431713104248	58.21394348144531
50.43321371078491	59.11378288269043
44.906471252441406	44.90215301513672
55.78203582763672	56.502281188964844
57.56565475463867	52.62059783935547
54.54600143432617	59.815741539001465
52.22914123535156	55.684173583984375
60.47874641418457	62.91214561462402
50.66267013549805	51.28770065307617
46.67843818664551	54.48184013366699
45.496612548828125	43.65380096435547
59.61842107772827	60.16399955749512
51.42749786376953	59.14051818847656
58.177391052246094	62.08113479614258
72.5906229019165	77.75727272033691
69.08324575424194	68.20165300369263
48.954782009124756	53.49691867828369
49.99534320831299	52.619465351104736
64.79791259765625	70.51049041748047
65.83599185943604	67.08329629898071
52.920576095581055	54.35187578201294
61.878132820129395	64.67920017242432
65.8450255393982	70.72824239730835
55.41737365722656	54.27827453613281
48.071617603302	55.33520174026489
66.22924184799194	64.6926212310791
59.46982669830322	63.66864252090454
61.21594047546387	63.430805683135986
57.008371353149414	60.56328773498535
63.51036071777344	65.27539730072021
51.154273986816406	54.14276885986328
59.98794364929199	62.19712257385254
56.21410322189331	63.705305099487305
45.30691146850586	49.30062770843506
62.86662578582764	67.60433197021484
69.87191677093506	72.49558925628662
67.29303646087646	72.26028156280518
57.54702091217041	57.621450424194336
61.7417049407959	63.53397846221924
63.50611209869385	63.72267723083496
49.93978500366211	51.215415954589844
85.85323476791382	83.70913410186768
58.96748971939087	59.35927677154541
52.73009204864502	55.32079219818115
69.03514862060547	71.598801612854
56.27183437347412	55.300869941711426
41.05437088012695	45.47501611709595
55.88124132156372	60.6934289932251
53.42603302001953	52.82728576660156
60.78306198120117	64.88056945800781
56.50189399719238	58.499770164489746
76.85314750671387	76.65421485900879
57.181715965270996	55.422444343566895
54.576486110687256	60.23482704162598
53.77734184265137	57.640676498413086
58.99001121520996	64.53563690185547
60.45596981048584	64.76541709899902
55.301313400268555	57.99804925918579
58.655181884765625	60.65360641479492
53.82298278808594	61.16892671585083
57.071815490722656	62.794891357421875
50.48796272277832	49.560463428497314
50.226293087005615	46.292935371398926
60.69243335723877	66.80756521224976
52.315101623535156	55.091590881347656
55.426612854003906	57.54630661010742
52.87000274658203	55.751285552978516
53.65120792388916	57.107014656066895
57.40935516357422	61.06513214111328
57.09581756591797	59.693870544433594
61.460649490356445	64.83524894714355
57.321609020233154	61.524540424346924
59.063172340393066	60.33027648925781
62.10301446914673	67.77131748199463
60.8759651184082	65.72048091888428
50.83246994018555	54.82538604736328
60.137473583221436	65.95179891586304
68.28053951263428	68.12235832214355
58.7654914855957	60.518789291381836
50.59405517578125	54.65660095214844
70.12385654449463	72.63501596450806
70.44778633117676	67.58553886413574
50.52656555175781	57.309200286865234
68.34436702728271	62.78063249588013
52.9070405960083	56.900935649871826
64.65307760238647	68.72794961929321
55.70854568481445	57.857017517089844
63.05089330673218	63.29365682601929
50.20358896255493	48.518470287323
45.830360412597656	48.589083194732666
53.666744232177734	52.61186218261719
71.42904806137085	75.58923292160034
54.288700103759766	60.77840995788574
60.25791120529175	69.16847133636475
64.32992506027222	66.49512434005737
57.78065490722656	63.85021209716797
49.11186504364014	51.94621562957764
60.15757942199707	61.15192365646362
54.058480739593506	53.11546325683594
58.19685935974121	63.17915630340576
46.87791872024536	55.10079050064087
59.60234498977661	63.34112548828125
49.61901092529297	53.76260757446289
54.513654708862305	59.75869655609131
61.51304769515991	60.30072784423828
58.63500213623047	62.44121170043945
48.00707244873047	50.85028076171875
54.77953338623047	56.785972595214844
54.53116989135742	59.54595184326172
56.55145454406738	60.667439460754395
59.49575424194336	64.64608764648438
47.264609813690186	50.21103572845459
50.43891906738281	49.864158630371094
53.85615921020508	56.24403762817383
63.87392044067383	67.70497798919678
50.32731628417969	54.75576400756836
62.096099853515625	66.00844717025757
56.940025329589844	56.01744079589844
54.486170291900635	56.95783233642578
58.603965759277344	56.704078674316406
63.65439414978027	67.95753479003906
67.26393985748291	63.283833503723145
49.3213791847229	51.27805280685425
62.13106298446655	68.48186445236206
49.63047122955322	55.64459753036499
56.154518127441406	58.734458923339844
44.34007263183594	47.797855377197266
51.813809394836426	51.67307186126709
54.213560581207275	55.200786113739014
57.0952091217041	61.27231407165527
62.646862506866455	67.52989053726196
57.10425567626953	59.72026824951172
57.08119869232178	60.19318103790283
57.69383955001831	59.59168195724487
66.1973705291748	74.31840705871582
57.394835472106934	62.50001049041748
51.53169012069702	58.01389789581299
59.61880683898926	59.70442771911621
56.824371337890625	56.00634765625
49.023658752441406	48.34241485595703
67.65032958984375	68.27275085449219
48.167266845703125	49.834842681884766
52.7769889831543	49.85127258300781
53.17799377441406	54.942710876464844
59.39714431762695	59.74310302734375
63.56074047088623	68.10902214050293
59.16116714477539	67.79959106445312
46.54343509674072	51.734862327575684
59.39669895172119	66.37191867828369
59.505231857299805	60.67631435394287
52.55373573303223	56.863097190856934
60.46568298339844	62.61637878417969
61.20655059814453	65.05545616149902
52.05635166168213	48.08134078979492
52.13141345977783	55.772374629974365
52.712464809417725	56.49057865142822
49.68802070617676	57.795424461364746
63.25788974761963	63.77290725708008
68.10347032546997	72.85581302642822
58.75511932373047	59.17619705200195
68.05762481689453	69.59288787841797
54.57276964187622	60.426109313964844
53.58390140533447	59.057204246520996
49.0396842956543	50.40176773071289
60.78598499298096	66.61412715911865
54.884300231933594	58.86012649536133
43.01258087158203	44.817726135253906
58.3895959854126	57.154728412628174
56.353747844696045	64.25436401367188
50.21189260482788	54.59621000289917
57.19996643066406	55.966400146484375
68.98214721679688	68.57391929626465
50.44337844848633	55.595298767089844
58.86008262634277	61.182284355163574
51.94607162475586	47.985923767089844
51.7938551902771	52.99210739135742
60.02947282791138	66.20922660827637
55.67895030975342	59.23982286453247
68.45019340515137	71.96305274963379
67.11146545410156	68.08235931396484
59.828723430633545	65.17291116714478
49.394866943359375	53.2066650390625
78.96627998352051	78.98403739929199
61.81427049636841	61.41950082778931
66.89111280441284	74.92982196807861
50.83793640136719	60.51668167114258
45.28485155105591	47.929404735565186
68.88684797286987	72.66135120391846
55.059547424316406	59.58380126953125
60.08376932144165	64.0464391708374
59.922895431518555	60.113630294799805
53.907474517822266	56.515438079833984
52.0336275100708	58.29797649383545
62.244300842285156	59.076385498046875
54.591721057891846	50.78116464614868
60.317182540893555	66.48195743560791
57.82600164413452	61.49929761886597
56.304813385009766	58.493717193603516
55.87333679199219	59.156925201416016
52.88821029663086	56.13697052001953
49.452577114105225	54.32225799560547
67.09635162353516	68.25690460205078
58.367523193359375	62.87131690979004
52.444878578186035	56.88320446014404
57.39850044250488	56.977715492248535
67.75774955749512	68.59220838546753
49.74365854263306	47.2543625831604
77.69102668762207	77.7333812713623
49.69831466674805	52.224403381347656
63.83492469787598	67.26081705093384
49.32514953613281	54.28972244262695
54.84721326828003	57.17656230926514
56.58283233642578	54.30323791503906
68.28854560852051	71.84979438781738
46.17553949356079	49.319626808166504
60.72272777557373	66.97758674621582
68.67911338806152	66.56820487976074
54.907981872558594	56.33625411987305
69.43100643157959	70.15724229812622
55.59277534484863	58.097877502441406
58.489073753356934	59.31130599975586
65.47333526611328	61.23030090332031
52.11444139480591	58.28080129623413
53.55375289916992	58.92861366271973
52.411437034606934	52.76124858856201
53.06410217285156	55.86522102355957
70.1917872428894	70.75630283355713
52.971099853515625	52.5713005065918
61.878936767578125	64.08677673339844
48.999900817871094	50.24335861206055
51.24372100830078	56.307861328125
49.7334680557251	49.50541591644287
61.418792724609375	63.73184394836426
58.563082695007324	61.499778747558594
51.168750286102295	54.184913635253906
55.969844818115234	60.234779357910156
48.90057373046875	59.663124084472656
51.96289825439453	58.02027988433838
50.00975942611694	53.58582258224487
58.35454559326172	60.73731231689453
48.92713928222656	51.18505096435547
49.968040466308594	50.256187438964844
52.75836896896362	59.38739061355591
55.512078285217285	54.31816244125366
57.05754470825195	60.35481643676758
50.54267883300781	56.42233943939209
64.7394962310791	68.3234338760376
69.11454010009766	71.18171691894531
60.805625915527344	62.583534240722656
51.8106746673584	58.186283111572266
59.69555711746216	59.229968547821045
51.49637031555176	52.021692752838135
54.49671936035156	53.301902770996094
57.35900115966797	60.67794942855835
52.25505447387695	56.67748260498047
59.240570068359375	64.33016204833984
59.80884552001953	62.988704681396484
63.37327289581299	64.11349248886108
50.68781089782715	57.56425666809082
52.94076156616211	49.33782958984375
73.17448997497559	80.05310726165771
55.74938201904297	62.446983337402344
52.481942653656006	59.408517837524414
52.712491512298584	58.278122901916504
57.225276947021484	56.170257568359375
64.03913116455078	66.61707258224487
75.73071479797363	76.0440731048584
50.41215705871582	52.686635971069336
54.64092254638672	58.10264587402344
54.050307273864746	58.44653606414795
55.16786813735962	59.818785667419434
52.94378471374512	56.153517723083496
58.205711364746094	60.99333953857422
43.87242126464844	51.13355255126953
65.11876487731934	67.06347799301147
60.81600570678711	62.91551971435547
58.84604358673096	63.55283546447754
53.94690942764282	60.69003868103027
47.93677520751953	48.82201385498047
60.597944259643555	62.96921730041504
54.28620529174805	55.722110748291016
63.601012229919434	62.6818642616272
45.217310428619385	46.76940393447876
57.372440338134766	62.55326461791992
43.3162956237793	42.39783477783203
57.39099454879761	58.011013984680176
48.20545196533203	48.416786193847656
57.368502616882324	63.516845703125
53.990241050720215	58.07228374481201
56.00148677825928	57.49468803405762
63.83888244628906	71.09941005706787
50.10823059082031	55.63006591796875
59.306190490722656	58.58313751220703
49.13654184341431	53.216458320617676
63.73186111450195	64.40508365631104
54.98501968383789	62.731719970703125
49.335411071777344	50.686256408691406
53.92161560058594	55.908668518066406
55.16230392456055	59.33326721191406
46.16957139968872	48.15574502944946
53.31536293029785	53.45004415512085
69.0131049156189	69.67189264297485
60.8217716217041	68.03662776947021
52.73810958862305	56.92457580566406
55.20955181121826	60.6410551071167
81.35643196105957	83.98437309265137
65.21273612976074	70.42815208435059
40.39560079574585	45.48394823074341
49.9588508605957	53.185895919799805
58.80018997192383	57.73904800415039
58.124534606933594	63.80531311035156
51.70916748046875	49.01343536376953
49.00301742553711	51.85354995727539
53.67206287384033	62.50705814361572
56.76926612854004	56.7807674407959
58.746376037597656	64.61695098876953
56.96678066253662	62.18256998062134
47.46533203125	56.09796619415283
46.84098529815674	52.75373077392578
53.51503372192383	56.19013977050781
54.45976114273071	59.34607791900635
51.895301818847656	51.35696029663086
47.89139747619629	56.47885799407959
60.170029163360596	60.43637037277222
45.09040117263794	44.83191394805908
68.79935646057129	66.87218284606934
54.6945915222168	60.90958786010742
55.42443084716797	59.269989013671875
47.072922706604004	53.582223415374756
55.65338134765625	62.56192398071289
52.72001647949219	53.205352783203125
60.64357852935791	67.51470279693604
52.09953689575195	59.384578704833984
52.544331550598145	58.11392784118652
72.0217227935791	68.80003929138184
52.01023864746094	54.17119216918945
67.74863243103027	72.20705986022949
63.08845520019531	70.82016944885254
51.45554065704346	53.886094093322754
55.548057556152344	57.719215393066406
61.818437576293945	65.21584367752075
54.93402099609375	56.69611740112305
59.00947093963623	64.08855438232422
47.79948854446411	49.00209951400757
68.29339742660522	67.43859672546387
47.686378479003906	45.92449188232422
53.68399715423584	58.92420959472656
62.92342185974121	65.43126106262207
69.0059871673584	72.10858058929443
62.041730880737305	66.52590751647949
55.14436721801758	52.91143035888672
53.803428649902344	58.023040771484375
58.306657791137695	64.21417808532715
62.024375438690186	63.29139518737793
59.51048469543457	60.97500514984131
54.46902275085449	54.90880489349365
62.475393295288086	64.69551086425781
62.90196418762207	65.42366027832031
52.39412307739258	56.118465423583984
52.52754020690918	59.73327970504761
53.34868764877319	58.92736339569092
72.12845802307129	77.01797485351562
50.37715148925781	54.7147331237793
59.96805191040039	72.45850372314453
58.37668418884277	62.400383949279785
61.685211181640625	69.21369171142578
55.54657745361328	61.94268798828125
57.79908752441406	63.55855178833008
60.884891510009766	65.00991249084473
55.22047710418701	55.17345905303955
47.00573205947876	50.37979793548584
54.63982009887695	56.974525451660156
67.7906494140625	67.60800170898438
53.072606563568115	57.43737602233887
56.72486686706543	61.084001541137695
57.748878479003906	61.581772327423096
64.35415649414062	63.843257904052734
43.807297706604004	39.82987356185913
57.789161682128906	62.175907135009766
53.23104286193848	58.91661787033081
51.28536939620972	50.327613830566406
56.73841953277588	62.375667572021484
54.656678199768066	56.447293281555176
48.28593826293945	48.86928176879883
58.13887596130371	63.26937961578369
52.753963470458984	57.09215545654297
55.71955633163452	57.81448745727539
53.31769943237305	53.398834228515625
58.89497995376587	62.52188014984131
64.01996612548828	67.13326263427734
57.499990940093994	57.93916940689087
54.385130882263184	59.03652763366699
52.28006839752197	54.94923162460327
48.81747245788574	46.4568567276001
55.74189758300781	55.523292541503906
50.23594665527344	58.2170934677124
45.99705648422241	52.682644844055176
67.46015930175781	70.4701156616211
62.15541744232178	65.47381639480591
53.4337272644043	54.28607940673828
61.433128356933594	62.26852798461914
63.93135070800781	62.29118347167969
57.29059600830078	58.38490295410156
50.66188430786133	56.71525192260742
53.23036193847656	56.62246322631836
52.71355676651001	55.78091812133789
55.21424674987793	60.835285663604736
56.04890441894531	59.602256774902344
54.247140884399414	59.203142166137695
49.37399196624756	53.711591720581055
54.48223876953125	56.28330993652344
48.22254180908203	53.55218505859375
53.13962411880493	54.47010850906372
40.751556396484375	42.810298919677734
54.73788070678711	55.284034729003906
47.58343505859375	46.350730895996094
66.75652885437012	65.31637001037598
51.465553283691406	56.63162612915039
53.84732246398926	58.01369667053223
47.564743518829346	51.00054979324341
65.28761100769043	67.73785400390625
53.40389633178711	60.62982940673828
51.416582107543945	51.79049062728882
48.42001390457153	51.82872819900513
48.9053840637207	55.238616943359375
58.964962005615234	60.2383975982666
72.60497760772705	77.8322639465332
58.86894750595093	63.315268993377686
56.30885314941406	61.56125259399414
57.37469673156738	57.52474784851074
54.055763244628906	56.90711688995361
53.72404479980469	54.64887237548828
54.440460205078125	57.1924352645874
49.750465393066406	53.278560638427734
48.045013427734375	47.68391036987305
56.817975997924805	61.416415214538574
42.10317325592041	39.09886884689331
48.89126205444336	52.372249603271484
53.96155643463135	65.11498832702637
61.360732555389404	64.35642957687378
58.645719051361084	53.609710693359375
56.05229187011719	59.2137451171875
63.85225582122803	64.31958675384521
60.852577209472656	69.7567367553711
60.96013641357422	64.56090545654297
55.319058895111084	53.43917798995972
52.2416877746582	58.18978786468506
40.73727750778198	37.134060859680176
56.28056859970093	62.248483657836914
50.05195617675781	55.90571594238281
66.04435873031616	69.91845941543579
58.78936004638672	59.582733154296875
52.19508647918701	55.5568790435791
51.836952209472656	52.738487243652344
49.166893005371094	55.08592367172241
69.37751579284668	71.48120641708374
56.545090198516846	59.77348279953003
63.277443408966064	64.78626108169556
65.01693534851074	68.63619232177734
41.02307176589966	46.28469753265381
63.139217376708984	66.33416748046875
61.19620895385742	64.27775573730469
51.689697265625	56.123779296875
73.54607677459717	72.77119731903076
53.235774993896484	59.066864013671875
46.23554754257202	52.08739376068115
57.294639587402344	61.73800277709961
59.11882305145264	57.01934242248535
56.13163757324219	60.47020721435547
59.33687210083008	61.81267738342285
54.30787658691406	61.31317138671875
49.77480411529541	53.16088056564331
54.297428131103516	53.28548812866211
71.07186126708984	70.92195892333984
54.01190185546875	52.98202896118164
57.2712607383728	60.91007423400879
68.2459487915039	66.58200073242188
52.899314880371094	52.34029006958008
44.13915252685547	48.95484924316406
55.5206413269043	59.058265686035156
48.22126388549805	54.26424026489258
55.839433670043945	63.541364669799805
66.94724464416504	71.13139915466309
55.44145584106445	52.87881088256836
64.68136787414551	67.8793478012085
60.85517883300781	68.16319465637207
55.596845626831055	55.39394187927246
58.840571880340576	59.059500217437744
61.94758701324463	64.52222442626953
56.83342361450195	65.56515502929688
56.75065803527832	56.26989936828613
66.05833530426025	70.94908237457275
59.20060348510742	61.083045959472656
53.90547561645508	61.172569274902344
41.53579330444336	49.5389404296875
52.336034297943115	56.12362766265869
51.841426849365234	55.3221173286438
54.25387191772461	58.60209655761719
59.960150718688965	59.71472454071045
54.62434005737305	63.820579528808594
56.65958786010742	61.413063049316406
53.054882526397705	49.98087692260742
52.265334129333496	48.99546146392822
62.98765325546265	59.51271200180054
51.442949295043945	55.6799898147583
49.088340759277344	52.53753662109375
58.216697692871094	63.844627380371094
52.33459949493408	54.602980613708496
54.92124938964844	61.40941619873047
49.44696235656738	54.97947120666504
56.56202030181885	60.15174722671509
60.57945442199707	65.01606845855713
64.31305694580078	65.53974914550781
63.80682611465454	66.2744083404541
60.245070457458496	64.59449768066406
70.84893608093262	71.22191619873047
51.454978942871094	57.63019943237305
50.882835388183594	56.734917640686035
59.001312255859375	58.72847366333008
50.37590789794922	54.88353729248047
51.983402252197266	55.51310729980469
56.67924499511719	60.29713821411133
73.2898120880127	72.56005144119263
55.044310569763184	61.55577850341797
58.84155035018921	63.014981746673584
58.70457315444946	59.46376276016235
58.32399129867554	59.69714069366455
58.76201152801514	58.17677974700928
43.66281175613403	41.87534427642822
47.59024143218994	48.38357877731323
61.637600898742676	69.21669101715088
70.34319400787354	70.64173698425293
57.81991004943848	58.18117141723633
52.40793514251709	55.42205572128296
56.885887145996094	60.15815734863281
57.706912994384766	59.36480712890625
56.219770431518555	53.99479866027832
44.163543701171875	48.72264862060547
58.39795684814453	58.506378173828125
52.457176208496094	48.61155319213867
54.92436218261719	52.29747772216797
53.369874000549316	53.951218128204346
63.33422040939331	60.67463207244873
49.49378967285156	46.2718505859375
46.45447397232056	52.00445365905762
46.55653524398804	48.99995470046997
59.20461177825928	60.83729267120361
53.16321516036987	57.39877510070801
60.630523681640625	66.57511138916016
60.61969566345215	60.863335609436035
42.829354763031006	45.30253553390503
49.71950912475586	51.44755935668945
51.76728820800781	55.31401824951172
47.4076452255249	50.29058647155762
54.069218158721924	61.776878356933594
64.031813621521	66.010901927948
58.65362548828125	67.21171569824219
57.18005657196045	58.31490993499756
65.13110303878784	69.34702920913696
54.671669006347656	66.55735969543457
44.098756313323975	49.90452003479004
41.71006393432617	41.105262756347656
44.8526086807251	43.52149677276611
