43.90190935134888	47.90396022796631
44.254170417785645	48.74645280838013
39.976722717285156	45.40282487869263
52.41402006149292	54.42871570587158
49.89325714111328	58.43110656738281
46.79932451248169	52.22893524169922
53.48142385482788	56.32077598571777
51.14866256713867	56.647335052490234
49.651559829711914	49.785112380981445
54.974369049072266	57.04059600830078
41.05164337158203	43.74110412597656
53.768882751464844	60.4428825378418
46.3620924949646	43.74027347564697
34.71775817871094	40.78878879547119
53.31183099746704	56.94687080383301
52.17293930053711	56.90045928955078
40.55702304840088	42.293030738830566
46.60050916671753	48.86223649978638
46.68687295913696	46.45403718948364
50.07932376861572	51.62388849258423
42.67806100845337	46.63448238372803
41.88235855102539	44.52341079711914
41.32335901260376	41.33060550689697
42.292470932006836	48.079720973968506
53.93873405456543	57.22355604171753
51.51787519454956	56.045504093170166
50.47501039505005	51.780641078948975
45.35278367996216	50.82126998901367
44.46503448486328	46.05263900756836
36.41360950469971	41.33872604370117
40.74868869781494	45.892982482910156
37.36585235595703	43.93506717681885
46.12674331665039	51.39346933364868
49.19589900970459	54.67457914352417
43.4265513420105	41.99580430984497
38.90561008453369	35.37342977523804
39.20089054107666	45.5060248374939
42.12739944458008	45.94066095352173
45.69796848297119	50.91369867324829
42.287964820861816	45.11891269683838
43.316551208496094	56.22415542602539
48.93251180648804	52.1093635559082
37.9856858253479	45.97757434844971
44.40820598602295	36.67680072784424
54.47501182556152	56.56243324279785
39.69509744644165	43.65187692642212
45.898409843444824	49.51947212219238
56.48357963562012	61.14273977279663
46.26350545883179	49.58158874511719
49.94138717651367	52.47243118286133
48.86457920074463	53.419480323791504
45.27107620239258	49.95047903060913
41.577446937561035	42.05448532104492
46.73894500732422	51.31586837768555
37.19268035888672	42.42203903198242
46.45327568054199	52.29187488555908
32.413673400878906	35.879828453063965
42.02233028411865	43.3947114944458
44.71406650543213	50.991926193237305
45.65796947479248	51.246877670288086
51.78053665161133	54.537296295166016
54.209548473358154	59.7464542388916
38.625746726989746	45.61723709106445
45.362060546875	51.69156265258789
46.5048713684082	54.926902770996094
42.433390617370605	46.692355155944824
38.6934928894043	54.717206954956055
46.55086898803711	52.85163116455078
38.861260414123535	47.72172260284424
53.0476188659668	56.35050964355469
45.17609405517578	49.47219705581665
35.69748592376709	37.92475652694702
48.29371643066406	52.4025993347168
57.41366195678711	59.468814849853516
62.815927505493164	50.54291582107544
44.01883935928345	45.63639163970947
52.59147262573242	54.507080078125
44.92670822143555	51.467655181884766
47.647284507751465	44.18229103088379
53.870601654052734	58.22883129119873
49.13372802734375	41.438668727874756
47.258216857910156	49.18634796142578
54.17661809921265	60.4497127532959
42.39527606964111	44.73987913131714
39.25740051269531	33.34950542449951
42.52096176147461	45.04298400878906
51.94161605834961	55.44035720825195
45.84289836883545	50.549564838409424
40.670501708984375	45.080810546875
51.06906223297119	53.9044189453125
50.36077880859375	43.450347900390625
40.684606075286865	38.49699926376343
36.625980377197266	40.76506805419922
45.41835165023804	48.26081943511963
41.670987129211426	48.58283758163452
38.65396785736084	50.93782997131348
42.12550687789917	45.22763729095459
49.71311092376709	51.19513511657715
35.954200744628906	39.9552903175354
49.259803771972656	39.73225021362305
58.68701219558716	48.04862022399902
41.07058811187744	42.32185649871826
47.018741607666016	49.47774887084961
48.174710750579834	54.60279846191406
51.138790130615234	55.53136444091797
49.145012855529785	54.0849552154541
45.451409339904785	51.797696113586426
51.647422790527344	53.59498977661133
48.70158576965332	55.79019355773926
39.56249761581421	46.7378888130188
46.628780364990234	49.853919982910156
42.21936798095703	43.89276123046875
38.70703077316284	42.501917362213135
39.17018222808838	42.447813987731934
42.19371700286865	46.912339210510254
50.77930307388306	54.67279672622681
47.95263957977295	50.109034061431885
42.77051496505737	46.77555322647095
49.0329909324646	51.92142963409424
47.67163848876953	50.0482816696167
40.64133405685425	45.22450304031372
48.27861022949219	47.70987319946289
39.329078674316406	45.821533203125
40.342195987701416	45.28037881851196
58.783968925476074	63.117032051086426
56.02832078933716	64.67331647872925
38.932690143585205	46.09696960449219
48.76869583129883	55.69340515136719
49.892974853515625	41.03191375732422
44.64677810668945	48.33662223815918
49.109487533569336	52.2161340713501
51.63478994369507	50.38639688491821
36.56401777267456	40.4686598777771
47.25459289550781	47.55371856689453
51.22880172729492	54.419986724853516
42.56496047973633	48.50167465209961
46.231285095214844	47.09798049926758
39.3286018371582	43.18764877319336
46.91778564453125	53.27141571044922
43.37913370132446	33.32901382446289
47.08868455886841	51.18274688720703
50.05044460296631	50.9274206161499
43.91160583496094	47.936267375946045
50.97088623046875	56.623098373413086
31.84753131866455	33.532362937927246
33.7109751701355	39.668457984924316
49.65579605102539	58.31768035888672
44.38600158691406	37.42515563964844
37.56708526611328	43.74682331085205
41.038527488708496	46.49026966094971
58.01636219024658	65.31491804122925
45.830902099609375	49.26734924316406
51.3779411315918	51.45297622680664
56.53545379638672	43.94762420654297
46.88993835449219	48.049968242645264
37.113502979278564	41.4729585647583
50.11344528198242	55.27531433105469
40.53142261505127	47.08871555328369
43.42757797241211	45.04114532470703
40.05808639526367	43.024349212646484
54.258811950683594	58.64386558532715
42.52312612533569	49.64111948013306
48.426528453826904	51.623348236083984
58.88869094848633	63.14783477783203
41.57712650299072	46.47940921783447
47.96349763870239	54.1929292678833
44.53984832763672	58.266136169433594
43.38588619232178	45.64224290847778
48.099421977996826	54.1036114692688
38.41114139556885	41.995224952697754
58.732322692871094	66.0851821899414
46.1776123046875	47.060569763183594
45.4344277381897	49.385008811950684
45.56350326538086	48.65562057495117
48.678977966308594	51.62080430984497
46.919034481048584	53.446486949920654
51.60253620147705	56.511860847473145
49.701297760009766	52.681028842926025
38.94546890258789	38.11277389526367
45.318115234375	53.272850036621094
42.78331756591797	46.626190185546875
56.037841796875	59.34821319580078
49.41929626464844	52.365631103515625
48.1991171836853	49.535603046417236
49.62477731704712	51.19758701324463
38.019527435302734	42.722042083740234
45.99700164794922	51.65406799316406
39.15621995925903	45.99254131317139
47.757161140441895	46.111863136291504
39.95247745513916	43.54692077636719
44.7420654296875	48.14548444747925
53.77415084838867	55.722110748291016
51.54054260253906	57.73966979980469
47.63787317276001	50.555824756622314
41.623108863830566	44.37138271331787
49.29920244216919	51.07237720489502
46.392608642578125	52.40219306945801
42.36112594604492	45.55110549926758
53.23931694030762	56.50396013259888
48.081024169921875	54.68465042114258
37.621567726135254	43.88815212249756
52.55795431137085	56.12927055358887
46.05286407470703	49.62683868408203
41.606499671936035	38.36999034881592
62.9234561920166	70.53394317626953
46.702430725097656	53.67864990234375
37.25343990325928	34.98757839202881
44.401400089263916	50.23904466629028
47.046871185302734	50.74263095855713
41.45068645477295	44.01368808746338
45.399590492248535	49.031049728393555
41.030799865722656	43.25278186798096
53.5077600479126	56.791419982910156
50.6777720451355	52.034308433532715
63.08995723724365	68.00763130187988
39.285484313964844	43.07124996185303
37.613524436950684	42.77540159225464
49.27161407470703	55.17168426513672
44.41954469680786	45.55856943130493
44.0680046081543	55.20011854171753
38.31239032745361	41.89562129974365
46.373077392578125	49.29179382324219
49.30770492553711	51.24654769897461
44.641786098480225	47.95413827896118
38.48597764968872	44.67473745346069
52.386640548706055	57.08749294281006
38.16224384307861	40.314385414123535
29.248143196105957	33.17658233642578
48.056076526641846	52.05388164520264
49.271484375	53.92827558517456
51.90696716308594	54.861724853515625
54.4486141204834	57.81978130340576
40.551177978515625	54.88581085205078
49.90515899658203	54.566871643066406
38.59049940109253	40.91429424285889
46.0053596496582	51.5687255859375
47.84164571762085	51.988749980926514
52.49165439605713	54.47993516921997
57.866028785705566	59.24264574050903
56.70668601989746	65.05143165588379
56.38685607910156	60.786460876464844
47.44302845001221	49.99500274658203
42.80583953857422	48.91967010498047
43.647522926330566	47.58033227920532
51.82501459121704	54.801568031311035
36.177120208740234	43.180426597595215
47.022594928741455	50.46086120605469
51.577866554260254	54.177098751068115
38.89108371734619	46.11650562286377
52.64547395706177	53.84197664260864
51.73805618286133	54.4730339050293
46.355584144592285	50.251482009887695
51.422789096832275	52.14344644546509
49.575984954833984	54.61674499511719
44.53215026855469	50.551307678222656
50.22572708129883	56.82228469848633
48.207587242126465	51.910340309143066
51.15478515625	53.14480972290039
40.964630126953125	41.2750825881958
49.06847620010376	53.87072229385376
43.77697992324829	45.75695180892944
31.356396675109863	32.769378662109375
47.278663635253906	50.11655044555664
34.26590824127197	38.498459815979004
44.100942611694336	51.07602596282959
53.940969944000244	56.97168588638306
46.823829650878906	48.45177459716797
57.02660369873047	56.20299530029297
42.85426187515259	47.61263179779053
54.85164260864258	54.48113012313843
52.76188516616821	55.70464277267456
48.79188537597656	54.936431884765625
45.03934192657471	50.788782596588135
34.639556884765625	48.87052536010742
45.182708740234375	48.2467041015625
40.021857261657715	45.45956325531006
55.27638387680054	57.48658847808838
45.65363311767578	50.77111053466797
50.76252031326294	40.780165672302246
52.92185974121094	53.85773468017578
64.20770215988159	67.16633749008179
55.389148235321045	57.38264322280884
51.056053161621094	57.01826477050781
48.38456583023071	52.724671840667725
38.93367004394531	43.11913299560547
47.74264144897461	52.428139209747314
53.066115379333496	57.486867904663086
54.181647300720215	58.639588356018066
41.390610218048096	47.64666795730591
45.66672611236572	46.40701341629028
38.98117733001709	42.71777629852295
46.370269775390625	52.80297088623047
50.59715938568115	54.2156867980957
39.74865245819092	42.18126583099365
44.99620008468628	52.5983567237854
53.27540588378906	59.34952163696289
52.0030632019043	59.443363189697266
53.389137268066406	56.501800537109375
50.252601623535156	54.43071365356445
42.95059585571289	45.80588483810425
50.97255849838257	54.37882471084595
38.76097869873047	41.771690368652344
47.510921478271484	54.942955017089844
56.223928928375244	57.264548778533936
50.81507110595703	54.500633239746094
48.39659881591797	54.243621826171875
42.4500732421875	47.30547332763672
35.26927185058594	40.43887996673584
52.03803253173828	56.35444641113281
52.86393642425537	60.104660511016846
41.587547302246094	39.18371057510376
39.65822744369507	41.63527536392212
57.981316566467285	60.59733295440674
51.48868942260742	51.05375671386719
41.628602027893066	46.5020055770874
40.73833751678467	36.483158111572266
36.80982446670532	39.20618772506714
45.88944339752197	53.251699447631836
41.90162658691406	49.08402395248413
52.657257080078125	54.61869812011719
44.99225473403931	48.86119842529297
44.75116777420044	49.537338733673096
41.4230842590332	46.46240186691284
41.907877922058105	46.53611755371094
49.37606334686279	37.50462007522583
45.591793060302734	53.958587646484375
36.47917938232422	38.38909959793091
41.34930086135864	51.43948841094971
49.82041931152344	52.387303829193115
50.348225116729736	50.272398948669434
44.32041025161743	46.820313930511475
50.329933166503906	57.07418441772461
50.937530517578125	53.20010757446289
48.05566692352295	50.04890012741089
46.042222023010254	48.833560943603516
48.383989334106445	50.597957611083984
49.83265686035156	54.99715805053711
49.65122985839844	53.16295909881592
60.65471076965332	60.875226974487305
42.68024826049805	44.97336673736572
46.421207427978516	52.442344665527344
50.418556213378906	56.98976135253906
34.39566373825073	39.876606941223145
43.596985816955566	46.226091384887695
47.42144012451172	48.65234375
45.24347543716431	47.060776710510254
47.99452590942383	53.081241607666016
43.18058776855469	46.16401386260986
45.181772232055664	53.91367149353027
49.05295181274414	53.64041996002197
59.6196985244751	63.72364044189453
47.08544683456421	53.887728691101074
54.17889404296875	59.5237922668457
46.31498336791992	51.69751739501953
46.29730987548828	49.78044509887695
47.83023691177368	50.524423599243164
35.281121253967285	41.24578380584717
35.95875549316406	50.37575340270996
47.92045211791992	50.10561561584473
44.504817962646484	48.68288803100586
36.899582862854004	37.32531452178955
42.72106075286865	44.84333324432373
49.492698669433594	40.64447784423828
59.4467658996582	55.93238830566406
57.54502201080322	60.36715602874756
41.67321014404297	41.432987689971924
49.37482166290283	51.93957996368408
48.404884338378906	54.0732421875
46.081695556640625	48.972168922424316
40.040138721466064	44.10602617263794
48.809165954589844	55.18323516845703
51.2956166267395	56.76505756378174
42.323341846466064	44.109397411346436
47.14556884765625	51.77989196777344
61.3263635635376	60.38216972351074
42.22241497039795	47.878562450408936
40.23112106323242	44.159578800201416
53.880332946777344	58.20952224731445
49.777040004730225	54.023054122924805
56.069247245788574	55.60291814804077
60.77360534667969	65.34407806396484
50.15750503540039	55.95027160644531
44.62825393676758	54.22220230102539
46.31324005126953	50.17723846435547
62.14668273925781	69.01499271392822
38.5339879989624	41.07832431793213
51.12174987792969	54.849365234375
44.222243785858154	47.043282985687256
43.51893663406372	46.17423105239868
53.135886669158936	55.354013442993164
48.73027420043945	52.008389949798584
38.501184940338135	41.27012014389038
40.16515493392944	45.86929750442505
56.175437927246094	56.34275150299072
53.887131214141846	55.976985454559326
40.70197296142578	45.78146505355835
41.682297706604004	42.52997875213623
38.62711715698242	43.05190372467041
47.908406257629395	51.919264793395996
51.98370409011841	54.16563177108765
39.75800609588623	39.770896911621094
40.11848068237305	45.623146057128906
46.67899417877197	48.57223463058472
41.29576778411865	42.371795654296875
47.6171875	51.22027587890625
45.44533586502075	48.45505428314209
37.55284595489502	42.06969165802002
50.697365283966064	55.869993686676025
54.890642166137695	60.32290458679199
50.65346145629883	54.0706787109375
40.11929225921631	43.01117992401123
37.257041931152344	44.178420066833496
43.48945665359497	47.58540487289429
46.88507795333862	52.887539863586426
41.353182792663574	48.925926208496094
42.201162815093994	46.5439658164978
51.29321336746216	53.55885934829712
34.58184814453125	42.28300094604492
48.286879539489746	47.35835361480713
47.24537801742554	52.111231327056885
49.97709274291992	54.24021911621094
44.34181594848633	49.563568115234375
39.13649654388428	40.9912748336792
39.785216331481934	44.488584995269775
40.83652210235596	40.98366165161133
45.843863010406494	48.118350982666016
50.67981719970703	54.052669525146484
42.01562452316284	46.125391483306885
42.84273290634155	47.39163875579834
51.675875663757324	50.567612648010254
45.23493194580078	47.76838684082031
56.126983642578125	62.66315841674805
36.562042236328125	40.04231929779053
42.61110591888428	45.3445930480957
48.23397445678711	53.49765634536743
44.503769874572754	43.74344730377197
40.684475898742676	48.271894454956055
53.750816345214844	59.82700729370117
45.6379508972168	47.48147964477539
40.91637897491455	41.421881675720215
37.19580125808716	44.12586307525635
39.54604196548462	43.64273118972778
35.930481910705566	38.20638179779053
43.874000549316406	50.041175842285156
53.4265832901001	57.17927265167236
45.98317337036133	47.227749824523926
55.157607078552246	59.90444755554199
47.21366214752197	50.43159484863281
48.76679992675781	53.321502685546875
48.11621141433716	52.22270727157593
33.411712646484375	38.12298583984375
30.239861011505127	30.251369953155518
51.792850494384766	54.692413330078125
44.70447635650635	48.86759376525879
45.139244079589844	51.22865295410156
48.79924011230469	52.178466796875
43.6213755607605	47.63308620452881
39.68968677520752	47.5343222618103
39.69543170928955	43.78186511993408
46.231281757354736	48.792662143707275
47.01738119125366	52.34124803543091
50.696380615234375	53.613707065582275
42.52031421661377	46.423184394836426
45.71677780151367	49.44053649902344
46.284213066101074	37.39303493499756
43.4329719543457	49.04273986816406
48.152817726135254	51.12604999542236
44.93967008590698	52.902085304260254
58.14355802536011	59.21094846725464
67.70790100097656	67.00407409667969
37.36223363876343	43.91803455352783
49.836434841156006	53.957303524017334
49.98828172683716	49.63454484939575
41.02497100830078	43.95600128173828
53.93804740905762	42.248019218444824
49.52310132980347	56.27987766265869
43.113396644592285	48.56603479385376
51.31376552581787	51.90956783294678
49.65742492675781	54.284889221191406
45.81239366531372	49.075669288635254
42.02543115615845	43.57729244232178
42.9553337097168	49.0643196105957
42.93188714981079	51.65930986404419
47.64948606491089	51.50054168701172
38.418906688690186	51.22875261306763
39.91981887817383	43.45027828216553
40.482848167419434	32.76678943634033
52.270211696624756	55.90031147003174
59.40993785858154	60.16759204864502
54.739999771118164	60.174665451049805
45.82578182220459	47.548668384552
50.11307144165039	55.508358001708984
43.54054927825928	47.596896171569824
38.46884536743164	29.21601963043213
57.45237636566162	61.901116371154785
50.78427314758301	56.18441390991211
45.42082214355469	48.983272552490234
40.784600257873535	43.28553485870361
48.192094802856445	52.62792778015137
53.10943794250488	61.43476152420044
40.26752042770386	49.47880935668945
40.56061553955078	42.544898986816406
41.11157846450806	45.96603536605835
36.531139850616455	38.45631742477417
41.11669206619263	49.64028835296631
52.587791442871094	55.3557243347168
49.56563711166382	50.30083417892456
60.28738784790039	55.441864013671875
36.95521545410156	40.513607025146484
55.0803108215332	57.71205139160156
48.3366436958313	52.95317792892456
43.06101894378662	44.45977258682251
48.23752784729004	53.717519760131836
45.20356464385986	48.1797137260437
52.40671634674072	56.620166301727295
53.05433464050293	57.82188177108765
47.87316846847534	54.8021354675293
35.560670375823975	40.330782890319824
49.523953914642334	50.72412824630737
51.56301498413086	54.76917266845703
37.02547359466553	38.65454626083374
49.93604135513306	53.87539529800415
43.704833984375	55.03499221801758
45.865593910217285	49.0422420501709
38.83607578277588	41.962499141693115
53.06873321533203	60.26557159423828
46.05462646484375	48.474510192871094
43.501399517059326	46.43290185928345
54.865177631378174	58.45620059967041
38.13294982910156	43.49322509765625
46.96183776855469	56.91011047363281
43.06542491912842	44.14869976043701
40.77018356323242	42.469085693359375
38.48867130279541	43.60974979400635
45.639342308044434	47.898035526275635
56.0929913520813	55.771302700042725
40.699278831481934	48.88399314880371
41.621360778808594	47.0850944519043
45.21391677856445	58.58907699584961
40.49390411376953	44.221205711364746
40.06575679779053	43.36807203292847
33.80532360076904	37.47110652923584
45.10996913909912	46.001275062561035
36.47347164154053	41.74004411697388
39.15512180328369	43.681480407714844
49.17050552368164	56.00593948364258
55.262489318847656	58.938934326171875
44.95703887939453	50.1292724609375
41.83696889877319	46.89647388458252
48.09014892578125	51.883018493652344
56.6454176902771	62.62937879562378
41.58192300796509	46.3633508682251
45.63782358169556	50.82932424545288
56.10642671585083	59.326669692993164
47.28919982910156	50.873908042907715
45.54343557357788	49.47828197479248
36.65022802352905	47.51342058181763
49.54526138305664	48.13677215576172
33.89087390899658	40.86508655548096
44.150826930999756	49.04756450653076
46.439552307128906	50.30371427536011
47.652525901794434	49.993690967559814
42.9419002532959	47.70763635635376
40.72599792480469	39.336379051208496
54.23563766479492	54.58264923095703
53.1550817489624	55.08475875854492
40.15433406829834	46.16716003417969
45.87713623046875	50.13029861450195
48.43212890625	47.927101135253906
47.91635036468506	50.387351512908936
46.53287744522095	50.402628898620605
43.5829701423645	50.243706703186035
43.79128932952881	48.168548583984375
46.30939435958862	44.145569801330566
51.2922306060791	55.32573652267456
47.21969556808472	51.054579734802246
39.216365814208984	43.9871940612793
52.06660556793213	54.62267541885376
32.638237953186035	43.22896671295166
41.47965145111084	44.21924686431885
49.38194417953491	53.49931526184082
45.75368881225586	51.25885772705078
50.41369390487671	48.32787847518921
42.3400354385376	47.97385883331299
42.44116830825806	49.79937744140625
39.52937936782837	45.06277656555176
45.087796211242676	46.73624038696289
40.5858588218689	44.463881492614746
39.9734148979187	45.73902416229248
47.83718490600586	50.634429931640625
37.632405281066895	43.041008949279785
46.840691566467285	46.909401416778564
45.43775177001953	49.97999572753906
37.16788339614868	40.48200464248657
48.70006084442139	51.81330680847168
45.08667755126953	47.772987365722656
50.12396049499512	54.11636924743652
54.77868032455444	60.43279838562012
56.62350940704346	60.850464820861816
39.72198724746704	44.663886070251465
48.327831745147705	51.112428188323975
48.2636079788208	50.98252868652344
44.59610080718994	49.12713575363159
45.16294622421265	49.38890743255615
37.18637180328369	40.275715827941895
46.15045928955078	48.093994140625
37.88510799407959	41.355008125305176
51.337493896484375	57.628177642822266
47.132901191711426	52.3274827003479
45.43666076660156	48.598772048950195
51.15315628051758	51.27511978149414
40.33061599731445	46.538482666015625
73.8804988861084	74.25665187835693
50.767459869384766	54.836952209472656
61.14569854736328	61.38975143432617
53.18832492828369	57.986642360687256
41.117767333984375	47.9061279296875
49.303104400634766	43.96568298339844
52.66292095184326	53.17042589187622
37.105313301086426	41.51804065704346
45.12385940551758	50.48035430908203
62.866275787353516	67.92498207092285
55.051331520080566	59.518775939941406
45.71917963027954	47.45497226715088
58.25081920623779	59.17846393585205
50.45523643493652	53.21764945983887
45.30165767669678	48.326242446899414
50.393677711486816	57.82458543777466
43.44162845611572	44.55125665664673
44.443180084228516	46.15361309051514
52.73427629470825	59.399720191955566
54.97502899169922	62.112586975097656
54.13326644897461	58.19833755493164
42.04741668701172	51.112205505371094
49.14833450317383	55.84355306625366
54.482091426849365	57.226149559020996
46.01280212402344	50.8340950012207
48.36338663101196	44.54608964920044
48.592036724090576	51.033347606658936
42.8690071105957	47.97309494018555
42.068156719207764	48.029677391052246
48.10891628265381	52.37715244293213
51.36188983917236	53.883209228515625
44.97048854827881	35.24040699005127
49.900150775909424	41.54149150848389
40.20689249038696	46.02610158920288
41.93580627441406	56.44979000091553
47.39820861816406	50.068092346191406
54.1025333404541	56.926774978637695
56.89444637298584	57.089070320129395
42.22050476074219	42.34745788574219
46.11277484893799	53.52624320983887
49.56391906738281	53.63933563232422
48.453457832336426	58.621931076049805
45.841272830963135	49.70822048187256
40.891303062438965	43.48841190338135
42.12172794342041	44.681674003601074
46.701012134552	51.89488935470581
45.69532823562622	49.20729446411133
43.593441009521484	49.45210647583008
43.00504970550537	47.53027009963989
50.839561462402344	56.788352966308594
38.05894374847412	46.635841369628906
52.407681941986084	56.10721206665039
49.82072353363037	53.41226577758789
41.04318904876709	45.59711503982544
48.1197829246521	51.57823324203491
41.8108434677124	44.256717681884766
41.374000549316406	45.09326934814453
41.84275674819946	47.16817569732666
53.46064758300781	57.0483283996582
40.551944732666016	45.391310691833496
40.68333435058594	46.013671875
49.6916880607605	50.830702781677246
46.692352294921875	50.43547439575195
40.334174156188965	44.76965951919556
49.98219680786133	48.82107925415039
53.70452356338501	53.224257946014404
50.779876708984375	54.70698547363281
38.42850637435913	40.83855485916138
44.981346130371094	51.13473129272461
52.880913734436035	58.38204288482666
36.935378074645996	41.06318283081055
49.70878601074219	54.55533027648926
50.91031074523926	55.20557403564453
45.87071228027344	46.13931655883789
43.50536346435547	50.931800842285156
49.62121248245239	56.073920249938965
44.73218536376953	52.324684143066406
53.62904405593872	53.82213735580444
39.70886993408203	42.71157932281494
45.50032424926758	56.42579650878906
54.35190153121948	57.21714401245117
53.04193878173828	56.05646896362305
51.767306327819824	53.37842130661011
44.789005756378174	50.320300579071045
42.64432239532471	45.79018020629883
37.77140808105469	42.2611083984375
47.28024387359619	48.22976875305176
46.030303955078125	37.792938232421875
51.30088663101196	52.38017749786377
52.047085762023926	55.55797290802002
53.232755184173584	56.51268482208252
44.578176498413086	48.513500690460205
56.38720703125	60.00096130371094
45.48935556411743	49.94364309310913
46.402740478515625	51.74355506896973
43.96337270736694	48.57568120956421
49.82067632675171	41.43662738800049
40.103514671325684	45.10790157318115
39.78397750854492	50.21007537841797
47.182997703552246	34.271507263183594
30.909790992736816	43.115790367126465
46.12254810333252	51.56619071960449
47.613980293273926	53.653287410736084
46.587242126464844	51.093727111816406
44.22483730316162	48.980797290802
49.799102783203125	54.630130767822266
49.504984855651855	49.67415761947632
48.872036933898926	52.65315341949463
47.859007358551025	53.02279186248779
58.50893497467041	60.00550031661987
37.69204616546631	43.41515350341797
47.44615936279297	45.665390968322754
36.88861799240112	43.69194459915161
44.12317609786987	47.362035274505615
45.06856918334961	48.88112258911133
49.586002349853516	55.80416536331177
46.862427711486816	52.57395696640015
52.98872947692871	58.794569969177246
53.35198974609375	55.94443893432617
45.49852466583252	49.017897605895996
52.45547962188721	49.41842746734619
43.69761657714844	45.90746307373047
57.43324041366577	56.84667778015137
41.18028974533081	49.34951734542847
48.602744579315186	50.374924659729004
43.58877468109131	47.01013135910034
45.22654724121094	48.32210159301758
39.89474821090698	44.202613830566406
39.729620933532715	44.632620334625244
40.95591402053833	43.86303997039795
58.6867618560791	63.74412536621094
39.41062259674072	43.46630573272705
40.86167621612549	51.82511329650879
54.64160776138306	57.20791149139404
46.062546253204346	46.96610164642334
43.733001708984375	45.92659378051758
38.12184381484985	42.73610830307007
45.48987293243408	51.50223684310913
60.79531002044678	64.27749538421631
48.90548086166382	57.226130962371826
52.16428756713867	57.553330421447754
41.17932987213135	47.285468101501465
50.811431884765625	54.06201934814453
43.55968379974365	44.31145191192627
45.88370895385742	51.50672149658203
58.257601261138916	60.78415632247925
41.08792304992676	46.066694259643555
39.036110401153564	42.02430963516235
45.95498704910278	50.82198429107666
40.0710973739624	42.40294647216797
49.704018115997314	53.845027446746826
48.71878623962402	51.569390296936035
39.071861267089844	44.017704010009766
42.830870151519775	51.547221183776855
47.26224994659424	52.77896165847778
43.38672733306885	45.806148529052734
48.469482421875	53.957313537597656
35.08108901977539	41.51438522338867
44.33012342453003	50.84355688095093
58.1818733215332	63.24761199951172
43.20256042480469	50.923973083496094
48.05641555786133	48.9947395324707
40.92235565185547	41.7971305847168
52.643123149871826	56.67552423477173
37.91480255126953	37.916324615478516
42.252498626708984	47.7432746887207
56.487905502319336	45.399099826812744
42.77748775482178	48.71062755584717
45.36330461502075	48.45550489425659
43.61385202407837	46.342041969299316
44.34092044830322	45.80203914642334
41.01649761199951	47.21587371826172
36.40852355957031	42.22649049758911
53.085391998291016	57.25541305541992
36.625694274902344	45.64525508880615
40.43476867675781	46.867584228515625
53.07909679412842	55.550501346588135
46.11323356628418	51.050519943237305
43.287818908691406	46.5297966003418
39.76769256591797	51.69680404663086
47.68568420410156	52.492613315582275
42.344993591308594	46.230857849121094
41.26786422729492	42.68623065948486
43.863587379455566	48.00629425048828
44.48540735244751	49.74559783935547
47.77684307098389	52.41130828857422
52.28626346588135	59.11324214935303
43.68361759185791	49.13385200500488
45.62370300292969	49.138051986694336
48.36454153060913	48.095603466033936
42.32692623138428	44.23125457763672
48.30305480957031	52.10710525512695
49.4611873626709	53.08691596984863
43.14381790161133	50.410614013671875
48.53557205200195	52.71050262451172
48.615602016448975	52.95118188858032
44.2625150680542	48.58388900756836
41.355563163757324	42.309021949768066
43.63917541503906	51.085235595703125
45.007325649261475	50.123220920562744
45.877822399139404	49.99483585357666
58.53579521179199	64.52130222320557
41.084815979003906	41.212921142578125
46.40071392059326	51.298624992370605
49.2606782913208	56.350730895996094
41.07063961029053	46.299964904785156
41.455321311950684	43.938071727752686
47.18578338623047	49.989227294921875
48.839820861816406	51.73991394042969
41.32539367675781	44.301429748535156
45.110862255096436	49.32624578475952
36.604644775390625	41.70600509643555
45.987464904785156	53.88787841796875
39.53445339202881	44.14958953857422
45.11042499542236	47.126869678497314
53.71933698654175	54.54674243927002
54.725651264190674	59.14087629318237
44.325931549072266	36.27739334106445
51.372220516204834	53.019869327545166
47.86376237869263	53.04714870452881
51.461761474609375	57.18258285522461
47.753190994262695	52.51497030258179
51.947617530822754	57.92307472229004
43.327022552490234	47.20004940032959
49.75951337814331	55.957061767578125
45.59406280517578	51.76459503173828
48.92641067504883	46.99738311767578
56.298492431640625	59.866455078125
43.713290214538574	46.153319358825684
44.05031061172485	45.17427158355713
36.93600940704346	49.38326454162598
47.3685941696167	45.38328504562378
55.60820960998535	57.35858917236328
41.88038110733032	47.48777914047241
42.01571798324585	47.76906728744507
49.609703063964844	51.76701736450195
49.909393310546875	50.938912868499756
53.762516021728516	60.769508361816406
43.838741302490234	50.63654708862305
59.97545528411865	46.88902187347412
39.88357639312744	53.09455966949463
44.90101146697998	48.48062324523926
54.91883039474487	42.251070499420166
66.12602233886719	70.46977233886719
36.665968894958496	47.94023036956787
44.94400930404663	50.55479192733765
43.82354736328125	49.67081832885742
42.65858745574951	46.03886318206787
38.171630859375	41.66005325317383
48.91105270385742	56.49782943725586
42.174034118652344	47.59639358520508
54.26976680755615	57.43281841278076
39.734127044677734	44.78247690200806
48.78837585449219	53.35719299316406
43.77072525024414	34.79351043701172
41.4412956237793	47.93891906738281
57.11146831512451	64.23386573791504
44.3581280708313	45.59741163253784
32.69546985626221	38.52750778198242
41.4904260635376	46.46197557449341
37.821327209472656	42.72916030883789
45.091208934783936	47.838454723358154
50.16626834869385	50.77030420303345
42.72478008270264	43.795844078063965
44.33509826660156	48.13035488128662
38.61748266220093	40.03772211074829
43.50274658203125	51.72256278991699
38.22170162200928	41.72702407836914
49.849456787109375	53.98759460449219
52.88648223876953	55.706764221191406
49.67414474487305	54.936614990234375
48.55909729003906	48.018531799316406
50.45539855957031	58.1484375
57.196922302246094	58.145965576171875
50.24448776245117	52.489312171936035
45.333731174468994	51.120492458343506
46.22501754760742	53.058837890625
44.57808303833008	48.394715785980225
48.61650991439819	54.32566595077515
43.723777770996094	47.817596435546875
43.07725524902344	48.230995178222656
43.63303756713867	35.147698402404785
37.5618782043457	43.769110679626465
45.39423322677612	51.5656361579895
38.905733585357666	45.730629444122314
47.79596710205078	51.898399353027344
49.29352569580078	49.17465019226074
42.245906829833984	55.220332622528076
44.4426794052124	47.33256530761719
44.81452703475952	46.99682331085205
62.71016597747803	66.91262245178223
46.47937774658203	48.70109224319458
40.650012493133545	46.47958517074585
51.03303050994873	53.4174542427063
50.350796699523926	57.02351474761963
49.43483304977417	50.100372314453125
47.26143217086792	50.066619873046875
45.111045837402344	49.960166931152344
55.04766082763672	57.432167053222656
44.129329204559326	45.692748069763184
45.26847839355469	46.98526096343994
38.15947437286377	40.62622833251953
45.2363395690918	49.473609924316406
39.62177801132202	41.794991970062256
61.156498432159424	64.47686719894409
47.429787158966064	53.05462884902954
42.19989824295044	48.20833396911621
47.82039928436279	49.97636032104492
46.55348777770996	52.581849098205566
49.36445617675781	51.31782150268555
55.708701610565186	58.83847618103027
44.52099609375	55.171119689941406
32.460662841796875	34.21460819244385
36.781986236572266	43.08901119232178
43.817134857177734	47.912437438964844
55.18718099594116	56.79308891296387
46.50254964828491	55.73228359222412
36.77655029296875	41.69215679168701
50.782989501953125	53.736305236816406
48.66020202636719	53.011573791503906
57.63875770568848	60.83397674560547
53.524688720703125	48.438072204589844
49.764305114746094	53.17435836791992
54.10498666763306	55.29401254653931
42.71837759017944	49.92616271972656
43.40801954269409	45.96836185455322
38.407108306884766	38.40406799316406
43.51460409164429	45.182823181152344
60.11814498901367	62.270599365234375
46.12481737136841	50.01460933685303
46.0351037979126	51.35456085205078
55.66732120513916	44.406206130981445
43.537134647369385	49.019997119903564
55.16093826293945	57.29853057861328
57.08810234069824	63.28531837463379
50.6396369934082	55.95406723022461
40.71778869628906	45.48917770385742
46.81381273269653	52.2935528755188
39.15480709075928	43.833011627197266
45.70341968536377	48.59040641784668
51.754905700683594	57.9028434753418
56.96442890167236	59.37805652618408
48.04079580307007	49.6232385635376
47.20066452026367	54.40605640411377
44.764328956604004	49.285160064697266
62.19431161880493	48.661301136016846
42.33690690994263	43.41042613983154
43.24797582626343	47.77941131591797
52.454917907714844	56.85466003417969
49.54010009765625	52.907127380371094
52.99561309814453	55.45488357543945
62.16209411621094	65.1449203491211
36.12722873687744	48.60865926742554
40.29108905792236	41.145591259002686
37.47048044204712	40.661678314208984
43.02981662750244	39.43745470046997
43.298330783843994	49.74172592163086
45.65891885757446	48.15875244140625
43.27168798446655	43.94208383560181
56.61486625671387	63.2429780960083
36.558074951171875	43.379947662353516
42.32482147216797	46.26809310913086
45.63945913314819	47.76902723312378
40.26609182357788	46.8171763420105
56.66417407989502	58.439208030700684
44.22597026824951	47.09241199493408
47.67811965942383	55.010250091552734
44.187950134277344	51.61762237548828
44.154579162597656	42.56400775909424
48.832008361816406	54.36052703857422
53.00970458984375	55.79479217529297
48.66127109527588	50.464247703552246
40.636107444763184	41.1263952255249
47.74629306793213	37.01208543777466
53.59070301055908	55.96875190734863
42.17244100570679	52.440473556518555
44.566086769104004	46.704116344451904
40.07161808013916	46.63340711593628
50.36137390136719	56.39366149902344
53.12953233718872	56.26487684249878
46.209900856018066	49.095314025878906
46.00965881347656	41.6898307800293
42.01932621002197	47.12995147705078
55.75245761871338	61.485032081604004
63.85592269897461	66.86504364013672
48.29055976867676	51.15493583679199
51.716440200805664	55.48208570480347
46.62263488769531	51.1867790222168
