53.349929332733154	57.1221284866333
46.209712505340576	50.762086391448975
43.600303649902344	45.66796875
44.381622314453125	49.73835754394531
44.49314880371094	50.131813049316406
56.310227394104004	57.168344497680664
43.04065990447998	45.95757579803467
44.85685586929321	50.69313669204712
55.34809875488281	56.04201889038086
56.56057834625244	58.98592472076416
46.30684757232666	49.87381839752197
50.137516021728516	55.357802867889404
47.90342950820923	50.19945001602173
41.775301933288574	40.40499019622803
37.86196804046631	41.745628356933594
35.567790031433105	43.92826843261719
45.51618957519531	49.406768798828125
44.99916744232178	48.546369552612305
38.47347164154053	37.117695808410645
46.676695823669434	50.482069969177246
43.85225772857666	44.48645782470703
51.03649187088013	52.47982931137085
52.19776153564453	55.864845275878906
50.97228813171387	56.829477310180664
48.99313545227051	52.04097032546997
33.27218008041382	32.75414419174194
46.65536022186279	52.19995975494385
37.845208168029785	42.77615261077881
37.20544910430908	43.78636837005615
44.080063819885254	48.4207820892334
51.94151592254639	53.93907833099365
37.55460453033447	41.67980241775513
54.671191692352295	59.52739763259888
58.827924728393555	65.91139841079712
43.162062644958496	49.58477306365967
47.919779777526855	54.35181427001953
41.259857177734375	48.737693786621094
38.78085994720459	44.754034996032715
46.3067626953125	48.771968841552734
39.506526947021484	43.672911643981934
34.829161643981934	39.7504358291626
36.07735061645508	41.90423583984375
39.967026233673096	42.66169738769531
39.380263805389404	42.9054913520813
42.38218975067139	38.15939712524414
40.811767578125	45.1734619140625
43.696468353271484	46.48686218261719
41.773563385009766	41.622108459472656
62.58213758468628	66.09295606613159
36.655643463134766	39.25685977935791
53.64036178588867	57.015464782714844
57.30982971191406	59.272579193115234
34.24116516113281	37.809967041015625
32.33570194244385	40.114583015441895
42.37998867034912	47.57769775390625
58.26187992095947	57.76293325424194
40.773536682128906	43.71152448654175
41.021836280822754	46.03907489776611
52.37305450439453	58.3826904296875
46.7653284072876	48.16790199279785
53.4136757850647	58.766011238098145
44.06394004821777	46.197404861450195
47.530296325683594	50.025306701660156
43.35604238510132	52.61009931564331
47.779541015625	51.45517349243164
49.602941036224365	51.7247519493103
49.52185821533203	52.2194709777832
38.78511714935303	41.77888011932373
54.125640869140625	56.646484375
45.379669189453125	48.516357421875
47.17913627624512	53.09298038482666
46.001166343688965	50.33880043029785
44.88416147232056	47.65406131744385
39.64953565597534	41.238253593444824
53.8922119140625	55.43158721923828
48.25206232070923	52.98035144805908
39.271963596343994	41.454827308654785
43.10284423828125	50.57654571533203
53.399319648742676	56.402045249938965
42.92938709259033	46.02900743484497
37.75458526611328	44.61126708984375
55.235443115234375	53.2614860534668
55.67502975463867	60.724510192871094
43.140655517578125	48.81846618652344
43.97042369842529	48.47035789489746
36.97683048248291	44.865843772888184
62.688632011413574	66.4844126701355
45.03355407714844	49.87291717529297
40.95127487182617	48.31092071533203
47.68183898925781	50.69955492019653
42.58054733276367	47.163743019104004
47.68808364868164	51.98930358886719
43.8478889465332	49.329254150390625
51.51022434234619	52.172152042388916
39.56736660003662	45.5491418838501
37.94133138656616	43.862876415252686
42.9786491394043	49.26025390625
43.07192516326904	47.00129985809326
42.329750537872314	46.25242376327515
50.139989376068115	53.23489999771118
47.00513792037964	51.70917892456055
50.209007263183594	52.54960632324219
48.881256103515625	54.10745620727539
47.34160614013672	51.343997955322266
45.5377311706543	48.56278610229492
43.74198913574219	47.09693145751953
45.52455997467041	52.52695322036743
46.494996070861816	48.497915744781494
40.56643581390381	48.940152168273926
60.336294174194336	63.431551933288574
37.030860900878906	38.21371936798096
47.89838933944702	50.12090015411377
45.500121116638184	49.618000984191895
36.861000061035156	39.44377899169922
36.18849277496338	34.53079319000244
50.64976406097412	55.1570200920105
46.61325979232788	50.37614965438843
39.58962821960449	39.39273691177368
41.27159786224365	44.5411376953125
56.97142839431763	57.17353391647339
52.444984436035156	53.621463775634766
65.89566993713379	71.43893337249756
42.003127574920654	44.586607933044434
44.06212663650513	46.2674241065979
53.57231140136719	58.15740203857422
46.4427490234375	50.52313232421875
53.269877433776855	57.15835094451904
46.631507873535156	53.252310276031494
54.51446533203125	60.94056701660156
58.48268795013428	59.00224685668945
33.626235008239746	39.125590324401855
47.16745376586914	50.40411186218262
42.179009437561035	41.697509765625
50.1734619140625	50.321441650390625
44.36643600463867	44.62139177322388
51.821712493896484	52.4542236328125
42.78232383728027	49.2281699180603
62.095704078674316	64.42059993743896
47.151912689208984	51.26979875564575
64.6072006225586	68.23010921478271
53.416329860687256	57.2361216545105
51.59749937057495	53.87490129470825
47.025177001953125	48.89885711669922
46.79768371582031	47.231781005859375
56.053945541381836	57.70262002944946
61.889408588409424	63.51519775390625
48.96584701538086	52.69562530517578
45.00786590576172	50.003814697265625
59.33291816711426	62.25837564468384
39.403860569000244	44.80328893661499
42.8062629699707	48.56829071044922
52.44002723693848	55.10849046707153
46.289886474609375	46.53648376464844
45.34352445602417	47.482181549072266
44.13125228881836	46.78401184082031
49.53174877166748	57.36759281158447
46.484275817871094	51.00811004638672
43.339948654174805	50.021159648895264
44.093658447265625	48.56135177612305
53.50943040847778	56.23516845703125
40.96453285217285	43.943312644958496
51.00653886795044	51.533530712127686
39.5678186416626	44.448288917541504
43.868221282958984	48.1304931640625
37.056315422058105	45.091001987457275
52.3409743309021	60.02503967285156
42.72965955734253	48.765021324157715
47.06760120391846	47.79172611236572
47.558868408203125	52.882511138916016
62.089744091033936	67.95677375793457
48.62665557861328	57.59429740905762
44.734474182128906	51.22437858581543
52.57676410675049	57.66668701171875
34.742591857910156	40.340087890625
42.35871648788452	48.0181450843811
41.15201711654663	43.76136016845703
42.56928253173828	40.853355407714844
44.161460876464844	48.85321044921875
43.74083089828491	45.74060297012329
50.93742370605469	51.52665710449219
47.63374376296997	54.57851552963257
62.7890625	66.49214172363281
58.07443428039551	61.30513572692871
50.92603397369385	54.978092193603516
50.170101165771484	52.30615234375
48.07786560058594	52.55439376831055
41.056785583496094	48.44827651977539
44.50502395629883	49.07484817504883
42.38695526123047	49.47993087768555
54.81981611251831	62.81042957305908
47.44985580444336	48.42835998535156
41.655555725097656	45.93791198730469
35.68700170516968	37.41787576675415
47.75363302230835	50.62574815750122
46.778934478759766	49.950565814971924
48.316741943359375	55.87518310546875
63.22141361236572	68.0131688117981
48.550086975097656	54.192222595214844
59.36337089538574	62.61336278915405
40.83933162689209	46.055086612701416
56.557756423950195	60.82297420501709
51.928131103515625	50.3698410987854
44.32454967498779	53.09536170959473
47.34595012664795	50.817020893096924
47.302555084228516	51.035186767578125
39.9340181350708	44.46608781814575
40.15761470794678	42.014896869659424
44.73603057861328	48.582056522369385
52.02699279785156	55.653785705566406
52.697845458984375	58.7525954246521
41.90318298339844	42.571892738342285
47.72065353393555	50.17060470581055
49.888296127319336	56.15674018859863
41.91244411468506	42.5568151473999
43.119744300842285	49.97266387939453
39.55459499359131	42.85441303253174
44.31430530548096	45.641775608062744
45.17504596710205	46.67877531051636
50.076622009277344	57.88301086425781
50.32810115814209	51.82829570770264
43.05419921875	48.00421142578125
50.33119201660156	52.08316135406494
55.17752408981323	61.5810170173645
43.156818866729736	43.48390245437622
50.5314736366272	49.94060564041138
42.83224534988403	47.227569580078125
39.70905303955078	43.455474853515625
43.88050699234009	52.66225004196167
50.09882354736328	53.877798557281494
55.88715934753418	59.54543924331665
48.16957473754883	49.12618637084961
50.86582565307617	48.16070556640625
43.85868835449219	47.66753387451172
35.629830837249756	40.247923851013184
46.133445739746094	51.13471841812134
51.04557800292969	52.971763610839844
47.42030715942383	49.37744903564453
39.93702793121338	46.87430477142334
49.56133270263672	51.278560638427734
42.543747425079346	44.33641862869263
52.0015606880188	54.26372528076172
56.51408386230469	59.05629348754883
50.932106018066406	55.38197708129883
44.96074104309082	49.15663003921509
55.916099548339844	59.751219749450684
36.08536195755005	40.01517152786255
42.85829257965088	47.05412578582764
38.44309949874878	44.83275508880615
38.57554578781128	45.7848162651062
48.99946403503418	49.84819221496582
47.56263828277588	54.758554458618164
42.80922746658325	44.55883026123047
35.032490730285645	34.58682918548584
45.139183044433594	56.77547836303711
42.3962607383728	41.68529653549194
44.21217441558838	47.09845733642578
42.12410831451416	40.933690547943115
48.383827686309814	52.323423862457275
44.06604528427124	47.530770778656006
42.97023868560791	46.28418731689453
40.55778503417969	41.717979431152344
48.10563039779663	48.78864336013794
44.350467681884766	45.829243183135986
59.91465091705322	63.395328521728516
55.52073097229004	55.28759765625
51.85611343383789	52.67540121078491
43.95853805541992	51.69285583496094
43.05518436431885	47.05011224746704
42.396507263183594	48.11384582519531
38.21743679046631	43.2787709236145
45.37745761871338	46.306586265563965
39.75453042984009	39.88013935089111
41.2829008102417	45.52772760391235
48.24108409881592	46.07343769073486
53.17939853668213	57.19497013092041
50.145610332489014	44.4393949508667
51.099682331085205	55.32830286026001
40.523804664611816	44.691163063049316
48.87567186355591	55.72109413146973
54.434505462646484	57.3673210144043
43.21142578125	46.88700199127197
48.2292366027832	49.05952835083008
47.35508918762207	49.48904037475586
38.67579174041748	42.61503744125366
36.026129722595215	33.56308364868164
39.19321346282959	38.361759185791016
52.60683059692383	55.78437042236328
46.53745365142822	50.09364986419678
40.67489719390869	38.62562656402588
40.46054935455322	46.24544620513916
47.647159576416016	53.01283264160156
42.21049118041992	47.502498626708984
47.22929763793945	46.697776794433594
54.88481140136719	56.56666374206543
49.29896545410156	51.739585399627686
49.97697448730469	55.28995132446289
40.90789031982422	45.642462730407715
52.335734367370605	49.80029106140137
50.775588035583496	60.71729755401611
51.822837829589844	55.18025207519531
43.78632354736328	46.69061279296875
48.06781244277954	52.12810230255127
51.434882164001465	53.33533954620361
43.66061544418335	43.53126668930054
48.454524993896484	47.163771629333496
45.213725090026855	51.25673723220825
39.79403305053711	44.85791015625
43.57577896118164	48.14240264892578
47.36529302597046	50.77976369857788
46.027912616729736	51.17959928512573
49.24459171295166	56.17702007293701
42.558520793914795	44.496806144714355
42.07976484298706	49.65768527984619
47.959075927734375	58.45449447631836
48.66914463043213	43.23972463607788
54.00603103637695	58.96272659301758
47.44744110107422	52.70028305053711
55.964662075042725	57.995866775512695
46.935970306396484	50.019142150878906
41.224982261657715	46.54048442840576
49.21337890625	52.82170867919922
44.33985900878906	44.61512088775635
41.14733076095581	44.40432643890381
45.389591217041016	52.07047653198242
49.41366720199585	51.682541370391846
51.61117744445801	54.0552921295166
41.44746732711792	47.44245433807373
38.54861354827881	43.78249740600586
43.17432260513306	47.98101806640625
58.158907890319824	57.11415100097656
42.5637845993042	44.31288528442383
43.457693576812744	44.12838649749756
46.08435916900635	53.80733633041382
39.83940124511719	43.847296714782715
40.89191389083862	44.22443342208862
49.44459629058838	54.99055767059326
39.377867221832275	47.15355920791626
41.04457092285156	45.937857151031494
58.954336166381836	57.56187915802002
43.2820987701416	42.744566917419434
44.843289375305176	49.240416049957275
51.34190607070923	55.23717212677002
49.01760149002075	51.86311197280884
46.4708366394043	46.15045213699341
29.236321449279785	33.11795711517334
43.611305236816406	45.402244567871094
47.6225266456604	49.52190399169922
48.357481956481934	52.24772787094116
49.70612716674805	55.97146987915039
34.72038269042969	41.42547607421875
43.946282386779785	44.96807098388672
46.4764142036438	48.641196727752686
43.05365228652954	48.64140701293945
52.90296983718872	52.566954135894775
45.935293674468994	49.32069492340088
43.12151336669922	43.64436340332031
43.355491638183594	45.22762727737427
35.88878631591797	38.33579921722412
49.34222412109375	54.510719299316406
53.576966285705566	54.16691493988037
34.79298257827759	38.63639163970947
51.739219665527344	56.412962436676025
57.02630424499512	62.59402513504028
50.38785409927368	53.09622859954834
44.127193450927734	49.803062438964844
44.05138874053955	48.75231409072876
46.81908893585205	46.8626012802124
45.8899621963501	49.1310076713562
38.49947261810303	42.21640682220459
47.347100257873535	49.669228076934814
47.860060691833496	49.61642599105835
57.287049293518066	55.7118501663208
33.81812381744385	35.90261363983154
48.10459899902344	56.500253677368164
38.97404766082764	46.92340564727783
47.49027442932129	54.075754165649414
47.440433502197266	51.39390563964844
42.53698253631592	49.00683403015137
47.554375648498535	49.49279594421387
45.42962646484375	50.78728485107422
44.031174659729004	50.72800016403198
37.074623107910156	44.798973083496094
44.51739501953125	49.9119758605957
46.78165626525879	48.86477994918823
45.61785125732422	48.99125671386719
36.6652250289917	33.65570068359375
45.71950435638428	48.11592769622803
40.275611877441406	45.05512237548828
37.65081834793091	37.82447385787964
45.64878845214844	51.9801983833313
50.551273345947266	48.90144348144531
39.6296820640564	37.98188400268555
48.238136768341064	50.742469787597656
53.47740936279297	57.40623474121094
46.86868619918823	56.95807933807373
53.17741394042969	55.391502380371094
53.340576171875	58.730751037597656
31.873302459716797	30.23456573486328
53.50226926803589	51.88305330276489
45.36901903152466	50.848430156707764
51.35688257217407	56.09006309509277
33.61346960067749	37.430663108825684
56.02592611312866	55.24390125274658
53.85517358779907	61.35148000717163
50.07293701171875	53.94353485107422
53.56928253173828	57.04072570800781
38.19796657562256	41.58391284942627
46.15221405029297	52.88933563232422
46.40093183517456	49.43597459793091
45.64160919189453	50.91054916381836
49.22089624404907	51.12628698348999
45.73223829269409	47.0309796333313
52.500771045684814	55.30492067337036
35.57403516769409	37.341418743133545
50.11244201660156	56.39958190917969
47.48958492279053	50.12717533111572
59.28169870376587	64.74968004226685
42.76918649673462	45.69450044631958
38.331204414367676	42.199881076812744
59.076507568359375	63.610251903533936
40.71243381500244	45.493754863739014
50.02896547317505	51.302001953125
51.10527038574219	55.10248947143555
44.560423851013184	44.85376739501953
48.89121913909912	50.02154874801636
47.55075788497925	49.9387731552124
37.76503658294678	44.44702863693237
53.13197326660156	55.56675720214844
44.889161586761475	49.275146484375
39.458699226379395	42.30362033843994
46.417250633239746	50.10080337524414
49.24386405944824	50.803728103637695
46.944759368896484	46.03781509399414
43.19902038574219	44.39625549316406
43.58863115310669	51.76429224014282
39.283138275146484	40.59832763671875
37.06819438934326	41.798569679260254
41.74644470214844	47.59640979766846
43.740670680999756	51.67623281478882
48.24882459640503	54.32494640350342
50.31723690032959	52.952895641326904
47.239251136779785	46.30710697174072
46.38530397415161	44.89012622833252
48.99658536911011	46.32678461074829
37.3815131187439	47.788453578948975
35.32686710357666	36.65057373046875
45.095468044281006	49.441482067108154
37.24865961074829	40.0298113822937
48.01383018493652	55.88387489318848
49.126267433166504	53.418951988220215
52.04034376144409	59.39321851730347
57.162649154663086	60.8056697845459
41.865478515625	46.85856628417969
39.42647647857666	47.048202991485596
39.322669982910156	40.82978439331055
47.185447692871094	51.541648864746094
40.372406005859375	42.77563524246216
43.71119737625122	48.80684804916382
46.68555450439453	48.954498291015625
41.0958251953125	43.514225006103516
57.23074436187744	63.01478862762451
42.89143228530884	47.525450229644775
43.571903228759766	43.03025436401367
55.865440368652344	51.942039489746094
39.975486755371094	42.36784362792969
44.456764698028564	50.0727481842041
57.279972553253174	59.570510387420654
44.081459045410156	49.68087196350098
46.200459480285645	44.51691913604736
44.70133590698242	44.48059844970703
48.35038757324219	51.28087615966797
38.42671585083008	36.82795333862305
42.7467942237854	46.900978088378906
42.95156383514404	42.05128622055054
44.857078075408936	45.37087154388428
47.616546630859375	52.215606689453125
42.09845685958862	40.36127758026123
45.557926177978516	51.268035888671875
44.59426975250244	49.09014701843262
45.326812744140625	47.61367416381836
47.845882415771484	53.29900932312012
38.74185848236084	45.9731969833374
37.31626224517822	41.17551326751709
46.08462619781494	52.512977600097656
47.43697690963745	50.65331554412842
39.743319511413574	45.40602493286133
51.11065912246704	56.93068218231201
33.96982288360596	36.766579151153564
44.72953796386719	48.64231491088867
39.99934005737305	42.24370718002319
45.520604610443115	49.04702711105347
45.60157871246338	49.27669429779053
44.72068119049072	48.48709487915039
48.70521354675293	51.247398376464844
67.94554710388184	67.904550075531
43.6536226272583	49.008551597595215
56.310340881347656	61.8274040222168
39.25638198852539	43.41089916229248
44.91542720794678	48.3668212890625
44.37173366546631	47.589019775390625
50.79204702377319	54.218750953674316
36.12026882171631	41.153122901916504
35.883484840393066	30.200955390930176
47.074408531188965	51.78031396865845
60.67900323867798	64.38701438903809
45.42908477783203	49.756595611572266
44.806923389434814	48.43696308135986
58.537715911865234	59.243064880371094
50.21550178527832	57.09802436828613
46.20433044433594	48.56095504760742
38.234116077423096	45.90158796310425
53.03096294403076	52.11489200592041
45.05704593658447	49.679649353027344
43.424072265625	47.00869369506836
54.45273494720459	55.388086795806885
52.948143005371094	57.112342834472656
46.69309616088867	48.3478946685791
47.71099853515625	53.96444606781006
48.5594367980957	51.882164001464844
42.16259765625	45.6097412109375
57.83015823364258	62.266136169433594
55.930113315582275	57.52869272232056
50.05487251281738	54.46490478515625
49.318912506103516	56.92424392700195
32.19392776489258	39.661818981170654
43.49546813964844	47.59749698638916
43.07502794265747	44.241745948791504
45.27615976333618	49.00500011444092
63.59631538391113	63.540833473205566
37.322914123535156	41.20934772491455
47.53721618652344	53.49202346801758
49.66044330596924	51.41073274612427
48.67470932006836	54.12123489379883
50.62953329086304	55.06697130203247
54.66682195663452	58.443827629089355
47.06523609161377	48.24628448486328
45.46350574493408	51.11634635925293
44.9599986076355	49.70151329040527
44.172669410705566	45.86492443084717
32.034682273864746	30.095269203186035
50.327239990234375	50.920090675354004
49.154823303222656	51.01235389709473
63.06828308105469	63.005516052246094
39.70994567871094	45.15952491760254
38.00155735015869	44.50785827636719
51.94507074356079	51.545889377593994
46.92527770996094	50.28200912475586
25.73025345802307	26.64952850341797
49.70214223861694	52.18260622024536
47.76736831665039	50.88605451583862
40.07682514190674	45.839730739593506
45.14778232574463	48.87521409988403
52.99049520492554	57.79768466949463
35.577452659606934	39.245155334472656
47.82097625732422	49.946815490722656
53.811769008636475	59.11257457733154
43.587687492370605	46.950316429138184
46.38730001449585	46.20022964477539
46.63748073577881	49.58393096923828
40.50093078613281	45.211570739746094
49.55508804321289	48.253822326660156
52.29954385757446	51.762046337127686
55.55025672912598	56.670188426971436
40.98676300048828	43.90910339355469
42.2296142578125	44.58229064941406
39.736141204833984	48.38206672668457
43.237361431121826	45.286136627197266
49.98738241195679	51.66782474517822
45.795751094818115	50.9877290725708
55.56538438796997	58.50879764556885
52.239166259765625	55.95352554321289
37.23862600326538	41.74550485610962
43.978466510772705	47.400227069854736
57.4884295463562	63.6983528137207
57.27918291091919	61.25787305831909
42.837178230285645	41.93903732299805
54.185362339019775	55.98378133773804
58.42753601074219	62.514015197753906
53.53831672668457	52.91429901123047
47.70142364501953	49.058631896972656
46.4537353515625	50.784996032714844
45.74151039123535	49.544901847839355
42.95120668411255	48.81747579574585
46.865074157714844	49.29156494140625
43.645416259765625	47.2819938659668
47.87736511230469	51.355472564697266
48.089515209198	51.82707071304321
52.11842727661133	55.0503044128418
50.029998779296875	55.278953552246094
52.17061758041382	55.18321466445923
48.23914813995361	49.59794092178345
33.29934024810791	35.91724395751953
44.56675338745117	49.52544403076172
44.57178497314453	45.46669006347656
41.72415256500244	45.61350393295288
52.5987434387207	51.03220748901367
50.618404388427734	57.59843826293945
45.87712860107422	49.9133186340332
51.255828857421875	53.84751892089844
51.85031032562256	56.48429203033447
43.823899269104004	44.354201316833496
44.10826253890991	48.768038749694824
54.861228942871094	53.23519039154053
49.8666787147522	48.837589740753174
40.7409782409668	41.89712619781494
52.12807559967041	56.92764472961426
50.97763538360596	56.69317817687988
46.81494998931885	51.42760896682739
49.181495666503906	53.020179748535156
40.49499034881592	48.856069564819336
48.32316875457764	44.569114208221436
42.493656158447266	45.312058448791504
43.427321434020996	43.88707637786865
40.104644775390625	42.96925735473633
38.255661964416504	43.219719886779785
40.62649393081665	46.466851234436035
42.87611103057861	46.253233909606934
53.427247524261475	58.50017595291138
61.836791038513184	66.33558750152588
42.90284729003906	47.728331565856934
42.984705448150635	49.19202709197998
43.31745672225952	41.43473672866821
52.407811641693115	54.770455837249756
37.9437370300293	42.27278137207031
46.24687099456787	50.636127948760986
47.419803619384766	54.75884246826172
45.987464427948	53.16624355316162
55.64628219604492	57.32898712158203
42.03657531738281	41.24038314819336
45.21727752685547	47.79111099243164
40.74308109283447	40.37514781951904
55.295180797576904	56.69737100601196
41.86069869995117	44.037776947021484
48.90656661987305	52.56413269042969
45.104652404785156	52.85985565185547
52.492727279663086	59.868149757385254
54.70659589767456	59.872939109802246
37.58627986907959	43.1731653213501
54.21255588531494	54.84504699707031
37.708890438079834	43.55664110183716
47.456366539001465	52.93539047241211
53.37544393539429	50.502657890319824
61.054930686950684	65.37469482421875
44.908843994140625	53.847232818603516
42.19372606277466	45.53552484512329
42.8521728515625	46.65795135498047
44.27874755859375	47.33805847167969
42.91129922866821	48.36819314956665
49.14951944351196	53.56483745574951
44.413787841796875	49.77642059326172
28.514702796936035	32.11355209350586
51.553293228149414	56.12509059906006
34.03260040283203	39.9475622177124
48.1198296546936	51.81539821624756
40.23976135253906	45.87466907501221
47.500422954559326	52.264644145965576
49.404120445251465	51.58389091491699
52.665748596191406	54.89212417602539
43.0219202041626	45.811546325683594
37.0966100692749	40.53541707992554
44.38650989532471	50.865219593048096
49.16855239868164	53.32326889038086
39.2417106628418	47.25635528564453
36.68053150177002	44.671998023986816
39.509037017822266	44.73139572143555
51.5965781211853	56.001662254333496
47.096580505371094	47.75604248046875
65.23431444168091	68.81310224533081
44.64688968658447	47.68757343292236
50.40785598754883	54.768062591552734
43.48622226715088	49.725106716156006
43.408974170684814	51.10313558578491
47.83751678466797	50.4187707901001
45.93407440185547	49.10572052001953
50.555901527404785	52.43166923522949
47.0039963722229	52.42047882080078
45.384098052978516	50.54561233520508
47.24299383163452	51.03572082519531
43.22610855102539	49.55831336975098
52.01142883300781	50.12323760986328
46.7270393371582	52.61401176452637
46.894537925720215	48.0137825012207
37.76903533935547	47.241004943847656
40.24835205078125	39.33185577392578
53.53613233566284	57.48493194580078
36.13016939163208	43.09750509262085
43.774993896484375	49.643502712249756
45.52454376220703	47.94458770751953
46.58387231826782	51.40432548522949
43.01147508621216	48.17512798309326
55.83263301849365	58.240705490112305
33.80734920501709	40.18113040924072
44.776771545410156	50.970611572265625
46.8769326210022	52.068788051605225
57.92619323730469	58.00897216796875
46.957653522491455	50.76233673095703
44.63541078567505	52.37642574310303
43.45579433441162	48.9865517616272
53.179179668426514	53.97149991989136
41.90135955810547	43.45178556442261
55.98971366882324	57.864460945129395
40.06171464920044	41.87115526199341
45.386399269104004	49.26622772216797
40.12525177001953	39.92367172241211
46.356475830078125	52.64661407470703
46.718153953552246	55.494399070739746
51.21684265136719	55.72745895385742
42.36388397216797	46.59858703613281
43.64783477783203	44.238853454589844
38.215118408203125	43.85851192474365
46.650474548339844	52.196720123291016
48.94470548629761	53.96130323410034
57.68147659301758	56.823768615722656
48.83846426010132	49.58894205093384
50.829397201538086	57.15234661102295
39.06257629394531	46.70740079879761
44.063658714294434	50.61994028091431
52.20109939575195	50.296470642089844
62.41706848144531	63.39341735839844
36.854713439941406	40.58059787750244
44.109161376953125	47.798927307128906
45.06123733520508	46.94856548309326
55.64197540283203	61.019529819488525
46.28973436355591	46.62978219985962
46.189568519592285	50.56745910644531
51.07154703140259	54.87974739074707
46.4164924621582	45.201454162597656
56.983959674835205	58.515732765197754
47.45770454406738	51.68777656555176
50.42197799682617	55.87018966674805
37.484344482421875	35.806626319885254
39.236578941345215	44.210007190704346
29.010807514190674	34.81559658050537
47.79021072387695	53.1279296875
49.61135244369507	53.43408679962158
44.911194801330566	49.88712978363037
51.41799592971802	53.15823268890381
39.94854736328125	44.78309631347656
38.34040546417236	41.86644744873047
51.4860405921936	55.52349042892456
50.886600494384766	49.98159408569336
48.53020620346069	51.3236346244812
43.25918960571289	46.594696044921875
54.07085418701172	61.76847457885742
47.29428291320801	49.79227542877197
56.91883134841919	58.65255117416382
50.74077749252319	54.855347633361816
47.98756456375122	50.25137901306152
49.35546875	55.312968254089355
53.786805152893066	56.55996036529541
43.4814338684082	53.3074836730957
38.033108711242676	39.53073978424072
37.12590789794922	41.96947479248047
52.96908617019653	52.67925310134888
47.60130071640015	50.75802040100098
41.40318059921265	45.473427295684814
35.1531457901001	36.50279903411865
36.46776294708252	41.064170837402344
41.35040283203125	48.78840255737305
47.92894744873047	54.36726379394531
48.263654708862305	53.83307075500488
41.09120178222656	46.61305332183838
52.922494411468506	56.53543424606323
41.68760633468628	44.884605407714844
48.591065883636475	50.49508237838745
56.71225357055664	56.98221969604492
45.46346426010132	50.47142314910889
41.443817138671875	43.53899383544922
46.83683633804321	45.84255123138428
45.8759765625	48.32563877105713
47.095176696777344	49.98158645629883
51.60151720046997	58.54607391357422
44.390010833740234	48.37010955810547
43.671624183654785	46.351515769958496
53.18527317047119	59.401490688323975
52.66484069824219	56.49108123779297
42.20351028442383	45.13864517211914
41.95352029800415	45.83132266998291
48.66821336746216	51.829787731170654
53.00316619873047	58.617305755615234
42.32860565185547	43.81065273284912
42.264235496520996	48.71305274963379
54.5990104675293	53.891170501708984
58.2983193397522	63.66881847381592
52.56218719482422	53.44765090942383
56.27949571609497	57.43433475494385
52.69013595581055	54.88019943237305
44.850093841552734	48.49829292297363
44.71201229095459	47.763975620269775
44.784568786621094	50.19139862060547
35.333091735839844	41.77767515182495
53.42485809326172	58.86130142211914
44.76747989654541	48.09085702896118
35.31185531616211	37.55918884277344
51.854477405548096	57.84707736968994
47.90408372879028	48.09111738204956
51.42489433288574	57.41045951843262
42.98505258560181	50.50270128250122
41.12267303466797	45.898186683654785
37.62582445144653	39.52980327606201
40.158252239227295	47.59130620956421
42.23394060134888	47.14423656463623
46.412564277648926	49.43091106414795
50.34773254394531	54.96647071838379
31.717318058013916	36.17816114425659
47.526602268218994	49.4717960357666
46.924720764160156	52.00730514526367
47.92771244049072	51.8222975730896
40.69132614135742	45.86801528930664
48.1509690284729	54.831390380859375
54.179848194122314	59.18729591369629
43.06142520904541	48.24978446960449
41.488890171051025	43.73076391220093
52.05555057525635	57.68188762664795
41.01693677902222	41.860023498535156
34.847633361816406	39.628196716308594
41.41558837890625	45.39405059814453
45.83863067626953	51.73816680908203
38.9045524597168	43.94704818725586
42.27367401123047	46.285414695739746
43.69837951660156	48.626094818115234
45.83908939361572	49.1993465423584
47.23045206069946	47.81994581222534
44.084153175354004	42.47360897064209
45.11653995513916	53.270331382751465
40.77989864349365	45.02534627914429
47.7188458442688	52.704952239990234
40.870444774627686	46.99995422363281
42.91600513458252	48.94448661804199
34.26303720474243	37.418129444122314
40.32697296142578	44.401947021484375
51.30795955657959	55.73533535003662
35.36051845550537	40.58723831176758
38.851189613342285	45.655760765075684
50.18029022216797	51.167144775390625
50.27904510498047	50.557579040527344
42.63930416107178	47.55161762237549
42.363704681396484	45.90274715423584
37.100242137908936	40.59978675842285
44.77642059326172	49.41350555419922
56.65711212158203	59.79750061035156
38.6095085144043	40.77398681640625
35.18451404571533	40.226975440979004
39.19992923736572	45.504859924316406
36.942532539367676	41.43710231781006
48.95253372192383	47.84977722167969
46.35769987106323	53.927152156829834
44.185943603515625	48.597591400146484
47.03166055679321	54.51250600814819
43.88201570510864	48.24779653549194
41.888936042785645	43.85108709335327
47.57915639877319	52.19331407546997
64.11833953857422	65.45480489730835
33.86557102203369	32.74443340301514
40.82103252410889	45.068572998046875
32.533432960510254	37.46298122406006
46.252418518066406	53.6046142578125
59.01660203933716	61.61555099487305
43.049546241760254	44.497063636779785
53.00345993041992	55.1683235168457
51.66718053817749	50.831844329833984
49.575531005859375	48.674530029296875
39.77184820175171	40.15364599227905
48.12470626831055	48.12938594818115
59.37095832824707	61.45815467834473
59.099610328674316	56.834017753601074
60.34604549407959	64.07581329345703
50.722251892089844	52.35090637207031
48.981393814086914	50.60023355484009
52.025169372558594	52.14932632446289
46.28026485443115	49.40617561340332
39.18063306808472	45.824209690093994
44.45073366165161	50.39698791503906
41.25492858886719	42.70179748535156
32.20633792877197	36.017088890075684
39.7517409324646	37.454405307769775
49.97651290893555	54.45526123046875
53.24685287475586	55.27145862579346
53.76558303833008	58.56123352050781
38.221091747283936	43.23113298416138
45.77379369735718	46.546814918518066
47.16145324707031	49.340805530548096
44.43708801269531	49.59187316894531
42.93980121612549	46.97327470779419
44.58336067199707	47.0436372756958
41.94466161727905	48.613075256347656
42.059104919433594	46.18031692504883
54.441444396972656	58.80225372314453
49.824045181274414	55.311570167541504
37.91946315765381	43.05713939666748
34.51175308227539	40.44114017486572
60.791271686553955	62.76473808288574
40.16281986236572	43.86299514770508
46.1055908203125	51.23915100097656
48.71005725860596	53.86671781539917
45.584747314453125	52.60679626464844
48.43537425994873	50.52037191390991
49.25557994842529	50.26857042312622
45.139127254486084	43.66164684295654
51.88501739501953	53.68023681640625
39.64796733856201	47.20718765258789
55.658021450042725	57.87704515457153
44.2869348526001	50.02603816986084
38.83079481124878	45.12133026123047
35.93276882171631	40.087924003601074
38.62858200073242	42.182945251464844
41.41668701171875	49.88722610473633
47.61715793609619	50.88906526565552
33.040772438049316	39.408310890197754
40.6339373588562	47.07789659500122
43.41755676269531	48.56847953796387
38.26257801055908	35.398276805877686
59.78740882873535	60.92395734786987
40.22695541381836	37.81923007965088
50.35856246948242	51.25132751464844
46.96783447265625	46.53050994873047
41.38556671142578	42.26995611190796
49.45864200592041	53.80619525909424
47.31062316894531	49.70305633544922
51.238746643066406	51.953880310058594
39.58841609954834	42.74565124511719
68.19250583648682	74.42158699035645
51.567848205566406	59.208858489990234
57.10990333557129	61.29861259460449
55.670578479766846	54.108726024627686
44.34639883041382	40.90859651565552
52.6292839050293	55.70226287841797
39.1932373046875	46.5782470703125
58.350616455078125	63.23996353149414
45.33051681518555	51.249160289764404
47.49669647216797	49.873207092285156
55.80675506591797	58.74345779418945
49.9930100440979	53.427918434143066
52.443992614746094	54.51409149169922
52.83612060546875	55.63484859466553
53.86300277709961	53.78232192993164
46.17976427078247	48.50915336608887
46.26624298095703	49.910828590393066
39.235053062438965	43.51189041137695
40.75061893463135	38.436243534088135
48.48565912246704	53.140708923339844
36.972110748291016	38.789955139160156
38.09354496002197	44.23171520233154
51.85240936279297	53.50493621826172
49.1372184753418	52.20756912231445
42.0104455947876	46.392205238342285
54.79862022399902	54.60907173156738
42.66955089569092	41.185452461242676
52.910375118255615	55.121596813201904
52.4514741897583	55.50077962875366
42.483091831207275	48.159366607666016
40.80930233001709	45.902329444885254
52.36765718460083	50.747483253479004
45.82551670074463	49.23549842834473
45.93744659423828	52.195133209228516
45.96205520629883	47.879024505615234
42.91946363449097	50.6814169883728
49.37063932418823	55.66290283203125
56.40519046783447	60.92564392089844
56.217886447906494	57.58122539520264
43.51333570480347	46.210036277770996
58.81120586395264	57.69436454772949
42.524142265319824	43.80390930175781
53.15446901321411	61.54508829116821
44.697853088378906	49.05568885803223
34.34819412231445	38.277228355407715
49.5876350402832	55.137115478515625
35.90121555328369	39.01475811004639
37.167426109313965	43.541110038757324
41.08049011230469	46.021745681762695
55.455469608306885	63.72168159484863
52.77885818481445	54.19546890258789
48.33232116699219	50.81761932373047
43.94964599609375	49.66335678100586
47.341001987457275	51.60145282745361
46.850460052490234	49.88042449951172
39.230990409851074	46.752745628356934
54.36434268951416	55.75188589096069
44.36936330795288	46.66973638534546
48.40027332305908	50.82723140716553
47.469287395477295	44.59373760223389
41.36950159072876	45.58097982406616
43.95127487182617	42.3312873840332
47.888336181640625	50.59431838989258
47.744178771972656	53.26514434814453
47.03150939941406	52.91160583496094
53.380828857421875	56.84864807128906
49.85166931152344	48.78049087524414
41.996063232421875	46.33403778076172
48.25461959838867	51.7615966796875
44.052709102630615	44.27927589416504
34.57795429229736	41.872610569000244
39.91019916534424	41.69150495529175
53.417701721191406	56.67144012451172
41.638641357421875	44.26244354248047
44.72195053100586	47.139244079589844
46.12223720550537	48.371928215026855
36.09504842758179	40.33888387680054
46.506521701812744	53.912972927093506
42.949828147888184	47.57464599609375
