44.637840270996094	33.909461975097656
60.82219314575195	61.00641632080078
66.16693353652954	58.982818603515625
58.98917007446289	55.49385070800781
62.46239471435547	60.392574310302734
64.36360836029053	57.60498046875
56.89872121810913	49.743454456329346
59.61957550048828	64.48652648925781
64.36773777008057	62.08700656890869
55.12074279785156	53.10841369628906
68.1295337677002	73.43804740905762
65.46560764312744	57.60951519012451
86.85343647003174	84.83697509765625
74.93019104003906	69.0443115234375
53.400914669036865	48.89427995681763
57.41892766952515	59.4803524017334
57.80083465576172	52.834869384765625
60.181732177734375	62.40325164794922
68.52979230880737	64.83665657043457
69.20977115631104	63.23334217071533
48.93318176269531	46.131778717041016
49.18033456802368	48.688801288604736
51.64280605316162	45.24648857116699
77.85438537597656	66.46174621582031
44.860143184661865	42.19253396987915
46.30329132080078	38.998695373535156
60.15534973144531	59.77165222167969
69.10235595703125	66.24804782867432
73.40945243835449	67.64177799224854
54.29924774169922	46.52655792236328
51.04540300369263	47.20815324783325
66.54934883117676	61.52881145477295
52.547019958496094	51.343875885009766
76.25774192810059	72.17146301269531
59.43496513366699	53.535512924194336
68.49668979644775	63.45536708831787
39.04987573623657	37.77559757232666
43.200531005859375	43.83284378051758
54.45768737792969	50.91756820678711
58.51636505126953	59.23869323730469
71.98104333877563	74.05554437637329
76.02821350097656	73.3072566986084
65.17444086074829	63.03664588928223
35.09639072418213	33.59694051742554
53.47652053833008	53.292640686035156
46.29929733276367	44.22588348388672
64.06293487548828	60.269447326660156
85.0783371925354	79.94687080383301
50.57831954956055	49.37090301513672
82.97112274169922	75.53530883789062
68.42528486251831	65.20644950866699
56.26457977294922	56.02109146118164
56.27473449707031	52.587318420410156
49.022156715393066	45.86424398422241
60.343523025512695	60.82810592651367
83.82939720153809	82.7779598236084
37.10421371459961	30.897403717041016
76.65115642547607	69.63920545578003
93.55634498596191	81.81205892562866
74.3478012084961	67.35110664367676
75.42795753479004	65.07772922515869
49.567856788635254	47.35563659667969
41.33563566207886	37.16698217391968
65.63280487060547	63.76936483383179
57.207763671875	55.62541961669922
49.37779998779297	39.97850036621094
39.091171741485596	38.31588697433472
43.11763906478882	43.08104610443115
59.494300842285156	62.307289123535156
52.01408004760742	46.537437438964844
75.00925970077515	71.59921312332153
53.018714904785156	56.32606887817383
61.17228698730469	57.79365539550781
64.91986083984375	64.45272064208984
55.287437438964844	43.51251983642578
51.012184143066406	45.48838806152344
50.79306602478027	45.8104944229126
66.82968139648438	60.99529266357422
52.704833984375	44.19306564331055
51.41077423095703	52.501346588134766
59.92634725570679	50.6581392288208
78.73324775695801	76.83116722106934
60.246899127960205	56.320475578308105
56.55698299407959	54.430880546569824
80.30360412597656	76.93953895568848
66.38402509689331	61.12964200973511
59.537757873535156	55.83404541015625
97.88283443450928	86.79347515106201
49.4139461517334	48.43059253692627
60.598350048065186	52.95544910430908
85.04367542266846	85.01465606689453
63.04423809051514	62.494001388549805
52.144378662109375	52.35328674316406
49.960896492004395	50.20428466796875
46.02259063720703	41.84575271606445
43.20812511444092	38.49276685714722
68.21240329742432	67.34854316711426
61.39380645751953	61.73861312866211
76.88559150695801	74.31084251403809
38.07190942764282	38.0260272026062
65.20707702636719	62.61977767944336
67.90029191970825	68.30332326889038
55.772056579589844	52.93074035644531
67.91931295394897	59.08033561706543
36.27749586105347	31.956148624420166
38.19016981124878	33.81415843963623
64.7843246459961	64.70581817626953
48.104454040527344	46.65142822265625
70.04251098632812	64.47244262695312
65.59462070465088	65.05980491638184
52.92835235595703	45.75611686706543
57.393775939941406	59.351165771484375
62.94899940490723	55.8294939994812
45.16850280761719	41.41675567626953
81.85122585296631	72.77537727355957
86.00981712341309	78.52054023742676
62.185988426208496	57.07399225234985
45.40558862686157	45.41317892074585
59.353729248046875	54.65809631347656
43.426541328430176	42.41012620925903
46.20415496826172	48.533156871795654
74.64405679702759	66.17788076400757
68.57823944091797	62.10327959060669
59.900848388671875	61.66010284423828
57.31718444824219	57.58784484863281
61.95195388793945	62.661842346191406
47.85384750366211	46.090118408203125
63.726868629455566	58.382062911987305
60.09824466705322	66.52867984771729
50.333980560302734	46.93030548095703
57.08995819091797	51.698265075683594
51.45091390609741	49.178802490234375
63.650373458862305	58.57885694503784
67.19313049316406	69.99563598632812
44.18357849121094	40.565162658691406
58.652578353881836	53.381011962890625
62.77242660522461	57.08693981170654
47.15948295593262	45.3701491355896
67.91854906082153	63.43103742599487
69.16218423843384	66.03463840484619
74.03048515319824	69.60604190826416
84.6229248046875	79.10671710968018
55.642311096191406	53.266998291015625
69.08556461334229	63.71230125427246
66.99852132797241	55.23577308654785
62.23739433288574	57.24993181228638
47.50571060180664	43.335140228271484
37.428059577941895	36.2944221496582
49.97807693481445	48.57219171524048
63.890132904052734	67.2625503540039
48.55633497238159	48.62137985229492
65.95841407775879	59.776015281677246
45.483177185058594	44.12149715423584
53.308006286621094	51.691795349121094
101.42073249816895	103.51943874359131
51.01141357421875	51.25043487548828
54.82978820800781	48.179893493652344
68.02963256835938	60.57784080505371
64.39384365081787	67.44105291366577
53.022037506103516	55.93550491333008
56.41332149505615	51.63677215576172
50.109041690826416	48.149728775024414
68.09399223327637	60.85031175613403
34.40152835845947	34.85003995895386
59.07512283325195	56.632301330566406
39.47898769378662	39.136239528656006
67.01961612701416	68.92541551589966
64.65135192871094	54.554986000061035
59.88683319091797	64.79654693603516
56.122467041015625	60.736595153808594
66.06652021408081	59.45091390609741
58.40980005264282	51.50828552246094
63.74854230880737	57.50408935546875
62.30777978897095	64.00676822662354
57.82228469848633	51.57444953918457
75.22313833236694	68.9262547492981
69.74994850158691	61.800940990448
40.60092258453369	36.48257398605347
47.394389152526855	45.726059913635254
61.891676902770996	60.118526458740234
64.004150390625	56.658202171325684
67.36298418045044	58.23177909851074
69.76485300064087	67.52522134780884
74.49024200439453	68.67006731033325
61.07135772705078	59.955322265625
60.99064350128174	57.606863021850586
75.89364051818848	69.17562675476074
44.017784118652344	40.70486068725586
55.080174922943115	52.78277063369751
59.68385410308838	59.027687072753906
58.01861763000488	59.592390060424805
62.12090301513672	62.744483947753906
63.23418617248535	57.443132400512695
61.679975509643555	57.63404130935669
59.976154804229736	54.60574150085449
59.98654890060425	54.92437505722046
74.08944511413574	67.80474185943604
62.36752653121948	54.793813705444336
66.5920352935791	62.89485454559326
71.59950160980225	61.84395885467529
47.17883348464966	47.0858473777771
75.68761253356934	72.72935485839844
68.48699998855591	75.90636348724365
49.65987014770508	44.86183166503906
53.51007080078125	56.07330322265625
66.18205070495605	61.735891819000244
47.3473014831543	44.994720458984375
61.74477767944336	59.58893394470215
64.59127902984619	63.14702033996582
56.23064041137695	55.64982604980469
49.689674377441406	42.75785827636719
56.34563684463501	57.13680696487427
61.36150360107422	60.53095817565918
66.40267372131348	61.82219982147217
64.13862562179565	58.50888776779175
69.18482303619385	68.07366847991943
62.981760025024414	60.21666955947876
64.12067413330078	60.81405544281006
47.41673469543457	44.997249126434326
45.2034010887146	46.93053340911865
81.0417423248291	75.9215145111084
57.761539459228516	57.125518798828125
63.38355255126953	61.21951675415039
50.61916732788086	47.334877014160156
53.92041015625	46.16852569580078
71.24390459060669	68.88308000564575
61.18150329589844	63.49169158935547
70.06911277770996	61.00705146789551
58.00697994232178	60.63305139541626
50.381385803222656	42.89065170288086
70.53565979003906	67.56046295166016
67.24515438079834	60.09936332702637
43.559378147125244	39.49382781982422
66.62207126617432	60.88053226470947
52.259872913360596	48.748865604400635
106.09443759918213	101.16162776947021
66.42574310302734	65.50366401672363
73.23178768157959	68.51703643798828
75.41384696960449	65.73846244812012
43.480063915252686	41.8858118057251
58.97685241699219	57.48389434814453
55.4638557434082	51.163204193115234
45.481475830078125	45.776214599609375
69.04284524917603	69.0524582862854
67.47550868988037	66.57085180282593
81.38594150543213	80.56592273712158
61.15045166015625	55.650567054748535
67.78501796722412	63.309325218200684
35.71491289138794	35.44994354248047
67.8228006362915	59.0032639503479
47.87005805969238	46.795105934143066
73.51978206634521	70.95336389541626
37.56046676635742	34.158512115478516
53.764366149902344	50.389259338378906
54.514427185058594	59.42631530761719
61.926584243774414	55.14519166946411
48.08152389526367	47.22022247314453
45.74019908905029	40.64750576019287
54.44381332397461	55.765472412109375
45.86622619628906	37.09514617919922
65.34128522872925	60.36724662780762
51.73174285888672	48.32659912109375
56.97136831283569	51.59971475601196
49.29383850097656	44.64409637451172
78.88918876647949	79.81333923339844
66.16273260116577	62.182836055755615
69.20940399169922	65.37146091461182
65.99975681304932	60.10772895812988
86.55304527282715	82.71575689315796
37.41501188278198	35.86831760406494
48.27080535888672	41.59168243408203
47.93499755859375	46.829898834228516
73.58094215393066	65.76847648620605
37.439796447753906	34.562339782714844
56.33120059967041	49.523024559020996
72.29575538635254	63.839223861694336
37.64894247055054	36.31031036376953
74.927077293396	73.4482192993164
52.71858596801758	51.94049835205078
55.47819519042969	55.5679931640625
40.43507099151611	37.732879638671875
69.79141235351562	61.361703872680664
62.360097885131836	59.439918994903564
58.57740640640259	55.85473680496216
62.30610179901123	60.42836666107178
43.487677574157715	41.4094557762146
34.65392732620239	33.49727201461792
37.19428253173828	27.614540100097656
47.85137176513672	41.954429626464844
90.1978087425232	81.59330654144287
55.21930694580078	54.49994659423828
37.79105520248413	36.268914222717285
54.85097408294678	46.103057861328125
72.9532527923584	68.1811695098877
46.28639316558838	46.326016902923584
40.480449199676514	40.83430576324463
59.71897268295288	59.55685377120972
52.038451194763184	52.01465463638306
77.40623617172241	71.61860466003418
45.85325574874878	43.75005340576172
64.97633934020996	63.25871467590332
53.627098083496094	49.13334655761719
52.5701208114624	51.17613172531128
35.18648958206177	33.200522899627686
48.188944816589355	52.4033989906311
47.10908317565918	42.945908546447754
40.569015979766846	40.66405153274536
61.981361389160156	55.45655107498169
50.834983825683594	44.67393493652344
54.00224018096924	50.13558912277222
42.12209224700928	42.93633985519409
80.8505687713623	77.02605628967285
62.64835834503174	56.17367744445801
48.43305206298828	47.748512268066406
58.87558650970459	52.38060665130615
38.389453411102295	34.96453857421875
52.75025177001953	42.654335021972656
58.10905456542969	62.7055549621582
74.80792760848999	76.04725503921509
70.87838172912598	65.82403564453125
52.24693298339844	50.141258239746094
47.74204397201538	42.76433992385864
41.023776054382324	41.73289108276367
62.768630504608154	62.63925361633301
63.70654821395874	57.816100120544434
63.86498498916626	68.2507872581482
86.32829427719116	73.09719228744507
69.1869888305664	65.45162391662598
78.67310571670532	66.87856531143188
65.11749458312988	58.90081787109375
51.49658918380737	50.23746156692505
62.88917541503906	62.346458435058594
70.33559274673462	64.70853281021118
75.88505744934082	67.94376945495605
68.74971199035645	67.72427558898926
66.94494724273682	61.41329288482666
67.13608741760254	67.47392177581787
66.95820808410645	65.31933784484863
51.94002914428711	46.47737121582031
42.945743560791016	40.608272552490234
59.885101318359375	59.25300598144531
74.56398010253906	58.169593811035156
62.2175931930542	54.31399440765381
65.04623222351074	65.30962371826172
47.63983917236328	41.904380798339844
51.963748931884766	50.41518020629883
70.0760407447815	68.03451490402222
45.95464324951172	45.88397026062012
76.6641755104065	73.74905633926392
59.1486611366272	52.469093799591064
38.28492498397827	37.0738959312439
66.95833683013916	65.60377597808838
58.9656982421875	57.38585662841797
77.77500915527344	75.61435890197754
68.1778736114502	63.008851528167725
75.51136207580566	74.8047924041748
43.3532018661499	42.95508861541748
36.431227684020996	32.836976528167725
90.85384941101074	91.2875747680664
59.77825927734375	56.23768758773804
47.52386426925659	43.07377910614014
58.67026233673096	51.65066385269165
80.83817481994629	81.41073417663574
47.147552490234375	49.30228805541992
39.164361000061035	39.94709253311157
54.530555725097656	50.23821258544922
54.91923141479492	52.3690185546875
67.4706883430481	64.22048950195312
63.44966697692871	54.186492919921875
57.99430465698242	62.06105041503906
70.10466957092285	68.06626796722412
43.96306896209717	44.67352247238159
55.05437421798706	51.675546169281006
56.05696678161621	53.944053649902344
51.272518157958984	49.99054718017578
62.659730434417725	56.50084829330444
59.22003936767578	62.18697738647461
58.65110397338867	64.92412567138672
48.669700622558594	37.689430236816406
29.089888095855713	25.065113067626953
70.53206777572632	66.37034797668457
62.29642868041992	59.39658737182617
55.7171106338501	48.81974220275879
48.32311201095581	48.434513092041016
66.70694589614868	55.65922737121582
62.76901435852051	57.18714189529419
57.95389652252197	47.6654577255249
57.4815788269043	55.1757698059082
59.19221496582031	58.60483932495117
89.89364433288574	86.6312484741211
36.75664567947388	29.173628330230713
63.82553243637085	60.5950026512146
88.64831733703613	90.34074592590332
39.40806818008423	35.06699085235596
66.04730272293091	59.0356822013855
59.22626495361328	56.64376449584961
64.63380432128906	60.58901596069336
53.286643981933594	45.159942626953125
29.086089611053467	25.065099716186523
60.79918670654297	57.62279510498047
63.30664825439453	62.447166442871094
73.85057735443115	66.41341161727905
60.676743507385254	59.8095703125
78.12320899963379	71.24306344985962
63.724656105041504	62.547974586486816
48.37199401855469	43.88090896606445
64.36789655685425	62.92656755447388
59.728193283081055	51.54990196228027
55.587979316711426	43.757991313934326
69.89214420318604	67.76344299316406
69.19608402252197	69.84797430038452
92.86970615386963	84.21809434890747
37.42002868652344	31.174333572387695
64.43612480163574	57.08624267578125
54.41214179992676	49.04504585266113
67.1578140258789	66.59156036376953
42.74676275253296	41.1220326423645
74.55338287353516	70.7464599609375
72.83834838867188	61.40801811218262
66.7020206451416	61.842041015625
54.57060623168945	58.71311569213867
57.471561431884766	52.63129234313965
54.33300018310547	50.89622497558594
82.49681854248047	70.02445220947266
36.51133632659912	38.853299140930176
43.60350799560547	42.845112800598145
68.53344917297363	65.97275733947754
65.12940406799316	60.475144386291504
60.65245771408081	55.12149381637573
81.74629783630371	74.77093505859375
30.797597408294678	28.63307523727417
52.43459701538086	45.513519287109375
41.74488401412964	44.403225898742676
69.84726095199585	66.93499517440796
79.1981029510498	72.16580390930176
36.260085582733154	35.65357303619385
82.91609716415405	69.86393547058105
59.59457302093506	59.353453159332275
42.5142240524292	42.016966342926025
49.98799133300781	43.32115173339844
58.57310485839844	56.1314582824707
45.403045654296875	39.411319732666016
51.93489456176758	45.26708221435547
43.97691345214844	42.96070861816406
47.99446105957031	46.5234375
70.13734340667725	60.122270584106445
66.354576587677	64.68689918518066
50.87333059310913	50.478121280670166
87.57234001159668	81.80889749526978
48.42021179199219	40.247344970703125
58.9428391456604	48.79061794281006
59.26969528198242	61.05315017700195
51.25436782836914	49.24961853027344
70.86972999572754	63.785449504852295
88.10123920440674	82.17352867126465
87.8753662109375	88.21026086807251
65.57322120666504	67.47072744369507
71.93971157073975	70.4688549041748
91.74416542053223	78.89795780181885
82.84083366394043	74.02417945861816
63.162903785705566	54.87337589263916
41.764564037323	34.30307149887085
61.3180832862854	51.26317262649536
64.90813446044922	64.22393798828125
52.48977470397949	52.96305799484253
65.83233547210693	63.95460033416748
68.41548919677734	63.706865310668945
72.12448930740356	62.42218017578125
65.47868299484253	56.51695919036865
60.137062072753906	59.260337829589844
71.22017860412598	63.67264747619629
45.87066602706909	44.909836292266846
49.622650146484375	42.39170837402344
65.49388980865479	52.0418176651001
52.90108871459961	52.967315673828125
66.3302230834961	59.17746067047119
68.2430362701416	65.67829942703247
64.69417572021484	58.34462642669678
63.658647537231445	63.48317527770996
55.49379348754883	52.624263763427734
58.749813079833984	62.017333984375
54.68507385253906	52.49717712402344
84.58404731750488	77.28315734863281
69.53314018249512	67.4175853729248
61.810598373413086	62.35753059387207
60.0277099609375	61.27300262451172
59.90089797973633	57.844505310058594
79.12301445007324	70.41504669189453
74.04180240631104	71.21504974365234
65.37545013427734	59.70330047607422
37.49752712249756	37.597145557403564
65.05352783203125	65.1016674041748
71.68697357177734	68.6324691772461
40.11515712738037	37.465203285217285
76.78184509277344	72.97387599945068
45.27717971801758	43.89674377441406
82.95212650299072	78.34255838394165
51.1326789855957	48.32157516479492
66.2878646850586	66.37788391113281
46.102495193481445	40.56260061264038
63.65942859649658	65.07735586166382
59.46092176437378	62.794302463531494
60.78296756744385	62.285133361816406
52.46104049682617	47.64891052246094
38.06640863418579	35.43314743041992
83.38247156143188	78.11844825744629
57.37152814865112	56.641623973846436
46.21855115890503	42.34545183181763
61.71332931518555	63.06153869628906
73.96904039382935	70.4159779548645
84.35005855560303	73.78429365158081
52.944780349731445	56.21958589553833
62.458940505981445	54.93728828430176
61.6641058921814	58.30929660797119
65.05465793609619	64.34195852279663
61.89650058746338	56.93308353424072
66.87266635894775	57.12554216384888
37.17345094680786	38.892258644104004
45.571887493133545	44.35177278518677
47.000152587890625	43.076744079589844
62.10648965835571	54.37981367111206
74.57171487808228	65.23237419128418
73.832106590271	75.16493797302246
70.84747314453125	63.84542942047119
75.74841451644897	70.23292541503906
49.16343832015991	45.33281660079956
37.665648460388184	36.60647535324097
68.4241714477539	64.63155364990234
77.90002536773682	67.7415771484375
56.272518157958984	50.7258415222168
62.22705841064453	65.04928588867188
64.08841133117676	56.05401039123535
61.980751037597656	56.13993835449219
70.42395114898682	69.42532539367676
54.00914764404297	52.531883239746094
62.9460563659668	62.7502326965332
69.0087890625	60.84359169006348
65.41932582855225	60.51790237426758
55.22613525390625	50.876145362854004
72.9554271697998	73.58103275299072
81.72018241882324	75.83852577209473
75.38487434387207	73.14002466201782
42.90458345413208	41.3035888671875
52.752052307128906	49.02644348144531
58.191688537597656	62.90793228149414
59.02253723144531	60.716224670410156
70.379319190979	64.7710862159729
50.18806600570679	45.87281656265259
84.68625020980835	71.88042449951172
93.39624977111816	86.56016540527344
75.04134178161621	62.29732036590576
71.42674446105957	68.24704170227051
60.051363945007324	57.04838418960571
56.5129280090332	52.59274673461914
68.57657432556152	58.38511848449707
64.97789096832275	61.9306697845459
60.99931335449219	62.281455993652344
62.43681716918945	63.93452453613281
69.22922611236572	63.313565254211426
62.39887237548828	58.886924743652344
60.05461263656616	52.444005489349365
61.18603277206421	53.894805908203125
92.72958040237427	89.02621507644653
59.25553894042969	57.967674255371094
60.60014724731445	61.8658447265625
107.42451667785645	102.1985650062561
45.30449676513672	39.83864974975586
59.254353046417236	57.2382287979126
63.22500705718994	59.09261703491211
45.83164310455322	41.03499460220337
58.42158508300781	53.97182083129883
57.31645059585571	56.880799770355225
76.26200866699219	70.06114196777344
45.29740905761719	42.33680725097656
49.88555908203125	45.08768844604492
43.571739196777344	43.88605499267578
64.29144287109375	64.3106517791748
59.35495853424072	60.66390514373779
63.959157943725586	58.704328536987305
50.37036895751953	46.59822463989258
63.925537109375	58.4620361328125
66.12562656402588	56.778197288513184
46.360984802246094	39.91258239746094
68.19261074066162	62.886343002319336
63.32322120666504	63.58174753189087
68.84140968322754	65.58650016784668
35.31835174560547	32.852951526641846
40.47476816177368	41.166035652160645
80.81529140472412	77.7632303237915
49.533321380615234	50.68257141113281
62.6478385925293	56.12655162811279
51.90329360961914	45.94769096374512
77.735764503479	78.08256816864014
55.607304096221924	54.18304681777954
68.8617992401123	61.652517318725586
74.49707984924316	74.80476379394531
41.61537408828735	40.481675148010254
36.98078966140747	36.82211446762085
54.46733474731445	56.805830001831055
99.00378704071045	94.88444328308105
66.45067358016968	60.345685958862305
58.034939765930176	51.931023597717285
57.531211853027344	61.36026906967163
73.50561332702637	67.35322380065918
70.20765781402588	65.66995143890381
53.33604431152344	47.139686584472656
69.0332202911377	71.56482028961182
76.28895425796509	68.07588052749634
68.91578531265259	64.59579467773438
65.76888084411621	62.90947437286377
70.26670169830322	64.17393207550049
69.38335275650024	62.02698469161987
50.837005615234375	47.14558792114258
66.01012516021729	64.77310752868652
57.66336107254028	59.305495262145996
57.76424789428711	55.6649169921875
70.34978485107422	65.77494049072266
75.91179656982422	73.91844749450684
54.137027740478516	53.90439224243164
52.236488342285156	52.57957458496094
39.531508922576904	38.296120166778564
69.44398498535156	70.36315727233887
63.68751049041748	60.043087005615234
85.86832237243652	85.20275688171387
85.98235130310059	77.59677314758301
86.69780158996582	81.89310932159424
51.91147232055664	49.1824951171875
68.33988189697266	67.11906433105469
85.92045593261719	83.59664154052734
75.50694561004639	72.48412847518921
57.60948944091797	53.981773853302
63.40235233306885	60.16872310638428
53.42499017715454	55.937692165374756
60.7654128074646	55.08108043670654
55.54698944091797	57.71356964111328
79.14604187011719	68.53186130523682
40.76169729232788	41.811748027801514
60.724040508270264	54.065553188323975
73.84015083312988	70.81775665283203
61.31142282485962	54.73961591720581
56.86836242675781	53.608384132385254
57.412851333618164	52.816823959350586
59.018836975097656	59.674224853515625
44.42094326019287	44.212120056152344
52.65542507171631	52.186875343322754
68.95983123779297	65.00582313537598
72.22222328186035	63.32209539413452
59.10223960876465	49.7554235458374
52.92641830444336	48.192047119140625
62.81221103668213	61.5672025680542
86.09396457672119	70.41767740249634
45.351181507110596	40.93832349777222
68.76396179199219	62.13387966156006
59.84490489959717	54.44572305679321
55.47242736816406	53.02454376220703
52.53731155395508	44.34614562988281
39.79360103607178	40.20078992843628
81.19618272781372	68.55320501327515
55.060462951660156	46.80583953857422
60.39294242858887	55.84599018096924
81.13594245910645	76.84316730499268
94.474196434021	87.47323751449585
84.28989601135254	77.43771171569824
74.03628158569336	63.04221153259277
34.54591751098633	31.945560932159424
65.2243881225586	66.32395935058594
66.43422937393188	56.2493839263916
63.46804761886597	62.85855960845947
45.39720153808594	39.411354064941406
70.46479892730713	66.66479682922363
50.567169189453125	49.75421953201294
69.96210479736328	62.74435758590698
49.328895568847656	40.26552963256836
71.66935205459595	69.7493748664856
64.62289333343506	56.69058322906494
67.57338953018188	64.54849338531494
60.524147033691406	61.38233947753906
61.90398406982422	55.50578308105469
95.20779132843018	93.98208618164062
50.28535318374634	50.8707971572876
59.980751037597656	55.331275939941406
42.737380027770996	42.01008701324463
73.94979953765869	68.5616683959961
95.51867485046387	89.40549755096436
69.75014686584473	68.44521999359131
66.5925521850586	64.43782806396484
59.002671241760254	51.9083309173584
66.46080732345581	60.9834771156311
80.97312927246094	76.42407417297363
62.35441589355469	59.15643310546875
68.44280242919922	69.78092193603516
65.09532022476196	66.42862701416016
86.69837951660156	82.25419902801514
62.9440975189209	55.0014066696167
46.936461448669434	48.91182041168213
61.471673011779785	58.55779838562012
57.788856506347656	60.39198303222656
75.65228462219238	67.24917697906494
77.69948387145996	75.18637275695801
39.91973543167114	36.971734046936035
51.682373046875	49.08059310913086
47.937058448791504	45.44357347488403
49.44199562072754	46.49594736099243
67.83646488189697	65.03934574127197
60.840744972229004	58.09348106384277
66.07715606689453	65.23686981201172
63.847496509552	56.73742389678955
46.20719909667969	47.251638889312744
61.018409729003906	57.93082237243652
69.69122314453125	62.753721714019775
63.87026309967041	58.25233554840088
38.532333850860596	38.04119110107422
68.5751724243164	70.85342216491699
61.98478174209595	54.070037841796875
42.977906227111816	41.66443490982056
63.613951206207275	61.86100101470947
41.1532883644104	39.83018398284912
44.87844705581665	44.31282329559326
79.53723335266113	68.38720464706421
51.04741668701172	41.514007568359375
73.95130157470703	74.07681465148926
66.98420906066895	62.92655897140503
53.58589172363281	54.536399841308594
76.0928726196289	76.08003759384155
60.32742118835449	52.601457595825195
50.49610137939453	44.567413330078125
64.83838033676147	62.502426624298096
71.05368232727051	67.6732406616211
58.33039855957031	59.0872278213501
53.749568939208984	46.886531829833984
71.21748924255371	65.58860778808594
65.65747261047363	66.13640785217285
61.408703327178955	50.0984673500061
58.077919006347656	55.36013746261597
59.87853240966797	64.20320892333984
63.70096969604492	62.6788330078125
51.67977523803711	51.02573776245117
58.629512786865234	56.397342681884766
41.17311191558838	40.23870134353638
67.22033786773682	62.988365650177
62.54770278930664	63.574684143066406
53.79345703125	49.61437797546387
74.20719909667969	74.17634010314941
66.70945644378662	65.67375183105469
72.3257007598877	63.52541542053223
63.23479461669922	64.63591003417969
95.71030139923096	90.72364521026611
43.65377950668335	42.47634935379028
76.76598930358887	76.34213447570801
59.67866516113281	54.984439849853516
49.94500732421875	43.13993453979492
89.69119262695312	90.01790428161621
54.62861633300781	53.701271057128906
62.98667907714844	60.937066078186035
57.71706771850586	52.588836669921875
47.170475006103516	48.161582946777344
54.225069522857666	46.379990100860596
57.791579246520996	54.787535190582275
30.56377363204956	30.658929347991943
57.146299839019775	55.71022367477417
65.96682739257812	65.98571014404297
49.024967193603516	45.49000930786133
57.87305402755737	64.80374908447266
86.65085792541504	78.80156135559082
53.42756652832031	51.1955451965332
52.28268051147461	53.22282791137695
68.82887840270996	66.51568412780762
39.51567077636719	42.529688358306885
47.79655838012695	41.961265563964844
69.59464073181152	62.965375900268555
50.357261657714844	38.90793991088867
75.24666833877563	71.81585597991943
44.54592275619507	41.242783069610596
72.55200290679932	64.27864122390747
45.09538793563843	45.722134590148926
65.42269134521484	59.421804428100586
69.10422468185425	67.41519927978516
56.22410583496094	58.66215515136719
75.11604166030884	69.87435245513916
60.27641677856445	56.32079315185547
59.646934032440186	56.76146936416626
44.47489929199219	36.789405822753906
58.83101272583008	59.70970153808594
53.74187469482422	50.1716423034668
60.21382141113281	55.699058532714844
66.04983472824097	66.29058122634888
44.326698780059814	41.22927141189575
56.02939796447754	56.00191068649292
42.068883419036865	38.88527250289917
67.64205837249756	57.20688772201538
70.24970483779907	60.414597511291504
74.0837459564209	67.35921621322632
71.56586408615112	68.32599592208862
72.51780796051025	69.24595499038696
54.63981628417969	49.31228828430176
53.55445098876953	45.278839111328125
53.446197509765625	48.776100158691406
74.80699920654297	67.12474060058594
52.72749137878418	53.422101974487305
72.66532516479492	64.88327121734619
64.96846961975098	65.86067390441895
57.849632263183594	53.61897659301758
65.55373191833496	60.80063819885254
66.822594165802	58.3025164604187
37.743160247802734	34.15510416030884
97.58955669403076	96.76489162445068
56.350494384765625	57.926018714904785
67.08731174468994	61.34404182434082
43.78414535522461	35.80525588989258
64.06600952148438	59.96227264404297
119.00225830078125	112.35140991210938
72.69250774383545	66.65660190582275
59.06821823120117	59.141883850097656
66.03320217132568	58.57015657424927
57.65699768066406	57.045860290527344
44.922303199768066	39.96392869949341
60.972869873046875	63.44634246826172
53.75727844238281	52.26080322265625
50.69227981567383	46.279090881347656
64.21133279800415	61.15546417236328
60.52187490463257	56.35561466217041
43.476645946502686	40.31744146347046
49.501251220703125	49.20220184326172
63.53400802612305	61.12431335449219
52.75176239013672	50.8170051574707
65.73138570785522	63.82256269454956
61.86581802368164	66.482177734375
69.86068725585938	65.31687927246094
94.32653188705444	96.81259632110596
80.19412231445312	74.80378913879395
65.89175224304199	56.827096939086914
56.621500968933105	52.64285373687744
88.14035654067993	85.17886161804199
68.39066934585571	69.81341600418091
67.6809139251709	72.55824279785156
62.5367431640625	60.565452575683594
70.41039419174194	65.03169822692871
33.57204008102417	31.24607229232788
37.19768524169922	27.614532470703125
68.40898036956787	68.46165657043457
61.19088363647461	61.489524841308594
62.69197082519531	61.55699157714844
84.83901786804199	78.31336784362793
45.585784912109375	40.12353515625
52.756287574768066	46.658793926239014
61.20378017425537	56.47395610809326
82.1462574005127	77.0082950592041
35.44636869430542	38.185710430145264
69.11009788513184	59.86620569229126
62.61822509765625	51.762032985687256
37.65867567062378	36.606465339660645
65.7653660774231	64.1513671875
102.69757127761841	99.86456394195557
89.64016962051392	88.298415184021
82.22103643417358	72.04774570465088
69.46764945983887	64.39384460449219
81.78599739074707	71.31404113769531
61.819175720214844	59.609456062316895
56.041099548339844	53.89342498779297
55.16944742202759	51.30802774429321
59.255680084228516	60.357521057128906
53.95553112030029	50.966148376464844
49.247880935668945	45.28567457199097
55.83045959472656	51.32500457763672
69.25909566879272	63.88249397277832
85.65570831298828	76.7782974243164
71.73612356185913	69.87318277359009
49.726722717285156	45.63465881347656
62.16587162017822	59.41586494445801
57.740235328674316	49.384737968444824
49.79784536361694	48.10214900970459
60.128150939941406	66.10741424560547
41.59293746948242	38.68770217895508
54.79326009750366	53.09038782119751
84.69316291809082	75.92715454101562
42.07475137710571	40.55160570144653
65.77171325683594	61.52863025665283
59.60014343261719	54.80393409729004
78.11375427246094	75.48184204101562
52.105037689208984	49.04595947265625
48.75690841674805	40.10084533691406
65.51264142990112	56.388102531433105
62.470970153808594	64.50592041015625
125.36749649047852	121.6697187423706
79.81051397323608	72.08819341659546
67.8631591796875	58.49324703216553
56.112064361572266	58.17851257324219
64.44574069976807	60.14526700973511
73.94378662109375	75.90188503265381
91.43746137619019	87.09263324737549
41.30294132232666	39.30074596405029
62.35961723327637	60.65155220031738
53.0811882019043	51.55075454711914
77.79251289367676	81.82393455505371
47.374699115753174	37.48361825942993
53.26633071899414	52.85273742675781
37.6019172668457	34.487220764160156
50.067195892333984	44.80377960205078
49.04569864273071	40.41275405883789
41.19469118118286	37.90510654449463
54.12718200683594	45.888519287109375
60.77256727218628	55.9246883392334
57.78153991699219	59.432647705078125
56.90713405609131	56.77826404571533
75.86018466949463	75.74935865402222
61.03572177886963	53.94707679748535
58.13822793960571	51.778603076934814
67.9624342918396	67.62410688400269
40.09877824783325	40.60441064834595
101.56709289550781	98.40953826904297
56.14509963989258	53.574668884277344
79.19493627548218	70.22085618972778
78.03436040878296	77.64915227890015
62.9893798828125	65.81410217285156
84.12895727157593	73.78880977630615
64.24146270751953	63.52561950683594
79.53025245666504	72.57472229003906
66.32038164138794	58.266433238983154
59.74194526672363	58.95790100097656
59.45835876464844	57.144073486328125
62.2919397354126	57.965824127197266
75.51893711090088	66.37403964996338
65.33805847167969	60.90945243835449
62.83059310913086	59.850860595703125
52.13603210449219	48.53661060333252
99.05780267715454	98.00054740905762
58.739200592041016	62.65760040283203
66.76835060119629	60.163869857788086
64.57944345474243	53.1577091217041
59.97036552429199	55.15911340713501
62.20077466964722	53.15219688415527
47.764686584472656	39.0618782043457
87.5938138961792	87.33849430084229
83.81199645996094	82.2063217163086
102.29074621200562	92.30987548828125
82.56012153625488	74.4832124710083
55.36343002319336	55.673194885253906
58.995391845703125	59.45356369018555
72.60944080352783	70.7249207496643
55.72747230529785	49.35811996459961
60.716041564941406	61.92005920410156
67.39181470870972	62.657278060913086
56.07766914367676	52.40607261657715
57.70195007324219	51.628387451171875
59.170613288879395	53.9898681640625
66.23489379882812	58.13483238220215
69.86952781677246	67.3934497833252
38.73455476760864	34.617738246917725
61.72493362426758	61.20149230957031
63.75911569595337	58.90815782546997
56.495909214019775	56.940104484558105
52.250075340270996	52.53170299530029
74.37528419494629	68.42718315124512
54.05988311767578	58.51476287841797
53.66685485839844	45.68489074707031
56.757954597473145	48.06157636642456
44.898284912109375	40.403892517089844
45.837982177734375	43.16086959838867
44.939537048339844	46.549686431884766
64.50991201400757	63.929443359375
68.86688232421875	64.66672420501709
64.10681915283203	59.961971282958984
43.379661083221436	42.96618032455444
69.92526054382324	62.688961029052734
52.24789047241211	42.45248031616211
41.438748836517334	41.652111530303955
77.61456489562988	68.07637691497803
70.9833812713623	63.677239418029785
43.55320978164673	40.46329927444458
73.54756832122803	74.5339584350586
59.19670581817627	57.70275592803955
74.23702239990234	68.80151510238647
70.93431949615479	62.19560146331787
59.04887866973877	49.33945369720459
70.08199310302734	62.75805616378784
64.02621269226074	60.905141830444336
43.56742477416992	36.63652038574219
44.69123077392578	41.81818771362305
57.88703918457031	62.64680862426758
68.61006832122803	62.20337629318237
65.9888219833374	56.3076696395874
75.54062080383301	72.42143058776855
60.94798135757446	57.046658992767334
79.99955654144287	77.55893468856812
74.99087524414062	68.5003228187561
68.57295227050781	70.6767053604126
43.55460500717163	41.11241626739502
72.22816467285156	61.34353160858154
56.92439270019531	58.556007385253906
75.2468318939209	74.30035972595215
66.78885841369629	55.29999589920044
34.36943817138672	32.83464002609253
67.6723575592041	67.68040657043457
72.95367240905762	69.17693138122559
62.59138584136963	59.74552345275879
53.68598937988281	52.206125259399414
53.000640869140625	42.7242546081543
78.79092216491699	70.6359338760376
64.37679290771484	59.76275825500488
54.46234703063965	50.74568748474121
