28.835880756378174	31.944470405578613
44.54007625579834	31.82706069946289
38.13172101974487	35.84462642669678
43.71859073638916	38.9952392578125
33.30460453033447	37.14070415496826
35.934855937957764	36.36838245391846
35.038575649261475	38.7997932434082
45.39381265640259	45.68748760223389
28.501973152160645	27.862610816955566
35.40485858917236	39.72198486328125
38.11177682876587	35.56940221786499
38.13529586791992	39.49993944168091
45.90169143676758	41.4791145324707
46.77121067047119	41.899681091308594
39.65854787826538	36.169496059417725
37.4467077255249	41.581642627716064
19.536632537841797	26.890478134155273
37.471858978271484	31.62890338897705
22.243074417114258	22.225074768066406
34.740402698516846	37.62300968170166
43.80155563354492	49.45877552032471
36.78534984588623	29.836955070495605
35.01514387130737	35.126471519470215
30.447676181793213	30.563518524169922
29.156737327575684	33.72116947174072
36.68175411224365	36.025981426239014
26.561007499694824	31.156468391418457
34.51582717895508	35.41725254058838
31.36194944381714	36.08684539794922
33.02446365356445	31.627933979034424
34.68765735626221	39.035048484802246
29.61894989013672	33.8163423538208
19.006710052490234	29.910292625427246
38.4844970703125	40.72824954986572
30.11143445968628	40.66821098327637
26.422200202941895	35.80465316772461
38.70241451263428	42.8822865486145
40.532344818115234	45.90829038619995
31.091513633728027	27.17750072479248
41.47900342941284	31.607760429382324
41.16377258300781	39.42994451522827
42.95915222167969	36.79045486450195
33.544068336486816	34.97668504714966
30.042762756347656	36.616759300231934
48.01327180862427	50.2673454284668
43.08866214752197	43.499640464782715
32.98943281173706	33.749496936798096
30.978901863098145	35.31362056732178
38.08790922164917	34.51560115814209
46.096816062927246	41.86445617675781
40.38400173187256	40.20671463012695
47.77046251296997	54.64266586303711
34.136505126953125	35.54194927215576
25.594847202301025	31.392624378204346
37.394577503204346	33.93518924713135
25.240237712860107	31.212496757507324
30.601885318756104	37.87345886230469
26.61064386367798	26.207568645477295
33.38503360748291	35.91880130767822
42.358391761779785	46.65876817703247
31.344962120056152	37.19448804855347
40.313756465911865	50.58180856704712
36.00579071044922	40.26680278778076
29.763922691345215	39.50869083404541
26.284515380859375	33.7367582321167
35.5043740272522	40.950820446014404
36.0280179977417	31.869046211242676
51.465163230895996	49.63843584060669
34.42732572555542	37.1666955947876
41.562625885009766	40.52719259262085
40.92189121246338	42.14608144760132
43.96373748779297	43.540164947509766
33.73402643203735	39.44729471206665
45.611530780792236	45.927778244018555
31.99570083618164	38.88893508911133
27.722468376159668	30.067710876464844
39.37699890136719	38.0928840637207
33.14932584762573	30.187888145446777
27.88517475128174	28.788294792175293
34.46309518814087	35.876023292541504
30.658278465270996	31.83052158355713
33.665974140167236	32.43112087249756
14.811525344848633	26.00717782974243
45.29737854003906	47.628353118896484
32.28635787963867	39.652164459228516
50.081974029541016	40.71389389038086
23.324732780456543	30.158631801605225
28.227845191955566	37.414063453674316
31.471698760986328	35.04938888549805
28.01326847076416	31.086527824401855
31.83633804321289	39.079508781433105
33.198559284210205	32.421836853027344
25.3423810005188	26.992077827453613
37.28306865692139	41.05141353607178
30.99658966064453	34.70416307449341
28.41719150543213	29.641282558441162
29.36211347579956	38.12116622924805
24.182201385498047	31.003101348876953
36.408531665802	34.58528995513916
38.133201599121094	40.46730041503906
47.56683969497681	40.643226623535156
31.291968822479248	32.906578063964844
48.512024879455566	42.57285022735596
27.306442260742188	28.96424674987793
21.797435760498047	23.834457397460938
35.859435081481934	39.34016704559326
45.05895519256592	42.46174621582031
22.712976932525635	37.26454496383667
53.44600296020508	56.60525417327881
30.388798713684082	40.61464786529541
28.69638442993164	34.0022349357605
35.41387939453125	36.090880393981934
33.914082527160645	30.588741302490234
24.839277267456055	35.63175678253174
33.36552143096924	36.33626461029053
41.654757499694824	44.207533836364746
44.17641830444336	41.91183853149414
41.97317361831665	44.092294216156006
33.63776445388794	40.39868354797363
27.96173095703125	34.48910903930664
31.00548553466797	27.477394104003906
35.187243938446045	35.682602405548096
32.72106885910034	32.197265625
31.248358726501465	39.58409070968628
40.53029537200928	38.03554058074951
23.513275146484375	24.638444900512695
52.90677452087402	50.88823318481445
30.3233003616333	36.85065746307373
19.020226001739502	28.36154079437256
17.978198528289795	26.29444122314453
32.54168939590454	32.961655616760254
35.85427188873291	34.17362928390503
43.442009925842285	36.85444736480713
45.298851013183594	44.62871170043945
33.29015016555786	36.34675884246826
23.521239757537842	29.446955680847168
30.91723918914795	30.94191074371338
46.850181102752686	49.89228343963623
42.33120250701904	45.66639232635498
30.812828063964844	31.420271396636963
29.176669120788574	30.804572105407715
40.264034271240234	33.09934139251709
43.208101749420166	44.03645849227905
44.4628701210022	44.103118896484375
33.23587083816528	36.86596059799194
37.20977067947388	35.76274394989014
25.524258613586426	26.99297046661377
26.302185773849487	34.40458583831787
30.671953201293945	29.6505069732666
36.35801410675049	45.30225849151611
28.931499481201172	33.63892364501953
32.95542049407959	49.30049514770508
26.53557777404785	30.53252935409546
29.165790557861328	26.748741149902344
40.38690900802612	41.459049701690674
33.41815948486328	29.208751678466797
35.048155784606934	34.58768129348755
39.45719814300537	40.94265270233154
30.08700132369995	31.163477897644043
33.41761350631714	31.828712463378906
47.411972999572754	47.85678958892822
39.126869201660156	42.40872287750244
40.800846099853516	49.533836364746094
28.500709533691406	34.20634746551514
34.681150913238525	36.859872341156006
31.016773223876953	27.137401580810547
37.33850812911987	37.80692195892334
27.885465621948242	31.36406707763672
29.419636726379395	34.42434597015381
33.13781118392944	36.41927480697632
48.03581237792969	48.63627004623413
35.04141283035278	37.10061550140381
29.19438123703003	28.229129314422607
24.31479263305664	32.34514617919922
37.361366271972656	45.406846046447754
31.772197723388672	35.40234661102295
28.72425079345703	33.88139009475708
39.93528652191162	38.79856491088867
29.137051105499268	29.775724411010742
31.169228553771973	27.717711925506592
40.147521018981934	50.049152851104736
34.59671115875244	31.528573036193848
32.61537265777588	38.48985290527344
19.036630630493164	20.840984344482422
35.46108961105347	35.02150058746338
29.043803215026855	31.318840980529785
49.34249782562256	45.61429214477539
35.61548709869385	38.872809410095215
39.082045555114746	39.773268699645996
29.835322380065918	36.21129512786865
35.6290397644043	41.818233489990234
37.31721496582031	38.45767879486084
28.96182346343994	38.01321315765381
44.1432409286499	42.8298225402832
36.83294677734375	34.786545753479004
42.32005977630615	40.946022033691406
44.86832666397095	47.800453186035156
25.760009288787842	21.366069316864014
28.72540283203125	17.798377990722656
31.947221755981445	30.844104290008545
25.914969444274902	33.83254289627075
29.338431358337402	34.57587480545044
34.022583961486816	34.63120365142822
23.563254833221436	33.9362154006958
27.93407440185547	19.03973388671875
35.2398943901062	38.98036193847656
31.361236572265625	30.194652557373047
33.624427318573	34.670376777648926
27.551311492919922	29.440715312957764
32.42142391204834	36.22105407714844
34.081687927246094	33.96975755691528
30.94015121459961	39.30318355560303
37.78948974609375	36.029292583465576
33.64100360870361	39.38093137741089
39.729987144470215	39.229156494140625
54.3638277053833	56.14438533782959
30.5458402633667	36.92150592803955
31.440815925598145	31.24143362045288
33.04123020172119	37.479976654052734
35.69406986236572	35.53969621658325
37.63227081298828	40.769805908203125
35.000670433044434	42.321309089660645
25.939793586730957	30.150749683380127
28.260140419006348	36.99844264984131
37.268840312957764	48.870758056640625
33.21852445602417	33.7873649597168
29.19677734375	32.21686840057373
37.567837715148926	39.92256259918213
36.998385429382324	36.75229740142822
40.91582632064819	41.379114627838135
44.18599605560303	44.66864776611328
34.27397966384888	34.42546844482422
35.524799823760986	33.848609924316406
46.63872671127319	46.560457706451416
37.68174695968628	39.37651872634888
35.93587589263916	37.11936950683594
36.06558609008789	36.1349401473999
36.42845869064331	39.68451976776123
25.825741291046143	35.86854934692383
31.74877166748047	33.977027893066406
63.281198501586914	57.51932430267334
55.10277843475342	54.078277587890625
38.90383243560791	40.35691165924072
33.82808065414429	38.80680847167969
31.124043464660645	33.95153045654297
32.91373157501221	34.687957763671875
35.553932189941406	37.89549922943115
29.475913047790527	39.54226016998291
31.50763750076294	34.636216163635254
31.123846530914307	34.09541320800781
31.02176284790039	31.093371391296387
29.2146635055542	31.421914100646973
38.897074699401855	40.020615577697754
45.633734703063965	40.0972900390625
35.632198333740234	34.075501441955566
39.50441884994507	38.27840805053711
36.14048719406128	38.51498508453369
44.56809616088867	53.320186614990234
23.453235626220703	20.326433181762695
19.036964416503906	29.32614517211914
39.36249494552612	39.34665012359619
33.270240783691406	31.495051383972168
27.15585231781006	38.183722496032715
30.982491493225098	30.81950044631958
33.993916511535645	39.3307900428772
48.85090780258179	50.68678426742554
37.255637645721436	37.89087772369385
51.495330810546875	58.86369466781616
34.822800636291504	38.4349250793457
32.67315626144409	37.101707458496094
29.791572093963623	30.839178562164307
27.709665298461914	36.82830333709717
46.62629413604736	47.43595218658447
31.32071352005005	32.77568340301514
36.71360731124878	44.25361633300781
29.998321533203125	34.98986482620239
41.99386978149414	43.996917724609375
49.4838080406189	51.591758728027344
33.67469072341919	37.41957426071167
47.9679536819458	44.25599956512451
34.34047555923462	33.153098583221436
41.495869636535645	49.75035095214844
31.329593658447266	37.158474922180176
26.567542552947998	30.139634609222412
33.704750537872314	36.96725368499756
27.12468385696411	33.20078372955322
36.90798854827881	41.13215732574463
28.76391887664795	30.91048240661621
31.522541046142578	40.19453525543213
28.430225372314453	17.971221923828125
35.81553268432617	36.257882595062256
33.477463722229004	39.66082811355591
32.838134765625	38.59149217605591
30.66993236541748	31.1891508102417
37.006622314453125	41.320228099823
15.737109184265137	25.633604526519775
38.341102600097656	35.61653137207031
32.05396127700806	35.33578538894653
47.69452667236328	43.32439947128296
42.48211717605591	38.753662109375
29.29659366607666	33.642964363098145
30.987247467041016	34.62509822845459
48.95734786987305	48.819762229919434
29.875166416168213	40.8638858795166
31.336097717285156	36.268391609191895
46.017518520355225	43.686058044433594
36.90469312667847	37.71972179412842
25.864474773406982	32.74064254760742
41.09164476394653	44.26116991043091
32.07557678222656	36.53015851974487
29.099841117858887	28.477084636688232
38.23118877410889	50.84140396118164
38.910743713378906	50.981849670410156
34.962074756622314	37.94499158859253
31.042755126953125	33.42987537384033
27.595982551574707	28.436840057373047
50.049537658691406	55.99296951293945
36.39045238494873	33.55034399032593
34.353867530822754	36.52799320220947
35.78131914138794	33.516128063201904
44.4290771484375	46.93578052520752
36.360023021698	38.26378345489502
34.066420555114746	36.891669273376465
35.02980709075928	38.940016746520996
27.19222927093506	33.3246545791626
45.01909780502319	46.27341556549072
29.750690460205078	37.60982036590576
35.40885543823242	31.212146282196045
45.54953050613403	48.518446922302246
28.120286464691162	30.6341290473938
36.91685438156128	32.11968660354614
35.06739854812622	36.3637113571167
38.718111991882324	37.79645919799805
33.53735637664795	34.189844608306885
28.1024169921875	25.48039436340332
26.954472064971924	34.44194793701172
28.23965072631836	25.93959331512451
30.695395469665527	35.150718688964844
33.083579540252686	36.64518356323242
32.93601989746094	34.441261291503906
30.77637529373169	31.880052089691162
33.021202087402344	30.766777992248535
44.9652214050293	50.827895164489746
31.857913970947266	38.88336181640625
34.45600891113281	37.64029026031494
40.20114040374756	43.2293004989624
38.53132915496826	39.77272939682007
31.342625617980957	35.959510803222656
39.94526672363281	39.11752223968506
60.48218250274658	58.88235425949097
32.84077835083008	41.55718278884888
32.01950788497925	38.733344078063965
33.59103441238403	37.67573118209839
31.72854995727539	37.16755199432373
42.74317121505737	39.23048734664917
35.718560218811035	36.52996063232422
31.92686176300049	34.309144020080566
32.70056486129761	38.25899124145508
37.707762241363525	38.39522457122803
37.440903663635254	40.63419437408447
19.00804877281189	30.40703535079956
27.38688349723816	28.489150047302246
29.93525981903076	34.49357509613037
37.09076547622681	38.63284683227539
38.22858810424805	38.66089725494385
19.794803619384766	22.514991760253906
40.84089946746826	37.45527648925781
37.211963176727295	39.50990962982178
38.54946041107178	47.19748306274414
30.987221717834473	42.328033447265625
42.16453981399536	42.667288303375244
32.67569065093994	37.52891540527344
28.53138828277588	33.17149639129639
34.24395275115967	36.151597023010254
32.62864685058594	32.30200529098511
23.69633436203003	30.641767978668213
36.27249813079834	41.147767066955566
41.7354040145874	44.579978942871094
36.96972608566284	34.83296871185303
27.592391967773438	30.837149620056152
33.62815189361572	38.40850067138672
32.42499589920044	35.691819190979004
40.063557147979736	40.24852800369263
35.89976406097412	39.730201721191406
21.736693382263184	19.780059814453125
21.10851764678955	31.172351837158203
31.690971851348877	24.81760025024414
44.213409423828125	45.231056213378906
17.297447204589844	29.86555767059326
33.86638927459717	31.72566270828247
41.753997802734375	38.680320739746094
39.31141376495361	33.52870273590088
30.591513633728027	35.324718952178955
54.97239589691162	57.90347099304199
33.47580671310425	32.287779808044434
31.28638744354248	32.96803379058838
50.73016977310181	52.41981887817383
26.32922649383545	39.101104736328125
27.708606719970703	34.18154811859131
33.20968151092529	36.356568336486816
28.955132007598877	31.772838592529297
35.27494955062866	32.58391332626343
54.25880813598633	54.191715240478516
33.39434862136841	32.789774894714355
39.14817571640015	42.12210559844971
30.616474151611328	27.945144653320312
59.68687057495117	64.23747062683105
20.10896110534668	22.99065351486206
27.063374519348145	28.909430503845215
39.901387214660645	43.269471645355225
38.5510458946228	39.53614521026611
38.633843421936035	41.126163482666016
31.819374084472656	17.974082946777344
44.271790981292725	45.569701194763184
41.420345306396484	35.23484706878662
42.130573749542236	42.35399675369263
33.04055690765381	38.51813554763794
38.15685749053955	35.363030433654785
42.753668785095215	46.550968647003174
28.10279941558838	41.408217430114746
24.349544048309326	30.932613372802734
31.784391403198242	29.992326736450195
29.944725036621094	36.52755832672119
33.275978565216064	43.03685188293457
36.29344940185547	36.39319658279419
42.07131338119507	42.09158420562744
29.945669174194336	31.091365814208984
37.63487720489502	46.76589345932007
33.44081211090088	34.20271968841553
30.81667423248291	35.945563316345215
38.78028345108032	35.59186601638794
35.06758165359497	38.62261962890625
39.05651092529297	38.322102069854736
37.398170471191406	47.83263301849365
34.27112817764282	31.666929721832275
25.610156059265137	27.488369941711426
27.230286598205566	27.506308555603027
33.006102561950684	35.68275594711304
32.31720685958862	36.66045427322388
25.28524875640869	21.97608470916748
28.20748519897461	26.169652938842773
37.27561569213867	37.768638134002686
51.88890075683594	50.874420166015625
39.07644748687744	30.17638921737671
39.74856662750244	43.70665740966797
36.19922161102295	41.08458995819092
27.56711721420288	31.9883394241333
28.90182113647461	33.44943618774414
45.48345422744751	46.45777225494385
34.39645290374756	33.94627332687378
37.57313919067383	43.742852210998535
38.82060241699219	37.41017818450928
43.71859073638916	45.876487255096436
31.486709117889404	30.32845973968506
48.384151458740234	51.06249380111694
37.18904972076416	42.382344245910645
39.75581359863281	39.580238342285156
33.784892082214355	44.738792419433594
40.54204559326172	45.860260009765625
34.485008239746094	38.23304843902588
32.471062660217285	21.652703762054443
30.982898712158203	32.38465118408203
41.68592405319214	34.31784725189209
45.71845626831055	49.47226333618164
30.866795539855957	29.250426292419434
32.699666023254395	38.65713119506836
41.2259202003479	40.003106117248535
47.95698547363281	49.922430992126465
30.988795280456543	38.0222282409668
31.418042182922363	32.672278881073
34.611334800720215	34.73465442657471
47.36797857284546	47.78800821304321
38.65609645843506	40.237772941589355
30.177693367004395	37.63233661651611
29.464523792266846	33.86123180389404
38.45580577850342	35.81883907318115
40.93554639816284	41.1088342666626
42.530943393707275	44.76067399978638
30.417838096618652	32.16212511062622
21.805461883544922	19.485549926757812
30.53489398956299	33.841896057128906
27.18167781829834	30.391077995300293
39.04724884033203	39.39360523223877
28.765869140625	28.14004611968994
27.153928756713867	33.01478433609009
31.101105213165283	33.8713264465332
37.62147617340088	44.33432912826538
33.16359758377075	38.53586673736572
26.01724147796631	23.521194458007812
19.6708984375	19.657535552978516
29.83099365234375	30.01709747314453
20.24346160888672	20.841320037841797
32.32173156738281	40.372599601745605
36.97957706451416	42.711488246917725
41.07307147979736	42.236260414123535
28.291542530059814	32.226243019104004
30.99143362045288	30.902236938476562
39.40500736236572	41.28779745101929
26.023618698120117	28.736517906188965
37.97387647628784	33.853601932525635
38.99744510650635	35.01044511795044
29.246976852416992	18.310672760009766
36.27978515625	38.070759773254395
31.146883964538574	41.493873596191406
41.170230865478516	33.24613809585571
25.916118621826172	27.476688385009766
41.1276741027832	34.018073081970215
31.72341823577881	39.512736797332764
34.04267978668213	37.7514123916626
31.226837635040283	34.25849914550781
41.422423362731934	36.00860118865967
32.189319133758545	39.900750160217285
39.69095182418823	43.23403549194336
37.69117069244385	42.012725830078125
41.622437953948975	48.935821533203125
53.833953857421875	42.58746337890625
35.066283226013184	31.807029724121094
35.69655990600586	28.92378330230713
22.251937866210938	32.49201536178589
33.836491107940674	36.636414527893066
31.581765174865723	41.458313941955566
34.002933502197266	36.436336040496826
35.762200355529785	31.72236919403076
47.301673412323	47.96202230453491
32.474501609802246	31.895745277404785
30.14845609664917	27.881622314453125
42.579749584198	50.1712384223938
31.01818084716797	32.94577360153198
26.7036771774292	25.52990436553955
22.77517795562744	21.61628484725952
32.488640785217285	42.43164825439453
28.96052837371826	31.712536811828613
35.73342990875244	41.794203758239746
30.3711199760437	37.93771266937256
30.748738288879395	27.114632606506348
28.207860946655273	32.24623918533325
50.61186599731445	40.927611351013184
35.13234329223633	32.41984462738037
28.06781768798828	28.28622817993164
37.81823396682739	37.379913330078125
22.40004062652588	27.025487422943115
37.45471954345703	37.40952444076538
30.673155307769775	32.94163179397583
44.11350631713867	39.83232355117798
41.33837127685547	42.72784423828125
34.550795555114746	33.94435787200928
42.67739200592041	48.41315460205078
38.88894510269165	39.94428062438965
46.50785684585571	45.933207511901855
38.40986776351929	37.19790267944336
42.109803199768066	47.605759620666504
36.4677472114563	40.62852334976196
31.885994911193848	35.53626251220703
37.68686056137085	39.64050340652466
42.3955192565918	41.70441913604736
28.16887140274048	31.741049766540527
28.171708583831787	32.123475074768066
24.255168437957764	37.369911670684814
34.10900831222534	40.208240032196045
39.181954860687256	42.22533416748047
37.15791988372803	34.993157386779785
22.26024580001831	33.14252424240112
29.079551696777344	30.636703968048096
26.72014331817627	26.633800506591797
38.01749563217163	37.13432455062866
28.403038024902344	32.753944396972656
37.41496753692627	38.979214668273926
28.76272487640381	40.22522735595703
35.93285799026489	34.41766023635864
32.64907360076904	35.212745666503906
27.784306526184082	28.401780128479004
31.19069194793701	39.8091516494751
39.3468451499939	39.53199863433838
35.22134351730347	38.94346618652344
33.83376359939575	26.385555267333984
33.40540409088135	38.646381855010986
42.7152099609375	42.2469482421875
28.11292576789856	36.22103977203369
36.547322273254395	38.929646015167236
34.04611587524414	36.001227378845215
45.497591972351074	40.82172775268555
42.65756607055664	43.99008226394653
32.091636657714844	38.000614643096924
49.27745819091797	51.19908332824707
42.57809543609619	38.005614280700684
48.0292911529541	43.3848991394043
28.394062519073486	34.50356960296631
24.142086505889893	25.823886394500732
38.654282569885254	36.95325565338135
15.75071096420288	25.389058589935303
37.34822750091553	27.798714637756348
34.273314476013184	35.280539989471436
40.221073150634766	47.89833068847656
35.05300045013428	41.441551208496094
44.00183153152466	46.15165710449219
27.62099266052246	26.125094890594482
29.230010509490967	36.74533128738403
30.3590726852417	41.86387538909912
38.85831928253174	47.831703186035156
32.227641105651855	28.53785991668701
27.288048267364502	36.24884366989136
34.51438236236572	33.603392601013184
29.88980770111084	36.266746520996094
46.68226623535156	44.465965270996094
23.822572231292725	30.023369789123535
36.447455406188965	39.162872314453125
50.6396803855896	49.023361682891846
22.817626953125	23.624794483184814
35.959513664245605	28.01319122314453
28.95197296142578	18.572715759277344
33.346675872802734	41.02619934082031
33.857086181640625	36.07760238647461
23.331081867218018	27.71449089050293
30.838985443115234	34.60002899169922
27.017745971679688	26.474003791809082
46.307852268218994	46.12794494628906
42.704792976379395	43.46872615814209
43.64407968521118	44.483017444610596
35.22194194793701	37.83516025543213
41.13947296142578	47.00693893432617
28.930545330047607	31.911701679229736
50.37312316894531	54.577735900878906
30.62014389038086	33.83389377593994
36.37966871261597	39.59625720977783
29.014981269836426	28.855728149414062
39.899949073791504	37.95691967010498
35.113892555236816	36.02808094024658
29.74525022506714	36.837562084198
36.22535705566406	40.54135036468506
24.575963020324707	27.567825317382812
43.94090223312378	43.98664426803589
38.278870582580566	39.795241355895996
32.64615535736084	38.33137512207031
37.969810962677	36.83776140213013
35.83034420013428	42.47216033935547
33.204872131347656	47.41921949386597
36.844916343688965	32.823898792266846
27.959980964660645	37.44283676147461
18.997793197631836	20.848491668701172
25.073495864868164	32.124847412109375
30.540051460266113	32.653560638427734
33.37010860443115	37.71482467651367
41.60573482513428	38.515753746032715
16.881366968154907	25.033535957336426
29.494365692138672	34.06025791168213
49.579766273498535	57.886311531066895
42.74023389816284	44.30844068527222
42.66426086425781	44.7235369682312
33.439955711364746	35.238189697265625
53.11019325256348	50.228599548339844
29.66733455657959	39.22745943069458
34.40103530883789	33.966373443603516
38.267662525177	40.50684452056885
33.08143138885498	35.17394542694092
25.62011432647705	30.387660026550293
50.039159297943115	49.00362825393677
38.036179542541504	42.06387996673584
28.468468189239502	28.578829765319824
40.36414813995361	41.11135816574097
28.343341827392578	28.150105476379395
36.89825439453125	44.94141244888306
33.182684898376465	31.03443431854248
33.97193431854248	32.84932613372803
27.794034957885742	31.66441535949707
39.09106731414795	39.524550437927246
27.70179033279419	28.789938926696777
33.24332094192505	41.800171852111816
30.102107524871826	32.09709930419922
31.76933765411377	33.90341281890869
25.806992053985596	36.89534854888916
36.24628829956055	33.99038600921631
29.153255462646484	33.43755340576172
34.42367076873779	36.84298038482666
31.05072259902954	34.20207500457764
27.298283576965332	27.293198108673096
31.834309101104736	36.03656768798828
25.861117839813232	34.233222007751465
37.59382772445679	32.51578426361084
24.855351448059082	31.97611141204834
36.17362976074219	43.4076452255249
34.06938457489014	37.38585376739502
49.066994190216064	45.55031156539917
31.303828239440918	32.09149646759033
28.52982759475708	23.696911334991455
30.970478057861328	30.989372730255127
32.83538818359375	37.02824115753174
30.018925666809082	33.79671096801758
54.75740432739258	49.6089825630188
34.21752214431763	29.704015254974365
29.027742385864258	15.097618103027344
26.08143711090088	28.7059965133667
34.46711778640747	33.98542881011963
39.550034046173096	32.214829444885254
33.22606372833252	30.606794357299805
27.823550701141357	20.62128257751465
31.558566093444824	43.23916435241699
40.97412872314453	43.21240234375
29.81757879257202	39.47999668121338
26.142311096191406	36.46385192871094
40.39250993728638	43.58044672012329
27.649807929992676	27.65408754348755
37.74845838546753	35.71523380279541
34.935855865478516	29.908181190490723
34.20805263519287	43.67483425140381
23.01520586013794	23.16318988800049
36.14656162261963	42.26297092437744
36.037550926208496	38.78297424316406
34.08010196685791	36.3403844833374
30.910656452178955	35.749603271484375
41.761399269104004	42.45790767669678
48.34455108642578	50.670013427734375
50.43217849731445	56.44654846191406
46.63611602783203	45.7864875793457
35.43040466308594	40.79421615600586
42.63556528091431	42.250244140625
39.61352825164795	39.19689178466797
57.63716697692871	53.243887424468994
42.69862747192383	38.231359004974365
41.333566188812256	42.77656650543213
32.877159118652344	32.628886699676514
31.89946460723877	39.1284556388855
29.132473468780518	34.20565843582153
25.25156021118164	34.41094160079956
17.782779693603516	29.583065032958984
37.18945264816284	35.43447923660278
35.646546363830566	33.30209827423096
27.391916275024414	28.970687866210938
40.496832847595215	39.360474586486816
33.428297996520996	39.73689651489258
26.220962524414062	26.195144653320312
33.77935791015625	41.620914459228516
37.44561004638672	36.65327453613281
31.437379837036133	32.0518913269043
31.88419818878174	40.103135108947754
26.146812438964844	31.395106315612793
45.24191999435425	52.7302622795105
24.557344913482666	32.572808265686035
46.24469995498657	45.98919343948364
27.978100776672363	35.51040172576904
39.620601654052734	39.60806751251221
32.38203430175781	31.527999877929688
33.5014271736145	37.37359285354614
20.434900283813477	22.20471954345703
29.979180335998535	33.602614402770996
54.10855484008789	51.33018493652344
33.74992847442627	45.308074951171875
25.480570793151855	31.063118934631348
38.80361843109131	37.4344916343689
29.36473846435547	33.49124193191528
40.561065673828125	33.91822338104248
28.759955406188965	36.222121238708496
25.86078643798828	18.58028221130371
35.05657196044922	33.835391998291016
22.331504821777344	27.471332550048828
37.39206314086914	35.859856605529785
19.00566291809082	30.1533203125
32.568257331848145	33.11620044708252
32.52368497848511	35.77562189102173
35.34523010253906	33.729759216308594
35.21418857574463	37.58418560028076
31.531439781188965	26.035914421081543
36.293864727020264	36.54965829849243
43.156898975372314	42.98789310455322
25.74674129486084	29.723727703094482
23.385436534881592	26.127699851989746
34.130340576171875	37.50101089477539
23.924098014831543	28.789348602294922
30.81779670715332	39.83351516723633
32.22752094268799	37.050957679748535
21.465858936309814	31.78048610687256
43.928775787353516	38.123451232910156
36.08158493041992	41.24584197998047
39.28715753555298	42.555453300476074
35.05635738372803	33.433403968811035
25.004374980926514	26.022155284881592
24.513802528381348	30.396018028259277
35.874077796936035	41.98139810562134
42.677916049957275	46.181828022003174
43.33106184005737	41.3635835647583
30.835373401641846	40.158395767211914
30.582587242126465	28.56939125061035
34.23797130584717	35.51335096359253
21.72276735305786	32.95421600341797
33.380286693573	36.00940704345703
34.24275875091553	41.46083164215088
19.798991680145264	28.08845043182373
32.7582049369812	40.6363582611084
36.21554517745972	44.91398525238037
28.77598524093628	40.1184606552124
35.8256196975708	37.75552749633789
43.24954032897949	35.118956565856934
29.43787670135498	28.743708610534668
41.08345031738281	32.62132263183594
32.14158535003662	34.80316877365112
29.253138542175293	33.174020290374756
34.617759704589844	36.69474506378174
27.539405822753906	30.697753429412842
22.58565664291382	22.891037464141846
33.25581073760986	35.406010150909424
43.30470275878906	46.80437231063843
39.496742248535156	42.865036487579346
33.24578523635864	37.12979555130005
32.43749141693115	35.09462642669678
32.40885257720947	29.389102458953857
36.58030033111572	41.725969314575195
37.67506790161133	38.506622314453125
29.187541007995605	31.770853996276855
18.511795043945312	22.771076202392578
32.39525556564331	32.69454479217529
40.02717590332031	32.59842395782471
23.596333980560303	27.01395893096924
35.86143207550049	35.77502489089966
41.513827323913574	41.64083957672119
37.543792724609375	35.48938274383545
40.07540988922119	41.61789608001709
44.45406246185303	30.400065422058105
33.97737407684326	37.24939441680908
29.433445930480957	38.07181119918823
27.010101318359375	29.86113929748535
38.24491739273071	39.139994621276855
35.438575744628906	36.99169158935547
35.51100254058838	36.89687252044678
39.30174732208252	35.63611936569214
21.248218536376953	24.951133728027344
37.38527297973633	40.17112731933594
35.07359218597412	44.341790199279785
22.4375	19.664522171020508
30.737147331237793	36.57590389251709
32.55750751495361	32.319621562957764
39.45770263671875	37.965636253356934
28.703110218048096	24.70104694366455
30.257956981658936	38.59177350997925
33.727932929992676	38.49693775177002
31.601826667785645	25.618500232696533
31.409337043762207	35.96330165863037
41.079766273498535	41.64090442657471
39.58750247955322	29.494805335998535
41.967384338378906	41.145721435546875
30.829303741455078	30.08444309234619
11.664972305297852	23.61748695373535
36.012351512908936	37.03494310379028
34.24347400665283	35.22607088088989
37.26654052734375	32.36562395095825
34.60745143890381	39.90024948120117
36.96788311004639	36.38937473297119
42.00531053543091	41.32874631881714
21.022725105285645	29.786171913146973
39.62126970291138	42.694549560546875
38.41354465484619	41.73768997192383
43.190998554229736	39.815781116485596
29.25830078125	30.748306274414062
40.48357391357422	49.021820068359375
33.01675319671631	34.368858337402344
35.51640033721924	35.151981353759766
47.51780319213867	45.74819326400757
33.12847137451172	33.52699279785156
24.19358491897583	27.351393699645996
24.990696907043457	25.70948600769043
36.382858753204346	37.01352596282959
34.69166564941406	36.70415782928467
45.88980484008789	58.15999460220337
37.640381813049316	41.117926597595215
26.7775936126709	31.399962902069092
37.54619646072388	39.58019161224365
33.394981384277344	36.150970458984375
28.614952564239502	30.71561098098755
41.17844915390015	42.429856300354004
45.752495765686035	49.804656982421875
30.40861988067627	40.038265228271484
29.06174659729004	24.415695667266846
48.18881034851074	39.41243076324463
31.266560554504395	44.90698528289795
31.03088092803955	35.29053211212158
27.46304750442505	32.83236026763916
36.99167251586914	33.32685947418213
30.008917808532715	31.46506977081299
29.501869678497314	35.3571081161499
36.43847417831421	47.742117404937744
32.16584873199463	32.752638816833496
29.953540802001953	25.390766143798828
32.642226219177246	37.644158363342285
32.96234893798828	30.728439331054688
45.78134250640869	46.254539489746094
42.511550426483154	43.922664165496826
30.35112762451172	29.004682540893555
29.83046054840088	35.878098011016846
39.67235994338989	39.65573072433472
34.35128116607666	37.19352436065674
26.522488594055176	26.583566665649414
40.59794855117798	43.977134704589844
34.83454465866089	35.558905601501465
49.86210584640503	38.6729211807251
45.0710883140564	47.164427280426025
32.164801597595215	32.968316078186035
38.25673770904541	41.47038173675537
30.147720336914062	29.68659496307373
36.06126308441162	36.336639404296875
37.35900020599365	38.099215507507324
33.79179000854492	38.08389663696289
36.214874267578125	36.901854515075684
32.43640184402466	36.91850185394287
25.064632892608643	27.527480125427246
31.728601455688477	33.34843397140503
31.906381130218506	34.71831130981445
31.258692741394043	37.51270294189453
30.430381298065186	33.741726875305176
38.63302707672119	40.31250810623169
36.222920417785645	37.51560688018799
38.46237659454346	41.73402786254883
40.438828468322754	45.20387935638428
38.42021179199219	35.7766432762146
25.333549976348877	27.080588340759277
34.48165225982666	40.09035873413086
43.738097190856934	42.338836669921875
40.71621561050415	34.23758411407471
34.9791784286499	38.21385669708252
34.752699851989746	37.384703636169434
40.76341009140015	44.449758529663086
37.342806816101074	39.36863994598389
42.08755588531494	41.82659912109375
36.44744873046875	34.14183855056763
26.509640216827393	35.059120655059814
35.63567399978638	38.577919006347656
34.225685119628906	30.437501907348633
28.658652305603027	34.448204040527344
26.84058666229248	37.117695808410645
26.35596752166748	27.186033725738525
19.74544334411621	20.322376251220703
36.193031311035156	37.840972900390625
32.8165864944458	36.19706392288208
31.36732578277588	25.134456157684326
33.434176445007324	31.180739402770996
40.52943563461304	50.7305588722229
34.4075083732605	36.2608528137207
28.45969009399414	28.768070220947266
27.535709381103516	38.53576183319092
45.9141149520874	44.74259948730469
38.56652069091797	35.45479202270508
35.96436786651611	45.423646450042725
38.829758167266846	35.79304504394531
32.39696025848389	39.12709712982178
37.3222541809082	37.4666166305542
50.96729803085327	58.547691345214844
38.623772621154785	39.74060583114624
37.269883155822754	37.34415531158447
48.98145818710327	46.33034896850586
25.75313949584961	26.547382354736328
38.211167335510254	42.830397605895996
32.21937561035156	30.581310749053955
44.80720138549805	45.674500465393066
39.13706874847412	38.16536235809326
36.709370613098145	35.93702030181885
34.875807762145996	40.7174015045166
43.02410554885864	45.58256530761719
42.266876220703125	42.95013427734375
40.895511627197266	42.577967166900635
43.0235481262207	43.831984519958496
36.07978105545044	33.591179847717285
27.484612464904785	34.27932262420654
39.30794906616211	39.94563388824463
46.09470319747925	46.69481039047241
32.95782804489136	33.45888614654541
38.00671339035034	38.85545253753662
39.82876539230347	41.885024070739746
37.93626308441162	31.49813747406006
31.011130332946777	35.588318824768066
36.272979736328125	37.783501625061035
30.223554611206055	27.95460605621338
37.53513050079346	42.73814105987549
41.135247230529785	40.49988555908203
46.60531711578369	48.729618072509766
11.676826477050781	22.228221893310547
41.79305934906006	42.283931732177734
31.980331420898438	36.82584857940674
25.17704725265503	32.74829387664795
37.08369827270508	39.57862186431885
11.672658920288086	22.274112701416016
31.201992988586426	33.63322162628174
38.041972160339355	31.381609439849854
31.325663566589355	31.613082885742188
39.61753463745117	40.752811431884766
34.38484191894531	35.08946180343628
47.066421031951904	48.764957904815674
22.084110260009766	30.914390563964844
32.22074031829834	38.3976674079895
45.24881362915039	46.452144622802734
29.592266082763672	25.36212682723999
38.100037574768066	37.2602653503418
34.234206676483154	39.46147918701172
43.875855445861816	38.303956031799316
31.138678550720215	33.537821769714355
27.334129810333252	30.183911323547363
37.30323314666748	40.83042049407959
38.28802490234375	39.63341522216797
31.056957244873047	36.582438945770264
33.856404304504395	38.15543746948242
26.733627319335938	36.84843063354492
48.7036714553833	50.74332094192505
29.212738037109375	28.645824432373047
38.247230529785156	37.319993019104004
