30.506346702575684	32.83783769607544
34.08721208572388	46.36827087402344
45.72640371322632	43.87006759643555
32.69419193267822	39.88558101654053
52.01257562637329	52.684446811676025
45.38333511352539	50.02165746688843
24.171306610107422	24.17011070251465
25.35430145263672	35.62751293182373
46.654266357421875	51.40418720245361
34.12085771560669	48.15965270996094
56.52578353881836	59.585354804992676
21.28777265548706	24.967827796936035
17.03705406188965	17.02809190750122
50.129940032958984	52.68373918533325
29.919676780700684	37.54867458343506
43.42011594772339	31.51086139678955
35.1312255859375	34.24590611457825
34.00067090988159	34.22856092453003
41.303905963897705	46.06609106063843
45.92122793197632	48.14692306518555
28.405263423919678	38.06291103363037
37.82083511352539	36.906185150146484
53.116647720336914	52.763428688049316
42.88820743560791	32.0994873046875
24.320918083190918	35.60844039916992
44.22367572784424	52.20289993286133
22.63325071334839	33.58791494369507
28.93673324584961	31.77484893798828
32.44559049606323	35.90428113937378
57.29541778564453	61.78525114059448
27.23825454711914	30.63856840133667
30.626521110534668	32.41448163986206
23.365806579589844	33.58134078979492
26.17839813232422	31.45639419555664
43.38101863861084	44.10166025161743
32.55388641357422	36.251190185546875
21.975200653076172	30.03429412841797
22.325730323791504	31.147758960723877
26.258034706115723	28.35747528076172
40.24646854400635	45.245741844177246
32.89415740966797	40.42109537124634
30.745272636413574	34.213879108428955
46.51898193359375	48.607975006103516
28.524446487426758	32.53455400466919
23.58055830001831	36.13639783859253
31.628851890563965	41.362815856933594
29.71711540222168	33.3929443359375
41.582961082458496	41.87981367111206
41.46617603302002	42.50874996185303
42.46871280670166	41.20634365081787
32.61872863769531	33.169493675231934
37.405457496643066	37.902366161346436
36.93163299560547	35.55420684814453
30.766727924346924	37.56479740142822
24.828543663024902	30.65882921218872
42.07815170288086	42.945648193359375
38.80705976486206	41.72661209106445
28.44198226928711	31.60953998565674
40.272342681884766	41.587334632873535
26.324978351593018	33.11223602294922
34.97198486328125	37.68308401107788
30.770670890808105	33.92309617996216
26.853809356689453	35.07483243942261
58.23370599746704	66.42655849456787
24.638478755950928	33.39917278289795
42.34462070465088	30.57617712020874
42.80558776855469	32.28650665283203
40.29172420501709	37.51221179962158
33.15787410736084	32.59885358810425
39.01149034500122	43.608237743377686
46.56969404220581	47.32621765136719
38.848862648010254	35.04169940948486
35.11314678192139	38.862441539764404
27.704479694366455	38.89884948730469
36.56395626068115	42.64112377166748
38.64244079589844	47.291451930999756
44.665010929107666	47.470542430877686
30.791449546813965	33.82965803146362
40.428534507751465	34.83050537109375
27.211604118347168	39.81874179840088
30.738825798034668	34.557082653045654
35.890326499938965	38.829543590545654
35.851318359375	34.791136741638184
20.892677307128906	36.01040267944336
35.906556129455566	38.868659019470215
29.767662048339844	39.92433166503906
42.16556453704834	43.683021545410156
34.51094675064087	52.63355255126953
45.63859176635742	46.48669481277466
25.085625886917114	25.430390119552612
49.451255321502686	51.85581636428833
51.1020565032959	46.32174110412598
42.798089027404785	47.56774139404297
47.97858810424805	51.33878517150879
34.14621353149414	36.74784851074219
30.136479377746582	17.315870761871338
25.49833869934082	23.6187481880188
46.280029296875	39.100608825683594
35.662044525146484	25.20142936706543
33.64171123504639	45.32925796508789
41.127634048461914	36.28120422363281
35.24962663650513	31.03824520111084
34.01565170288086	43.74852800369263
32.32124328613281	33.47503662109375
42.38009548187256	39.478827476501465
40.10490036010742	54.7851619720459
26.418968200683594	33.25839281082153
48.41450119018555	50.64523887634277
41.15913391113281	32.73869037628174
32.364386558532715	39.77332019805908
30.799595832824707	42.043585777282715
49.425687313079834	49.7657585144043
30.44205379486084	38.12849283218384
33.505661487579346	37.919921875
34.65318202972412	41.386935234069824
27.607990264892578	27.85316562652588
42.15257549285889	41.529215812683105
28.472118377685547	30.62955379486084
38.1522216796875	41.82088041305542
31.229491233825684	33.86781978607178
54.81569766998291	59.04781436920166
23.82190227508545	38.80252933502197
33.53500270843506	31.600619316101074
31.630640029907227	38.99219226837158
35.472121238708496	37.44624996185303
30.99130630493164	35.32163143157959
28.34491729736328	36.54797315597534
43.781776428222656	46.54838562011719
25.61746120452881	29.132861137390137
50.09718322753906	53.9493522644043
28.595192432403564	31.31119728088379
27.652195930480957	38.27445316314697
34.857916831970215	35.091025829315186
36.063374519348145	35.61571025848389
58.442630767822266	54.74637985229492
32.993526458740234	29.12632465362549
53.52217483520508	52.50263977050781
33.08483123779297	35.006165504455566
35.83748245239258	38.4221510887146
44.821072578430176	46.49837398529053
34.84837293624878	37.15278625488281
38.385878562927246	41.2828369140625
24.45423126220703	34.96119737625122
37.515294551849365	37.31319522857666
47.34805965423584	46.5425705909729
31.070551872253418	31.17969274520874
43.42857360839844	53.94036865234375
31.32359743118286	31.755226135253906
33.72084379196167	37.19938659667969
37.150803565979004	44.022361755371094
24.324302673339844	26.976282596588135
31.85692310333252	33.552924156188965
38.81464338302612	42.737717151641846
36.37706756591797	38.27627897262573
25.55419683456421	34.37668561935425
25.274328231811523	46.85118246078491
45.03456211090088	40.8907585144043
49.846397399902344	35.563621044158936
38.7123498916626	42.62321090698242
26.978144645690918	31.87408208847046
38.89595031738281	43.194125175476074
36.486342430114746	43.93868637084961
29.836397171020508	33.20155334472656
32.860130310058594	33.86922359466553
38.988555908203125	42.406578063964844
28.675999641418457	30.242464542388916
32.07409620285034	37.27985858917236
37.44977569580078	39.36909532546997
41.02941036224365	45.71923828125
29.022831916809082	32.71190690994263
35.63359594345093	44.05175018310547
52.442832946777344	58.278990268707275
47.47162628173828	51.858511447906494
34.87133741378784	41.65388488769531
32.70677185058594	37.82383441925049
32.31995344161987	35.766823291778564
25.617008209228516	33.51839542388916
32.11292266845703	36.86660146713257
43.013831615448	47.28015089035034
40.144309997558594	43.616796016693115
28.15102481842041	38.20997333526611
49.27118444442749	48.255019664764404
18.629944324493408	18.610354900360107
34.69632625579834	33.55778503417969
27.65554428100586	27.51898956298828
46.10725021362305	44.91881561279297
28.630878448486328	31.676204681396484
35.070709228515625	44.86145210266113
38.698119163513184	47.26410245895386
31.10370635986328	38.617026805877686
32.67860412597656	30.3656587600708
45.85540294647217	44.59610080718994
32.53775882720947	38.15874481201172
38.07132053375244	48.746119022369385
37.34713268280029	36.832420349121094
37.840270042419434	41.70602798461914
40.5399284362793	47.329501152038574
48.138540744781494	50.3744215965271
33.536155700683594	36.6696081161499
30.770756721496582	36.01171016693115
26.252927780151367	31.248029708862305
38.19277095794678	33.075313568115234
38.228843212127686	40.99136829376221
29.690451622009277	35.27707386016846
34.40705871582031	34.8286509513855
35.465736389160156	34.66239929199219
43.24570655822754	48.48565721511841
43.60731649398804	36.47252655029297
33.302490234375	30.20789861679077
45.8472900390625	39.431519985198975
29.899958610534668	37.71784257888794
33.395447731018066	36.42905330657959
35.37726640701294	40.66061496734619
34.56555461883545	36.16816759109497
32.40921497344971	34.36802387237549
24.88407325744629	34.75513172149658
33.17614793777466	31.275778770446777
35.989985942840576	37.51041793823242
36.728424072265625	42.935648918151855
41.75147294998169	44.57289934158325
31.517696380615234	33.405470848083496
39.00211429595947	43.41994571685791
48.435097217559814	53.52914571762085
32.95655012130737	36.95686054229736
34.672911643981934	35.415924310684204
42.619914054870605	40.461822509765625
33.89297533035278	39.00475454330444
25.547847747802734	26.955974578857422
25.163140296936035	35.639519691467285
29.769539833068848	32.730979919433594
33.97517681121826	44.027546405792236
31.595091819763184	36.71864986419678
27.256741523742676	26.734760284423828
30.102163314819336	22.404232025146484
45.19048023223877	56.704742431640625
26.15933895111084	33.36249589920044
26.26269817352295	30.019125938415527
48.471606731414795	45.62696838378906
37.24105358123779	33.332133293151855
28.654558658599854	33.948540687561035
22.8043532371521	40.647239685058594
29.28484582901001	32.59919738769531
40.2885422706604	43.271788120269775
46.579927921295166	53.9958610534668
28.520087242126465	36.51971435546875
29.5601806640625	37.95773458480835
35.25717258453369	39.19407606124878
28.659446716308594	34.796345233917236
35.860376834869385	44.198057651519775
45.84481716156006	45.953067779541016
30.785341262817383	31.91315269470215
46.677642822265625	47.00111246109009
34.73562240600586	38.38846206665039
28.750301361083984	31.267375946044922
29.664570808410645	43.00316619873047
28.265793800354004	32.976128578186035
36.738118171691895	41.20297908782959
32.47461795806885	38.96607160568237
35.96604824066162	41.94892072677612
38.34884166717529	47.88825225830078
39.741737365722656	37.3175048828125
37.336891174316406	45.90950918197632
29.514143466949463	36.68269634246826
38.24062442779541	46.20172834396362
42.86411762237549	40.617977142333984
20.201091766357422	33.71479511260986
38.64957332611084	42.67551946640015
60.893624782562256	56.9262170791626
36.38230800628662	34.961995124816895
27.598790884017944	32.810646057128906
39.253395080566406	52.542015075683594
47.58053207397461	49.657155990600586
36.348814964294434	33.06655025482178
33.2864990234375	32.27955627441406
48.0126314163208	57.25512886047363
29.57299518585205	32.27186918258667
41.071542263031006	37.577396392822266
41.469857692718506	35.41069030761719
34.929771423339844	38.1989049911499
38.517354011535645	45.74149417877197
35.87790250778198	33.4180269241333
27.122421264648438	34.11046266555786
36.06327199935913	41.86793756484985
35.89656925201416	35.87917232513428
31.24175262451172	37.18212032318115
40.16610145568848	39.19890642166138
32.761868476867676	38.61094379425049
28.873271942138672	33.00091505050659
38.892165184020996	39.60133695602417
31.16923999786377	21.866008758544922
32.03370952606201	34.2262659072876
24.58117389678955	33.75552463531494
36.57129764556885	35.922821044921875
48.061946868896484	48.57158279418945
29.722769737243652	31.174869060516357
33.029823303222656	36.545013427734375
35.05184841156006	41.84876346588135
36.94898986816406	36.45319414138794
34.26464080810547	40.30062532424927
18.616254806518555	34.507469177246094
30.51145648956299	39.49708557128906
48.23373556137085	55.675697326660156
38.760146141052246	31.53944683074951
41.47445726394653	41.79593753814697
23.738102912902832	33.078861236572266
27.35227108001709	14.539238214492798
33.251731395721436	39.99686002731323
38.12926197052002	41.41090106964111
33.39879512786865	37.041083335876465
37.62049436569214	36.88814449310303
45.59334659576416	51.357479095458984
49.717198848724365	57.492156982421875
35.76645278930664	36.12703800201416
39.94948625564575	44.28746223449707
26.29735279083252	32.71755123138428
37.80117893218994	29.471819400787354
32.10407257080078	37.88524627685547
31.218469619750977	39.6566162109375
37.508058071136475	46.29228210449219
34.296958446502686	41.69619560241699
33.020630836486816	31.82333278656006
35.09815979003906	37.606953620910645
29.233154296875	36.027348041534424
39.76582670211792	41.36771249771118
31.19380235671997	42.71279335021973
46.28510856628418	51.12902641296387
26.37209177017212	31.66189670562744
34.85380840301514	39.20779323577881
29.084534645080566	33.24181795120239
29.58993673324585	30.3393292427063
32.42739772796631	42.7419228553772
35.09915113449097	38.83252716064453
34.997379541397095	49.564828872680664
32.25085163116455	39.98838806152344
35.88784408569336	35.24639129638672
53.7903356552124	56.90757751464844
27.480361461639404	32.46428966522217
31.1325740814209	31.07141876220703
51.86882019042969	51.706149101257324
41.49047231674194	54.29715394973755
42.718377113342285	45.353302001953125
28.748252868652344	30.877849578857422
32.94552564620972	37.0391321182251
37.25531816482544	40.6494140625
38.900662422180176	45.99604940414429
29.532561779022217	29.530261993408203
52.227073192596436	51.53401565551758
31.25192642211914	40.22367477416992
56.1873779296875	58.80885314941406
39.21182727813721	31.05827569961548
31.603463172912598	32.209879875183105
33.211941719055176	35.57204484939575
37.379146575927734	43.49522399902344
28.387761116027832	35.7934684753418
37.739174365997314	41.73391628265381
35.08538818359375	37.80003261566162
28.890380859375	30.159831047058105
47.94063091278076	51.25470161437988
36.93389177322388	41.06916427612305
38.32800626754761	37.21649885177612
22.990622520446777	32.43680191040039
37.06453990936279	44.90607452392578
36.54603672027588	38.09921979904175
28.764796257019043	36.55374240875244
30.935256958007812	21.471832752227783
49.840309143066406	50.90018606185913
28.496086597442627	29.394588470458984
24.289069175720215	31.04835033416748
37.19132661819458	35.40590286254883
53.504319190979004	64.90669393539429
36.00249767303467	40.48042583465576
33.53737163543701	39.71945858001709
26.348998546600342	36.3022985458374
27.16259002685547	24.760719299316406
29.624359607696533	33.08136701583862
41.9745397567749	46.80418539047241
26.70646095275879	31.826353073120117
44.21590805053711	42.510406494140625
45.1724853515625	47.88214063644409
32.255645751953125	30.83296298980713
28.091182708740234	34.2966194152832
26.41995334625244	42.03887939453125
28.239778518676758	30.281864166259766
32.06554412841797	35.191237449645996
30.769057273864746	33.486924171447754
33.576412200927734	36.842742919921875
35.001327991485596	36.32490634918213
28.804383277893066	30.57824993133545
29.11263942718506	33.507896423339844
30.530227661132812	37.26973342895508
52.38082504272461	56.33380079269409
34.58293914794922	36.91104984283447
25.99637269973755	34.73141098022461
39.459858417510986	43.13905334472656
39.005621910095215	39.739033699035645
25.82118272781372	35.53051710128784
26.959896087646484	34.44357776641846
47.464866638183594	50.33560037612915
25.733885765075684	33.637938499450684
43.985122203826904	48.124619483947754
48.07887125015259	56.44400596618652
36.514995098114014	37.896409034729004
28.10578680038452	31.397624492645264
45.211283683776855	43.5084114074707
26.99061632156372	36.27532958984375
43.422776222229004	49.92526626586914
30.830161571502686	28.527328968048096
43.802833557128906	43.215614318847656
33.47124481201172	21.339725017547607
37.99446105957031	37.527031898498535
29.660096168518066	31.768012046813965
34.62179660797119	37.330790519714355
36.83498668670654	42.37145233154297
44.06527519226074	41.08521366119385
19.578282833099365	29.35213565826416
30.11850929260254	26.538541793823242
41.35280132293701	46.093050956726074
28.035547733306885	30.263948440551758
30.110669136047363	34.80201816558838
27.92372226715088	35.175557136535645
29.370198249816895	35.02488708496094
35.88002395629883	30.286219120025635
51.1456618309021	55.26280117034912
29.644455909729004	28.826743125915527
50.3191032409668	53.49028778076172
45.971492767333984	33.864229679107666
36.085853576660156	39.79413843154907
30.736279487609863	39.332382678985596
25.330028533935547	32.470924854278564
33.75758457183838	37.721107006073
48.560218811035156	52.95376682281494
19.901649475097656	23.52556610107422
34.58950328826904	42.959200859069824
32.237300872802734	34.151368141174316
34.99839782714844	37.35476732254028
37.953978538513184	41.79359722137451
39.858158111572266	26.27185821533203
29.80581760406494	36.47601366043091
32.48182773590088	32.24576282501221
48.14361524581909	49.673988342285156
20.842369079589844	35.91459274291992
38.26850509643555	41.05494832992554
47.0000524520874	37.96955966949463
45.377647399902344	44.61625146865845
29.20708179473877	28.275203704833984
29.713276863098145	31.48554563522339
24.376647472381592	28.093806266784668
30.49123525619507	39.46006107330322
38.39383602142334	35.71824645996094
39.61637878417969	43.226929664611816
45.345008850097656	46.7807936668396
26.68468952178955	28.616746425628662
37.14079999923706	36.870704650878906
26.633193492889404	28.287720680236816
31.138811111450195	38.924899101257324
32.89369297027588	39.903640270233154
39.867934226989746	40.10533046722412
30.442745685577393	30.758132934570312
39.46756362915039	29.60629177093506
40.209197998046875	39.36783695220947
39.582190990448	38.39970350265503
48.90869951248169	50.233551025390625
33.83158206939697	35.026225566864014
24.783254623413086	30.76319456100464
27.71567130088806	38.86449098587036
27.12861156463623	31.86078929901123
34.99521732330322	45.83809185028076
33.97797775268555	37.457499504089355
30.979747772216797	31.511109352111816
31.18281602859497	36.210923194885254
32.61582136154175	39.34387922286987
25.807281494140625	29.093074798583984
37.910152435302734	36.339823722839355
33.792659282684326	28.573547840118408
29.75208044052124	36.20331525802612
29.889373779296875	30.36620330810547
38.42685079574585	41.25485944747925
28.126283645629883	29.695446014404297
44.97161340713501	53.73070526123047
39.142945289611816	44.35609436035156
27.35811471939087	15.741161108016968
49.30828857421875	50.34864044189453
48.05384016036987	49.30205535888672
36.729609966278076	35.15822887420654
20.214290618896484	33.2843017578125
32.740196228027344	42.105414390563965
38.48883390426636	34.2619514465332
34.11268901824951	38.36433267593384
34.01630401611328	39.60080623626709
31.96587324142456	32.4957537651062
50.933349609375	47.28245544433594
17.808818817138672	42.508544921875
37.78343152999878	44.290958404541016
36.99664306640625	35.251627922058105
24.452731609344482	34.96116638183594
41.58659362792969	38.290409088134766
32.678924560546875	37.0550537109375
24.621179580688477	28.018770217895508
50.995216369628906	49.011898040771484
28.439388275146484	37.05655288696289
25.81127405166626	33.82436275482178
35.43175220489502	35.32119369506836
37.17457866668701	34.621741771698
39.99370193481445	47.1967248916626
32.118106842041016	38.643741607666016
34.44121599197388	33.8375129699707
32.393431663513184	43.43932342529297
31.113905906677246	37.752121925354004
26.645580291748047	29.416831970214844
34.737751483917236	32.24022674560547
38.84924030303955	38.737327575683594
34.690701484680176	35.42237377166748
53.69672155380249	54.07377576828003
33.29460859298706	34.44077014923096
42.5218243598938	30.903774738311768
48.401397705078125	55.15154314041138
46.79902648925781	54.47378969192505
29.128997325897217	35.64992427825928
48.83086013793945	51.84425067901611
31.390445232391357	34.17872619628906
35.92605113983154	33.91016864776611
44.54592943191528	47.325355529785156
60.33624458312988	60.816922187805176
29.171653747558594	35.76343536376953
34.08082580566406	39.381136894226074
26.34885025024414	35.730652809143066
40.70600509643555	43.22327423095703
46.30298566818237	48.79589080810547
29.253785610198975	32.160773277282715
44.624409198760986	47.15969753265381
39.776824951171875	46.477272033691406
58.93118476867676	59.93086624145508
23.05826187133789	35.15036344528198
35.102832317352295	33.80829334259033
34.42416429519653	30.92353105545044
25.79157590866089	26.615610122680664
51.17469024658203	54.99558877944946
22.152273178100586	22.429027557373047
32.053070068359375	37.98493146896362
40.53580856323242	42.63845920562744
27.84641981124878	27.24269390106201
36.550758361816406	45.76353740692139
31.699670791625977	29.432225227355957
34.366868019104004	37.620245933532715
53.330199241638184	50.67755174636841
31.9022798538208	31.3427095413208
30.79856300354004	32.48466396331787
41.94058275222778	45.14379024505615
34.89453077316284	40.319952964782715
35.17254590988159	35.09357452392578
19.62923812866211	27.26318359375
32.32716369628906	30.87767791748047
59.523247718811035	63.24262189865112
41.74376583099365	45.65932607650757
30.776054859161377	40.217873096466064
26.112112998962402	41.730310916900635
18.32697629928589	27.18954563140869
29.50727939605713	35.10805892944336
36.97905731201172	41.80532741546631
35.31749725341797	32.79706954956055
34.44572353363037	49.748218059539795
37.382041931152344	50.03371047973633
29.64333200454712	33.47474670410156
48.087615966796875	53.51331424713135
37.282891273498535	38.926594257354736
42.95671463012695	48.907100677490234
30.72272777557373	32.53094434738159
38.70083999633789	37.212647438049316
39.22715663909912	48.25809383392334
26.97145700454712	34.97150421142578
29.143192768096924	34.03174638748169
28.63700008392334	32.55908966064453
38.35142183303833	42.96525573730469
30.77402353286743	32.18101501464844
25.81899404525757	32.324485778808594
39.0192346572876	49.32327175140381
29.483612060546875	29.76022958755493
38.72476100921631	40.19493865966797
45.77437877655029	38.37425231933594
34.089752197265625	34.372867584228516
33.817222595214844	44.613030433654785
38.512410163879395	40.836944580078125
37.87031936645508	40.59382963180542
40.82777690887451	38.795791149139404
37.78577899932861	43.27656841278076
29.569458961486816	35.29397678375244
27.620060443878174	30.33665418624878
40.84406232833862	46.36627197265625
37.85494565963745	40.35605430603027
37.48506689071655	44.82564163208008
19.26062774658203	25.533621311187744
31.15580463409424	32.80071258544922
40.4920015335083	41.00185298919678
31.889714241027832	42.218806743621826
35.67277193069458	40.81385612487793
34.83449077606201	45.59784269332886
18.51724624633789	29.440509796142578
41.708157539367676	49.12847137451172
28.197951316833496	37.566514015197754
39.86090898513794	45.13908386230469
34.06466722488403	31.71511173248291
41.20882034301758	42.742225646972656
35.344356536865234	42.06563186645508
32.25852966308594	32.55703639984131
25.580669403076172	34.04823303222656
27.920016527175903	38.15524244308472
38.47312021255493	46.656989097595215
41.06490182876587	38.989623069763184
30.8215069770813	33.973631858825684
31.101688385009766	37.63570690155029
50.28838348388672	55.99849462509155
28.147624969482422	20.969040393829346
39.15973949432373	38.19715976715088
25.154273986816406	31.289639472961426
26.10962963104248	41.978851318359375
27.290024757385254	28.073229789733887
33.475449085235596	24.678378582000732
48.76178693771362	56.637596130371094
26.761512756347656	31.325643062591553
32.494277000427246	33.012831687927246
32.64627456665039	26.667162895202637
36.168471336364746	32.441102027893066
26.536561965942383	31.260574340820312
59.53993320465088	61.01763391494751
52.63865661621094	59.7995662689209
28.16190242767334	33.27420711517334
28.65398597717285	39.20628309249878
36.52019500732422	35.32665538787842
34.995131492614746	33.904051780700684
34.324965476989746	37.153141021728516
38.95619201660156	38.63719177246094
46.70983409881592	43.823195934295654
25.926010608673096	31.506741046905518
30.44189453125	28.9706974029541
14.813286066055298	14.804155826568604
56.24748945236206	56.35615348815918
58.87156677246094	54.51613998413086
28.499340534210205	31.0473895072937
41.156339168548584	38.9324164390564
32.80965328216553	32.73940563201904
40.29084539413452	50.91314697265625
40.50563049316406	29.729026794433594
30.763366222381592	35.27945041656494
42.3374662399292	43.86013412475586
32.884018421173096	35.63721179962158
30.731971263885498	28.888938903808594
34.67841625213623	40.2859468460083
32.75104522705078	35.289222240448
38.901062965393066	32.44139385223389
33.886009216308594	37.70888137817383
44.50416946411133	48.59220504760742
38.15764331817627	40.28243350982666
42.83531856536865	49.046499729156494
31.478166580200195	34.0625696182251
26.992778778076172	36.12067699432373
26.44596576690674	27.942709922790527
31.945080757141113	35.89350938796997
41.75794982910156	44.37086534500122
43.89820098876953	51.02696657180786
25.992748737335205	32.29852294921875
33.09568405151367	39.65175533294678
39.453022480010986	57.05451583862305
30.806758403778076	31.624940872192383
36.06168985366821	52.27210998535156
26.721946716308594	29.366796493530273
43.883660316467285	50.63386344909668
32.2956657409668	39.57348346710205
33.500789642333984	32.57948303222656
22.374026775360107	29.934176445007324
25.75634479522705	34.4000244140625
36.020957946777344	36.83815622329712
27.18501853942871	29.539810180664062
34.03576612472534	34.214375495910645
26.068639755249023	31.962635040283203
40.309261322021484	39.068941593170166
48.148006439208984	46.151798248291016
38.39577531814575	40.807716369628906
44.73692321777344	51.4541974067688
24.44094944000244	24.43911838531494
46.14591979980469	50.41044044494629
44.002509117126465	47.202110290527344
11.667496681213379	22.74379539489746
46.89913272857666	49.52068090438843
42.66193389892578	50.846099853515625
34.7367582321167	25.39247417449951
46.394432067871094	49.89178276062012
50.20330238342285	52.04252624511719
41.47536516189575	43.70108699798584
37.254878997802734	42.11628437042236
38.42830753326416	39.28376626968384
37.793925762176514	44.000089168548584
26.04192543029785	31.389594078063965
28.394358158111572	31.573691368103027
33.56583118438721	40.30500888824463
48.406418323516846	52.00571966171265
25.877387523651123	32.08923053741455
30.47650909423828	26.349275588989258
37.51546096801758	43.90682935714722
38.79887294769287	45.47832012176514
41.80823993682861	32.713683128356934
28.55936050415039	33.59584331512451
36.74363374710083	36.712082862854004
39.295623779296875	37.467604637145996
33.595656394958496	38.94729709625244
34.52075242996216	38.243934631347656
36.04220628738403	32.44398832321167
39.64021635055542	45.06398010253906
27.74345874786377	38.030357360839844
41.07331991195679	48.11027526855469
26.569107055664062	28.570575714111328
35.753254890441895	37.482895851135254
24.24877166748047	32.013423442840576
44.25323247909546	43.114688873291016
42.78716421127319	47.17183065414429
40.15013408660889	41.7564697265625
54.44565296173096	57.07089424133301
27.97870635986328	31.53590679168701
54.62086057662964	57.14136457443237
28.890223503112793	34.809611797332764
33.10605525970459	37.73535490036011
32.41952133178711	30.745162963867188
27.79575824737549	34.623093605041504
41.334168434143066	33.640010833740234
26.73675537109375	35.617828369140625
20.443148612976074	29.52136516571045
32.0405912399292	31.87927484512329
38.67216968536377	37.11484146118164
28.04046630859375	28.281234741210938
25.154166221618652	30.787631034851074
28.02619218826294	32.201019287109375
37.79088878631592	36.88150691986084
52.41456604003906	50.952959060668945
32.67021179199219	37.571983337402344
39.06673526763916	45.91977310180664
52.374656677246094	49.0126371383667
52.59584426879883	54.239410400390625
29.50422763824463	31.771056652069092
31.120059490203857	28.75734806060791
44.63019418716431	55.39915609359741
39.830780029296875	38.19479465484619
41.950653076171875	45.38150930404663
30.029947757720947	37.7728009223938
38.765151500701904	35.714149475097656
31.10010528564453	34.296077728271484
34.44060564041138	42.04637050628662
48.65232849121094	46.06406831741333
19.234697341918945	26.83983612060547
36.122485637664795	39.360183238983154
34.22965860366821	39.438018798828125
47.50250816345215	71.1859221458435
30.856189727783203	39.66469144821167
32.969069480895996	46.52943134307861
26.09507942199707	30.259485244750977
47.39632797241211	40.772258281707764
29.111063480377197	30.628020763397217
42.90475034713745	44.85716247558594
40.82024002075195	48.83439636230469
37.962979316711426	48.92713737487793
16.491436004638672	30.70793390274048
38.69253444671631	41.36468505859375
41.052802085876465	40.11024475097656
25.19716739654541	32.755977630615234
31.695502281188965	38.81870889663696
49.1240873336792	43.475586891174316
28.428647994995117	33.171138763427734
35.84524440765381	26.091344833374023
25.991942882537842	33.552483558654785
19.120624542236328	35.518646240234375
33.90097951889038	44.97209167480469
30.54086208343506	36.00831699371338
34.10609436035156	36.34893274307251
41.93437671661377	46.78968572616577
32.523351192474365	41.27618169784546
34.506468772888184	37.25080919265747
46.402907371520996	57.59950637817383
39.946364879608154	39.82261371612549
38.34656476974487	41.910715103149414
46.19846057891846	50.98625946044922
32.776597023010254	39.97297763824463
45.661216735839844	40.84733963012695
48.52321815490723	43.93917989730835
35.02001953125	32.993462562561035
60.08318328857422	60.411054611206055
44.42945194244385	46.086228370666504
37.372498512268066	37.178481101989746
32.76610612869263	37.60769176483154
31.001859664916992	33.86513900756836
42.159356117248535	44.90099334716797
35.6112756729126	37.30282640457153
28.58391761779785	37.20566987991333
32.744473457336426	36.67954730987549
31.102330684661865	35.539584159851074
39.03071308135986	42.125733375549316
27.90582275390625	35.80628299713135
43.29825735092163	41.94282531738281
36.22283935546875	35.70330333709717
33.68678903579712	34.27744960784912
42.53986883163452	52.304466247558594
35.463921546936035	41.73685312271118
38.05840301513672	41.73959255218506
50.945865631103516	58.12011766433716
29.699892044067383	37.872230529785156
33.9973669052124	35.983139991760254
26.72775626182556	29.897817134857178
34.4795036315918	37.10753631591797
35.94421863555908	37.37977123260498
47.90003156661987	51.29036331176758
29.010929107666016	33.166072368621826
37.53434705734253	39.185205936431885
42.05605936050415	45.21282958984375
26.28566837310791	39.899658203125
32.16664981842041	32.37669229507446
29.244507789611816	30.30801773071289
38.309417724609375	43.27287292480469
23.89014434814453	31.31904363632202
30.44831943511963	36.1323766708374
29.94694709777832	40.83930492401123
32.6399302482605	29.43036651611328
36.21745777130127	40.67647647857666
41.779480934143066	44.17710590362549
45.47998523712158	43.33546543121338
23.0565242767334	30.256710052490234
43.895705223083496	34.80295658111572
47.05166244506836	50.876203536987305
31.94813632965088	37.340577602386475
30.34411907196045	33.10450315475464
30.225431442260742	41.4882287979126
54.82530355453491	49.32021903991699
29.7268123626709	41.49362659454346
39.837570667266846	43.93523120880127
31.461050033569336	34.978766441345215
24.46117401123047	31.238805770874023
29.86064910888672	28.120464324951172
36.70741653442383	39.18245601654053
46.54530429840088	53.16410827636719
30.506720542907715	37.434818744659424
33.9783296585083	39.38626527786255
34.938411712646484	37.50194835662842
32.1150426864624	38.638970375061035
23.32387924194336	31.771867275238037
36.79231405258179	32.080260276794434
50.09579610824585	52.54048156738281
35.06586790084839	36.04695224761963
40.437617778778076	37.634963512420654
33.50817918777466	36.47417068481445
32.81332731246948	32.356712341308594
34.68615770339966	35.238999366760254
37.460572242736816	41.99380159378052
37.98655700683594	40.12416172027588
35.44754505157471	40.410213470458984
18.524402618408203	27.359861373901367
35.38907527923584	34.67463684082031
43.39046001434326	44.35028314590454
44.40276336669922	53.963011264801025
38.473350524902344	44.01844072341919
29.970359802246094	36.84115791320801
36.53767538070679	38.40037536621094
39.90482187271118	47.79661464691162
32.95670986175537	41.13815784454346
28.62032651901245	28.42294931411743
39.04018306732178	39.875298500061035
47.85784435272217	44.61213684082031
24.35841178894043	28.94993543624878
32.786728382110596	49.11797332763672
26.997177600860596	28.12067413330078
46.794392108917236	48.32669448852539
27.061859130859375	32.91939973831177
58.68777847290039	59.7728967666626
34.72901630401611	37.54792547225952
30.49270534515381	38.14648723602295
42.27149152755737	45.51015853881836
50.05249214172363	53.04595327377319
35.58824157714844	29.350765228271484
32.41637420654297	33.058650970458984
44.01878356933594	47.74547052383423
39.34061670303345	41.13976287841797
27.25722074508667	32.081299781799316
21.24352264404297	22.99149751663208
47.19609832763672	47.68296813964844
49.523338317871094	48.14713001251221
31.64325714111328	48.22682809829712
27.987873077392578	38.48554611206055
33.91140699386597	43.2141637802124
43.98239517211914	49.20243787765503
27.025304794311523	25.646530151367188
28.13370704650879	40.83430480957031
46.58734130859375	39.59687089920044
44.508827209472656	46.982977867126465
32.03086566925049	32.03883647918701
37.2044677734375	28.791934967041016
35.1560583114624	42.26275634765625
28.032849311828613	40.458115577697754
33.18699932098389	37.68970584869385
30.16122341156006	31.667747497558594
33.92300367355347	37.235589027404785
36.34355878829956	45.78625679016113
37.086708068847656	36.36703395843506
46.09624528884888	51.85166931152344
36.357078552246094	33.77527713775635
51.168941497802734	49.617218017578125
37.88400363922119	26.094122886657715
33.02651596069336	39.37096452713013
48.05992126464844	55.4823260307312
45.27971935272217	43.98742198944092
30.571377277374268	36.36416530609131
39.84938335418701	40.630019187927246
30.302175521850586	32.40205001831055
62.858752727508545	59.782782554626465
36.127867698669434	34.94731903076172
27.819229125976562	33.016395568847656
32.366591930389404	35.37537384033203
34.27281475067139	35.490264892578125
28.45087766647339	30.006682872772217
26.806005477905273	29.107595443725586
37.87027072906494	41.82197570800781
40.970330238342285	44.905410289764404
50.22510528564453	51.47336435317993
32.6708984375	39.77191209793091
26.202091217041016	33.52555847167969
28.284439086914062	28.92196273803711
40.25267028808594	37.78926944732666
42.87170886993408	45.67321157455444
43.7470326423645	50.795040130615234
34.657630920410156	47.31273937225342
43.790855407714844	46.21499300003052
43.803314208984375	47.685118675231934
42.30654239654541	44.921207427978516
51.449527740478516	52.63545227050781
30.219264030456543	33.01715850830078
35.763084411621094	31.982616424560547
22.99434185028076	31.78858757019043
33.04994201660156	32.583420276641846
43.85243225097656	49.014079093933105
32.509108543395996	39.54101848602295
38.06836462020874	47.376068115234375
29.008180618286133	32.997676849365234
33.50800275802612	34.786940574645996
40.794081687927246	34.529151916503906
32.9460334777832	41.72488212585449
51.982627868652344	54.08700180053711
27.598331451416016	34.02796983718872
35.62686014175415	40.92096710205078
32.01529026031494	32.45138168334961
26.696975231170654	35.11238098144531
33.136048316955566	31.58305263519287
43.996307373046875	44.389427185058594
42.003387451171875	42.21075439453125
51.387046813964844	48.9190559387207
50.923094749450684	51.63841152191162
38.232293128967285	35.11152648925781
29.25046443939209	39.88655090332031
31.156951904296875	37.340312004089355
29.385976791381836	33.827518463134766
28.953633308410645	37.706055641174316
30.370032787322998	34.382195472717285
27.169381141662598	36.5117712020874
28.003698348999023	30.86240530014038
42.479976654052734	48.40268898010254
39.72945499420166	44.0143084526062
31.990902423858643	35.21080684661865
29.60517168045044	32.37030792236328
33.493812561035156	39.203192710876465
28.057823181152344	28.208014965057373
29.039931297302246	31.196622848510742
32.42335796356201	49.59986352920532
42.49747133255005	40.21775436401367
37.175480365753174	50.17164993286133
37.16555118560791	42.01401233673096
40.01176071166992	43.51191711425781
32.55468463897705	35.993781089782715
42.43220901489258	49.648916244506836
35.12690734863281	43.42167139053345
40.71144104003906	39.39954471588135
34.064666748046875	39.43596267700195
34.485514640808105	39.32133865356445
58.33329772949219	57.25260543823242
50.823264598846436	61.25279426574707
30.645347595214844	29.199153900146484
39.43724775314331	42.72514343261719
28.1544828414917	32.969727516174316
41.56455945968628	45.09152126312256
32.56316423416138	33.320631980895996
41.402756690979004	45.83494567871094
33.936638832092285	34.9637975692749
37.186988830566406	33.022850036621094
28.825860023498535	35.16831874847412
28.513833045959473	45.946478843688965
34.279852867126465	50.182974338531494
26.522149085998535	32.08303356170654
36.41767501831055	37.109859466552734
30.96064281463623	31.440462112426758
42.07708120346069	46.496116638183594
29.071826934814453	33.09204816818237
44.569241523742676	42.860233306884766
42.79005813598633	45.746581077575684
45.51850748062134	52.47178077697754
24.2917423248291	30.010979175567627
37.70061922073364	38.694804191589355
43.745657444000244	48.01501750946045
39.32724666595459	40.540367126464844
