49.37831115722656	48.03532791137695
45.12078857421875	47.50242614746094
37.441434383392334	41.68935537338257
44.89501190185547	43.94995880126953
45.40229034423828	44.66093063354492
36.97760534286499	39.044251441955566
45.21894454956055	41.938289642333984
36.60951614379883	38.8880295753479
44.67692947387695	48.590545654296875
40.89344930648804	44.76100778579712
44.66779327392578	46.26932144165039
37.65160608291626	38.530601501464844
46.23958206176758	46.94264221191406
37.18361139297485	39.36663866043091
47.16765594482422	45.523155212402344
46.327064514160156	45.782981872558594
42.89563751220703	42.97405242919922
40.650794982910156	45.20027542114258
39.374008655548096	43.3802752494812
38.87659740447998	39.955467224121094
43.10422134399414	44.24397277832031
41.782012939453125	42.19352722167969
43.589576721191406	46.972267150878906
39.58168411254883	42.9251823425293
37.15895462036133	37.09521484375
44.46525192260742	48.983375549316406
44.032283782958984	48.50099182128906
42.720497131347656	48.27724075317383
40.34996795654297	42.699867248535156
42.583351135253906	49.0584831237793
36.52793216705322	39.30789232254028
44.33522415161133	50.54963302612305
49.22541618347168	49.94851112365723
32.99181318283081	36.866190910339355
45.0765495300293	48.48753356933594
33.16871643066406	33.189040660858154
39.31274890899658	42.7684588432312
41.740601539611816	42.195762157440186
43.892005920410156	50.115806579589844
43.47872543334961	42.64775085449219
30.989137172698975	32.27609920501709
36.722808837890625	40.23324966430664
45.259925842285156	47.02086639404297
43.14570617675781	47.42743682861328
33.18430423736572	39.348994731903076
40.67198944091797	45.16932678222656
36.45672559738159	37.720633029937744
48.078311920166016	46.27960205078125
43.147125244140625	45.5731086730957
36.44985294342041	40.84616184234619
39.32052278518677	43.58721923828125
41.98100280761719	42.110511779785156
47.86878967285156	53.52458953857422
44.39157485961914	50.30522918701172
38.722952365875244	44.13228511810303
39.16042232513428	43.224984645843506
39.79521989822388	40.966628551483154
35.837512493133545	38.83453369140625
36.22539520263672	43.17395877838135
44.04054260253906	49.17973327636719
38.666489124298096	41.292397022247314
39.3275990486145	41.404799461364746
40.62086486816406	45.467525482177734
38.4960823059082	42.20535659790039
43.189659118652344	46.80803680419922
43.92002868652344	46.68962478637695
46.86649703979492	45.71959686279297
37.234153270721436	40.656785011291504
43.89168167114258	42.66431427001953
34.3377685546875	34.98663854598999
43.34299087524414	45.22194290161133
45.31533432006836	47.71155548095703
39.77217197418213	42.2233362197876
42.719547271728516	46.769317626953125
48.459266662597656	51.501319885253906
33.573872566223145	36.25075626373291
34.33548879623413	40.335559368133545
44.10535430908203	45.4490966796875
39.973191261291504	44.354416370391846
46.20941162109375	48.82862854003906
46.479034423828125	46.20156145095825
39.081618785858154	37.89311695098877
44.28373718261719	44.53165054321289
46.371734619140625	50.69568634033203
44.1019172668457	42.20957565307617
37.37986087799072	41.6305456161499
40.77546691894531	43.40738296508789
41.40672302246094	42.22964096069336
45.85533142089844	45.18638610839844
38.817931175231934	43.16710615158081
34.00364542007446	38.031875133514404
41.02471160888672	50.5191650390625
39.44422149658203	44.86674880981445
40.71251726150513	42.66078281402588
47.671566009521484	50.569522857666016
40.047523498535156	45.39036560058594
43.37530517578125	49.03284454345703
40.31376647949219	45.331329345703125
42.769222259521484	42.90281677246094
41.88872241973877	44.88867425918579
29.743237495422363	34.66941499710083
39.17499876022339	43.43616771697998
44.83509826660156	43.11359786987305
40.090850830078125	43.254520416259766
41.70394849777222	41.33155679702759
36.09494161605835	41.03083896636963
38.99651002883911	44.80869245529175
37.495628356933594	42.994544982910156
41.945213317871094	46.714847564697266
39.391926288604736	40.265464305877686
35.19522142410278	38.07757043838501
55.04946041107178	58.991127490997314
38.59239959716797	43.04735565185547
36.38652801513672	41.831321716308594
49.67024612426758	49.099483489990234
46.376708984375	48.94400405883789
38.86343288421631	43.31840133666992
34.10910177230835	40.18940448760986
33.80197191238403	39.32694149017334
34.29060459136963	36.630728244781494
38.95042085647583	41.138278007507324
40.78248596191406	40.81843566894531
44.29045104980469	42.61927032470703
48.76991271972656	48.003143310546875
37.366482734680176	39.89315938949585
41.151612758636475	44.94511413574219
41.88197994232178	46.78248929977417
42.77888631820679	46.96547746658325
42.349639892578125	42.426048278808594
37.33094120025635	40.17643356323242
34.97317028045654	39.36356782913208
48.67317199707031	51.997039794921875
42.71056365966797	47.4989128112793
37.01435089111328	41.523895263671875
36.948779582977295	42.70066022872925
48.34117889404297	51.6541748046875
47.993900299072266	53.33647918701172
49.76803207397461	53.11050796508789
41.33291244506836	40.786582946777344
38.94609832763672	41.25590515136719
31.828662395477295	33.75924062728882
41.05819606781006	43.33363199234009
36.82863998413086	42.28144073486328
41.64245843887329	50.74560070037842
35.139095306396484	35.13595104217529
46.62138366699219	49.471092224121094
43.686302185058594	44.46532440185547
34.44294786453247	35.42919206619263
40.699058532714844	42.421791076660156
38.893540382385254	41.60039138793945
38.794312477111816	46.37080764770508
44.83811950683594	43.86707305908203
35.67650747299194	39.1048903465271
36.64954376220703	42.24488830566406
35.73389530181885	41.49414396286011
37.454819202423096	43.51262140274048
43.37329864501953	41.77621078491211
42.1323356628418	43.07587432861328
48.16520690917969	51.39237976074219
37.77848148345947	41.22283935546875
40.29999542236328	45.71996307373047
35.472694396972656	37.92503356933594
39.42134618759155	38.39906978607178
35.5516881942749	42.49362277984619
39.50593090057373	38.410775661468506
35.981764793395996	39.989943981170654
39.45813608169556	41.588088035583496
36.049620151519775	40.14323854446411
34.463943004608154	36.566264152526855
36.902843952178955	41.17522144317627
55.871156215667725	58.88292932510376
41.58075714111328	46.37688446044922
37.11664581298828	38.226558685302734
45.51612091064453	46.326507568359375
44.142348766326904	43.180123805999756
39.98160266876221	38.74412441253662
46.338584899902344	45.2554817199707
37.15220546722412	40.58065843582153
44.42693328857422	47.59505844116211
40.0519905090332	44.012916564941406
43.19086837768555	48.37996292114258
39.14403009414673	41.61280155181885
42.54484939575195	46.74504852294922
39.663968563079834	41.483219146728516
46.37762451171875	51.368247985839844
40.802703857421875	45.77817916870117
42.417497634887695	48.9765739440918
39.370147705078125	43.58736038208008
38.775216579437256	41.156105518341064
47.223472595214844	47.225830078125
42.80567169189453	43.312339782714844
33.407920837402344	35.380699634552
37.731067180633545	39.499051570892334
37.136924743652344	40.02844285964966
42.320091247558594	46.88350296020508
45.76459503173828	47.761985778808594
36.92667007446289	40.0455207824707
38.88814640045166	46.4311261177063
48.081260681152344	53.73373031616211
36.56877088546753	40.77852010726929
41.7829155921936	45.794352531433105
53.59766435623169	56.52600574493408
41.77083921432495	41.735631465911865
37.3266019821167	41.775378704071045
49.718207359313965	58.13634395599365
37.578486919403076	36.03207302093506
42.92784833908081	44.666396141052246
40.49539279937744	43.55947828292847
40.897401332855225	42.12114763259888
40.303955078125	40.35183334350586
31.466691493988037	34.71220302581787
35.405128479003906	39.11064147949219
48.659393310546875	50.68243408203125
48.481483459472656	50.62317657470703
41.146782875061035	42.517234802246094
53.749563217163086	56.42223310470581
48.21375846862793	50.39996147155762
43.71412658691406	49.84816360473633
47.317237854003906	52.00637435913086
44.95512008666992	49.56556701660156
32.39500713348389	34.90494775772095
43.49967575073242	45.37246322631836
41.723785400390625	47.680198669433594
36.42591381072998	36.09995174407959
37.07148599624634	39.55076503753662
37.17306041717529	41.6562237739563
47.53526306152344	50.586448669433594
36.95292520523071	42.311806201934814
35.037384033203125	40.727394104003906
37.48596143722534	42.51682758331299
36.45093107223511	39.95504665374756
33.27079153060913	40.70801115036011
37.067126750946045	38.7732138633728
42.29130506515503	40.91447448730469
46.800697326660156	50.87506103515625
49.942928314208984	52.11016845703125
42.76302719116211	44.83650207519531
39.360801696777344	45.171607971191406
36.806336402893066	39.67771053314209
40.028499603271484	44.989585876464844
45.03303527832031	47.34412384033203
41.274635314941406	47.04991149902344
39.85511779785156	45.14980173110962
41.73777770996094	45.559364318847656
42.42158508300781	49.193809509277344
41.67118740081787	44.4723162651062
47.22338104248047	50.58010482788086
30.631762504577637	35.422876834869385
34.68065690994263	34.64589977264404
44.395606994628906	47.67906188964844
37.15803909301758	44.119537353515625
43.86318588256836	44.46921157836914
40.37810134887695	50.80142593383789
45.4697151184082	50.68470764160156
42.74505615234375	42.273963928222656
41.760169982910156	45.920265197753906
40.924617767333984	46.653602600097656
47.3039436340332	51.0814094543457
34.24369764328003	34.07704162597656
42.148929595947266	43.247642517089844
35.51920747756958	41.432300090789795
35.88763380050659	38.99659013748169
36.41921138763428	37.59939527511597
44.74461364746094	47.012413024902344
44.86864471435547	47.952571868896484
40.11320781707764	41.80519247055054
35.361093044281006	38.07627868652344
45.316654205322266	48.91517639160156
42.01396942138672	44.9921875
41.40840148925781	47.381038665771484
41.51459503173828	45.45378112792969
45.34403610229492	50.332305908203125
52.95227813720703	55.549713134765625
45.14720153808594	47.10191345214844
39.347739696502686	42.067057609558105
37.982534885406494	39.052876472473145
42.2578010559082	42.99195098876953
42.91603088378906	44.85664367675781
36.45547389984131	39.53477334976196
45.048072814941406	47.69305419921875
36.34418964385986	41.63490152359009
37.6452841758728	40.33362340927124
37.89868450164795	38.08124542236328
41.999290466308594	47.63941192626953
44.58007049560547	41.96757125854492
32.086121559143066	35.07076930999756
37.79289770126343	41.978797912597656
40.98432922363281	44.499603271484375
46.92213439941406	48.92442321777344
45.36798095703125	46.17784118652344
43.433433532714844	43.8087043762207
40.147324085235596	41.35986852645874
42.152652740478516	43.50477600097656
38.623170375823975	42.74411916732788
34.57570791244507	39.87935400009155
40.70182800292969	43.96852493286133
44.479639530181885	46.39606857299805
41.356937408447266	46.301673889160156
42.17198848724365	45.70034980773926
42.693702697753906	50.28118133544922
37.34232997894287	40.93417453765869
36.3784294128418	41.59519100189209
39.70358228683472	43.48459005355835
33.91481828689575	37.53658676147461
33.819252014160156	39.95592784881592
52.65298938751221	52.67452096939087
41.076777935028076	45.11144304275513
44.44517517089844	48.30672836303711
46.227264404296875	45.710487365722656
44.043670654296875	48.42136001586914
28.93314552307129	33.16265821456909
33.93339681625366	38.2170295715332
46.65235900878906	48.096290588378906
43.85272932052612	47.133431911468506
48.24199295043945	51.9495735168457
45.66598129272461	43.988311767578125
43.26938486099243	47.334381103515625
35.105162620544434	38.94221639633179
35.980977058410645	38.11321210861206
39.259947299957275	41.3343939781189
42.07548522949219	40.73609161376953
37.513522148132324	39.94593095779419
45.029747009277344	46.45006561279297
41.58773422241211	41.90058183670044
36.92954683303833	40.70386219024658
36.53971815109253	37.54155349731445
48.240394592285156	49.497989654541016
39.869614124298096	41.35317277908325
38.85274124145508	43.24795913696289
41.8653564453125	43.032936096191406
41.79820251464844	44.34751892089844
35.51262283325195	40.830841064453125
38.55551862716675	37.87075662612915
35.72564077377319	38.40377950668335
41.54611110687256	49.563661098480225
45.602508544921875	49.517704010009766
35.40665149688721	39.949315547943115
45.159996032714844	48.31019973754883
35.09015893936157	38.51357173919678
33.82713603973389	38.671165466308594
38.17594051361084	39.457581996917725
36.892770290374756	38.664963722229004
40.94331741333008	45.88200759887695
41.72131872177124	40.36862087249756
44.68644714355469	48.65586853027344
46.96967697143555	48.90028381347656
44.84141540527344	45.27619171142578
42.185184478759766	46.16130447387695
36.52907705307007	38.7943959236145
34.442734241485596	37.262832164764404
34.1088547706604	39.57896327972412
40.48039245605469	43.849608421325684
40.63319683074951	42.71535873413086
33.443472385406494	37.19396209716797
39.95689392089844	43.719722747802734
43.735538482666016	46.24193572998047
30.42753553390503	35.84506273269653
33.12260055541992	39.15262508392334
44.358917236328125	44.59845733642578
37.410582542419434	40.486143589019775
30.08726739883423	34.274696350097656
39.16382694244385	42.53838348388672
41.18772888183594	45.07176208496094
32.77257585525513	38.63927888870239
40.053314208984375	42.35038757324219
41.1488151550293	40.58218765258789
50.093780517578125	50.60258865356445
48.59990310668945	49.89060974121094
46.367149353027344	48.545135498046875
41.07719039916992	40.43205261230469
47.816158294677734	51.40666961669922
37.18368148803711	43.34085178375244
39.596396923065186	40.556549072265625
44.4161262512207	47.563507080078125
44.01897430419922	49.43688201904297
43.34980010986328	43.00881576538086
39.74903869628906	40.39926528930664
37.812705993652344	42.28563690185547
35.44282388687134	35.162904262542725
45.09092712402344	48.11156463623047
38.53459167480469	47.576377868652344
42.13530731201172	50.891761779785156
36.43382787704468	40.24076747894287
42.012996673583984	40.903724670410156
43.48347473144531	42.8865966796875
40.50204515457153	45.01146745681763
32.45825958251953	38.860655784606934
42.311676025390625	46.56576156616211
43.7779541015625	44.08460998535156
41.319129943847656	45.93462371826172
40.30052185058594	41.93068599700928
43.78175735473633	45.979183197021484
45.73799514770508	45.52388000488281
34.34451770782471	37.96565532684326
39.541988372802734	42.74041748046875
40.961273193359375	46.67109680175781
38.500937938690186	40.83421230316162
47.147789001464844	48.393165588378906
43.054603576660156	44.762481689453125
47.09419250488281	53.082271575927734
35.55130100250244	37.78245687484741
42.399879455566406	49.16975402832031
30.31082057952881	33.45355939865112
38.78340148925781	42.27538299560547
46.668209075927734	49.86614227294922
37.44855070114136	40.035682678222656
30.335400581359863	38.468443870544434
43.891998291015625	47.2706298828125
43.797457695007324	44.04639530181885
41.75969314575195	47.16196823120117
44.32910919189453	49.36238098144531
39.3647575378418	43.35266876220703
39.54157590866089	43.54777240753174
39.39128541946411	42.36501169204712
35.100449562072754	41.371497631073
42.589736461639404	41.614891052246094
41.40237283706665	40.23654842376709
46.68225860595703	44.4566535949707
43.76879119873047	46.928688049316406
40.70575714111328	44.65916633605957
44.181915283203125	43.296016693115234
43.15295362472534	41.265206813812256
31.114153385162354	32.23845148086548
37.88724899291992	40.59337568283081
36.65903997421265	35.40197515487671
49.603965759277344	51.35432434082031
32.35974931716919	32.36758327484131
37.604782581329346	41.666908264160156
38.073484897613525	42.70249271392822
41.46261119842529	40.46895694732666
40.27454662322998	43.932490825653076
44.87063217163086	45.80035400390625
56.583717346191406	58.152748107910156
37.442378997802734	41.67678165435791
39.384042263031006	42.2411904335022
44.67841720581055	45.62684631347656
32.83949327468872	34.820433139801025
37.95486402511597	43.38983488082886
39.49024963378906	40.54500675201416
38.553515911102295	44.61837100982666
35.455010414123535	40.944839000701904
38.76187515258789	44.31232452392578
34.97297668457031	36.00640153884888
32.66913890838623	34.81582689285278
45.66084671020508	46.97179412841797
36.065001010894775	41.69011640548706
32.2074294090271	36.463711738586426
50.50582838058472	59.31601810455322
37.82940053939819	41.89302158355713
43.69548034667969	49.7825927734375
46.277488708496094	45.309913635253906
43.777750968933105	46.14038848876953
34.88611555099487	35.324870586395264
35.727917194366455	41.279903411865234
36.662367820739746	40.326537132263184
41.55574417114258	42.67190456390381
43.016353607177734	45.41804122924805
37.940898418426514	36.71918821334839
46.79068565368652	49.6180534362793
41.16777801513672	43.40470886230469
39.27672576904297	42.8670654296875
43.60070753097534	43.24436092376709
33.67782688140869	39.644755840301514
43.3215446472168	47.67412185668945
35.28317737579346	36.35786819458008
44.42987823486328	44.96868133544922
38.118889808654785	40.47560930252075
34.16915988922119	41.67342710494995
38.162001609802246	42.33705377578735
38.5180344581604	38.403151988983154
41.72018384933472	44.21260070800781
41.141868591308594	43.59828567504883
39.300796031951904	43.432612895965576
43.36357593536377	45.967994689941406
37.0013542175293	40.44534158706665
47.0650634765625	52.18994903564453
43.27385711669922	44.029823303222656
31.05650520324707	35.165504455566406
50.09963035583496	51.268911361694336
32.37534713745117	35.380255699157715
35.34218740463257	41.5098352432251
31.87038564682007	34.77777862548828
34.14226675033569	33.16757154464722
44.78993368148804	45.58397722244263
41.14142894744873	44.403276443481445
44.937957763671875	43.645668029785156
38.955347537994385	43.66165018081665
38.361244201660156	41.99976348876953
41.56705617904663	46.56596899032593
41.049842834472656	47.492919921875
37.51527118682861	38.366849422454834
36.112762451171875	39.69583177566528
49.698486328125	52.79819869995117
50.496888637542725	56.86421012878418
36.328224658966064	42.11028289794922
46.852725982666016	49.35484313964844
37.9540228843689	43.48927974700928
49.76896286010742	50.52992820739746
39.224899768829346	43.63552474975586
35.096096992492676	36.259204387664795
35.936890602111816	41.57771396636963
35.73854160308838	39.31066608428955
43.88685607910156	45.47276306152344
32.93920850753784	37.016221046447754
39.97016525268555	44.57981491088867
47.149925231933594	50.55638122558594
43.99567794799805	48.850852966308594
36.336485862731934	39.65012979507446
36.657447814941406	43.876314640045166
32.56174993515015	35.76778793334961
36.94919967651367	40.19742202758789
46.7590217590332	50.22405242919922
37.301100730895996	40.54348802566528
33.35329341888428	37.20726013183594
42.298126220703125	44.71799087524414
42.57609462738037	42.28914546966553
38.466312408447266	39.37553024291992
44.76947784423828	49.34968185424805
44.187782287597656	45.215641021728516
33.97580099105835	34.78177738189697
41.4110312461853	44.80121564865112
45.41680908203125	49.35638427734375
49.448509216308594	50.648136138916016
44.261887550354004	45.53065490722656
37.61261320114136	42.320931911468506
41.488807678222656	42.76570129394531
48.984439849853516	52.76114273071289
41.6282844543457	48.36231994628906
43.40132141113281	47.65001678466797
51.98993682861328	54.933528900146484
47.48187255859375	50.1153678894043
39.000361919403076	43.72137451171875
34.325969219207764	39.05139112472534
37.88668489456177	42.3173303604126
35.15834140777588	41.83609104156494
38.16350030899048	43.849708557128906
40.94731140136719	43.91345977783203
39.08262014389038	41.251147747039795
38.02640438079834	40.71256399154663
46.049461364746094	48.74065399169922
39.598876953125	41.048219203948975
53.05628299713135	61.07875728607178
45.871734619140625	51.560020446777344
40.96839904785156	48.112220764160156
37.087944984436035	41.6912145614624
37.95975065231323	40.631367206573486
36.13541650772095	38.957303524017334
36.031986236572266	40.35321044921875
45.83403778076172	51.03643798828125
40.95423173904419	42.25480890274048
46.57938003540039	52.019927978515625
41.899051666259766	42.667877197265625
40.728886127471924	41.51980543136597
40.28174638748169	41.177310943603516
37.89648151397705	42.3186821937561
42.473358154296875	47.70121383666992
43.27708435058594	50.750152587890625
40.38118124008179	46.207552909851074
37.624412536621094	40.02790546417236
35.664491176605225	36.110963344573975
39.15389013290405	39.53008031845093
42.028632164001465	43.34561491012573
38.59258556365967	43.10710144042969
42.19441223144531	46.108917236328125
40.3072075843811	42.92079210281372
36.70652770996094	40.4768443107605
35.07692766189575	38.61879777908325
34.148234844207764	34.031569957733154
35.05094575881958	41.19660043716431
37.465049743652344	38.98425340652466
45.640159606933594	48.26573181152344
42.3967170715332	41.36082077026367
42.81732940673828	46.56636047363281
48.20806121826172	50.96466064453125
39.552066802978516	38.04886484146118
49.00416564941406	47.874794006347656
43.09628677368164	50.03647994995117
44.670047760009766	45.25496435165405
40.352500915527344	47.23645782470703
44.22810363769531	50.70083236694336
46.04907989501953	51.715660095214844
33.842970848083496	39.79772663116455
39.689473152160645	40.98174238204956
37.36962032318115	35.95770883560181
43.651793479919434	43.33804798126221
36.28456115722656	39.56221008300781
49.02057647705078	56.68928527832031
45.65321350097656	47.126155853271484
31.62778329849243	38.82940673828125
36.592276096343994	38.43681764602661
38.98137283325195	39.284507274627686
35.98324680328369	40.91220140457153
41.44308853149414	48.59423065185547
37.38208055496216	39.31430768966675
43.96748352050781	49.588905334472656
40.026713848114014	42.94255495071411
44.51799011230469	52.34379196166992
32.91375732421875	34.23021602630615
45.65068817138672	48.220516204833984
37.07359552383423	44.28815317153931
39.35991621017456	43.870930671691895
39.86226749420166	43.58987283706665
43.908905029296875	42.93617248535156
42.87215042114258	48.62480926513672
47.643882751464844	49.50775909423828
35.95674753189087	39.82926940917969
46.90690612792969	49.21442794799805
40.63698959350586	47.65059280395508
42.78461742401123	41.37304973602295
39.014370918273926	38.6095085144043
37.740700244903564	42.94569253921509
40.96546936035156	40.313316345214844
34.04180383682251	38.11258792877197
44.786109924316406	50.409366607666016
40.76142883300781	47.694820404052734
36.70954179763794	41.04371643066406
35.96491861343384	38.87886047363281
34.7901086807251	37.098652839660645
39.47380065917969	40.75648880004883
44.520423889160156	42.171173095703125
47.87983322143555	48.310447692871094
41.34660339355469	46.15956497192383
38.253846168518066	41.72775411605835
36.06746768951416	40.97608137130737
40.19749450683594	45.50505828857422
36.04222345352173	39.37481641769409
37.79002046585083	40.07229566574097
39.06502962112427	41.86502695083618
37.70060586929321	38.45100021362305
47.27829933166504	48.54843616485596
37.3408088684082	42.58839416503906
38.423282623291016	39.80603790283203
38.346611976623535	42.1347393989563
37.21976709365845	40.484447956085205
42.99410152435303	45.58073949813843
49.185707092285156	55.14918518066406
44.342156410217285	47.99508047103882
42.382688999176025	44.865973472595215
45.45545291900635	50.55393743515015
39.53670930862427	43.33489370346069
45.052581787109375	46.13624572753906
36.8932843208313	39.33922815322876
42.06650924682617	44.44532775878906
45.2954216003418	50.48484802246094
47.187442779541016	51.28312683105469
30.617072582244873	34.61571216583252
47.55093002319336	48.57252883911133
40.98874282836914	46.558631896972656
46.41252517700195	46.86695861816406
45.17170715332031	48.01167297363281
37.61083984375	39.39991760253906
40.91305589675903	44.542044162750244
43.33958435058594	44.576751708984375
39.44750165939331	43.568013191223145
33.09910202026367	40.81813716888428
36.510308265686035	40.72893953323364
38.14674758911133	43.58412837982178
35.176743030548096	36.22964429855347
41.9801664352417	44.45736885070801
44.52445602416992	46.05107116699219
47.58942413330078	51.72441101074219
42.68064880371094	45.62556076049805
38.46285629272461	41.31648254394531
41.152674198150635	45.501765727996826
34.072388648986816	33.47886037826538
41.44812488555908	45.30095338821411
36.21321201324463	39.333770751953125
41.28089904785156	47.99685287475586
41.563350677490234	46.721580505371094
34.35024547576904	38.73164415359497
42.05319595336914	46.46538543701172
38.72476816177368	41.83550024032593
43.01532745361328	49.7938232421875
39.76325988769531	43.46333694458008
38.26356887817383	41.86820983886719
48.85923385620117	49.82536315917969
31.71381664276123	31.60642433166504
32.86441421508789	37.04734802246094
34.72891902923584	38.66812467575073
57.0115270614624	62.444210052490234
42.056739807128906	45.56663513183594
43.23056411743164	49.88996887207031
44.1182975769043	46.56420135498047
41.18756103515625	47.71479034423828
31.914682388305664	35.214083671569824
48.53070116043091	53.28087759017944
37.87322998046875	38.46186828613281
35.20290517807007	40.84177255630493
36.46035385131836	33.87680673599243
44.65064239501953	45.37522506713867
44.87296962738037	47.154770851135254
41.1866455078125	40.37651443481445
48.49058532714844	46.888389587402344
42.98902130126953	50.357120513916016
50.83224868774414	52.10719299316406
42.821632385253906	44.177330017089844
43.50541687011719	41.03739547729492
38.21108150482178	41.2178258895874
44.44648742675781	42.85487747192383
41.11322021484375	41.80416488647461
40.70997619628906	47.131446838378906
36.985379219055176	40.11114168167114
34.963340282440186	34.49042558670044
36.090792655944824	43.27447509765625
36.43112087249756	42.16024398803711
39.508460998535156	42.93291521072388
43.78461456298828	48.93407440185547
36.248252868652344	38.75747585296631
41.981234550476074	44.45736885070801
39.62793302536011	41.218807220458984
36.50874614715576	42.86143493652344
38.22467660903931	38.433693408966064
45.54420471191406	48.10478210449219
40.585060119628906	40.27650451660156
33.59555530548096	35.62901306152344
51.36797094345093	50.685301780700684
43.86064910888672	46.08045196533203
39.89976501464844	42.72545623779297
43.16663360595703	51.0469970703125
37.49223327636719	40.703017711639404
38.568267822265625	44.42646789550781
41.15553665161133	39.99134826660156
36.62748718261719	41.71303081512451
35.281858921051025	38.687514305114746
31.562217712402344	36.04803800582886
46.066776275634766	47.64826583862305
37.60163164138794	44.878053188323975
40.35758590698242	45.98109817504883
29.811336517333984	33.73672008514404
37.08665323257446	36.18382215499878
46.80396270751953	49.05509948730469
36.07899332046509	36.57999277114868
44.098873138427734	48.83726119995117
38.787757873535156	43.09768295288086
35.59422254562378	38.09468698501587
43.935943603515625	49.15592956542969
42.02436065673828	44.1741828918457
39.436309814453125	42.34883642196655
43.4443359375	44.32830047607422
44.322089195251465	45.41930389404297
44.612571716308594	48.00474548339844
40.86341857910156	46.36772155761719
34.949227809906006	38.0441517829895
46.68170928955078	45.73765563964844
36.410980224609375	43.6619873046875
39.892401695251465	41.40826416015625
45.13121795654297	43.912109375
42.18876647949219	45.91550064086914
39.544593334198	45.02899122238159
35.69389772415161	36.65597915649414
45.397674560546875	48.10017395019531
45.69337463378906	50.522151947021484
49.03160858154297	51.120330810546875
29.140002727508545	33.816378116607666
42.52721405029297	45.828975677490234
49.23477029800415	59.499717235565186
44.48440170288086	48.61552429199219
32.11501407623291	35.645592212677
43.28742599487305	43.76223373413086
40.264549255371094	42.77778625488281
40.664058208465576	42.013782024383545
43.45143127441406	42.39594650268555
35.8836784362793	38.57503890991211
43.25160598754883	45.50239944458008
39.86796951293945	43.424598693847656
30.057173252105713	34.17789840698242
30.017349243164062	30.99254846572876
43.24534606933594	47.90043640136719
42.66447448730469	46.99407958984375
42.518723487854004	44.80689001083374
35.068222522735596	37.42899417877197
52.03038215637207	55.62830924987793
45.77653884887695	47.75323486328125
38.226654052734375	44.128204345703125
39.379108905792236	37.81729078292847
32.910386085510254	38.70689392089844
37.95878267288208	41.29528760910034
40.72053146362305	45.70314025878906
51.56747817993164	54.19858932495117
48.72174072265625	52.163936614990234
48.21281433105469	50.15856742858887
41.70544385910034	47.25586795806885
41.77715444564819	47.6530065536499
40.921607971191406	48.87012481689453
42.43892288208008	46.19658660888672
40.81660842895508	46.51953935623169
40.7875189781189	43.476348876953125
40.336883544921875	40.50315856933594
38.89245891571045	43.95996141433716
50.004337310791016	52.568397521972656
49.01924133300781	53.61334991455078
48.965694427490234	51.75543975830078
30.35684633255005	34.783262729644775
36.13024950027466	41.98388147354126
33.195436000823975	38.77212905883789
41.68302536010742	43.039676666259766
42.955299377441406	44.85802459716797
35.96521234512329	40.60325908660889
45.15269088745117	46.644283294677734
29.26707172393799	33.80608081817627
45.6751594543457	46.186012268066406
35.21344614028931	39.01715803146362
38.50473642349243	42.397188663482666
50.87419891357422	53.146209716796875
45.898303508758545	46.365957736968994
36.25361680984497	38.1966552734375
44.24909973144531	46.699310302734375
40.45952224731445	41.88816833496094
44.22999572753906	48.32517623901367
42.499173641204834	44.26932096481323
39.017244815826416	43.74645185470581
34.77615308761597	36.79774475097656
43.03969192504883	46.25982666015625
35.57575082778931	37.470640659332275
45.452415466308594	46.07321548461914
40.74220418930054	41.87206983566284
40.839088439941406	44.47608947753906
38.34856128692627	42.77913999557495
40.74380111694336	44.807918548583984
36.008721351623535	40.16374969482422
43.801849365234375	46.78929901123047
47.212677001953125	51.012725830078125
45.97705078125	49.48566436767578
45.46759796142578	48.43840026855469
38.84009122848511	37.41864013671875
39.709423542022705	42.01053762435913
40.319053649902344	43.29239273071289
41.9271240234375	44.74357604980469
33.05883741378784	34.347939014434814
45.70989990234375	49.081871032714844
36.685065269470215	38.15733194351196
42.03901290893555	41.699790954589844
37.29954528808594	40.407135009765625
42.81403064727783	44.28789949417114
29.86208200454712	30.837117671966553
38.89085388183594	41.45214080810547
46.36246681213379	46.79787635803223
48.8265380859375	50.468387603759766
30.13175106048584	34.206921100616455
35.97711181640625	38.55519151687622
40.196110248565674	45.556389808654785
34.09870767593384	38.04006290435791
32.04093027114868	35.19857931137085
39.95833110809326	40.87978410720825
43.95265197753906	45.216217041015625
53.07682800292969	55.31438064575195
39.96844482421875	45.81426239013672
37.92188262939453	39.57481098175049
42.41506624221802	42.9038290977478
35.307223320007324	38.13056230545044
40.61072540283203	42.0035400390625
33.09919881820679	37.5295205116272
41.466322898864746	43.066049098968506
32.79882478713989	37.34431600570679
35.92008113861084	37.83564901351929
47.79660415649414	50.38715362548828
32.922282218933105	33.061667919158936
44.41465759277344	47.49885559082031
40.54080104827881	44.256423473358154
40.39796447753906	42.67256164550781
48.26318359375	51.496360778808594
45.50431823730469	48.9959831237793
39.648902893066406	42.63109588623047
36.81154680252075	36.96445417404175
42.05571365356445	47.049373626708984
35.7922945022583	41.099371910095215
42.36876678466797	46.24530029296875
41.01670837402344	39.45146942138672
41.61177444458008	42.44065856933594
35.47157287597656	40.149109840393066
42.79165697097778	45.02781963348389
41.53284978866577	45.01106357574463
40.03464126586914	41.22016906738281
41.274932861328125	47.43864440917969
41.79234313964844	48.2860107421875
41.09471130371094	47.83429718017578
36.286818504333496	40.50017595291138
31.300442695617676	34.83719253540039
38.341782093048096	42.6573281288147
37.57633590698242	44.934295654296875
47.450252532958984	46.961585998535156
35.190144538879395	33.79797983169556
36.599830627441406	39.688018798828125
37.55273199081421	40.850971698760986
43.43017578125	47.23799514770508
41.84741973876953	41.971771240234375
39.09244680404663	40.94326686859131
40.786746978759766	44.487483978271484
41.116501808166504	43.252989292144775
34.03993463516235	39.07193899154663
44.448490142822266	50.14215850830078
36.54382371902466	41.019333362579346
36.1765022277832	35.748658657073975
39.58585262298584	46.93940210342407
37.0607647895813	39.384496212005615
37.53037166595459	42.25174808502197
41.44281005859375	44.911094665527344
42.294151306152344	46.02998733520508
37.72829008102417	41.14244365692139
41.40406513214111	42.74130201339722
44.00863265991211	47.70301818847656
32.719754219055176	39.967673778533936
39.19557189941406	46.013954162597656
42.24010467529297	44.55104064941406
44.06036376953125	47.59613800048828
35.45996379852295	40.05016565322876
38.113399028778076	44.12965488433838
42.74341583251953	48.62181091308594
40.91053915023804	44.471675395965576
35.817909240722656	38.985897064208984
33.26092481613159	37.53995132446289
44.2967414855957	44.870736598968506
44.14275360107422	50.915687561035156
44.345401763916016	44.40309524536133
40.165592193603516	41.148555278778076
46.8197135925293	52.5208854675293
42.18982696533203	46.47608184814453
37.38715362548828	40.82900619506836
44.398152351379395	49.64063549041748
38.72312259674072	39.42559194564819
40.729087829589844	44.299705505371094
42.98891067504883	44.88914108276367
43.71227550506592	45.17725229263306
46.939369201660156	50.178382873535156
47.468868255615234	53.293128967285156
41.21664810180664	46.09445571899414
45.296470642089844	44.25459671020508
46.6727180480957	49.254493713378906
36.29596424102783	37.48532056808472
41.205020904541016	41.719539642333984
40.31608963012695	44.45289659500122
35.30534076690674	42.44315767288208
35.04925012588501	40.75795888900757
46.26519203186035	49.48999881744385
34.625365257263184	38.35986328125
37.55112314224243	39.598896980285645
47.183616638183594	49.775238037109375
38.901607513427734	41.708152770996094
38.802897453308105	42.83436155319214
46.62232208251953	47.8035888671875
35.50969457626343	38.02992248535156
35.655609130859375	39.338119983673096
37.87767267227173	40.950016021728516
45.50057029724121	49.723671436309814
37.03287887573242	40.13615417480469
31.368518352508545	38.515000343322754
42.44292449951172	44.29051971435547
44.64058303833008	46.439727783203125
44.422908782958984	48.953487396240234
38.058634757995605	43.719852447509766
46.59225082397461	51.37688446044922
43.52385711669922	48.304134368896484
38.92012405395508	42.4306640625
40.91395950317383	47.35039138793945
45.95880126953125	47.172340393066406
39.48872375488281	46.174869537353516
38.12433385848999	38.41708421707153
33.142754554748535	39.443763256073
38.969600200653076	41.48153018951416
42.52996826171875	43.389801025390625
39.576172828674316	43.374367237091064
33.878111839294434	38.32227563858032
40.17113494873047	41.233943939208984
39.32961177825928	38.34761333465576
34.45432996749878	34.686561584472656
42.80708312988281	42.36983108520508
42.027774810791016	45.777732849121094
37.89675855636597	43.30393838882446
40.98869848251343	41.42197275161743
35.75855207443237	39.233341217041016
38.99345254898071	43.03419589996338
34.47387647628784	40.88607931137085
43.20064163208008	48.32651138305664
43.73051834106445	47.55403518676758
44.533363342285156	43.48343276977539
40.822654724121094	46.710304260253906
43.30393171310425	44.11160707473755
41.283180236816406	47.04487609863281
38.57853651046753	42.57296705245972
38.34082746505737	41.05612659454346
40.73298263549805	44.94632339477539
44.763206481933594	46.678314208984375
41.68883514404297	48.16387176513672
37.25157165527344	40.7926025390625
43.92142105102539	46.7359619140625
41.45075988769531	45.3916015625
35.876445293426514	42.87482976913452
56.03345489501953	53.67832946777344
42.371768951416016	49.71858215332031
41.69683837890625	43.638938903808594
39.22488021850586	43.22599411010742
43.430850982666016	42.75520324707031
44.32951259613037	41.63139009475708
38.83944034576416	40.13350534439087
42.89839172363281	50.415672302246094
38.258625984191895	41.05725145339966
35.50790882110596	36.77645921707153
36.044456481933594	38.61393737792969
45.56096267700195	49.80331039428711
45.87543869018555	48.0113525390625
