62.40583801269531	60.22590637207031
54.640411376953125	53.523048400878906
57.29368782043457	54.20936155319214
51.25795364379883	50.973731994628906
62.41236114501953	60.69901657104492
67.589599609375	63.08890151977539
59.53156900405884	62.94224452972412
54.18429088592529	50.62107515335083
53.831278800964355	51.68046855926514
59.899208068847656	51.215678215026855
65.78785705566406	56.112403869628906
55.60845184326172	57.19219207763672
54.786407470703125	52.98769474029541
59.591437339782715	58.48221302032471
55.23789978027344	59.28155517578125
61.14579200744629	62.002593994140625
66.7991795539856	63.84756517410278
56.94020748138428	53.37606239318848
54.44449996948242	52.024017333984375
55.8362512588501	47.35221195220947
66.02937507629395	61.474310874938965
74.6673583984375	69.12426948547363
62.69762420654297	68.18363952636719
48.40642166137695	45.40193176269531
48.34738826751709	45.590516090393066
58.845428466796875	54.63037109375
60.048492431640625	55.10307312011719
61.5251579284668	62.918731689453125
57.55487537384033	61.37420177459717
48.05217790603638	51.241546630859375
61.892635345458984	55.418800354003906
48.939698219299316	45.423025608062744
51.571044921875	52.56309127807617
61.73136615753174	60.42307186126709
56.86072397232056	52.95871067047119
58.99785661697388	58.606897830963135
64.48259735107422	61.29182815551758
51.12042236328125	49.23481369018555
61.36358070373535	60.195523262023926
50.42689514160156	54.57874917984009
49.439125537872314	45.98448705673218
61.445743560791016	58.4749870300293
60.435795307159424	60.44706058502197
60.62139129638672	59.98046875
58.046902656555176	63.11299991607666
51.459251403808594	64.06226348876953
65.40628051757812	61.81918716430664
54.961798667907715	61.172181129455566
71.59881448745728	63.547565937042236
65.82540988922119	64.68850135803223
56.525506019592285	50.07107925415039
67.76428127288818	58.57435131072998
65.28385734558105	62.62457752227783
45.84672021865845	47.58538818359375
66.76477003097534	64.84751844406128
64.01687622070312	73.71427154541016
57.749512672424316	56.92765140533447
55.39485263824463	60.906046867370605
57.10018539428711	53.53487682342529
60.42849254608154	56.53712844848633
61.974863052368164	61.30094909667969
70.25977325439453	59.885746002197266
55.88003396987915	61.25783729553223
55.72317457199097	56.55925178527832
55.782066345214844	58.82733154296875
53.05702209472656	52.66814136505127
56.99293327331543	55.42786407470703
64.59486961364746	67.89127349853516
63.936134338378906	63.02271270751953
68.09098720550537	59.08439540863037
59.81698226928711	60.73292541503906
69.2534408569336	63.37039566040039
51.36211395263672	53.11443328857422
54.563232421875	53.77627944946289
59.36577129364014	59.97130584716797
53.53664302825928	51.55871772766113
53.8409218788147	50.90869188308716
64.8012228012085	59.47552013397217
58.31293869018555	63.864280700683594
62.832980155944824	58.979413986206055
68.59472751617432	62.82064390182495
53.97322463989258	54.627989292144775
46.170238971710205	47.001933574676514
63.73548126220703	63.234615325927734
55.700336933135986	44.18141174316406
65.67159271240234	68.62298583984375
66.07981967926025	63.10514259338379
63.36632537841797	54.299163818359375
52.79487657546997	51.27506875991821
57.42350387573242	58.5799560546875
54.30610275268555	53.12053680419922
58.55695724487305	57.38220977783203
53.43603277206421	55.553858280181885
57.011016845703125	58.72311782836914
54.18471145629883	50.12175798416138
52.762452602386475	52.81498718261719
49.451904296875	52.19895553588867
57.137556076049805	51.277552127838135
64.34998321533203	61.07032012939453
55.23242235183716	53.8715934753418
47.78907108306885	48.30028772354126
49.03352737426758	46.12326622009277
56.92192077636719	57.62851333618164
65.95889282226562	63.22124671936035
73.4014196395874	64.97134685516357
53.98058462142944	50.872212409973145
59.763604164123535	57.595717430114746
52.085007190704346	48.578948974609375
52.80021286010742	55.15823745727539
61.408573150634766	64.68424987792969
65.76445627212524	55.71792697906494
55.46440029144287	56.6822452545166
48.00162601470947	49.055418491363525
62.349772453308105	58.93646717071533
49.66414260864258	49.67930603027344
46.83219003677368	41.27950954437256
58.680174827575684	47.068323612213135
58.011192321777344	56.43378829956055
63.03731727600098	51.55301570892334
67.2630386352539	69.30391693115234
59.97725296020508	62.69651412963867
56.58094024658203	56.12175750732422
55.698150634765625	61.48768615722656
55.11293697357178	50.15637826919556
59.217838287353516	58.739845275878906
57.650238037109375	56.524658203125
59.05960941314697	48.688777923583984
59.21727752685547	56.53338623046875
64.16322422027588	57.969844818115234
55.028907775878906	58.29349136352539
63.12248611450195	62.29920959472656
60.61735534667969	58.177589416503906
50.9954833984375	58.0008430480957
63.841224670410156	60.336307525634766
58.50097846984863	60.02328968048096
61.74963092803955	54.54804086685181
55.661457538604736	55.275410652160645
65.32540893554688	64.63482666015625
60.5754919052124	50.39314937591553
60.68351125717163	59.55317687988281
50.656856536865234	61.07077407836914
55.31175231933594	55.16969299316406
60.602234840393066	60.65218925476074
55.65978193283081	58.66676998138428
52.5637731552124	47.7530722618103
57.24257850646973	58.20412254333496
56.007606506347656	55.75707244873047
52.83368921279907	55.546698570251465
62.69826412200928	60.892648696899414
67.99900817871094	61.37763977050781
58.12348651885986	59.50656223297119
67.0281629562378	68.2361478805542
50.047401428222656	50.78247833251953
45.45208501815796	47.66724920272827
59.28550910949707	58.50314140319824
51.54563903808594	53.774513244628906
46.55666637420654	42.786476612091064
52.44984531402588	54.59580898284912
64.63567352294922	64.24710845947266
52.59429168701172	48.510009765625
55.31156635284424	50.18371868133545
59.730430603027344	61.47193908691406
68.15068054199219	61.432472229003906
59.29526233673096	54.47294569015503
60.34891891479492	63.48796463012695
66.9293441772461	67.89637756347656
56.46922302246094	54.83931589126587
55.51119375228882	48.15792465209961
54.204474449157715	59.820556640625
67.19958209991455	59.087493896484375
58.14615726470947	59.542357444763184
53.86850595474243	49.31530427932739
62.34413146972656	60.521881103515625
71.50473022460938	68.47123718261719
54.05974578857422	52.081607818603516
52.2883415222168	48.31574630737305
53.2306342124939	45.84713077545166
47.040443420410156	49.05685043334961
51.85424089431763	53.265357971191406
58.14093017578125	57.58342742919922
65.33134460449219	56.264862060546875
55.5473427772522	53.82593822479248
56.15860366821289	51.61161804199219
56.956092834472656	54.07524490356445
58.5031681060791	55.725894927978516
59.63355731964111	61.313783168792725
56.98478889465332	53.156683921813965
53.766727447509766	50.85063934326172
60.994651794433594	62.709564208984375
70.9234619140625	63.07525634765625
42.28938913345337	36.63154935836792
52.700843811035156	49.37865447998047
55.3685188293457	60.36366271972656
54.8078932762146	52.76745939254761
55.76298189163208	56.899553298950195
75.50761413574219	62.499874114990234
56.90730285644531	50.75048828125
68.69087219238281	61.787352561950684
58.593360900878906	60.2777214050293
51.81132936477661	50.751572132110596
68.2780990600586	63.05949926376343
65.99948120117188	62.70674133300781
60.91815662384033	65.77239322662354
62.63453483581543	60.93111991882324
62.40715789794922	65.0885009765625
59.201576232910156	60.957984924316406
58.197526931762695	61.84059429168701
60.39205551147461	57.30556106567383
54.488243103027344	48.329153537750244
63.056217193603516	64.90046691894531
59.95349884033203	61.18302917480469
60.25612545013428	57.00689888000488
58.54180145263672	64.98567199707031
62.26720333099365	57.1018009185791
45.72897291183472	40.512505531311035
61.96067810058594	66.00222778320312
54.35085678100586	51.52439498901367
61.806694984436035	63.247108459472656
51.556495666503906	52.258155822753906
65.57640075683594	61.22058868408203
62.08891296386719	55.523414611816406
60.608269691467285	64.4636583328247
59.928382873535156	58.18730163574219
49.19193363189697	57.00805377960205
59.88292121887207	53.907676219940186
62.94626712799072	61.856656074523926
55.3049840927124	49.11062002182007
68.12403869628906	68.34207153320312
56.144744873046875	57.086605072021484
54.850440979003906	60.392677307128906
54.1799201965332	53.18855285644531
59.034064292907715	62.28721904754639
60.91670608520508	60.368988037109375
67.47569274902344	67.15037536621094
59.771474838256836	58.021668434143066
59.829994201660156	61.211180686950684
69.99798393249512	68.60345268249512
58.075361251831055	59.88124370574951
57.32618713378906	58.07007598876953
51.27372694015503	46.95401859283447
60.520294189453125	64.51545715332031
60.93861103057861	60.372276306152344
57.45359134674072	57.41096019744873
71.4389419555664	69.05874633789062
58.52667188644409	56.019776344299316
56.02067184448242	52.568260192871094
59.8412561416626	65.88470554351807
57.195621490478516	55.43562316894531
66.46371459960938	67.36349487304688
53.00586938858032	49.837886333465576
63.84161710739136	52.1711368560791
65.03285026550293	60.18518924713135
58.58034133911133	55.44346237182617
62.52435302734375	59.590721130371094
60.01117706298828	64.16668701171875
53.12132930755615	51.167115688323975
58.147939682006836	53.70850229263306
56.876014709472656	53.48525953292847
53.934189319610596	63.20210599899292
60.528801918029785	58.9392728805542
56.61224365234375	54.191771030426025
64.45806407928467	59.7011661529541
58.93722343444824	64.84590339660645
50.037463665008545	53.67233991622925
65.30203533172607	62.300397872924805
59.87733840942383	54.82866811752319
61.043673515319824	55.376601219177246
64.00903511047363	61.517295837402344
58.515798568725586	59.22945976257324
65.14080810546875	62.020408630371094
62.79801940917969	58.07446002960205
54.2369384765625	57.901832580566406
61.071611404418945	62.445608139038086
51.03209590911865	48.63241481781006
46.1954231262207	54.3901481628418
55.156803131103516	54.093544483184814
55.832637786865234	55.76173400878906
51.92049741744995	49.496156215667725
62.31156635284424	63.51055908203125
56.21240234375	56.84489440917969
51.02510976791382	58.04002666473389
57.770294189453125	58.05660915374756
62.16890621185303	57.013254165649414
53.25282669067383	57.364707946777344
66.3992691040039	59.20647430419922
57.380295753479004	47.142462730407715
48.82183074951172	47.81275939941406
55.911620140075684	55.05448770523071
57.197203636169434	57.64769458770752
63.83734893798828	63.44376850128174
55.952171325683594	54.033164978027344
54.798240661621094	47.83500289916992
56.14348125457764	49.252238750457764
52.074012756347656	49.318572998046875
52.6025390625	52.32733917236328
55.115660667419434	50.679380893707275
50.60834455490112	47.27601861953735
60.457496643066406	64.64824676513672
61.03649854660034	56.148170471191406
66.10553741455078	60.61078643798828
57.2360897064209	55.92170715332031
46.80357789993286	44.466938972473145
58.234649658203125	51.307037353515625
67.33108711242676	61.416452407836914
52.63426208496094	44.44367599487305
60.61312961578369	58.37486743927002
55.9217004776001	53.58125305175781
51.75524663925171	53.74176740646362
77.12526798248291	77.12687301635742
61.27864074707031	53.683963775634766
56.516507148742676	54.96250629425049
58.85642051696777	56.23662090301514
59.481154441833496	60.82057762145996
60.82533645629883	63.765838623046875
60.63343048095703	59.7268009185791
55.01267099380493	50.69373369216919
52.69200372695923	56.44104480743408
64.32175922393799	60.27853584289551
58.613548278808594	63.378570556640625
54.89098262786865	48.439846992492676
48.96093034744263	47.19296598434448
64.89127159118652	69.26816463470459
56.258644104003906	54.887507915496826
58.590911865234375	57.62893009185791
46.24913263320923	48.86181592941284
60.749741554260254	60.80315399169922
72.19630241394043	67.80208587646484
64.1736831665039	58.397193908691406
56.20247459411621	54.5214581489563
65.65104818344116	60.6237473487854
57.03626251220703	51.06060791015625
54.36910152435303	53.00190734863281
56.99167823791504	52.489792823791504
54.64511251449585	52.01295614242554
63.6390380859375	64.44914245605469
68.46543884277344	56.761329650878906
58.83712100982666	58.47238636016846
62.794822692871094	57.028778076171875
57.82730484008789	60.53171920776367
66.15806579589844	63.4461555480957
62.90524482727051	62.14202308654785
60.2849178314209	57.76477003097534
62.55540466308594	57.88845443725586
60.53750705718994	61.16590595245361
65.16343402862549	64.45791721343994
58.84720993041992	58.00071716308594
47.62165451049805	42.90377426147461
45.495948791503906	41.4979133605957
55.79303598403931	50.64372253417969
63.1606559753418	48.68685531616211
72.75093269348145	64.36741590499878
52.37731456756592	57.97188758850098
57.850603103637695	48.162100315093994
48.20991516113281	52.90614414215088
63.57307434082031	61.395442962646484
61.41990280151367	54.572227478027344
67.59758758544922	60.631874084472656
53.332603454589844	58.544952392578125
54.06199645996094	52.04347229003906
53.19540309906006	54.64861059188843
50.06977415084839	47.28228044509888
63.95412826538086	70.95944213867188
57.76389217376709	57.260329246520996
56.025848388671875	52.349613189697266
70.60746574401855	68.82254791259766
57.409738540649414	60.47064971923828
58.02759647369385	59.39561176300049
53.14813232421875	48.21522521972656
60.37582778930664	57.98250865936279
60.49619770050049	56.96570301055908
56.77705383300781	54.17424774169922
56.57658863067627	60.501070976257324
51.72570323944092	50.8520884513855
58.56077289581299	58.715609550476074
62.24956512451172	68.40279388427734
60.46474599838257	62.45246887207031
59.57343292236328	58.74687576293945
58.49729347229004	55.81219530105591
58.17990303039551	52.144187450408936
49.05872344970703	53.127960205078125
57.42202186584473	48.24578380584717
45.03057861328125	38.55502700805664
59.8616304397583	55.06432771682739
62.76679706573486	60.278916358947754
49.365702629089355	48.803062915802
57.112709045410156	60.75990867614746
56.61130237579346	55.53203535079956
62.22512245178223	60.30465126037598
59.34583759307861	61.145745277404785
64.41604614257812	65.59990692138672
62.18933391571045	57.884549140930176
60.20353698730469	51.76533508300781
50.30592107772827	50.44160842895508
53.52440929412842	58.892616271972656
56.91346549987793	54.685667514801025
46.79915714263916	44.127681255340576
65.57830238342285	56.237606048583984
58.875112533569336	60.19394779205322
55.07811737060547	58.297645568847656
62.209482192993164	66.27783107757568
58.535675048828125	61.37544250488281
53.4366135597229	44.85611343383789
62.857872009277344	54.558494567871094
66.45945739746094	66.28189086914062
64.85673522949219	64.84493255615234
63.29975986480713	65.80305480957031
54.826744079589844	52.75035095214844
57.28420829772949	58.75387477874756
52.87446451187134	58.73073673248291
57.626792907714844	58.89274597167969
60.603952407836914	61.4904260635376
61.765666007995605	61.75447082519531
58.713379859924316	50.132973194122314
58.13310623168945	62.025604248046875
66.421395778656	62.06881856918335
65.32611131668091	63.399378299713135
57.75144863128662	58.419541358947754
69.10404253005981	66.31885385513306
60.2582950592041	55.45372915267944
67.3305892944336	68.07061767578125
55.56409549713135	57.38167381286621
52.34199142456055	48.474387645721436
61.2531042098999	59.503891944885254
67.07733917236328	59.85089111328125
63.12089920043945	58.75007247924805
43.37315225601196	38.5631422996521
51.48808765411377	51.28273344039917
62.200538635253906	52.782920837402344
49.86225891113281	48.87245178222656
54.83600616455078	56.00484848022461
49.732643127441406	50.72332763671875
58.20589828491211	55.197235107421875
60.67672920227051	62.37766933441162
63.18831539154053	58.02733612060547
49.560059547424316	46.32094669342041
57.57695007324219	49.27616882324219
57.92477560043335	55.95672082901001
60.74502182006836	62.685606479644775
62.70768737792969	64.29484558105469
52.33032703399658	57.23734474182129
56.32905292510986	55.34113311767578
53.003806591033936	53.43719434738159
60.34949779510498	59.77189540863037
48.37858963012695	53.88408660888672
53.9090576171875	52.16735553741455
58.97214412689209	59.22217655181885
61.7121000289917	66.81429958343506
58.01719570159912	55.13159227371216
58.76182556152344	58.233211517333984
58.666603088378906	56.58973979949951
60.76098346710205	60.32130718231201
62.25556039810181	58.81805419921875
54.10539627075195	51.335323333740234
53.254425048828125	53.36473846435547
57.90357208251953	58.629638671875
60.66608142852783	45.97805166244507
50.38616991043091	47.16836929321289
53.527870655059814	56.024733543395996
52.55259704589844	52.21178436279297
44.334312438964844	47.279502868652344
57.57089042663574	59.84463405609131
59.919586181640625	59.011383056640625
55.72040414810181	53.23865509033203
62.33358287811279	62.11863136291504
61.552635192871094	62.08545684814453
59.73118209838867	63.848880767822266
55.59747314453125	60.32375717163086
56.24948215484619	61.86924600601196
52.331618309020996	45.20733308792114
50.625314235687256	53.49398469924927
51.674598693847656	49.81282043457031
62.775856018066406	52.363189697265625
53.16991424560547	50.37616729736328
59.782588958740234	58.67143249511719
62.097068786621094	59.315863609313965
55.95458221435547	56.27982711791992
63.27523994445801	65.39070892333984
50.94424057006836	57.19475555419922
51.343631744384766	46.34552335739136
60.29867935180664	64.87433624267578
59.26095771789551	47.31466054916382
60.81153202056885	55.690176486968994
51.04189920425415	49.0985369682312
57.06066131591797	48.21086883544922
54.559852600097656	58.67192840576172
54.78223514556885	58.77166557312012
58.855278968811035	59.885836601257324
68.52039337158203	63.77409648895264
58.06743049621582	52.59368562698364
53.557170391082764	59.045430183410645
60.12967395782471	59.571083068847656
54.78454828262329	60.73512125015259
56.43181896209717	54.89977788925171
63.87749481201172	54.63440704345703
51.178377628326416	56.78475761413574
57.363555908203125	57.227317810058594
59.57022190093994	55.93298578262329
53.81769037246704	49.05455732345581
55.33685064315796	50.17802429199219
55.952762603759766	57.29526138305664
54.121761322021484	56.95674133300781
63.52347660064697	59.05843448638916
51.78495788574219	52.10969924926758
50.80959415435791	47.01050519943237
50.81184005737305	51.8024787902832
60.20195198059082	56.86003303527832
61.42337512969971	63.188902854919434
59.67738056182861	62.00891590118408
70.12861633300781	72.67372131347656
57.60779571533203	56.25529098510742
68.72205257415771	71.88153266906738
54.98246383666992	53.702247619628906
71.89126586914062	71.54763793945312
62.65485858917236	69.19726467132568
53.37220621109009	61.36524295806885
46.87544536590576	50.648218631744385
60.628990173339844	61.64533996582031
58.437899589538574	64.15564060211182
50.95329236984253	55.90953731536865
57.94441032409668	53.5973014831543
60.759552001953125	60.58597183227539
60.44206428527832	52.82746076583862
62.570003509521484	58.44239902496338
65.24588584899902	57.718337059020996
64.25357341766357	62.181570053100586
47.45262908935547	50.477439880371094
66.60479545593262	68.77515316009521
54.54499006271362	50.8201117515564
41.78562259674072	36.50505781173706
50.87977600097656	49.27958679199219
71.56785583496094	73.0291976928711
59.29102420806885	52.493431091308594
55.144556522369385	53.563297748565674
61.98657989501953	55.38966369628906
57.49213790893555	51.148681640625
51.64805459976196	50.16299390792847
61.501068115234375	59.321537017822266
50.49628925323486	50.919286251068115
63.0984468460083	58.499589920043945
56.91201686859131	59.14702129364014
54.58694362640381	52.73608350753784
56.53099346160889	52.89872741699219
63.621442794799805	62.884897232055664
57.67600631713867	55.815980434417725
59.2771577835083	56.751492500305176
48.085021018981934	44.98733997344971
50.43961238861084	59.65372180938721
55.10307693481445	55.71259021759033
53.013580322265625	54.663352966308594
69.82250213623047	67.6865234375
60.12006378173828	59.62738037109375
57.78363227844238	57.04942321777344
66.41625213623047	67.62377166748047
58.45763397216797	55.39906692504883
58.1705436706543	54.58656311035156
57.43100070953369	59.04573726654053
60.55235290527344	56.90481948852539
62.984779357910156	56.670623779296875
64.17623901367188	55.85609817504883
59.42204284667969	58.29034423828125
57.297773361206055	51.96881628036499
65.2413330078125	59.35282039642334
55.914710998535156	55.29238033294678
51.6114501953125	50.967247009277344
51.18769836425781	50.40974426269531
54.79115390777588	56.372798919677734
47.00304412841797	44.87664794921875
63.936119079589844	67.21247863769531
60.419814109802246	54.27831172943115
57.630516052246094	50.79521560668945
61.9532356262207	65.82581329345703
59.65557861328125	58.514503479003906
62.853434562683105	63.13564395904541
49.98398447036743	50.50566864013672
59.248512268066406	58.891127586364746
54.2176628112793	58.74540996551514
59.96589183807373	55.350138664245605
63.59847164154053	57.648488998413086
55.8228497505188	53.81911897659302
68.03949737548828	64.11032724380493
56.25926971435547	60.72285079956055
58.91983985900879	55.2399525642395
61.502220153808594	53.60256576538086
58.707786560058594	54.92912292480469
54.008934020996094	56.551658630371094
47.694522857666016	45.934993267059326
61.06088352203369	55.76013803482056
63.432315826416016	69.65483856201172
61.80849075317383	54.886189460754395
55.90729904174805	46.59313201904297
54.615169525146484	59.50978088378906
52.63440561294556	55.57420587539673
52.67566156387329	58.5125207901001
55.33295202255249	49.32347869873047
56.256394386291504	52.508524894714355
58.473628997802734	53.5703010559082
42.1541223526001	42.74823808670044
55.524498462677	59.792216300964355
57.556732177734375	50.88456726074219
69.2036190032959	64.69502305984497
67.85511779785156	63.86970138549805
55.292447090148926	50.67692756652832
54.398040771484375	51.27573299407959
55.19094944000244	48.74471378326416
59.3851842880249	52.43976163864136
52.63918209075928	52.28522205352783
54.717283725738525	53.26360559463501
58.195072174072266	58.06772232055664
56.25202941894531	49.39476013183594
67.77403259277344	66.8574447631836
54.99948978424072	53.625282764434814
61.10786437988281	61.78298568725586
62.03534507751465	60.067389488220215
56.09359359741211	49.08259868621826
47.920432567596436	42.52437448501587
46.4377818107605	45.24228382110596
62.562684059143066	56.37078094482422
57.010772705078125	50.88103103637695
64.51222229003906	62.97063446044922
47.22605752944946	45.584718227386475
57.63750743865967	57.89286708831787
62.4695405960083	59.20032024383545
51.10737705230713	45.93591499328613
61.97930908203125	65.61483001708984
63.064894676208496	62.278334617614746
62.36477851867676	55.12429904937744
58.5631628036499	49.86010980606079
61.26877975463867	60.355316162109375
62.14691925048828	55.187889099121094
49.724822998046875	46.78110074996948
56.49937057495117	48.76381301879883
53.97148895263672	52.594027519226074
55.89600896835327	57.609923362731934
55.8119215965271	52.36070775985718
52.186458110809326	51.3233642578125
64.36242771148682	59.4453125
56.48564147949219	53.16257095336914
51.036805629730225	48.171499729156494
60.484314918518066	61.48352336883545
59.964953899383545	60.73239612579346
48.56177234649658	46.68173933029175
57.31169509887695	58.25461196899414
65.63103485107422	60.28313446044922
64.28736877441406	62.96175765991211
52.131847858428955	46.674500942230225
64.10995197296143	56.81245517730713
60.39114856719971	57.756775856018066
56.71234130859375	50.22607421875
60.63450241088867	66.0123062133789
45.104183197021484	50.32220983505249
61.335275650024414	58.800177574157715
58.66899299621582	55.55903196334839
55.243857860565186	55.180535316467285
55.062965869903564	53.07357120513916
52.783347606658936	64.0862398147583
54.316925048828125	53.262672424316406
58.779603004455566	58.40528202056885
56.51842975616455	57.55390739440918
56.1201229095459	55.20727825164795
58.228962898254395	55.45192003250122
64.20169830322266	65.65843200683594
54.25579833984375	57.240196228027344
62.8945369720459	63.98025608062744
59.84632873535156	50.440040588378906
46.070313453674316	43.17207956314087
63.682111740112305	61.31612300872803
52.981658935546875	55.13064956665039
68.4982967376709	59.50152826309204
71.29685974121094	67.00369262695312
64.92218685150146	60.710795402526855
56.63524150848389	53.88633680343628
55.04314422607422	50.38575744628906
60.63916778564453	56.746978759765625
57.8101282119751	58.33543395996094
49.8853759765625	39.965782165527344
47.47287893295288	50.29991292953491
58.04749011993408	59.40036487579346
58.96379280090332	53.09240674972534
55.72711181640625	48.96064758300781
57.774404525756836	58.05907487869263
75.8226671218872	69.03311204910278
60.647308349609375	61.130672454833984
60.19976234436035	57.92258071899414
63.793169021606445	61.59663677215576
44.88519287109375	47.74651765823364
48.326783657073975	50.26313304901123
63.040828704833984	59.36228942871094
65.24758815765381	64.68395709991455
65.20890235900879	68.34388732910156
61.48804521560669	59.901267528533936
57.21956729888916	58.435322761535645
67.69446659088135	66.28056907653809
53.094825744628906	49.60619354248047
56.78825569152832	59.372220039367676
57.265883445739746	63.92648983001709
60.542941093444824	58.788835525512695
53.03528594970703	50.28114318847656
54.15876293182373	47.31194067001343
64.51783180236816	66.02441501617432
51.55798578262329	52.76692199707031
56.911293029785156	58.00743103027344
51.856961250305176	49.608468532562256
61.66210174560547	61.668609619140625
58.12351322174072	56.76573181152344
65.44699192047119	62.82541751861572
49.65090274810791	47.270995140075684
65.44319152832031	67.11112213134766
53.57785511016846	57.54133701324463
56.74892520904541	58.54085111618042
62.94593334197998	58.94055461883545
55.067657470703125	59.819419860839844
56.702598571777344	57.87499237060547
60.42768859863281	55.347469329833984
59.938608169555664	55.554595947265625
60.957332611083984	60.217018127441406
59.49855136871338	62.039156913757324
55.345367431640625	52.2836799621582
55.16663312911987	52.008206367492676
72.60328674316406	74.38125228881836
58.45677185058594	56.47255325317383
59.771321296691895	59.05329418182373
65.5003890991211	63.192726135253906
54.64768981933594	54.20920944213867
68.85498809814453	66.00820922851562
64.61936283111572	63.36480140686035
50.6868896484375	45.897457122802734
68.86575508117676	64.5141134262085
52.82699966430664	46.46966552734375
44.767746925354004	40.28586530685425
57.83711814880371	61.632545471191406
55.02134704589844	52.5742073059082
53.754037380218506	50.59365797042847
50.149085998535156	41.435787200927734
54.956695556640625	59.44232177734375
58.804954528808594	58.076229095458984
60.51763343811035	59.06944274902344
69.17931365966797	65.39918518066406
57.1571159362793	51.03237295150757
58.64887237548828	59.30181121826172
61.97386169433594	60.03113555908203
56.386898040771484	51.18373155593872
54.716869831085205	53.47851037979126
49.73561763763428	48.08131408691406
59.123629570007324	58.47492980957031
55.86102819442749	50.09876012802124
60.650665283203125	55.211082458496094
55.95284461975098	68.0002236366272
50.71857404708862	48.710203647613525
60.95477294921875	57.814120292663574
48.26369094848633	43.749046325683594
56.201011657714844	57.76613235473633
59.40257453918457	56.96201133728027
53.484511852264404	51.118783473968506
64.95198822021484	62.98505783081055
55.75518798828125	56.987640380859375
48.43713998794556	45.192749977111816
56.20341110229492	50.00531768798828
53.21514654159546	56.4983491897583
52.60525608062744	46.93068027496338
58.191765785217285	54.49676465988159
62.234710693359375	60.80381774902344
59.528160095214844	55.2581672668457
64.67760372161865	61.116578578948975
54.349838733673096	52.50095462799072
55.35032272338867	58.84235382080078
55.30908966064453	54.03200149536133
52.09820556640625	53.82737731933594
63.25769805908203	61.12751770019531
57.29315376281738	56.31411933898926
60.78307056427002	58.31561851501465
55.88529968261719	56.46862030029297
50.931535720825195	54.28336143493652
54.44588565826416	56.28421878814697
56.95130968093872	52.45965242385864
60.002281188964844	58.90157508850098
50.76581811904907	50.610557556152344
60.180402755737305	60.04333686828613
60.49709224700928	64.15017986297607
44.37651968002319	42.72992658615112
51.04648542404175	55.71846151351929
49.751595973968506	51.20469665527344
67.15560913085938	54.86824035644531
64.91032409667969	64.33731842041016
51.682127475738525	55.6810040473938
63.44437789916992	59.58708953857422
63.92485427856445	64.89180564880371
61.30194091796875	60.26224136352539
56.737199783325195	57.68125343322754
57.92502450942993	51.844040393829346
59.487863540649414	51.484766483306885
59.0660514831543	59.29826641082764
63.19181823730469	64.00001525878906
70.29512023925781	59.542274475097656
54.78523063659668	59.66985511779785
53.13185501098633	51.47468566894531
64.52482604980469	65.7744140625
55.431724548339844	54.10503387451172
58.84005832672119	55.384371757507324
61.663814544677734	63.642704010009766
58.5391902923584	53.41875600814819
65.44332885742188	60.32548141479492
62.190826416015625	58.63430404663086
52.438146114349365	56.886375427246094
58.254241943359375	51.17587089538574
59.619117736816406	69.1085205078125
59.39408302307129	55.8264479637146
75.65994262695312	65.60165405273438
48.31317186355591	45.38670301437378
71.18131256103516	67.89725494384766
61.20246887207031	59.09153461456299
54.9633207321167	53.33448505401611
62.973310470581055	59.465166091918945
63.474090576171875	58.91088104248047
55.478397369384766	55.17887878417969
66.187744140625	54.22198486328125
48.22158432006836	48.03097152709961
63.69995594024658	59.04036998748779
68.82772064208984	58.7982063293457
62.48683738708496	57.95663356781006
62.003814697265625	56.499847412109375
60.554847717285156	64.30152893066406
54.16935729980469	57.33579635620117
50.04565143585205	48.78431749343872
58.180710792541504	59.588486671447754
54.73405838012695	59.060577392578125
56.67107677459717	57.42499256134033
58.772873878479004	64.10564613342285
61.86362552642822	62.37187480926514
55.40393829345703	55.38473558425903
54.503082275390625	58.282039642333984
56.542964935302734	58.40919876098633
57.77174377441406	55.1046028137207
57.42530632019043	50.04105854034424
64.64573860168457	60.157691955566406
56.22911739349365	54.43199014663696
59.461243629455566	62.99746370315552
62.12188720703125	64.93933868408203
61.116024017333984	49.98040008544922
58.20001697540283	55.89729070663452
61.634521484375	58.08101558685303
57.71090030670166	56.729369163513184
60.366461753845215	58.49651908874512
68.64278411865234	64.24849700927734
55.777915477752686	50.966917514801025
55.344703674316406	48.735748291015625
73.83943939208984	71.7625732421875
73.80080509185791	72.23487567901611
65.7687759399414	56.893829345703125
62.21553611755371	57.64975070953369
53.396212100982666	49.520549297332764
64.26840209960938	63.01678466796875
53.294677734375	56.09864044189453
60.537774085998535	51.32668209075928
58.16313171386719	57.35072708129883
59.49690341949463	56.744041442871094
58.22801971435547	58.721559047698975
55.855133056640625	56.96892166137695
59.70291709899902	65.0319390296936
59.048667907714844	58.58031940460205
61.538909912109375	62.906497955322266
50.27673816680908	51.818278789520264
51.19475173950195	51.74586486816406
57.26657772064209	54.489381313323975
52.99744415283203	48.38478088378906
52.64894199371338	54.03192090988159
46.23521041870117	48.15656280517578
65.27877807617188	65.67851257324219
64.81814575195312	62.61531448364258
54.67680358886719	56.075469970703125
60.595787048339844	61.57350158691406
55.74141502380371	53.313164710998535
55.89225769042969	59.46490478515625
63.35875988006592	62.53391456604004
72.99070930480957	73.96371173858643
58.31586313247681	61.95762062072754
60.92384433746338	54.83030033111572
52.1561279296875	53.76696014404297
55.176055908203125	54.50703525543213
67.80207681655884	66.2855772972107
54.98961305618286	55.35272550582886
62.13492965698242	69.94340515136719
63.775071144104004	63.10532283782959
55.691551208496094	56.320289611816406
55.899757385253906	51.79209899902344
65.83953857421875	62.92512893676758
56.480262756347656	59.85529327392578
65.41928100585938	68.06379699707031
62.31674003601074	65.3596134185791
58.55010223388672	60.89435577392578
54.51160430908203	46.31648635864258
59.32132434844971	62.13210964202881
55.26737308502197	51.5147271156311
63.15158462524414	60.18930435180664
57.49053239822388	47.94166660308838
49.04692459106445	45.355796813964844
66.89530181884766	63.94012451171875
59.215020179748535	54.498223304748535
62.87089824676514	61.185933113098145
48.6521315574646	44.15848398208618
56.3933801651001	60.78675174713135
45.323768615722656	48.5394401550293
55.40234613418579	52.5684494972229
59.601304054260254	56.67697811126709
59.6874475479126	58.23695373535156
59.20180892944336	53.81336450576782
65.78633117675781	62.582942962646484
52.841064453125	49.73418045043945
59.29780578613281	54.555667877197266
62.05867671966553	62.3977632522583
54.75053548812866	55.46521472930908
64.82666015625	54.899635314941406
60.22819137573242	54.935462951660156
52.35514450073242	57.87821960449219
54.977569580078125	60.033443450927734
49.47883605957031	45.243308544158936
53.06728267669678	47.78443479537964
69.81140756607056	68.41728973388672
58.91372489929199	55.147807598114014
59.61452865600586	61.60801887512207
60.23160171508789	59.67918395996094
49.85117435455322	47.18772554397583
65.13037109375	60.589908599853516
64.64129638671875	59.34878921508789
64.73426818847656	57.154605865478516
61.69079780578613	62.97116756439209
70.1290512084961	68.42446899414062
46.02711820602417	50.83645725250244
56.65424728393555	47.19734191894531
61.31412696838379	51.62129497528076
51.94517421722412	54.11898899078369
72.80986404418945	70.70218849182129
55.63511514663696	57.59457588195801
64.30863189697266	63.77124786376953
48.962772846221924	52.47463893890381
64.15702819824219	60.613853454589844
66.96636915206909	60.461793422698975
65.48068428039551	61.1262788772583
58.096503257751465	58.85334300994873
60.0591516494751	56.741859436035156
56.43547439575195	52.82796859741211
62.5404052734375	61.35076904296875
66.31071472167969	56.38031768798828
60.53610563278198	54.30534267425537
62.88128328323364	61.48836708068848
60.41203022003174	54.885254859924316
57.14815902709961	49.02869415283203
50.571327686309814	56.01379871368408
61.35617733001709	65.31574058532715
50.84893083572388	52.20559072494507
58.09110927581787	53.443846702575684
65.66036128997803	63.16206645965576
53.78758955001831	54.83714294433594
59.32934856414795	61.62075614929199
51.331411838531494	53.28274154663086
51.621975898742676	50.67920732498169
55.6418342590332	57.58391189575195
53.31707811355591	52.720168590545654
65.67601013183594	76.38539123535156
54.368106842041016	52.49090576171875
73.22348022460938	69.7541732788086
55.01138925552368	53.7167534828186
61.85682964324951	64.26288604736328
51.471935749053955	45.27204084396362
57.78243112564087	59.61751985549927
61.23108100891113	59.877952575683594
61.14941692352295	59.71410369873047
55.09617757797241	55.129723072052
59.201401710510254	54.7206015586853
56.02484130859375	49.01048278808594
69.35978698730469	63.27533721923828
59.42625331878662	61.48530578613281
55.218177795410156	55.64995574951172
40.309447288513184	42.66715478897095
44.51403045654297	43.81499481201172
56.45285224914551	63.721046447753906
59.41636657714844	54.47100305557251
54.86997079849243	49.270570278167725
59.917503356933594	54.80481719970703
62.54706573486328	63.046844482421875
57.74417209625244	53.469725131988525
56.13193893432617	58.45556640625
60.02191162109375	59.898033142089844
45.998252391815186	44.79746389389038
62.32434940338135	65.04595041275024
46.61575984954834	51.82944059371948
61.63259267807007	59.039392948150635
60.70974540710449	59.677369594573975
67.824462890625	69.33069610595703
61.60968017578125	61.99023199081421
57.188992500305176	55.85747671127319
70.47782897949219	63.64812469482422
51.01593732833862	59.81498050689697
48.98609447479248	47.53361463546753
61.693809509277344	54.76580810546875
56.87247085571289	51.98550796508789
61.87601852416992	57.66902160644531
56.730103492736816	52.90420484542847
55.17136287689209	56.19267463684082
57.481462478637695	54.481911182403564
57.77643585205078	57.39309310913086
