61.67266654968262	65.92982006072998
45.46099042892456	47.23664855957031
57.178171157836914	54.75427722930908
56.31762409210205	58.81639289855957
51.83510494232178	52.850308418273926
45.00416946411133	43.00231170654297
57.07376289367676	54.93462514877319
51.3725209236145	54.5276198387146
58.19197940826416	58.685869216918945
43.969260692596436	45.613059997558594
45.40992784500122	47.179057121276855
56.108062744140625	52.22923278808594
57.15408515930176	51.6601243019104
61.94326114654541	57.425116539001465
64.73690032958984	63.73413848876953
60.43204402923584	60.01172065734863
57.8976469039917	56.601609230041504
60.20141124725342	61.93611717224121
45.63960266113281	40.237332820892334
58.57666778564453	54.77277898788452
50.304492473602295	49.610955238342285
56.97623825073242	51.9052734375
59.83622741699219	61.78941345214844
58.65769958496094	58.7244873046875
47.645609855651855	50.276681423187256
58.25120162963867	55.03577423095703
63.513994216918945	68.51320743560791
58.293049812316895	51.41642713546753
59.41682815551758	53.076866149902344
57.51107406616211	59.76310348510742
57.2166166305542	52.304054260253906
53.365490436553955	50.66483783721924
59.976746559143066	61.862924575805664
54.393184185028076	55.55339765548706
61.665550231933594	58.4303560256958
55.49211502075195	60.68874740600586
59.647979736328125	51.809906005859375
64.90161895751953	62.1910400390625
61.136497497558594	56.92108917236328
54.847647190093994	52.7519416809082
51.817901611328125	51.55853319168091
59.883541107177734	48.386356353759766
55.08609390258789	53.094764709472656
51.63412570953369	51.23719072341919
55.81009912490845	54.55449628829956
53.650022983551025	57.04780101776123
55.178916931152344	57.03156280517578
52.76969528198242	54.002227783203125
48.64088296890259	49.93415021896362
57.319729804992676	58.60289001464844
61.28662300109863	55.03009796142578
58.016910552978516	56.40306854248047
57.18498992919922	56.708927154541016
61.47882080078125	59.367645263671875
60.312015533447266	62.6496696472168
65.4337158203125	58.45011520385742
59.65754699707031	55.44068145751953
61.74088954925537	50.32813310623169
55.792572021484375	56.72248077392578
56.71853446960449	56.42440223693848
64.04936218261719	61.78227996826172
74.44758224487305	70.00332498550415
56.98421096801758	62.91984558105469
63.790496826171875	56.55497360229492
71.60234212875366	66.22251749038696
56.755775451660156	52.606292724609375
67.16105461120605	67.64349174499512
56.13201904296875	50.201836585998535
57.262972831726074	61.85622215270996
65.91905212402344	63.94783878326416
59.90478229522705	52.10930681228638
61.25999450683594	61.562049865722656
53.445457458496094	51.57294845581055
57.85191345214844	61.800479888916016
50.78773784637451	51.80611562728882
57.6617431640625	53.04719161987305
54.1546745300293	50.427879333496094
63.74565124511719	61.671112060546875
61.66192626953125	67.33168029785156
52.45641326904297	51.82733154296875
64.10089111328125	61.53617858886719
71.93717193603516	68.86837005615234
59.86667728424072	54.25397872924805
63.958831787109375	54.42509365081787
55.924110412597656	59.74880409240723
56.78603267669678	53.36413860321045
52.35468292236328	58.00843048095703
57.74049377441406	56.86530017852783
60.35954284667969	53.1899528503418
66.14132690429688	62.46075439453125
63.42404651641846	62.35666036605835
54.82373809814453	52.01620388031006
56.1489953994751	57.19335174560547
49.7507848739624	50.89443922042847
42.817420959472656	40.29195785522461
57.005043029785156	58.790804862976074
56.464508056640625	55.98180389404297
58.20030403137207	59.161173820495605
53.14914035797119	51.7411208152771
65.02278327941895	61.701799392700195
54.6352858543396	56.709428787231445
61.386512756347656	58.60276794433594
59.641082763671875	63.97966384887695
45.390578269958496	45.13967800140381
45.35201930999756	41.22725534439087
62.33517265319824	54.92856788635254
62.20799922943115	57.99135398864746
43.425713539123535	42.1356406211853
58.091552734375	61.536537170410156
52.49274682998657	54.40640878677368
58.083377838134766	62.839582443237305
56.31970691680908	53.794742584228516
62.23259735107422	57.663909912109375
61.93824005126953	60.88628387451172
59.60591697692871	60.852200508117676
57.078033447265625	54.171142578125
55.498887062072754	56.924760818481445
53.97514724731445	52.082093238830566
61.88633632659912	61.20116710662842
60.224122047424316	56.33771800994873
60.325191497802734	58.84904861450195
62.086801528930664	59.71982002258301
52.22254037857056	47.136269092559814
53.37752676010132	53.66047716140747
56.423691272735596	52.30939292907715
64.21234130859375	57.52631950378418
54.65265607833862	52.168760776519775
65.77234745025635	60.94841480255127
49.288920879364014	54.370930194854736
57.97483158111572	57.582733154296875
54.466049671173096	51.640450954437256
68.5324478149414	63.92518615722656
68.65832710266113	64.91529750823975
71.97857666015625	63.4375262260437
50.57506608963013	52.38163614273071
65.28414916992188	61.06031799316406
52.105010986328125	50.14547348022461
44.94047784805298	46.99231719970703
50.803011894226074	56.48743438720703
46.97318124771118	46.51290035247803
54.70552110671997	47.792569160461426
57.94939708709717	57.9827823638916
55.048309326171875	58.6272029876709
54.174667835235596	50.870957374572754
53.50148820877075	48.98964262008667
61.305198669433594	60.17894744873047
59.98294162750244	56.4653844833374
59.12436485290527	63.5880184173584
47.65609073638916	51.96123933792114
60.42315483093262	57.664504051208496
55.708709716796875	58.11976623535156
59.23522138595581	59.17825126647949
55.00760746002197	52.07358169555664
62.72564697265625	66.87349700927734
53.31106185913086	50.65470886230469
48.32892656326294	54.016703605651855
53.18292951583862	50.72717905044556
57.28797912597656	48.26255798339844
46.59074258804321	46.30789232254028
57.48738384246826	57.02051067352295
64.15787506103516	60.49774169921875
54.86125898361206	52.17338705062866
63.75498962402344	62.8974609375
59.658942222595215	57.961947441101074
66.3174057006836	63.310203552246094
54.96069383621216	59.019354820251465
62.549363136291504	51.41486978530884
64.1732406616211	57.5032958984375
61.04525327682495	53.72641468048096
67.4982681274414	67.19329833984375
54.07127380371094	54.361656188964844
58.966309547424316	55.11004304885864
60.76779270172119	56.052491188049316
54.70387554168701	55.417243003845215
60.72789764404297	60.72477722167969
52.05245304107666	50.795591831207275
49.4655179977417	47.853304862976074
53.90447998046875	56.31304168701172
64.0544900894165	62.25183963775635
62.91871643066406	60.531246185302734
55.99128818511963	56.94540882110596
53.989837646484375	54.8646354675293
51.25273847579956	50.07092905044556
63.91256046295166	59.545825481414795
61.615896224975586	59.48807716369629
56.37921905517578	63.30614471435547
58.772132873535156	59.60445499420166
49.83203887939453	60.88911819458008
49.54458999633789	45.74481201171875
55.35966491699219	54.87239074707031
65.06489372253418	61.21708869934082
59.84830570220947	59.377760887145996
51.51507091522217	52.30152082443237
52.795867919921875	50.33119869232178
57.05357551574707	61.99998378753662
62.649208068847656	62.03723907470703
55.15752077102661	58.170456886291504
64.4236888885498	61.56689643859863
50.83934783935547	44.21538782119751
61.41122245788574	57.808921337127686
61.18480110168457	54.82719326019287
62.55049228668213	54.73381519317627
64.3160400390625	61.758056640625
57.529335021972656	61.3600959777832
55.129639625549316	53.9056396484375
53.8054084777832	55.332618713378906
66.38544464111328	61.39898681640625
64.8529052734375	71.82249450683594
57.03603172302246	57.43887805938721
55.92825937271118	57.763471603393555
56.018404960632324	53.774455070495605
56.9984130859375	54.543365478515625
49.54029941558838	49.32261419296265
51.148597240448	51.26475143432617
62.80977535247803	60.71819877624512
51.87981414794922	55.564520835876465
65.39575958251953	61.50267791748047
55.94175720214844	53.10333251953125
65.39559888839722	65.07913255691528
58.25789546966553	56.322410583496094
57.034873962402344	60.7193603515625
58.73691177368164	58.595706939697266
49.71754312515259	53.14184045791626
55.95474863052368	58.170844078063965
62.198880195617676	63.69217872619629
56.460731506347656	60.658230781555176
62.06499099731445	64.64547729492188
51.0018310546875	44.5616455078125
60.24908447265625	60.115638732910156
58.30082702636719	59.3066291809082
65.59519386291504	63.407644271850586
74.02690029144287	76.55263137817383
68.59632873535156	57.97138977050781
59.39647960662842	56.91701698303223
55.37690496444702	59.1057653427124
62.408724784851074	61.15437698364258
66.59550476074219	66.40328979492188
58.4491081237793	56.50874996185303
54.28799486160278	59.34246635437012
67.87522888183594	69.56304168701172
44.458637714385986	45.47386121749878
50.298470973968506	50.001728534698486
66.47103881835938	66.90190124511719
55.485984802246094	55.90434265136719
50.626827239990234	58.055076599121094
57.3697509765625	57.4931116104126
61.88060188293457	60.43838596343994
53.52988338470459	55.91935729980469
57.759456634521484	56.42852020263672
56.91099548339844	58.754600524902344
56.690890312194824	54.60319232940674
58.55716133117676	61.253578186035156
53.44944095611572	54.163208961486816
63.0793571472168	62.47315216064453
50.06108570098877	49.70754957199097
56.077152252197266	51.351226806640625
54.950923919677734	55.87071132659912
55.01754379272461	49.26232147216797
49.31790781021118	48.38911485671997
54.61496829986572	50.292282581329346
42.182525634765625	40.61219024658203
57.48683166503906	55.492767333984375
69.6679630279541	64.89913272857666
59.10845184326172	56.84315490722656
49.10173273086548	47.21771049499512
54.79048299789429	51.99905061721802
61.84693145751953	59.582340240478516
53.18762922286987	52.87228488922119
61.007171630859375	59.03913116455078
59.307512283325195	60.06947422027588
65.7345871925354	61.679134368896484
56.108001708984375	58.82688903808594
45.45254564285278	45.66817808151245
49.354207038879395	48.918456077575684
53.51137828826904	50.9233717918396
54.691802978515625	51.885986328125
53.23767852783203	55.212066650390625
57.90058422088623	57.9495906829834
46.19921827316284	46.92679500579834
60.99770450592041	59.991506576538086
65.00051307678223	61.41007041931152
56.64197063446045	57.606672286987305
76.64477920532227	67.59928035736084
55.488182067871094	57.233882904052734
61.98454284667969	64.36955261230469
50.306602478027344	52.74924087524414
54.34079647064209	56.482314109802246
56.04089546203613	59.500473976135254
60.80765151977539	58.74225616455078
52.599101066589355	53.67179584503174
59.80154037475586	52.66535186767578
54.256311893463135	55.57321119308472
59.28564929962158	56.34748458862305
55.546608448028564	51.0670599937439
58.77048397064209	59.9764461517334
61.989540100097656	61.63663864135742
54.33253192901611	50.54720163345337
60.03607749938965	58.5706729888916
61.36417007446289	64.64278411865234
54.66298198699951	54.095048904418945
52.63003158569336	50.5565299987793
58.910232067108154	51.06932830810547
58.378440856933594	55.6578254699707
69.9759750366211	75.86454010009766
54.1212854385376	55.30339860916138
58.29869842529297	61.87763977050781
55.124839782714844	56.03639602661133
60.978843688964844	63.04548645019531
59.03331756591797	51.83116149902344
61.66844940185547	55.43900680541992
59.3841552734375	58.10518741607666
51.8378586769104	52.96634578704834
61.186458587646484	59.02393341064453
64.75943756103516	63.97583770751953
56.94697189331055	58.84638214111328
60.094482421875	57.701473236083984
53.18492889404297	49.33351135253906
49.35828256607056	45.83944034576416
51.11826944351196	50.363893032073975
55.264549255371094	50.946656703948975
55.73384094238281	57.800254821777344
52.77499294281006	51.48008346557617
49.69404220581055	45.2230110168457
46.07731294631958	46.853949546813965
58.49857521057129	58.268189430236816
52.55749797821045	53.41887617111206
56.32486057281494	55.901145935058594
52.53945016860962	56.507988929748535
60.633437156677246	58.126617431640625
55.73927307128906	53.703216552734375
54.805142879486084	56.67902088165283
64.18937969207764	62.88131904602051
70.41178894042969	67.14295959472656
50.903801918029785	56.40265941619873
53.16375684738159	53.67421245574951
56.50368309020996	55.12703275680542
53.6523060798645	56.70716571807861
57.37264823913574	52.86704111099243
42.827354431152344	44.87680435180664
57.14759635925293	60.786925315856934
59.50250244140625	66.70893096923828
53.56295824050903	57.926032066345215
50.40761184692383	46.91551971435547
50.440356731414795	52.510273933410645
69.349844455719	59.76973628997803
60.58308219909668	56.75612545013428
65.46416187286377	57.49505424499512
57.79978084564209	56.81149387359619
53.894110679626465	50.728631019592285
51.19567108154297	58.83407020568848
62.110382080078125	63.842857360839844
67.68618869781494	68.18851661682129
64.4947338104248	63.04319190979004
62.124746322631836	60.05828380584717
55.87020492553711	47.63203430175781
50.28797674179077	49.556204319000244
51.000762939453125	52.80868148803711
63.7625732421875	62.84423065185547
52.57362985610962	58.43882083892822
57.673502922058105	56.30966663360596
59.929046630859375	60.909979820251465
57.17440605163574	55.36886692047119
60.23707294464111	56.001275062561035
53.51869201660156	53.68968963623047
55.55381155014038	57.768738746643066
50.58341073989868	48.23917484283447
61.16292953491211	54.69034194946289
56.11906147003174	58.56663417816162
59.869948387145996	66.49112129211426
52.21133852005005	47.06938171386719
66.17607116699219	66.73087310791016
59.8201904296875	57.208648681640625
56.79517364501953	55.93009948730469
56.59006690979004	56.97514247894287
64.96204233169556	64.98153018951416
51.219871520996094	52.77967834472656
65.85326385498047	65.46410369873047
53.63928174972534	54.479671478271484
59.14956474304199	65.30792331695557
57.08128643035889	60.232239723205566
55.84284210205078	58.88294982910156
59.813072204589844	58.102447509765625
59.896491050720215	60.54300785064697
54.90104293823242	54.3382568359375
53.329641819000244	50.41820669174194
47.461570739746094	50.439517974853516
56.529324531555176	61.24200248718262
57.596588134765625	58.33396911621094
47.39802074432373	47.34837341308594
58.944580078125	61.99169921875
59.327880859375	58.204376220703125
64.24848937988281	55.35506820678711
59.46056652069092	56.74977684020996
55.98904514312744	53.86872959136963
58.31757974624634	52.84007120132446
62.14335632324219	57.89472961425781
60.80209732055664	61.92158889770508
49.882630348205566	46.32619047164917
41.12044382095337	42.48503112792969
53.27359914779663	55.71353816986084
46.91321659088135	44.39670705795288
52.49440002441406	49.97480773925781
60.918434143066406	70.91329193115234
64.0060977935791	62.70921230316162
48.368253231048584	44.520751953125
55.04968786239624	60.36204242706299
57.47880554199219	57.50549507141113
59.6002893447876	56.73585796356201
66.55330657958984	62.020912170410156
57.3150634765625	56.93226623535156
52.010239124298096	48.143962383270264
69.27318477630615	65.88987636566162
58.4946174621582	54.976539611816406
66.13970947265625	60.304283142089844
52.74838638305664	51.92805862426758
57.97162055969238	59.358160972595215
55.642982482910156	54.42132568359375
62.389004707336426	63.95777225494385
55.38779640197754	54.054880142211914
66.40514373779297	68.50849771499634
56.20981788635254	57.65017127990723
44.780227184295654	45.859500885009766
58.13261890411377	53.97854518890381
59.550567626953125	57.2313117980957
64.671142578125	58.26654815673828
57.689764976501465	61.56261730194092
60.36579418182373	63.39617729187012
63.576141357421875	66.45307922363281
58.304378509521484	61.06464767456055
61.52131652832031	63.23267364501953
63.546661376953125	61.19136428833008
59.96771240234375	58.108055114746094
58.484482765197754	52.63809061050415
61.15748977661133	59.77527618408203
61.84634876251221	59.73836326599121
56.07365322113037	56.21315574645996
59.74561357498169	58.78497505187988
59.06854820251465	57.569435119628906
58.54471969604492	55.3211669921875
57.07142639160156	60.28967094421387
59.60659408569336	62.080230712890625
58.49268054962158	58.22876262664795
59.10506343841553	55.64035749435425
62.16883945465088	60.62550640106201
49.024078369140625	47.195068359375
46.578933238983154	50.26494884490967
56.67513561248779	53.487722873687744
53.51957607269287	55.3924994468689
58.808061599731445	59.76001262664795
52.83251190185547	43.66740417480469
48.47024488449097	52.57110643386841
58.30443859100342	61.10013008117676
50.92868423461914	53.16037368774414
61.02048206329346	61.50596046447754
55.35523223876953	54.76778554916382
61.128435134887695	64.86994934082031
47.7443470954895	44.484459400177
61.35557556152344	60.24462127685547
59.35097122192383	59.25652313232422
56.99215888977051	56.18464374542236
59.05751419067383	59.37046813964844
52.813281536102295	50.795838832855225
45.623661041259766	48.53106069564819
60.35736274719238	58.85326957702637
60.28481101989746	55.3985276222229
58.06568145751953	57.83953094482422
59.987441062927246	60.84297466278076
59.08424949645996	50.98680114746094
64.14019775390625	64.63592529296875
59.522830963134766	60.43765830993652
59.45015239715576	60.792893409729004
54.659820556640625	49.60491943359375
51.245548725128174	53.113388538360596
40.40245008468628	41.802475452423096
52.2502179145813	53.31420421600342
60.258914947509766	58.15026092529297
58.754638671875	54.561622619628906
60.98211669921875	60.081308364868164
58.85943126678467	51.5883903503418
53.46374034881592	49.91973400115967
70.55134773254395	61.560096740722656
57.634169578552246	50.521780490875244
60.74062919616699	56.681410789489746
55.63951110839844	65.60658836364746
53.433876514434814	54.732300758361816
53.897438526153564	60.766791343688965
60.684125900268555	59.37520408630371
58.00102710723877	50.993924140930176
51.527230739593506	47.78926134109497
71.43878746032715	67.23565864562988
58.17520999908447	60.33835029602051
57.38627338409424	58.51037788391113
64.53765678405762	61.10676383972168
52.37132263183594	54.29732894897461
47.35720205307007	47.35457515716553
58.018903732299805	53.45931053161621
49.884490966796875	51.32188415527344
67.71337127685547	63.380096435546875
51.1712212562561	54.92305612564087
70.32681274414062	68.25694274902344
57.05155277252197	53.1466269493103
63.64871311187744	62.29282093048096
55.37175130844116	56.13075065612793
62.22975540161133	59.107672691345215
71.20335388183594	63.37674331665039
62.022926330566406	58.160743713378906
65.37027835845947	63.7208366394043
63.207014083862305	64.90715980529785
56.10175323486328	53.82072448730469
58.755797386169434	56.34167671203613
55.09233236312866	57.77080821990967
49.45888900756836	48.87663269042969
69.97043037414551	57.24497938156128
60.52464294433594	56.675048828125
65.07683563232422	64.04595947265625
62.95778942108154	57.502370834350586
55.83998966217041	47.814682483673096
59.92714595794678	57.829915046691895
58.904425621032715	58.762606620788574
59.900001525878906	60.42525100708008
56.80364227294922	51.739309787750244
47.977256774902344	53.633182525634766
48.67860412597656	47.74634313583374
66.34201097488403	71.62513875961304
57.52889347076416	55.37592697143555
61.38974380493164	52.98794937133789
63.093560218811035	66.78871154785156
57.53303241729736	57.04601192474365
60.26810169219971	58.58122730255127
61.190138816833496	58.96686363220215
72.44988250732422	67.28672790527344
54.534847259521484	52.521446228027344
56.15869140625	55.221046447753906
53.906190395355225	53.05328702926636
58.64349174499512	54.15858507156372
57.29170513153076	65.65821170806885
52.26901340484619	52.55382299423218
58.52254772186279	55.98348093032837
59.87492847442627	60.55152606964111
56.922624588012695	60.7352352142334
59.84366989135742	60.055870056152344
58.287994384765625	56.38811492919922
59.708903312683105	55.094528675079346
54.80727243423462	55.55869150161743
57.10893726348877	62.693657875061035
57.97013187408447	56.080108642578125
43.487396240234375	50.08033752441406
54.534698486328125	52.3193359375
55.93227291107178	62.25883388519287
60.840210914611816	52.95739030838013
59.6497163772583	60.97533416748047
57.1303129196167	55.115684032440186
56.934852600097656	50.705413818359375
64.10187721252441	55.172751903533936
48.01715707778931	52.119640827178955
47.33525228500366	44.790908336639404
64.86609745025635	60.46940803527832
59.86974811553955	60.29228115081787
58.53822469711304	63.633962631225586
63.82145547866821	56.388174533843994
59.36191940307617	62.17192840576172
60.0950813293457	53.60405731201172
52.415313720703125	58.19172668457031
44.55751848220825	45.14672088623047
53.38322448730469	52.78205108642578
46.63062286376953	46.92953872680664
58.524109840393066	59.01327991485596
54.395984172821045	51.75477647781372
62.51988887786865	64.2700891494751
64.41693115234375	64.68415832519531
57.44871807098389	55.28451633453369
65.90090942382812	63.360591888427734
53.885191917419434	54.5962028503418
61.676509857177734	60.1826057434082
57.07850933074951	51.86229848861694
60.61064147949219	58.1234130859375
66.53241729736328	63.156822204589844
52.055527210235596	51.82125663757324
58.54739999771118	60.40073776245117
56.071929931640625	52.00838851928711
60.577850341796875	61.3912239074707
60.17620372772217	59.696553230285645
60.84850215911865	62.065385818481445
68.32958984375	62.81697082519531
68.30595397949219	58.69015884399414
56.92434024810791	53.82504367828369
51.54883337020874	57.289034843444824
54.66270303726196	54.074278354644775
69.1607837677002	59.914461612701416
57.01955604553223	57.160160064697266
58.48861503601074	56.143975257873535
53.42867946624756	46.77523946762085
58.49051094055176	54.00704050064087
61.24797058105469	59.431724548339844
71.67403221130371	67.88768863677979
57.398895263671875	61.190216064453125
56.131927490234375	62.82662582397461
54.465495586395264	57.08375644683838
60.132123947143555	57.72483253479004
57.38335037231445	54.26597595214844
56.848917961120605	49.58489990234375
60.304330825805664	59.80815124511719
61.357643127441406	64.10441589355469
51.72739219665527	53.68735313415527
62.657806396484375	58.078514099121094
55.89407300949097	51.68819332122803
54.895719051361084	53.774261474609375
51.97162628173828	53.35301876068115
56.46135234832764	54.058159828186035
53.94660186767578	54.75862979888916
57.315704345703125	62.39831066131592
58.77246856689453	60.16489028930664
48.4877552986145	45.97869253158569
54.50033617019653	58.00674819946289
66.99299812316895	62.912116050720215
56.01357173919678	57.114938735961914
72.32022857666016	72.73502349853516
36.803192138671875	37.25523853302002
55.57214307785034	49.64559888839722
54.31743144989014	55.504544734954834
57.0079402923584	64.37712097167969
57.80606269836426	58.35958671569824
76.0155725479126	70.20614624023438
60.9655876159668	51.74219512939453
65.18423557281494	63.557289123535156
45.99667692184448	47.28046798706055
65.80303955078125	59.73640823364258
55.84919214248657	59.77773571014404
59.310362815856934	57.58093738555908
67.2826156616211	62.548805236816406
49.31128215789795	48.58324480056763
56.89928436279297	58.07476043701172
64.73352813720703	57.012413024902344
64.59700012207031	65.77143859863281
56.00156879425049	58.95472049713135
60.21294450759888	58.06556797027588
53.555678367614746	52.02663469314575
53.59256839752197	55.3984375
64.1855411529541	61.76051902770996
54.11678600311279	56.46125888824463
57.85414791107178	58.479949951171875
55.77710771560669	56.33611583709717
65.08618783950806	63.76366996765137
62.74142265319824	62.34896373748779
67.21263980865479	66.24498748779297
64.5041332244873	69.04073905944824
55.768385887145996	55.199928283691406
58.14833354949951	55.96418809890747
63.96728754043579	61.266172885894775
54.82563781738281	53.02488708496094
67.91334342956543	65.61087083816528
63.31119155883789	62.61899948120117
59.62790298461914	59.113365173339844
55.71511697769165	62.118858337402344
54.97061061859131	54.231711864471436
46.9656982421875	42.72177505493164
55.174553871154785	51.90698575973511
57.96694755554199	50.249728202819824
55.235793590545654	55.774006843566895
53.86932373046875	56.00846862792969
55.08232116699219	51.667354583740234
48.36698818206787	53.052098751068115
64.09521484375	66.35731506347656
53.962586879730225	57.43975257873535
51.78288269042969	52.57807159423828
56.614840507507324	60.4129581451416
51.69947099685669	54.05402421951294
51.69204759597778	50.780277729034424
46.348450660705566	47.870795249938965
56.404624938964844	56.548118591308594
59.78404521942139	60.55893611907959
62.4004020690918	60.61476135253906
51.99774217605591	54.06361389160156
49.15674591064453	50.71906137466431
61.82265663146973	59.09084510803223
54.34581995010376	50.955368518829346
51.54785203933716	47.86042785644531
51.65156602859497	50.45796060562134
68.4551773071289	70.038330078125
58.99786949157715	52.682061195373535
62.0449104309082	62.57734680175781
59.49589443206787	63.669447898864746
63.47812271118164	59.45245361328125
63.564796447753906	57.16090774536133
56.95250701904297	49.543190002441406
57.15387725830078	53.67144012451172
53.144554138183594	45.98240661621094
66.24450731277466	67.48951578140259
59.360036849975586	57.60021686553955
54.56116485595703	50.69385528564453
55.909950256347656	57.985801696777344
54.651695251464844	54.762977600097656
56.488845348358154	57.871161460876465
64.68553161621094	62.49341583251953
62.38139343261719	60.91046142578125
56.05022048950195	50.7145299911499
60.103271484375	60.28475570678711
58.32923889160156	53.59732627868652
59.02110290527344	53.27305603027344
57.77031898498535	62.76113319396973
61.00831604003906	62.77470016479492
55.0910005569458	59.2501745223999
60.974860191345215	64.31876850128174
61.22641468048096	57.55958843231201
63.5131721496582	63.08717727661133
49.6219367980957	52.19796705245972
43.35831546783447	46.26255750656128
63.87305736541748	62.246811866760254
53.79831075668335	55.011966705322266
63.77226257324219	60.96074676513672
61.08757972717285	58.880319595336914
54.83680582046509	52.375367641448975
57.60000514984131	60.228827476501465
57.43535327911377	53.722327709198
55.206947803497314	57.36623954772949
58.9539794921875	58.63684272766113
58.69168567657471	51.40425682067871
62.330833435058594	64.35917663574219
59.912757873535156	63.49740219116211
46.766685485839844	52.450103759765625
56.293785095214844	54.11350154876709
58.70907402038574	57.91625213623047
53.60222625732422	47.31529235839844
57.52754497528076	58.075748443603516
59.40674686431885	56.323845863342285
51.15919494628906	51.11421060562134
57.076927185058594	66.74796295166016
63.29438781738281	60.606632232666016
47.182435035705566	49.92387628555298
66.65530586242676	65.35140037536621
64.16538333892822	61.11964702606201
62.419551849365234	61.55940246582031
52.57950973510742	50.757362365722656
52.79817724227905	54.96624755859375
55.3233642578125	54.197044372558594
53.63814926147461	55.4289665222168
71.2970962524414	71.27671813964844
49.70064926147461	55.50980758666992
61.41582489013672	55.94860363006592
61.51002597808838	57.62582492828369
62.545440673828125	57.57467269897461
59.663228034973145	58.33306407928467
53.85653305053711	49.72283935546875
69.99037313461304	70.77540636062622
58.91346740722656	55.86213302612305
48.06328296661377	45.778027057647705
65.7369155883789	64.2947998046875
55.85961294174194	55.67932176589966
59.13218688964844	62.91762924194336
49.218353271484375	41.85655975341797
67.54498291015625	62.270957946777344
63.466064453125	63.297847747802734
48.938973903656006	45.12643337249756
57.88057041168213	56.93547534942627
66.23281955718994	64.22825813293457
57.07898712158203	59.625091552734375
58.90768337249756	60.977643966674805
42.45512390136719	43.370481967926025
56.747314453125	56.99590301513672
56.00365161895752	51.59512948989868
53.3837251663208	54.32328939437866
70.3608226776123	71.24725151062012
57.97679138183594	56.44746017456055
61.408897399902344	63.94703674316406
59.03905487060547	62.08475208282471
55.22296953201294	60.28345584869385
52.83051156997681	53.87221431732178
59.8193998336792	53.03312635421753
54.71516418457031	51.80501937866211
68.96504831314087	72.55522155761719
50.53541564941406	50.33872890472412
58.22956085205078	49.61966323852539
57.57111358642578	55.70819091796875
60.29356384277344	54.660335540771484
54.2402868270874	57.82220458984375
74.9683084487915	68.02903032302856
58.50151062011719	58.56039810180664
52.446290493011475	52.658658504486084
53.77172088623047	44.24061584472656
53.36656951904297	48.36188507080078
65.0420150756836	60.7040901184082
56.45587158203125	58.23459720611572
62.026390075683594	57.83646774291992
55.587196826934814	56.51941776275635
48.59642934799194	51.09453725814819
55.96516942977905	52.83336877822876
56.82381820678711	55.09624099731445
56.61765098571777	58.24463748931885
54.11646890640259	52.155906677246094
54.880807399749756	52.18528604507446
55.70267105102539	56.31673049926758
58.46409511566162	52.682504177093506
67.445969581604	67.38421440124512
56.32612991333008	55.19108581542969
53.4898157119751	53.94858455657959
59.1099853515625	56.329627990722656
56.896188735961914	54.63945150375366
59.962947845458984	62.925832748413086
60.43381977081299	59.510300636291504
58.277050495147705	56.93322515487671
56.57686901092529	54.660940647125244
68.98418426513672	68.0393385887146
57.60563659667969	50.13207244873047
49.70867443084717	53.05077362060547
64.91764068603516	62.14994812011719
57.52151012420654	57.398603439331055
60.945045471191406	60.68071365356445
57.61796760559082	58.287415504455566
55.48368978500366	56.223830223083496
58.60974597930908	54.683714866638184
65.0910415649414	56.6273717880249
62.77962875366211	58.018165588378906
58.36036682128906	56.99179458618164
67.13103485107422	62.380592346191406
56.983436584472656	60.027008056640625
59.32756042480469	55.185420989990234
66.2034158706665	64.92661142349243
65.31197357177734	61.954345703125
49.061790466308594	47.10385513305664
46.680564403533936	45.533061504364014
54.46947431564331	52.13804244995117
56.78314208984375	55.16221380233765
53.100547790527344	51.91779375076294
52.72467041015625	53.476356506347656
78.51027011871338	71.568603515625
53.32179260253906	57.81761169433594
58.40557861328125	55.5125732421875
50.337220191955566	50.64079189300537
67.02218627929688	65.4026870727539
62.33827209472656	60.13978958129883
58.01669502258301	56.17250728607178
61.93180847167969	53.587406158447266
54.693124294281006	56.01244354248047
53.98689317703247	51.614168643951416
49.225989818573	48.466803550720215
62.3146915435791	62.16046333312988
52.142415046691895	51.39119625091553
57.03937530517578	63.58255386352539
59.796791076660156	57.26279830932617
39.161487102508545	35.96770238876343
66.61824035644531	68.67893981933594
59.44652557373047	59.8115234375
52.47624111175537	54.02195072174072
55.63017177581787	62.86215305328369
59.046865463256836	60.935760498046875
55.880035400390625	57.484798431396484
73.18994808197021	64.69578695297241
55.038936614990234	53.37389516830444
51.795509338378906	49.029624938964844
59.19771957397461	60.181053161621094
62.127357482910156	59.54458999633789
57.05095863342285	59.67940330505371
57.42859745025635	56.281381607055664
53.98638916015625	60.29240131378174
65.3035306930542	61.02561569213867
60.623165130615234	64.68472290039062
57.737056732177734	58.04792022705078
58.290443420410156	61.20302963256836
43.8656268119812	44.650537967681885
50.925952434539795	53.58969068527222
53.46253538131714	54.716118812561035
57.89854145050049	54.19798946380615
55.85678243637085	48.75385284423828
56.36325931549072	54.03166055679321
58.6732292175293	54.923187255859375
60.826576232910156	63.903053283691406
46.98490381240845	48.160377979278564
67.09181213378906	69.33575439453125
49.45383071899414	46.965415954589844
62.70370864868164	64.06085205078125
58.06407165527344	58.48468780517578
68.98435974121094	67.0205078125
58.65633583068848	55.184290409088135
59.09334850311279	59.339375495910645
62.95121765136719	69.0816650390625
56.291749000549316	57.10941123962402
44.620059967041016	42.62315368652344
58.12321949005127	55.11439561843872
58.4915771484375	62.70549011230469
61.018646240234375	61.10668182373047
55.93272542953491	59.68406963348389
65.50658416748047	61.39620590209961
59.325209617614746	56.93215084075928
50.82161331176758	51.380226135253906
56.13248062133789	55.96074295043945
58.679405212402344	59.1665153503418
51.4284234046936	53.72944402694702
55.62246799468994	54.95268630981445
51.13986873626709	53.7742714881897
56.954100608825684	58.123199462890625
52.40247106552124	55.44376230239868
44.497830867767334	52.76038312911987
57.35151958465576	59.0941162109375
63.06153678894043	58.6038179397583
52.70563554763794	57.37085247039795
53.80522918701172	52.934513092041016
52.25818634033203	51.46259307861328
63.55091857910156	62.71839141845703
53.788607597351074	56.77191352844238
69.3130874633789	68.14997100830078
64.35395050048828	62.01667022705078
59.30777931213379	56.903204917907715
60.82659149169922	63.16349411010742
66.87425422668457	60.21328067779541
62.313035011291504	56.35985469818115
58.183441162109375	56.76700687408447
62.76275634765625	53.54896545410156
63.88156700134277	64.26419162750244
76.43324089050293	73.54844570159912
50.35040807723999	48.071664333343506
52.94188594818115	49.3986439704895
53.47278594970703	47.36407470703125
60.40679931640625	59.98554992675781
61.974853515625	57.01405334472656
48.64973497390747	50.665645599365234
54.18982172012329	59.09077167510986
57.026652336120605	60.872307777404785
53.487526416778564	57.65303993225098
50.799156665802	50.63333177566528
58.53985118865967	63.13099765777588
72.13722610473633	66.71966600418091
65.0194320678711	60.22951126098633
61.87678527832031	56.45335006713867
55.03837585449219	54.107513427734375
57.87491989135742	59.59149932861328
55.58137226104736	57.57215881347656
47.97396516799927	47.09851121902466
55.567291259765625	56.451332092285156
64.34767150878906	59.97385787963867
56.85473918914795	57.865583419799805
53.49370098114014	47.36770963668823
65.442214012146	57.34781742095947
64.36382961273193	61.63611698150635
58.9635124206543	55.92819261550903
51.55768537521362	52.298036098480225
62.57291030883789	65.82640075683594
60.147271156311035	60.670687675476074
53.53030729293823	53.806642055511475
48.993567943573	54.038209438323975
59.60985565185547	62.158363342285156
58.48488521575928	58.75525188446045
61.94396781921387	63.999114990234375
55.9934778213501	57.84460163116455
53.73170852661133	50.710357666015625
54.54669237136841	49.06568241119385
52.28039884567261	53.176387310028076
59.02555847167969	58.5280237197876
58.27947807312012	55.607197284698486
58.82276153564453	54.117286682128906
64.88978576660156	64.1850643157959
54.91630554199219	55.43011474609375
43.12470531463623	43.11746883392334
64.5685043334961	62.93120574951172
55.74789810180664	57.52075958251953
66.6748046875	60.65290069580078
53.50463581085205	57.99970531463623
57.37945556640625	53.0811882019043
58.74732208251953	54.385643005371094
53.610779762268066	59.429497718811035
48.804054260253906	53.92006587982178
61.78319549560547	57.92440223693848
60.37682342529297	62.56483840942383
53.88493490219116	54.75394344329834
49.11321020126343	51.04286050796509
58.063453674316406	55.11357498168945
50.744285583496094	50.80936050415039
49.75734329223633	51.829750061035156
55.53195524215698	58.92159557342529
51.55146026611328	53.79067373275757
57.074745178222656	55.27459716796875
56.446672439575195	54.15474081039429
48.66616725921631	46.57231092453003
56.46348857879639	55.71299409866333
70.4828872680664	69.25784301757812
62.077667236328125	58.97900390625
55.52671146392822	50.553062915802
59.99275207519531	52.689544677734375
62.7122802734375	57.45987319946289
55.224822998046875	58.41102600097656
58.231693267822266	63.45437049865723
58.17271423339844	55.502986907958984
59.73735523223877	58.95078182220459
67.80421543121338	65.54965114593506
65.59077453613281	62.3079948425293
50.50802516937256	51.741307735443115
46.960018157958984	46.17506790161133
56.95155715942383	57.9415864944458
54.11942958831787	57.2614107131958
58.779409408569336	59.23054790496826
53.642974853515625	54.123558044433594
61.557289123535156	63.071075439453125
65.8236312866211	61.41181945800781
60.44245147705078	57.68921756744385
66.69520425796509	61.399970054626465
63.1320915222168	60.95035171508789
53.64768981933594	55.287940979003906
52.84930229187012	50.70329475402832
67.43306732177734	59.309818267822266
53.6890869140625	56.0155029296875
58.79988098144531	59.880088806152344
