40.73412322998047	34.71283435821533
41.04971694946289	38.49729251861572
51.364646911621094	45.809386253356934
55.01119899749756	45.12826585769653
40.34355926513672	40.75653076171875
78.59655857086182	69.07412528991699
90.90475273132324	85.47817039489746
48.56611490249634	43.09364318847656
46.04826354980469	41.59544801712036
46.81217288970947	49.87545394897461
49.57206583023071	47.138585567474365
54.627814292907715	45.61493396759033
41.45323944091797	37.42304611206055
40.08701992034912	39.73616695404053
39.604923248291016	41.424736976623535
54.915863037109375	49.54705858230591
75.99940490722656	53.265018463134766
70.61744689941406	53.57960510253906
67.06819009780884	64.29638671875
62.34945487976074	58.84161901473999
35.66110897064209	38.4596586227417
45.516929626464844	49.85040330886841
45.36752367019653	43.99503231048584
76.79510593414307	66.74036502838135
52.986252784729004	42.46716356277466
37.89267635345459	42.93293523788452
63.645450592041016	55.785057067871094
33.346787452697754	35.15090274810791
39.42586040496826	37.5767297744751
42.75756072998047	36.40969181060791
45.27203416824341	42.173081398010254
86.19889688491821	78.81290292739868
52.60158920288086	38.06443119049072
53.41271114349365	45.62825059890747
72.86227512359619	65.27683782577515
54.13233041763306	49.01890563964844
55.35853672027588	51.64246368408203
51.680588722229004	46.66814422607422
70.04254961013794	55.22142219543457
35.084343910217285	37.35557556152344
50.4768648147583	45.19680118560791
43.61452627182007	41.064454555511475
94.00369358062744	86.98759937286377
55.87506151199341	46.97566795349121
96.97214126586914	77.04183769226074
48.518826484680176	41.79724073410034
45.9439172744751	37.621710777282715
40.709309577941895	36.011154651641846
45.229000091552734	48.56625747680664
55.379676818847656	49.38649320602417
39.126548767089844	37.561285972595215
67.96990871429443	61.476898193359375
50.600403785705566	48.861976146698
51.43402099609375	47.03684759140015
40.30052852630615	41.69465255737305
57.67331314086914	57.917442321777344
47.24363708496094	40.867000579833984
42.19411754608154	41.85398483276367
61.08206748962402	56.81038856506348
49.03740692138672	52.035491943359375
40.88713073730469	34.423094272613525
40.982863426208496	40.78605651855469
84.91827201843262	78.20425319671631
47.659852504730225	45.18627452850342
43.29700469970703	39.08372211456299
95.10563802719116	85.5780725479126
46.538421630859375	45.88109588623047
65.12527561187744	46.77574014663696
49.2889084815979	45.84181356430054
49.41940212249756	44.955628395080566
60.87839412689209	54.43196439743042
44.72511291503906	40.8039436340332
57.779807567596436	56.99698448181152
38.889015197753906	38.30665683746338
75.89195823669434	69.22246837615967
37.352346897125244	41.036580085754395
48.54910469055176	44.59061050415039
51.377342224121094	47.296409606933594
45.333778381347656	44.62499141693115
73.21465969085693	68.33376884460449
72.98211097717285	65.68983554840088
40.031643867492676	42.37342977523804
51.15397787094116	41.65886402130127
76.74930000305176	64.9606146812439
45.3864426612854	49.011902809143066
41.11482524871826	38.75690174102783
38.93827819824219	37.581573486328125
55.02333068847656	53.97844696044922
55.04737043380737	49.60521984100342
43.87149143218994	41.58707332611084
46.18025779724121	40.78330993652344
80.88953018188477	69.18107032775879
48.57045078277588	42.434556007385254
58.485198974609375	52.23810577392578
59.27398681640625	56.94792366027832
67.0121169090271	62.482402324676514
46.4134521484375	44.14060974121094
41.36365365982056	40.25882863998413
48.58880567550659	46.75426769256592
62.585530281066895	57.37037658691406
55.5013427734375	52.83604431152344
34.37777328491211	32.65154266357422
42.484103202819824	36.840102195739746
33.137343406677246	30.773812294006348
43.74344730377197	40.723408699035645
59.867605209350586	46.39633893966675
44.63826656341553	34.72623825073242
52.77072048187256	48.39013957977295
74.09205102920532	61.3513970375061
47.489418029785156	47.83208084106445
60.97306966781616	52.765647411346436
55.7255277633667	50.252615451812744
95.82471656799316	94.28380680084229
45.04931640625	47.68876647949219
70.75047779083252	51.366032123565674
48.20760202407837	46.44621992111206
55.42054510116577	54.8034782409668
51.431270599365234	45.344565868377686
43.22805118560791	43.72140598297119
43.47142553329468	38.50587463378906
79.07228946685791	73.11334133148193
50.17926263809204	47.96978282928467
57.05940246582031	54.95404052734375
35.687278747558594	30.995773315429688
39.84013366699219	36.24977111816406
79.86163330078125	77.51645851135254
40.64674472808838	36.62007522583008
40.68649196624756	36.9074501991272
52.825932025909424	48.391387939453125
65.24618482589722	57.55947160720825
65.94159603118896	46.86781167984009
43.96928787231445	36.22941970825195
46.05262756347656	37.86361312866211
60.44941329956055	56.96141052246094
64.41742515563965	62.06418800354004
65.03089904785156	57.50462055206299
44.02028274536133	42.537437438964844
45.83616542816162	37.18439769744873
66.10942268371582	40.33147430419922
55.39084720611572	45.51174592971802
52.172607421875	48.73334503173828
50.80207395553589	48.4300971031189
40.49312973022461	34.64285230636597
42.144028663635254	41.28054428100586
41.83260726928711	42.65086269378662
70.27214241027832	65.67681884765625
53.123587131500244	52.01490783691406
51.46461248397827	46.20220899581909
47.240501403808594	48.21038246154785
47.750680446624756	45.40841245651245
86.02392768859863	83.75288200378418
51.584381103515625	51.9082932472229
38.024434089660645	32.90640163421631
51.81008720397949	40.06325626373291
61.15287637710571	57.0454740524292
46.57519483566284	43.18593502044678
58.55970811843872	56.02865123748779
79.1740951538086	70.65325927734375
49.654441833496094	50.51457595825195
48.60205698013306	44.99577283859253
42.03123378753662	38.13302707672119
35.80159091949463	32.79180908203125
36.031248569488525	36.65342569351196
43.19271755218506	45.65770626068115
84.50174808502197	79.61759233474731
57.68220567703247	49.40868616104126
73.45491027832031	68.80874633789062
51.57335329055786	49.890464305877686
44.839537620544434	43.55993890762329
49.72077941894531	48.5881233215332
47.58571529388428	34.883625507354736
38.06523036956787	38.055827617645264
51.13599348068237	50.4428334236145
45.94343662261963	45.286837577819824
48.50305509567261	47.095200061798096
51.24548149108887	36.496559143066406
45.483497619628906	41.80281925201416
45.21170139312744	40.50572490692139
78.65237188339233	65.17328691482544
37.67069721221924	35.13735866546631
48.28483200073242	46.74874019622803
52.10585975646973	43.67779541015625
54.610443115234375	43.55820846557617
103.70267677307129	95.56630182266235
54.61484479904175	51.01566028594971
48.690199851989746	47.19729518890381
61.70032501220703	54.19234275817871
49.37851667404175	48.639891624450684
68.92388820648193	64.01803016662598
40.99089813232422	38.276763916015625
43.25290775299072	43.55939483642578
37.835357666015625	39.398159980773926
51.59068298339844	44.652000427246094
77.28286743164062	55.18919372558594
58.736772537231445	51.847671031951904
38.67585849761963	40.49049615859985
73.98280382156372	61.69957399368286
59.07366180419922	54.75075149536133
77.72616767883301	70.02362060546875
53.596649169921875	46.91571044921875
80.85724830627441	78.80185604095459
38.43480205535889	41.46859359741211
43.99605703353882	42.08331632614136
58.46604108810425	58.107423305511475
82.11041212081909	71.21917152404785
56.74660110473633	56.79746627807617
46.59432506561279	35.75530242919922
47.11493682861328	44.31992292404175
49.53523254394531	42.27644348144531
58.185494899749756	53.6089768409729
65.47570896148682	61.267395973205566
103.60320568084717	98.8123369216919
49.03944396972656	44.637962341308594
45.39192342758179	43.61289739608765
42.139214515686035	40.209351539611816
47.29619598388672	40.74622297286987
54.142858028411865	45.46071672439575
52.43511199951172	46.83792781829834
44.50703430175781	41.76002025604248
47.07628774642944	44.607008934020996
69.77461194992065	58.02218055725098
71.38047695159912	71.773362159729
65.7169361114502	56.023372650146484
46.094143867492676	42.25308895111084
57.04903602600098	50.007309436798096
47.5650372505188	52.05229616165161
68.84075927734375	49.6280403137207
51.780150413513184	46.506958961486816
63.04849433898926	47.52675247192383
68.80719757080078	57.21147155761719
47.669278621673584	45.118165493011475
60.355607986450195	56.86471509933472
49.6340765953064	49.7072958946228
51.86059617996216	45.44157075881958
39.69679307937622	40.512826442718506
42.077247619628906	40.082942962646484
57.39667510986328	42.726067543029785
83.3758397102356	66.73336935043335
45.282546043395996	43.03476333618164
55.00883865356445	52.722145080566406
43.74110794067383	39.06547689437866
51.85945796966553	51.03640842437744
66.58927917480469	56.53306198120117
73.25906276702881	56.29575252532959
57.676246643066406	47.37672424316406
48.30218696594238	46.526676177978516
41.546478271484375	38.14648723602295
40.645809173583984	40.481815338134766
57.55819320678711	52.585716247558594
40.250267028808594	42.93242120742798
64.8098087310791	61.90990924835205
40.020638942718506	37.69978475570679
63.77549171447754	65.61770439147949
55.48617172241211	44.420162200927734
39.58563232421875	37.85974836349487
49.79138946533203	48.118408203125
39.74884033203125	38.231422424316406
39.38763380050659	39.0640549659729
41.99148511886597	38.880412578582764
80.9681944847107	78.2993483543396
49.670342445373535	46.59612989425659
51.06650924682617	42.244117736816406
50.855403900146484	51.22573471069336
44.541823863983154	44.27854681015015
59.26715850830078	49.65456771850586
52.69670820236206	50.67376470565796
65.69472312927246	66.79477643966675
49.393198013305664	43.356465339660645
57.91089630126953	52.6702995300293
42.79306125640869	42.00685787200928
39.469544887542725	38.68054151535034
40.60791778564453	38.37186813354492
53.2981538772583	49.5174880027771
58.303730964660645	48.52656412124634
40.234108448028564	33.93974542617798
54.94113349914551	51.20314693450928
44.55000972747803	47.69519805908203
77.01188564300537	64.239182472229
49.314863204956055	48.45945739746094
47.3219108581543	47.25531053543091
61.5847806930542	41.62665033340454
56.41943550109863	39.05551242828369
47.74285125732422	45.042205810546875
58.492180824279785	54.351455211639404
47.696348667144775	47.90087938308716
49.008948802948	41.72077131271362
59.9771203994751	57.48256731033325
43.523712158203125	37.42696666717529
64.5384464263916	57.85413694381714
77.4382495880127	70.65299034118652
43.49497604370117	42.0338773727417
46.03013563156128	42.12754964828491
48.11987113952637	31.78805923461914
39.439576148986816	38.74608135223389
48.291080474853516	48.59683799743652
58.1265172958374	44.55884027481079
36.07701110839844	37.342525482177734
76.38369750976562	57.121620178222656
43.16851472854614	40.44175338745117
55.554930210113525	52.78801918029785
95.41540813446045	84.87653541564941
48.69215250015259	45.56687068939209
46.16377401351929	40.70154333114624
70.43126583099365	63.215179443359375
50.74354553222656	47.39830017089844
48.12602472305298	49.222548484802246
64.41088676452637	59.65318202972412
36.14309024810791	37.77075433731079
80.3424596786499	54.63010549545288
60.80754232406616	58.246275424957275
55.42109680175781	50.04542541503906
44.274009704589844	38.906307220458984
60.90980386734009	55.68064641952515
67.82641887664795	47.151663303375244
48.14124536514282	45.725282192230225
40.35647392272949	38.44746208190918
39.229522705078125	38.532700538635254
65.47051429748535	59.49568271636963
42.190043449401855	37.724907875061035
47.01515817642212	39.39396572113037
45.60459852218628	38.930373668670654
63.995025634765625	56.02239227294922
50.25782251358032	46.05124759674072
60.09554958343506	55.31137704849243
42.19926166534424	33.13882541656494
51.935187339782715	46.89018201828003
71.70860481262207	61.43203639984131
61.36898136138916	44.51087522506714
49.11471176147461	49.45225143432617
47.56417942047119	42.795795917510986
63.92491149902344	64.01605081558228
90.90373420715332	86.44404602050781
41.768619537353516	41.37051296234131
45.336487770080566	45.96131229400635
56.805418968200684	61.32171821594238
44.014543533325195	38.694469928741455
49.36973571777344	44.741119384765625
44.473182678222656	40.718692779541016
72.91660499572754	64.89090061187744
46.86687469482422	45.723280906677246
76.27530097961426	74.21122741699219
35.828410148620605	31.8667631149292
44.22193002700806	38.91068696975708
45.194993019104004	42.159486293792725
65.95202350616455	50.041866302490234
66.02458763122559	58.77878665924072
48.19269561767578	49.584577560424805
51.160977363586426	45.69309854507446
42.02678632736206	43.69641065597534
50.45203256607056	41.44421625137329
49.02325439453125	45.740753173828125
34.35016870498657	31.538979530334473
54.39518737792969	51.303001403808594
48.62485456466675	52.14091968536377
80.72070693969727	61.65288734436035
53.13538360595703	41.90967559814453
52.98228406906128	44.77715301513672
50.936625480651855	52.030752182006836
47.34965515136719	47.42026901245117
53.74687957763672	56.73505401611328
46.631561279296875	42.460856437683105
67.59194850921631	62.01909065246582
46.60176086425781	45.188133239746094
50.322824478149414	45.26598072052002
39.46105337142944	38.680511474609375
70.08881568908691	57.1851110458374
62.70793104171753	56.58759784698486
47.45969772338867	38.57926082611084
41.446492195129395	38.55764293670654
55.537575244903564	51.60929775238037
70.78144073486328	61.52362060546875
45.05504894256592	42.23159122467041
61.98735237121582	63.20471906661987
35.77511501312256	36.1897087097168
52.626885414123535	47.177361488342285
111.16773796081543	109.7737808227539
52.90850067138672	48.74427652359009
47.09134817123413	40.98725652694702
44.17842102050781	44.0647234916687
55.379555225372314	53.24877214431763
40.58130598068237	38.88123369216919
69.50609016418457	50.06311511993408
41.37940835952759	38.8152642250061
43.48005723953247	38.29474496841431
48.603729248046875	47.29151916503906
39.985060691833496	40.62678098678589
46.19809055328369	41.50275421142578
42.65760850906372	40.77243518829346
104.10345363616943	93.51301050186157
45.745662689208984	42.33219051361084
48.04759216308594	48.88172149658203
65.8425235748291	54.10250663757324
62.57681179046631	58.69361686706543
43.68860340118408	36.099854946136475
40.94060039520264	39.536808013916016
55.74079132080078	53.438316345214844
57.16624069213867	45.46683883666992
65.83274841308594	61.12734603881836
38.678425312042236	36.9714035987854
48.53804349899292	42.720613956451416
51.45008850097656	45.140602111816406
46.99141788482666	44.024611473083496
106.12940311431885	79.82658529281616
63.18870544433594	59.19508743286133
58.70866012573242	49.64564895629883
80.10523223876953	74.94744873046875
88.73077869415283	78.97589921951294
41.19193744659424	38.95409917831421
76.54862880706787	76.88630104064941
39.09093475341797	39.892547607421875
49.93329620361328	35.21810245513916
89.65086936950684	85.12142944335938
48.169837474823	43.97102642059326
52.00636386871338	46.489715576171875
42.41125774383545	41.468913078308105
105.88535404205322	79.96288204193115
62.450666427612305	61.89850473403931
44.16636657714844	41.40462112426758
69.53017234802246	68.65337371826172
40.706236839294434	38.7421875
42.57716608047485	40.42321825027466
34.88786315917969	34.58675765991211
37.153873443603516	37.24095153808594
44.39787197113037	43.04484558105469
52.889267921447754	45.71174716949463
61.02366638183594	55.30877685546875
60.510841369628906	60.10186004638672
80.541428565979	68.84423017501831
57.935651779174805	40.91921091079712
39.570725440979004	39.569313526153564
59.58071994781494	58.63111925125122
53.250120639801025	50.289552211761475
58.232215881347656	52.97035217285156
55.66878318786621	40.84895324707031
41.037940979003906	35.67424011230469
52.44473934173584	48.97857856750488
73.49314403533936	51.963101863861084
51.11922073364258	49.78292179107666
53.77123403549194	54.59028148651123
44.30461549758911	44.36181640625
52.18266296386719	49.51646709442139
51.46143341064453	50.61273956298828
64.64945316314697	64.26316738128662
36.07624292373657	29.500601768493652
42.957770347595215	43.78620529174805
63.93421173095703	56.802263259887695
58.48784637451172	53.292179107666016
49.465911865234375	45.51365661621094
63.51313018798828	62.80014753341675
50.09376001358032	43.582900047302246
83.54293632507324	80.2498106956482
46.235724449157715	40.66109561920166
74.62806701660156	71.07538604736328
59.4400749206543	46.183284759521484
43.614349365234375	41.18205404281616
39.24606227874756	36.662132263183594
62.94063949584961	43.475993156433105
48.24950551986694	47.48979187011719
65.94946432113647	54.8972225189209
46.7294807434082	41.49105978012085
55.83672523498535	53.29078531265259
96.8126335144043	92.28575134277344
46.186949729919434	44.76921558380127
108.88162422180176	101.72413063049316
42.20488786697388	38.51779079437256
51.55889892578125	50.474098205566406
65.13972282409668	57.1047306060791
38.82351207733154	40.19505214691162
52.95722150802612	50.9815149307251
41.80238056182861	43.190680503845215
66.72018527984619	58.794618129730225
60.62315368652344	48.022865295410156
49.742544651031494	50.966623306274414
49.0621976852417	45.68741750717163
48.570093631744385	45.67954349517822
62.65231275558472	52.5346941947937
48.258294105529785	49.23468828201294
52.046204566955566	49.344276905059814
67.13604784011841	59.60973930358887
39.768882751464844	37.26511287689209
39.25643062591553	35.99590301513672
66.24870157241821	64.62332153320312
40.55666255950928	33.86510419845581
57.22727823257446	57.84089422225952
41.29906368255615	41.454471588134766
64.99156951904297	52.98464775085449
57.64057159423828	49.05433654785156
54.5363450050354	48.36101007461548
62.07131767272949	43.81254959106445
46.06831407546997	35.34988451004028
42.80575609207153	42.6777024269104
65.48962211608887	60.29089593887329
43.76061773300171	41.937007904052734
44.63451290130615	36.300593852996826
40.96698760986328	35.59765148162842
46.783480644226074	46.39272212982178
79.57628726959229	81.98817253112793
41.11013889312744	39.765984535217285
64.16093444824219	40.32186412811279
71.34115409851074	71.21877813339233
65.40469360351562	58.85944366455078
48.146238803863525	40.23999643325806
40.47845983505249	39.38073110580444
65.48285007476807	49.77007484436035
50.86412811279297	50.392433166503906
51.087791442871094	48.08217525482178
44.20975685119629	42.37758922576904
103.03011417388916	97.62135028839111
77.22602081298828	58.40001678466797
74.33092594146729	63.58193397521973
43.234734535217285	30.282443046569824
48.37206506729126	44.36286783218384
53.39831495285034	49.85673522949219
51.62482309341431	48.53005266189575
44.25361633300781	44.513028144836426
48.78277540206909	41.92484140396118
116.34152030944824	94.50068092346191
53.54703140258789	48.177711486816406
44.63971996307373	44.80311298370361
36.68452835083008	38.3038330078125
46.38577938079834	43.83123779296875
60.35672187805176	54.81544494628906
53.21868133544922	51.73948526382446
47.350589752197266	40.27438974380493
60.96923065185547	62.02739334106445
51.68524169921875	45.90410614013672
49.30677938461304	41.76790523529053
50.243720054626465	44.394333839416504
69.14016723632812	66.47109031677246
72.00320339202881	51.685612201690674
61.907066345214844	57.48003959655762
62.8443021774292	42.65265512466431
44.9664831161499	43.378249168395996
70.27591705322266	71.17639064788818
48.49066162109375	41.37224578857422
55.532814025878906	52.50593566894531
43.64431858062744	41.81895732879639
63.46326160430908	48.52643442153931
42.708672523498535	38.485633850097656
36.111496925354004	35.00045299530029
45.946532249450684	38.22076463699341
54.0894775390625	46.73063659667969
45.82470369338989	43.642974853515625
56.5007438659668	41.38482666015625
52.23440980911255	45.761661529541016
57.43112277984619	58.60806894302368
43.5810546875	39.25522232055664
49.55526638031006	48.99313735961914
54.93158435821533	48.506006717681885
40.28848886489868	37.65284776687622
36.764777183532715	35.13691234588623
36.573216915130615	38.62623453140259
62.6063232421875	55.30250549316406
45.73610019683838	43.792744636535645
49.402366638183594	52.54037857055664
46.63687181472778	43.577980041503906
47.603726387023926	45.25191354751587
55.39082717895508	49.84828567504883
61.591705322265625	49.37333679199219
73.0500955581665	69.87367057800293
40.92073965072632	36.02487325668335
62.81196212768555	58.695064544677734
46.435057640075684	36.804176330566406
44.838035583496094	42.64947748184204
52.93603515625	54.124717712402344
63.79386901855469	63.35537910461426
54.750946044921875	53.67150545120239
35.04251575469971	36.12915802001953
41.156960010528564	41.04785203933716
44.43174123764038	39.4285626411438
84.46580696105957	79.98871326446533
77.68528747558594	58.2970085144043
45.29376697540283	40.10504150390625
46.50483226776123	38.027438163757324
90.01406955718994	83.02876281738281
57.1475830078125	39.91544961929321
58.865966796875	62.256874084472656
53.1724853515625	44.018310546875
60.278635025024414	35.80934143066406
59.26737356185913	54.63789367675781
47.688079833984375	42.344773292541504
32.63615083694458	34.471840381622314
75.91615104675293	74.7424464225769
98.81143569946289	91.62860298156738
72.49076223373413	64.6093430519104
51.26844787597656	50.204654693603516
34.439005851745605	34.54644012451172
41.17886304855347	34.02761125564575
43.73636484146118	41.55861806869507
54.522705078125	47.361385345458984
54.252426624298096	51.45064687728882
47.335487365722656	43.947381019592285
48.335922718048096	49.328492164611816
69.10411834716797	67.7936840057373
43.90682888031006	39.174485206604004
56.60234832763672	53.42118835449219
42.469964027404785	41.15626907348633
66.19554042816162	60.5727481842041
48.556979179382324	43.35394287109375
72.84319877624512	67.21946716308594
58.733665466308594	58.4906702041626
52.770817279815674	45.70697069168091
49.575637340545654	44.521482944488525
52.13711357116699	44.33920669555664
91.39794731140137	81.53270530700684
49.49874258041382	51.335944175720215
49.262454986572266	36.31117916107178
55.2960319519043	52.57508850097656
62.92282485961914	57.1939697265625
55.20079040527344	49.888519287109375
50.106884479522705	50.62484693527222
39.90353345870972	37.80267095565796
60.469627380371094	54.43179130554199
41.793296813964844	36.88817596435547
46.55021953582764	38.65095520019531
39.76966094970703	35.857669830322266
40.6716570854187	39.11330223083496
47.33979892730713	45.61566638946533
73.5609769821167	55.33571004867554
38.39779806137085	34.098634243011475
79.12762975692749	79.4309024810791
61.298439025878906	49.43729019165039
72.57873916625977	70.46463918685913
47.2761926651001	47.453856468200684
50.49789810180664	52.55727434158325
54.62646484375	50.594191551208496
32.39018392562866	32.56099224090576
104.31150913238525	85.53938627243042
44.12691879272461	43.099019050598145
56.54736328125	48.61087417602539
58.678131103515625	57.61066436767578
59.00293254852295	44.90287685394287
85.38590812683105	79.03246307373047
54.64520215988159	55.74680471420288
42.309977531433105	42.35562229156494
57.22635841369629	52.64302968978882
53.47873401641846	50.94201040267944
62.62056827545166	62.77346611022949
42.29270267486572	38.747803688049316
41.18532657623291	41.923702239990234
41.369728565216064	39.905062198638916
55.69894981384277	57.78266143798828
93.68452548980713	81.21123790740967
52.46454620361328	46.679542541503906
46.60725164413452	41.90145969390869
53.90457773208618	48.396843910217285
41.398685455322266	42.56220245361328
45.68338108062744	39.98521900177002
50.61440467834473	44.73372936248779
47.16777181625366	41.42385530471802
53.53185272216797	40.5149827003479
39.41055154800415	38.39640951156616
38.442809104919434	30.63798427581787
54.21636438369751	48.16121244430542
48.21853494644165	41.46478843688965
46.03630065917969	46.03737545013428
58.79168701171875	57.24389362335205
41.09065341949463	36.194626808166504
42.70214891433716	37.62815761566162
60.18035125732422	57.03398513793945
52.55991458892822	49.154345989227295
52.30303716659546	42.712260246276855
71.52230834960938	68.1309585571289
62.948883056640625	61.718448638916016
68.37782907485962	58.87825584411621
52.6992769241333	51.62161874771118
71.91303253173828	64.21456336975098
41.14460277557373	40.00276279449463
91.29481983184814	86.12403392791748
50.68302583694458	45.28379011154175
54.816598415374756	48.14295434951782
50.57904052734375	42.27354431152344
98.73974800109863	71.27635955810547
39.299434661865234	42.54707336425781
50.13892459869385	52.11726760864258
67.69741725921631	52.51567792892456
44.095152854919434	41.18429946899414
78.9280014038086	67.61547088623047
58.878692626953125	54.96456527709961
45.79135847091675	43.05747079849243
45.80816125869751	49.07626008987427
69.62538146972656	57.71190643310547
59.15546417236328	50.46468734741211
62.34893035888672	47.826024532318115
38.87977981567383	38.86417293548584
49.59759044647217	46.02661085128784
67.07245588302612	57.92434644699097
35.30431652069092	31.6600284576416
41.54721927642822	38.92141819000244
66.57162761688232	58.7671594619751
77.19258499145508	63.97914361953735
39.47683811187744	40.28559494018555
39.846802711486816	38.70963764190674
70.097336769104	70.28752279281616
50.08686065673828	42.35263156890869
50.3937873840332	51.74140167236328
51.44940376281738	40.67243671417236
51.064563274383545	46.51051712036133
36.11894702911377	36.109130859375
54.51317024230957	42.861348152160645
46.51112222671509	46.51800584793091
45.1836576461792	44.60222911834717
61.281227588653564	50.75312376022339
73.94212245941162	73.65604400634766
40.501885414123535	39.117064476013184
45.707491397857666	42.30297088623047
50.98876190185547	54.914817810058594
46.38590383529663	42.97134447097778
48.33657693862915	42.463204860687256
56.510337352752686	53.15861892700195
58.34773349761963	47.62654781341553
41.82223558425903	42.55795335769653
49.03973388671875	44.68315124511719
58.30563545227051	59.036803245544434
37.915817737579346	35.922794818878174
42.14331769943237	39.31632375717163
43.364720821380615	42.059380531311035
81.78166007995605	66.1376953125
39.81998348236084	34.30969715118408
56.5316047668457	46.72908020019531
78.81904792785645	78.58999443054199
64.50244045257568	60.777169704437256
48.73933410644531	45.19830322265625
71.00049018859863	65.34964561462402
53.87511491775513	50.00574731826782
63.828840255737305	58.204240798950195
137.43822193145752	138.5833559036255
59.021196365356445	57.91642665863037
38.886821269989014	36.68948459625244
48.653228759765625	46.739810943603516
56.22197437286377	49.8641619682312
37.17275619506836	32.47957229614258
57.095632553100586	56.325788497924805
41.72145080566406	45.2426233291626
38.638526916503906	38.09460926055908
40.71792459487915	41.65596008300781
47.72922992706299	47.7164626121521
38.86974334716797	43.09629535675049
39.5928955078125	35.20550537109375
46.434677600860596	47.58487415313721
62.26417541503906	55.65224838256836
48.650572776794434	45.08568811416626
52.55857610702515	47.210129261016846
49.084574699401855	43.33966684341431
43.392608642578125	41.2945032119751
61.09599781036377	51.24992799758911
37.81012439727783	39.681495666503906
52.22464656829834	47.91648721694946
40.86521530151367	34.39835071563721
50.33261775970459	44.99241256713867
54.32912731170654	51.4772162437439
82.21705627441406	78.60740089416504
75.26036262512207	66.62362575531006
63.831756591796875	50.21276664733887
37.455307960510254	37.89253234863281
61.243720054626465	62.29489326477051
51.80998992919922	46.031436920166016
50.025511264801025	50.134477615356445
49.2358832359314	45.990408420562744
78.56221199035645	74.23251152038574
90.07272148132324	85.20968627929688
54.04338073730469	53.229679107666016
59.945749282836914	59.372129917144775
128.48568725585938	101.34307861328125
42.18310832977295	36.68494892120361
57.07151794433594	51.481101989746094
65.09185028076172	59.22677230834961
62.20165252685547	59.113094329833984
37.022071838378906	37.434654235839844
55.40016174316406	54.129417419433594
42.721275329589844	43.73400592803955
38.43002414703369	38.67129421234131
42.448299407958984	40.976192474365234
46.39606857299805	41.85285043716431
48.66592788696289	47.08718490600586
62.50088453292847	55.38195085525513
54.27204895019531	50.02479362487793
61.72008514404297	54.83803176879883
42.43466091156006	41.27260208129883
65.44518327713013	54.870524883270264
43.483081340789795	40.591609954833984
62.25370788574219	50.148534297943115
44.15299987792969	43.96095371246338
89.97701072692871	86.65626287460327
47.00327396392822	42.775726318359375
49.61717367172241	47.82567739486694
45.7979850769043	45.00965118408203
49.26720571517944	48.547953605651855
49.16779088973999	41.87300777435303
100.19974708557129	79.58029747009277
54.775829792022705	44.51008749008179
77.11163377761841	68.68005514144897
71.89389705657959	67.66151428222656
67.35484886169434	60.52639961242676
69.70901584625244	60.56956672668457
61.32586336135864	57.068893909454346
35.34828233718872	36.12404775619507
72.02656745910645	68.09081268310547
49.7517294883728	49.65794229507446
43.89913892745972	43.13255596160889
63.54865741729736	57.755794525146484
58.96100044250488	60.80605506896973
44.66923999786377	39.983153343200684
52.362343311309814	39.67861843109131
48.69268321990967	45.08370542526245
58.84821319580078	55.59701919555664
56.143598556518555	56.521902084350586
47.74322557449341	44.787994384765625
78.76448822021484	58.727670192718506
62.36432647705078	55.815608978271484
28.968441009521484	28.326993942260742
48.974255084991455	41.60486078262329
74.46906089782715	53.49652814865112
45.20003652572632	37.923030853271484
46.66792392730713	39.65798044204712
67.82665920257568	51.784679889678955
51.221900939941406	49.36213684082031
77.04441738128662	73.01696586608887
34.850497245788574	31.44792604446411
65.19747161865234	61.39224624633789
45.299659729003906	47.060821533203125
33.421929359436035	35.820533752441406
80.65348625183105	68.83782863616943
42.210694313049316	41.53187084197998
60.902828216552734	53.00359344482422
43.51556396484375	41.01215744018555
56.33082580566406	52.79016876220703
47.7602219581604	41.702927112579346
57.11143493652344	46.565582275390625
39.04271221160889	38.40098476409912
50.05028200149536	44.08801460266113
51.43706512451172	41.62936067581177
60.30283451080322	59.931068420410156
38.723788261413574	38.17497253417969
38.88124179840088	36.817989349365234
67.46343183517456	62.38225507736206
59.015846729278564	53.37444877624512
45.57185411453247	42.074657917022705
51.72436475753784	40.37903833389282
62.45398712158203	56.78350830078125
59.73928213119507	50.75306463241577
65.83100938796997	64.15427255630493
59.50222206115723	41.650940895080566
43.649834632873535	37.0999116897583
56.73284912109375	57.3642201423645
53.630767822265625	55.98789978027344
46.88683319091797	47.61360549926758
69.59302520751953	58.75421142578125
51.58225870132446	49.51291227340698
46.961238384246826	40.66520643234253
67.07191514968872	58.26003885269165
56.387672424316406	53.46433067321777
91.40683937072754	75.40332984924316
46.33126735687256	41.24481916427612
36.54475164413452	36.03515386581421
52.82845687866211	53.571075439453125
34.621079444885254	34.80937147140503
44.54772663116455	42.217529296875
93.43727684020996	78.44236469268799
56.31896495819092	50.072439193725586
61.64604949951172	50.938621520996094
44.79310464859009	45.273189067840576
69.67638301849365	59.638638496398926
62.26206588745117	44.99628448486328
84.38353538513184	82.6244969367981
51.97868347167969	48.05255126953125
49.656653881073	50.936583042144775
69.05111789703369	65.75915336608887
48.38410139083862	44.11478805541992
66.42481231689453	56.69204330444336
37.3606653213501	38.1234827041626
39.97438144683838	40.539856910705566
62.359951972961426	56.79924774169922
38.54552173614502	38.08235025405884
46.39441394805908	48.612728118896484
81.14190530776978	72.28338766098022
55.737728118896484	47.832292556762695
39.142395973205566	40.45810604095459
74.39652919769287	70.98203182220459
59.81501579284668	51.901235580444336
60.68515062332153	65.50544929504395
57.5291748046875	53.213287353515625
62.00584888458252	53.60182762145996
45.82002258300781	34.729217529296875
63.39787006378174	59.34173583984375
36.890564918518066	38.717522621154785
53.982200622558594	46.937076568603516
69.11811828613281	58.63155746459961
72.6093521118164	64.99282836914062
76.83841609954834	68.5074667930603
62.63988494873047	55.096893310546875
82.20398139953613	74.85703325271606
48.258294105529785	45.34387159347534
44.08930683135986	36.7027792930603
44.07117223739624	40.94568347930908
42.92137622833252	42.483482360839844
49.70072031021118	50.74717617034912
45.873175621032715	45.418190002441406
103.11118125915527	74.28813934326172
112.56851196289062	109.88524627685547
47.532042503356934	51.76524353027344
73.7714147567749	70.25883674621582
58.030081272125244	47.29303550720215
93.67116069793701	90.17039728164673
95.01178455352783	68.41749048233032
79.59992933273315	71.46935224533081
49.03451442718506	46.94348335266113
43.829564571380615	43.62333822250366
69.35427951812744	61.108365535736084
50.130005836486816	51.49305772781372
114.1627550125122	88.01935482025146
59.757018089294434	58.781843185424805
84.93013572692871	75.40933799743652
50.45258665084839	50.74550724029541
57.22354316711426	59.16940641403198
51.58077335357666	44.17997646331787
46.05587387084961	46.353914737701416
43.503742694854736	41.44514083862305
53.31054210662842	49.675703048706055
63.7023868560791	59.750244140625
63.31666278839111	55.547810077667236
58.1795768737793	52.289894104003906
90.10924339294434	69.40676212310791
45.81324815750122	44.822768211364746
55.693063735961914	54.763264656066895
47.9858512878418	43.919106006622314
61.167043685913086	57.20500707626343
69.75736236572266	51.678157806396484
36.53260803222656	34.75242519378662
64.92350578308105	57.32436180114746
38.269386291503906	38.57817077636719
44.317996978759766	43.39099979400635
46.022865772247314	40.795639991760254
39.85701084136963	40.95786666870117
57.824167251586914	46.60844659805298
37.155890464782715	37.99152708053589
56.59443283081055	53.59344959259033
67.61368703842163	59.759981632232666
40.94878435134888	43.156795501708984
54.32477807998657	46.715418338775635
48.79939794540405	45.38867902755737
50.02186918258667	51.274588108062744
63.86080884933472	60.04872465133667
69.60281324386597	68.31928825378418
46.51322937011719	40.008713722229004
60.05910587310791	54.561049461364746
37.801194190979004	39.52438259124756
51.201629638671875	49.74092483520508
71.75648546218872	67.60706520080566
62.31131172180176	57.920175075531006
45.28355312347412	42.926199436187744
52.410072326660156	48.74467468261719
47.498794078826904	45.45458173751831
54.06170654296875	46.854007720947266
49.01673126220703	47.0779914855957
50.33731698989868	39.815433979034424
53.27185678482056	38.40873956680298
41.91349697113037	41.44210910797119
48.174670696258545	40.91862344741821
38.41272735595703	39.14607238769531
44.683242321014404	37.125061988830566
81.1021728515625	68.76038932800293
51.93362617492676	42.443060874938965
38.350547790527344	35.76144790649414
62.849178314208984	59.58818054199219
51.41657733917236	45.234726905822754
58.80067443847656	59.937355041503906
51.326571464538574	53.02771854400635
40.25631856918335	41.6660270690918
41.053184509277344	42.10817813873291
57.95705223083496	53.52854919433594
75.22115707397461	67.34810543060303
45.67783069610596	38.6047682762146
58.834678649902344	57.81642150878906
45.443156242370605	48.24643802642822
48.191216468811035	43.404221057891846
39.978188037872314	38.27160358428955
47.4799861907959	45.94163990020752
48.58312463760376	47.276702880859375
48.894113063812256	50.77513408660889
76.9013442993164	68.4569091796875
46.60784149169922	48.65196228027344
63.30200815200806	61.17502498626709
54.35364818572998	55.59643363952637
53.54753398895264	49.49797201156616
51.28402090072632	47.265113830566406
39.197542667388916	32.85875606536865
68.0263900756836	69.1249942779541
32.506858825683594	31.472272396087646
66.99842929840088	61.087265968322754
47.723759174346924	49.092602252960205
89.61198234558105	77.47099113464355
83.33344793319702	70.0726842880249
42.92919445037842	40.11653995513916
71.56355094909668	69.55025625228882
44.206602573394775	41.302210330963135
49.605985164642334	50.868704319000244
51.387521266937256	44.02497625350952
80.60227823257446	73.84736728668213
72.28337287902832	68.5965633392334
