53.97823476791382	59.533952713012695
56.166709899902344	58.188514709472656
53.26988983154297	54.80770969390869
50.14459276199341	52.5444917678833
29.65759563446045	36.345428466796875
35.52755069732666	37.39581298828125
51.802382469177246	50.57307243347168
34.29383039474487	37.170608043670654
34.961326122283936	39.567058086395264
52.36709690093994	49.556450843811035
39.5789794921875	41.92002010345459
54.05167770385742	52.64415740966797
61.785465240478516	66.61491394042969
46.281800270080566	46.90871715545654
48.42009687423706	48.60874605178833
67.89517402648926	72.06805229187012
45.389766693115234	44.29629898071289
27.655752182006836	31.13752841949463
54.27452516555786	56.89599609375
37.979973793029785	38.975295066833496
58.51022672653198	65.62438917160034
70.97076368331909	67.981529712677
45.60363292694092	44.794941902160645
32.108768463134766	37.68157196044922
56.80411434173584	58.807140827178955
42.34932041168213	41.11798715591431
47.107239723205566	43.42775630950928
57.54927444458008	58.42138671875
58.82687568664551	58.18885803222656
38.09984493255615	37.10781955718994
29.485645294189453	28.722447395324707
47.92062759399414	45.5027961730957
24.031073570251465	27.358174324035645
34.35871124267578	31.46762752532959
49.49084234237671	49.11983251571655
39.33141231536865	50.04345703125
45.61277389526367	45.7905387878418
51.841468811035156	53.03483009338379
39.31305694580078	44.322967529296875
55.56922912597656	60.843305587768555
47.55335474014282	49.48057508468628
38.20108127593994	38.604798793792725
32.42830753326416	37.180832862854004
36.989521503448486	42.58329439163208
58.386505126953125	57.56705093383789
45.87535238265991	49.184810638427734
41.967525482177734	43.0751953125
38.06340456008911	37.96701383590698
40.56035614013672	40.501519203186035
33.683112144470215	38.821495056152344
42.7539758682251	45.42128658294678
46.20029926300049	44.893638610839844
28.698890209197998	33.84202480316162
46.70487070083618	44.99142360687256
43.64593505859375	45.736793518066406
38.087748527526855	38.03283405303955
46.28573513031006	47.370574951171875
50.14072608947754	48.68916177749634
70.00436544418335	76.15296697616577
73.98416757583618	79.36974859237671
36.778038024902344	31.496684074401855
42.37776565551758	39.24649429321289
35.05503177642822	41.61587715148926
40.05947494506836	43.2477822303772
54.670363426208496	52.50394105911255
41.29466915130615	42.863219261169434
59.30027770996094	54.649085998535156
49.87700271606445	56.67956829071045
40.60646152496338	43.77488708496094
65.76647758483887	64.53206062316895
42.04693794250488	40.39084434509277
28.18586826324463	35.07624387741089
48.65588998794556	52.26846933364868
45.741414070129395	42.930174827575684
49.08406066894531	49.318992614746094
52.244088649749756	51.91558885574341
40.71119213104248	42.02819538116455
42.54265213012695	49.105533599853516
36.474483013153076	42.17052459716797
61.81138610839844	67.05655813217163
79.03888607025146	77.73955345153809
58.35999298095703	60.891258239746094
45.5140266418457	44.452552795410156
43.49853229522705	42.24698352813721
53.907265186309814	52.7039098739624
40.18701457977295	41.09643793106079
41.95154428482056	39.404810428619385
54.49776840209961	59.30347442626953
44.59046983718872	44.55075931549072
38.84361267089844	43.887725830078125
43.49789810180664	47.95761966705322
64.86307525634766	69.90020799636841
43.28749322891235	43.42824697494507
47.356364250183105	48.278778076171875
54.95043325424194	56.79177188873291
43.06129455566406	41.963592529296875
44.596489906311035	44.333001136779785
43.15204620361328	43.615760803222656
41.28030300140381	41.71511173248291
38.876540660858154	42.18368577957153
39.08290958404541	42.49759769439697
45.40324401855469	47.63336944580078
71.57142639160156	73.30221652984619
30.214699745178223	31.260334968566895
32.737956047058105	37.52199649810791
41.71046447753906	49.0543098449707
57.49422073364258	62.68098831176758
73.2398829460144	68.87264347076416
37.967674255371094	34.539353370666504
36.77053356170654	39.74630641937256
64.07231712341309	61.542109966278076
34.317617893218994	40.35395097732544
82.2843246459961	85.27630805969238
45.09622573852539	47.384615898132324
42.241607666015625	43.30970764160156
60.285348892211914	61.44539833068848
45.80915594100952	51.44440412521362
26.36674976348877	28.181410789489746
31.704483032226562	35.08480739593506
49.767884731292725	48.25694561004639
87.10812377929688	92.29932403564453
44.653944969177246	42.27360248565674
44.28772830963135	41.58826446533203
42.85446548461914	47.83693313598633
28.420560359954834	36.949965953826904
37.631752490997314	34.83320951461792
41.95183563232422	42.39033126831055
81.11034393310547	81.24525547027588
57.26474380493164	61.312599182128906
41.61818218231201	45.098918437957764
36.40737247467041	38.091776847839355
50.657644748687744	52.43929433822632
37.736183166503906	37.743584632873535
42.38206481933594	43.44855451583862
81.32291412353516	89.44296264648438
36.4136381149292	39.46391773223877
35.312642097473145	36.923641204833984
38.99068212509155	39.356234550476074
54.819822788238525	52.472596168518066
46.77510166168213	47.14721202850342
32.293410301208496	34.4024019241333
58.31264877319336	60.125877380371094
41.15197277069092	47.99427795410156
46.06755971908569	50.399704933166504
57.72378587722778	57.40586042404175
80.4320240020752	87.18550300598145
52.46995544433594	57.44062042236328
66.83420705795288	68.60456800460815
56.4411735534668	56.96554946899414
78.54107666015625	80.56519889831543
49.56652069091797	47.67686462402344
35.64798831939697	36.225711822509766
65.60523986816406	64.34296607971191
78.66127014160156	78.71701240539551
33.06620407104492	34.463871002197266
78.70287895202637	81.90314483642578
44.89760971069336	45.34172821044922
45.293792724609375	46.20159912109375
36.47631216049194	35.398834228515625
47.22753286361694	50.66952085494995
81.96391201019287	84.55666160583496
42.09628391265869	46.306246757507324
32.9639196395874	35.993332862854004
41.19558334350586	41.06990051269531
35.987929344177246	41.22447967529297
34.90137004852295	37.87092876434326
54.12223434448242	62.017738342285156
45.171103954315186	45.875389099121094
68.04614067077637	74.14502143859863
33.229966163635254	38.945491790771484
50.89888143539429	59.572561740875244
48.70750045776367	47.983680725097656
37.18138790130615	37.9092321395874
51.793426513671875	56.94704055786133
39.688632011413574	41.535306453704834
57.535186767578125	62.911537170410156
90.7768907546997	96.1805591583252
44.88606405258179	45.7209997177124
76.92988014221191	78.14988899230957
45.011610984802246	43.62866544723511
39.976158618927	42.79502820968628
40.97902774810791	45.557708740234375
58.007447719573975	61.063711166381836
33.11519145965576	36.198482513427734
29.678386688232422	35.564815521240234
31.559975624084473	38.23377227783203
43.83867645263672	42.58821773529053
54.80603790283203	59.5275764465332
52.74951934814453	55.680030822753906
39.81421661376953	39.20690155029297
37.86210250854492	41.59084224700928
59.68029975891113	64.61130475997925
51.011993408203125	51.09936046600342
50.32635498046875	54.9561882019043
28.80284309387207	26.534152030944824
35.94734859466553	38.202552795410156
43.28984594345093	39.675374031066895
44.87458419799805	44.79167938232422
31.1361722946167	34.42990779876709
39.637184143066406	40.97582244873047
44.29730224609375	44.912593364715576
41.95004940032959	40.4860782623291
26.945102214813232	30.754764080047607
43.348219871520996	38.534783363342285
39.2180700302124	38.81887435913086
36.57047653198242	33.22681903839111
51.65103197097778	56.69287300109863
47.283854484558105	46.82454299926758
43.21193027496338	45.44637060165405
51.97148656845093	55.82764959335327
55.74379634857178	57.7967848777771
47.00884294509888	47.88560199737549
53.4612603187561	49.74581480026245
35.70188522338867	36.17583513259888
49.54437446594238	54.26977777481079
52.329097747802734	52.516183853149414
53.21855115890503	51.546767234802246
33.37759494781494	38.88853073120117
46.485918045043945	52.19013547897339
50.25995874404907	49.463672161102295
58.271188259124756	66.51549625396729
46.000091552734375	47.52778339385986
41.59327697753906	42.15651226043701
55.29405212402344	57.48501777648926
40.66720676422119	42.369117736816406
37.61276149749756	39.34947967529297
70.55715751647949	67.37383460998535
54.898834228515625	55.46818733215332
59.68148231506348	65.00801086425781
44.14262247085571	47.54638195037842
28.817716598510742	34.371665954589844
48.85296392440796	45.95353841781616
49.233299255371094	47.60405731201172
37.594244956970215	41.237916469573975
42.14253616333008	47.9443359375
38.86146068572998	41.67233467102051
45.35478115081787	44.506606578826904
36.13648176193237	34.42986249923706
32.39164066314697	35.078192710876465
85.34569501876831	83.70591688156128
35.19004154205322	39.68767833709717
49.707950592041016	46.43269443511963
39.01686096191406	45.35094451904297
53.60827827453613	50.3727502822876
49.63758850097656	45.75650405883789
47.35084676742554	45.53581190109253
36.09328365325928	33.14273929595947
42.62709903717041	50.04539680480957
37.39931392669678	40.041029930114746
38.992581367492676	42.586655616760254
37.06376552581787	46.8006591796875
63.17274284362793	68.05825138092041
36.15332746505737	37.55580282211304
50.65563201904297	55.17724609375
47.48241853713989	48.65706491470337
62.806288719177246	67.43185472488403
55.395129680633545	58.285706520080566
34.08644199371338	35.8293342590332
56.464656829833984	54.782230377197266
37.18845462799072	39.486680030822754
29.866061210632324	33.38683605194092
39.39759063720703	39.974215507507324
42.26923370361328	43.339104652404785
70.88249731063843	80.27884817123413
39.05162811279297	45.668113708496094
63.61647129058838	64.42719459533691
24.246227741241455	23.53616237640381
76.06440687179565	80.80921220779419
37.78785419464111	40.37251949310303
42.30186080932617	46.44180679321289
41.50881576538086	49.49663543701172
46.75979518890381	46.93992614746094
44.27740478515625	47.59689712524414
56.78076410293579	65.99031972885132
36.771034240722656	42.15346813201904
30.8821964263916	37.5340690612793
51.88628387451172	55.86724090576172
36.375999450683594	43.29392433166504
34.36760663986206	31.02775812149048
34.00202465057373	39.0911750793457
57.58255195617676	64.21884250640869
45.520928382873535	49.040284633636475
44.42985200881958	48.4905424118042
56.55866241455078	56.03474044799805
45.4052414894104	43.95387649536133
51.26802921295166	49.584115505218506
40.8610954284668	36.77477693557739
32.407158851623535	35.673728942871094
46.43956756591797	44.72910785675049
36.27216625213623	33.21199321746826
39.93677854537964	39.198707580566406
37.54972171783447	42.53187274932861
43.22235107421875	43.26616048812866
38.298829078674316	34.447998046875
51.3584885597229	58.32689571380615
77.34281301498413	81.88694143295288
62.219425678253174	66.97010707855225
49.72005271911621	51.02509546279907
43.61090135574341	44.9653115272522
42.583184242248535	45.216729164123535
75.54520463943481	74.59920501708984
48.628055572509766	49.11383056640625
38.62704563140869	51.47030687332153
42.79393768310547	44.36665725708008
38.91811752319336	39.62071895599365
57.561912536621094	59.778289794921875
41.70448923110962	41.577880859375
42.45789337158203	42.712371826171875
42.03007507324219	38.49430847167969
62.05954074859619	69.72367286682129
35.55342388153076	41.80386400222778
39.84974670410156	38.4907112121582
42.3601598739624	44.766114234924316
43.76219940185547	46.904502868652344
57.7119026184082	61.314308166503906
63.31489372253418	62.15358877182007
61.66313982009888	64.58506107330322
32.66055965423584	32.224493980407715
36.70301055908203	38.35295104980469
36.34516763687134	45.09421634674072
40.897979736328125	40.70969295501709
40.38259506225586	42.553009033203125
38.63447570800781	40.26589107513428
54.89640235900879	54.906654357910156
39.44792890548706	44.04117488861084
82.38741445541382	93.76806783676147
38.89906597137451	40.36243915557861
50.044121742248535	49.74490165710449
45.42680740356445	40.921146869659424
40.721938133239746	40.04453372955322
49.85607719421387	46.057584285736084
38.478461265563965	40.34129333496094
31.49014377593994	35.39212417602539
30.80966091156006	29.502511024475098
41.86107158660889	42.70754289627075
76.09105587005615	73.50738525390625
29.275822639465332	30.762991905212402
38.457077980041504	41.286566734313965
46.11327838897705	48.92852783203125
48.22771072387695	51.29859161376953
38.56428623199463	35.56974792480469
33.603827476501465	35.90210437774658
45.77623462677002	51.23605251312256
33.38681697845459	40.186147689819336
55.50285339355469	56.820783615112305
38.160274028778076	42.87651062011719
30.95667314529419	35.35316228866577
31.007915496826172	35.280964851379395
39.446189880371094	43.09252166748047
39.07747745513916	48.605637550354004
30.670382976531982	38.92290115356445
35.47053623199463	41.56230068206787
55.45793151855469	57.356706619262695
49.61631774902344	55.69957733154297
55.43861389160156	59.7009162902832
66.23486518859863	66.6301441192627
41.8193244934082	50.370304107666016
52.20866680145264	59.07083988189697
49.47069549560547	57.982582092285156
58.855323791503906	57.037147521972656
73.19671487808228	73.29114437103271
54.55697250366211	60.90233659744263
37.05874538421631	35.54388427734375
55.746697425842285	56.190420627593994
61.37452840805054	60.563204765319824
48.32120132446289	50.147682189941406
50.05019426345825	45.72002840042114
41.009767055511475	44.62932252883911
38.9621901512146	44.57884073257446
43.96018838882446	53.17758226394653
37.45591735839844	39.10673904418945
29.17703151702881	31.98120355606079
33.01370716094971	39.62899875640869
46.81541061401367	51.55521011352539
49.20470428466797	49.728110790252686
40.1374306678772	44.71175765991211
39.39421606063843	37.28175449371338
53.50300216674805	56.78501892089844
36.8443078994751	35.136566162109375
38.887892723083496	36.5321946144104
48.26734256744385	52.94522666931152
35.26484298706055	32.04141139984131
32.773590087890625	33.646053314208984
59.78992462158203	59.604129791259766
40.28437328338623	44.160587310791016
61.638360023498535	65.81464290618896
41.58047103881836	45.550652503967285
68.00459861755371	71.42312622070312
34.65715408325195	34.80691432952881
40.523529052734375	42.68694305419922
45.79689931869507	42.33364820480347
42.166131019592285	42.342679023742676
35.32144832611084	37.95457363128662
53.80115509033203	58.10466289520264
52.01953840255737	57.23970127105713
41.97065019607544	44.07494401931763
34.415313720703125	38.92292404174805
54.25549077987671	52.675955295562744
43.00774526596069	46.34440469741821
30.234971046447754	31.30570650100708
40.08468246459961	45.454670906066895
36.70330810546875	40.36655044555664
59.366087913513184	62.67351150512695
61.625362396240234	60.507652282714844
39.12076187133789	36.95966339111328
55.93922281265259	55.265785217285156
60.40374279022217	62.429490089416504
33.69419813156128	38.51013898849487
51.14933967590332	53.910264015197754
44.00401782989502	42.3532018661499
60.63072967529297	62.12258720397949
41.628482818603516	39.75659942626953
36.2250280380249	42.33812189102173
35.46387577056885	34.56118297576904
42.98579406738281	45.77944850921631
50.506125926971436	51.414230823516846
62.74001884460449	64.3897533416748
59.042558670043945	63.25827598571777
44.16387176513672	42.277235984802246
45.432838439941406	47.86600875854492
43.5034556388855	48.19084930419922
47.228671073913574	54.82691240310669
55.052268981933594	54.2136344909668
38.80715274810791	41.7508020401001
39.14533853530884	38.08448648452759
45.04135465621948	50.80713415145874
55.87719678878784	54.702797412872314
65.94087266921997	67.77567958831787
50.4219331741333	53.075114250183105
51.848289489746094	49.84810256958008
40.70552730560303	44.742430686950684
34.19252872467041	34.65285015106201
35.768683433532715	35.46675968170166
34.9110803604126	41.430447578430176
32.94749736785889	35.193480491638184
32.35903263092041	31.992461681365967
40.76710796356201	48.92116355895996
24.640867710113525	31.542133808135986
24.969815254211426	30.6443510055542
41.181700229644775	40.80795669555664
44.316372871398926	41.65584468841553
45.38713073730469	41.22418212890625
49.64410400390625	55.35084533691406
29.16914939880371	31.58708095550537
61.10778856277466	71.27705240249634
64.04480743408203	61.21908950805664
42.63299560546875	43.7570915222168
38.44966220855713	38.57606506347656
46.190185546875	46.066524505615234
37.5961275100708	39.033265113830566
37.17131423950195	38.519591331481934
44.364013671875	45.6590576171875
34.58446502685547	40.78143119812012
55.89303016662598	57.217774391174316
42.266215324401855	43.21595764160156
29.416874885559082	29.35777759552002
38.51119136810303	37.780577659606934
48.60093307495117	55.13334274291992
71.66174125671387	73.17019844055176
34.33655500411987	39.86477613449097
32.256245613098145	35.50995588302612
62.152864933013916	73.49124908447266
70.66112995147705	71.89480066299438
58.26525688171387	60.33144950866699
40.56013870239258	37.25452423095703
46.52860164642334	49.418190479278564
44.48262691497803	42.88159227371216
38.80997371673584	40.46067571640015
72.41284990310669	78.642080783844
36.39432191848755	41.37394905090332
30.818183422088623	33.167152404785156
56.86076354980469	56.70662307739258
27.874485969543457	32.06213665008545
42.37006759643555	40.19121551513672
39.68513059616089	38.914552211761475
42.28955554962158	38.92625427246094
53.64133834838867	55.04975891113281
41.32035827636719	44.633254051208496
39.95592784881592	43.47854518890381
27.063992500305176	29.749268531799316
39.583136558532715	44.42271423339844
47.86395597457886	46.20614767074585
78.84337615966797	84.24612474441528
33.171512603759766	31.583267211914062
47.04024124145508	53.96564483642578
57.48802471160889	58.4213171005249
34.3719482421875	40.402416706085205
47.29575872421265	49.934393882751465
38.62327480316162	37.929473876953125
55.08713912963867	57.16518020629883
53.246792793273926	53.046180725097656
41.39176082611084	45.77051067352295
47.658875942230225	49.68082809448242
57.062217712402344	55.34977722167969
41.38873767852783	44.25012826919556
53.64043664932251	59.61607217788696
48.96549654006958	50.856360912323
38.07516574859619	36.34303951263428
41.340946197509766	46.20698547363281
43.04945993423462	44.06390905380249
104.2117919921875	104.65853118896484
65.72652530670166	65.03246879577637
41.78970813751221	41.04628324508667
56.978193283081055	58.80730056762695
35.89302921295166	37.50947856903076
52.73548650741577	54.400099754333496
37.572068214416504	44.046371936798096
34.10489273071289	40.00535202026367
51.0475435256958	50.87110757827759
42.54463195800781	38.574918270111084
29.741950035095215	33.304779052734375
40.79515600204468	45.560739040374756
55.23268699645996	60.061140060424805
46.26274108886719	43.435126304626465
48.46953725814819	48.4927020072937
52.29142761230469	56.00117492675781
61.25624656677246	60.32034873962402
36.39239501953125	40.07923221588135
37.085872650146484	39.8206901550293
44.24569320678711	44.740413665771484
36.594374656677246	36.669705390930176
52.37969207763672	53.120750427246094
37.26339626312256	38.755133628845215
47.32294464111328	52.076871395111084
35.47415256500244	35.09899139404297
61.88706398010254	63.18166732788086
69.367356300354	69.8372745513916
49.28982639312744	46.17953681945801
41.306400299072266	43.69438171386719
57.07773208618164	58.262393951416016
45.68026113510132	46.85455369949341
37.44661331176758	39.3107385635376
48.91960096359253	49.40349721908569
37.87758255004883	42.284008502960205
40.372032165527344	37.089226722717285
42.16827392578125	41.432373046875
37.90496063232422	40.282307624816895
60.113243103027344	60.18346405029297
51.91135025024414	49.226837158203125
42.16611957550049	49.91262245178223
35.31036376953125	34.52051544189453
46.160141944885254	53.21105098724365
66.92895412445068	71.01902961730957
46.63890838623047	54.34687042236328
61.67283010482788	70.86274766921997
61.31336259841919	62.611324310302734
52.83502006530762	54.831939697265625
49.83295440673828	52.061054706573486
44.146942138671875	46.845455169677734
21.776399612426758	27.59758710861206
54.95972442626953	62.148826599121094
49.97640085220337	46.29939413070679
41.94008207321167	45.95515727996826
40.59479999542236	41.75427532196045
33.96277141571045	33.0355110168457
44.978699684143066	46.61627197265625
44.16869258880615	39.31014347076416
39.36416244506836	44.13043212890625
48.1273078918457	51.400291442871094
49.01265621185303	52.29457378387451
48.27953290939331	50.06327533721924
33.22440719604492	31.40134906768799
46.919334411621094	48.693288803100586
35.66558074951172	42.511977195739746
36.64552974700928	41.81092071533203
69.93895053863525	72.27231025695801
35.296836853027344	42.882503509521484
39.305296897888184	42.88523769378662
56.87632369995117	55.70918941497803
32.54072570800781	35.93177032470703
48.23183822631836	51.33594512939453
41.907127380371094	50.01097106933594
84.69119071960449	86.28802299499512
45.456214904785156	44.527488708496094
41.51934814453125	39.69050121307373
39.25422286987305	42.14439249038696
72.72298336029053	73.05580234527588
52.8347110748291	52.46959590911865
57.809343338012695	60.83626747131348
60.24323129653931	56.794501304626465
58.52604675292969	61.7476921081543
43.91047954559326	49.39190483093262
77.71668434143066	82.81564712524414
53.79375457763672	53.76573991775513
42.182594299316406	47.20812654495239
53.865983963012695	52.075706005096436
43.15333271026611	44.902791023254395
38.62656497955322	39.144676208496094
38.3038330078125	38.36417484283447
48.962242126464844	48.869282722473145
59.82252359390259	64.37538051605225
39.164703369140625	39.26578617095947
45.951979637145996	47.40750217437744
34.12603139877319	38.67232036590576
55.52203845977783	57.62039756774902
56.51730155944824	56.73280715942383
36.29513454437256	42.5176362991333
39.523741722106934	42.738972187042236
62.98252582550049	68.98116159439087
35.552903175354004	37.7899603843689
25.750073432922363	30.99459743499756
63.07792663574219	68.20402526855469
36.08630418777466	36.35651350021362
81.59162521362305	86.05160713195801
36.71322679519653	35.62734079360962
41.244895935058594	33.256768226623535
38.93059062957764	41.54355764389038
37.339510917663574	37.68428707122803
36.47102451324463	37.64528274536133
41.854676246643066	41.68341064453125
68.92107486724854	66.52045249938965
46.21946573257446	44.91997003555298
38.952486991882324	41.63707447052002
35.10667705535889	36.53327178955078
30.441627502441406	31.69573974609375
43.269639015197754	45.75296688079834
36.09630489349365	40.77014636993408
33.39682674407959	35.1139440536499
48.44824981689453	51.10660934448242
48.19256830215454	54.88681697845459
48.831968784332275	48.90636968612671
48.807212829589844	50.61524677276611
37.66063165664673	38.96273756027222
58.562636375427246	57.55049705505371
48.44530487060547	48.25996398925781
34.140769958496094	39.28132152557373
51.58050537109375	49.3170690536499
36.89495801925659	38.36453914642334
45.27089023590088	44.472229957580566
46.90211820602417	45.336852073669434
33.464781761169434	36.08430004119873
39.835052490234375	43.805625915527344
34.46732425689697	32.56021785736084
77.17188262939453	80.82820129394531
77.47452354431152	76.89952802658081
42.677161693573	41.55717611312866
30.37924289703369	34.14467525482178
61.64218521118164	59.62501907348633
47.949378490448	48.04232883453369
33.83308696746826	40.137362480163574
101.47662162780762	106.41132831573486
56.6492919921875	52.718326568603516
33.52152156829834	40.0484733581543
61.224592208862305	61.118855476379395
37.413002014160156	37.9865140914917
35.450096130371094	36.53769016265869
40.479472160339355	40.80680465698242
45.101746559143066	44.702091217041016
29.15888500213623	37.17021560668945
48.61735534667969	54.818870544433594
52.92055034637451	52.562641620635986
43.075435161590576	41.361534118652344
51.15438652038574	50.277119636535645
83.47839307785034	81.48524761199951
66.76131248474121	65.62764644622803
44.408278942108154	40.04412317276001
30.62861919403076	33.08869123458862
46.35617446899414	53.06735610961914
59.945085525512695	67.92528533935547
42.07543182373047	42.936607360839844
43.11991214752197	47.62474822998047
38.115718841552734	39.02256774902344
28.979744911193848	34.124725341796875
31.555689811706543	37.39324951171875
34.09028720855713	42.213134765625
95.1472110748291	101.37577819824219
36.94879961013794	39.0429162979126
34.793992042541504	31.841976642608643
46.70847988128662	45.076775550842285
66.64164590835571	68.84749031066895
43.9017276763916	46.842883586883545
57.57983207702637	56.10719680786133
48.85745668411255	49.46315813064575
35.394493103027344	39.76625919342041
44.62531089782715	46.1228084564209
42.84496784210205	44.46637153625488
52.373950481414795	54.28177785873413
53.17573547363281	57.95182800292969
49.68743896484375	52.727108001708984
51.677597522735596	54.94225358963013
37.54968738555908	36.572327613830566
55.49959659576416	52.087507247924805
46.13662338256836	51.507591247558594
32.63531970977783	39.9448561668396
52.64451026916504	59.13344383239746
42.037514209747314	38.13424062728882
33.158488273620605	34.34917449951172
60.57810688018799	63.098816871643066
26.12480640411377	31.164348125457764
76.56299018859863	77.50048732757568
59.91325378417969	59.64309740066528
38.469603538513184	43.123992919921875
47.31404113769531	49.75569534301758
34.46099519729614	33.55800151824951
48.67375183105469	51.345829010009766
36.845749855041504	42.18172073364258
46.28071212768555	48.75847625732422
50.233642578125	51.43014907836914
61.298089027404785	68.76529026031494
42.488722801208496	39.23152542114258
53.85821533203125	55.79160737991333
35.82041263580322	39.87373352050781
89.54470348358154	86.72430229187012
31.304909706115723	33.168617248535156
57.080535888671875	53.74728012084961
59.018680572509766	64.06565856933594
45.0732536315918	50.32474899291992
67.32617235183716	68.48440361022949
46.22872829437256	41.204811573028564
46.646825313568115	41.90814208984375
68.22292995452881	68.48110961914062
45.62875270843506	46.71872806549072
26.518573760986328	32.73252487182617
39.345877170562744	43.867756366729736
72.46094417572021	68.45830249786377
39.84338665008545	43.7274169921875
62.229257583618164	66.17303609848022
42.52491474151611	42.79611110687256
33.71861219406128	41.36530256271362
41.782198905944824	41.74214458465576
31.798150539398193	34.44166898727417
47.494688510894775	54.322598457336426
31.534934043884277	39.279518127441406
36.08672332763672	36.73618412017822
48.05024194717407	51.85673427581787
36.847877502441406	40.531601905822754
58.026123046875	55.55324077606201
52.47702598571777	56.698102951049805
36.80856800079346	36.172462463378906
52.72424268722534	52.014787673950195
39.42418670654297	44.976112842559814
50.309993743896484	48.45589828491211
33.64291477203369	32.746559143066406
45.919288635253906	44.07300567626953
43.22679376602173	48.9804368019104
46.49076843261719	45.44839859008789
25.97938060760498	31.06053590774536
46.88504409790039	45.119041442871094
51.72486877441406	57.57366752624512
49.60113191604614	55.906296253204346
30.985361099243164	34.88410186767578
26.58973217010498	33.67830276489258
65.75917720794678	71.13794803619385
34.91441345214844	34.256592750549316
42.496185302734375	40.65306854248047
59.58225631713867	57.993648529052734
46.779815673828125	51.20992708206177
38.68428325653076	41.156853675842285
34.22890377044678	32.74972629547119
41.98915958404541	36.343520164489746
46.77180480957031	50.26596021652222
47.34417772293091	49.21209764480591
41.13056945800781	42.71382808685303
47.778019428253174	50.598304271698
44.59132432937622	42.903915882110596
30.479504585266113	30.959120750427246
66.4789867401123	63.82913112640381
46.6771240234375	49.9395637512207
40.86323928833008	48.648651123046875
49.21767520904541	46.99764108657837
48.39064359664917	51.61091089248657
36.880446910858154	39.468506813049316
29.884117126464844	30.471094131469727
61.48144721984863	64.35293674468994
42.12091684341431	43.545011043548584
68.85399055480957	69.33789825439453
47.08940887451172	52.19645833969116
37.11855411529541	40.07678985595703
59.00530815124512	62.84566402435303
48.66801738739014	49.27171611785889
33.341105461120605	33.33464813232422
43.83984851837158	46.94833421707153
53.96398878097534	51.06817150115967
39.400139808654785	38.72562789916992
35.9549560546875	38.29664325714111
37.154605865478516	38.07587814331055
61.26221179962158	60.71482181549072
42.44309997558594	40.095130920410156
46.151156425476074	51.99778890609741
39.27127933502197	39.67491674423218
52.7514533996582	59.515472412109375
47.21537160873413	47.383724212646484
54.17770862579346	55.23114204406738
42.56027317047119	43.40511226654053
43.92875576019287	41.81348705291748
49.22141361236572	57.08489799499512
65.01288414001465	73.61213684082031
42.998260498046875	41.60149621963501
62.79335880279541	68.5654673576355
42.90698528289795	47.98366069793701
37.431944847106934	40.71756076812744
29.873051643371582	32.09760665893555
48.56097412109375	51.17081069946289
45.51058101654053	45.705044746398926
38.037415981292725	46.4203782081604
51.65846633911133	51.24491500854492
36.59747314453125	35.399436950683594
52.63143539428711	53.49202346801758
28.441591262817383	26.722283363342285
58.420196533203125	59.70105743408203
31.559529304504395	33.37228775024414
36.81414842605591	37.61861801147461
54.6610894203186	59.41005849838257
88.13227844238281	92.61189079284668
49.12550354003906	49.16131782531738
66.68931674957275	74.36238956451416
39.994972229003906	41.169379234313965
84.37192583084106	85.29561758041382
34.16275119781494	40.623764991760254
38.449578285217285	42.24934101104736
35.719757080078125	36.99818801879883
38.18373775482178	40.43160963058472
50.6821403503418	52.42576217651367
46.57792520523071	46.593459606170654
82.42505073547363	82.1359920501709
34.81419801712036	40.14877939224243
50.63311815261841	53.942726612091064
33.76728343963623	33.257798194885254
45.930538177490234	53.559298515319824
43.67606735229492	42.759581565856934
38.716063499450684	36.141700744628906
83.05647230148315	86.87930488586426
49.14158821105957	52.1352596282959
71.2824068069458	68.2401065826416
25.97663402557373	31.240527629852295
49.14434576034546	45.39514112472534
36.449856758117676	36.58169984817505
40.874114990234375	43.937828063964844
71.28374290466309	71.83953094482422
34.0512170791626	39.89911651611328
37.6316614151001	41.7551908493042
45.705491065979004	40.798298835754395
64.06616306304932	63.86014366149902
30.761077404022217	37.10866451263428
34.11188220977783	36.522972106933594
39.67615985870361	36.89887619018555
56.92119598388672	56.37956237792969
30.668787956237793	37.124760150909424
51.5037956237793	55.1616530418396
42.689456939697266	48.36173629760742
57.38936233520508	58.420440673828125
39.36112976074219	32.30543518066406
51.93716812133789	52.302879333496094
36.540435791015625	39.735660552978516
53.713454246520996	60.65831136703491
38.04081344604492	43.90840244293213
29.329959869384766	35.86666202545166
53.747005462646484	53.908172607421875
43.37845277786255	46.109169483184814
47.914100646972656	52.44668436050415
51.00526428222656	53.18717050552368
35.29121398925781	35.52778244018555
50.50833559036255	54.40388536453247
37.95880937576294	44.336769104003906
47.6518349647522	46.28080224990845
37.465736389160156	40.92858123779297
34.87976360321045	34.93336629867554
30.75906753540039	32.20530033111572
47.848061084747314	54.627845764160156
36.387505531311035	39.358174324035645
52.2363338470459	52.942949295043945
40.736952781677246	40.60750865936279
40.0191068649292	45.44939994812012
47.83656549453735	54.98093795776367
53.30065155029297	59.79844665527344
48.944759368896484	54.8608283996582
38.97982692718506	42.174113273620605
45.38394260406494	50.99232530593872
47.03142547607422	46.61468505859375
55.934250354766846	57.77278232574463
41.12971496582031	38.71366882324219
43.70318651199341	41.2917160987854
57.35821580886841	62.96379232406616
68.88453006744385	72.14190483093262
46.21810054779053	48.470104694366455
44.2513632774353	45.49457263946533
65.61274528503418	64.25306797027588
35.441070556640625	36.95332717895508
34.987220764160156	38.14914035797119
59.88057804107666	63.415849685668945
60.82801151275635	61.210747718811035
52.25324249267578	50.968854904174805
33.468955993652344	37.2037353515625
45.37603759765625	46.37367248535156
42.822608947753906	46.93663835525513
46.34501838684082	52.67322492599487
40.79758071899414	39.11110782623291
47.20811319351196	51.821593284606934
51.209266662597656	51.71904373168945
41.61369276046753	48.6511869430542
41.31309986114502	44.022193908691406
43.07424831390381	42.014007568359375
47.32368469238281	48.2353401184082
33.60460567474365	37.453948974609375
37.4794225692749	42.461873054504395
37.86238479614258	43.671722412109375
33.583691120147705	36.565964221954346
37.57620334625244	38.17275285720825
43.4578971862793	43.45883846282959
44.540268421173096	50.038304805755615
34.96271276473999	35.24983549118042
51.15930509567261	62.63758182525635
29.5087308883667	35.415879249572754
52.82480192184448	53.69212532043457
30.868443489074707	27.605255126953125
56.147756576538086	60.05459785461426
46.52478790283203	48.3637580871582
43.685065269470215	49.5019907951355
69.18700456619263	73.20957088470459
39.89948272705078	44.94219779968262
30.33555507659912	39.47916030883789
77.59067344665527	84.11286163330078
30.74864149093628	40.508055686950684
40.34562587738037	43.950486183166504
51.36714029312134	55.56193256378174
45.60007572174072	43.29242277145386
50.34459686279297	48.84926223754883
38.845702171325684	43.357821464538574
40.23746967315674	46.15242004394531
81.32625579833984	84.7563362121582
31.324044227600098	35.5980749130249
38.52067804336548	38.87877035140991
40.91538619995117	44.71062183380127
33.131446838378906	34.82511520385742
48.758522033691406	50.49905776977539
41.987135887145996	41.666584491729736
36.8461389541626	35.496734619140625
61.29969835281372	64.1194896697998
35.135390281677246	38.71921920776367
43.3514928817749	42.731321811676025
51.396291732788086	52.31375741958618
35.86093997955322	45.43587112426758
57.72632837295532	58.120956897735596
56.61576175689697	57.49361228942871
54.42980146408081	55.0495719909668
47.60578966140747	57.65924549102783
39.028194427490234	41.30495071411133
51.29035949707031	52.25101947784424
37.36538600921631	36.619065284729004
50.052146911621094	54.15148162841797
43.64340305328369	46.19834804534912
48.05200958251953	48.091651916503906
48.8559684753418	50.31935501098633
32.529048919677734	36.645493507385254
74.49823999404907	79.10800218582153
46.07353115081787	55.56381177902222
34.31812763214111	40.50347900390625
39.522193908691406	40.18069553375244
42.602359771728516	46.414154052734375
41.516661167144775	44.85157060623169
50.61669921875	52.935073375701904
41.5839958190918	36.79822540283203
51.093257904052734	51.85895538330078
44.09326171875	48.72170448303223
32.95586109161377	37.6067590713501
31.34530735015869	33.926344871520996
54.29006910324097	53.30993843078613
37.37259578704834	37.098873138427734
29.950115203857422	35.30356693267822
86.62237358093262	83.378342628479
42.81700801849365	42.94826936721802
63.269104957580566	63.187904357910156
51.619686126708984	58.73948669433594
49.78975772857666	46.709540367126465
44.91181564331055	41.86341142654419
59.050607681274414	63.24068546295166
49.623592376708984	56.84981918334961
39.3634729385376	44.89178466796875
36.67686080932617	43.580750465393066
49.469109535217285	51.90253973007202
47.45981454849243	45.139968395233154
40.34231472015381	40.06692981719971
50.03202819824219	52.027061462402344
36.25879669189453	37.135162353515625
46.63937854766846	45.73791265487671
54.0597767829895	57.81213569641113
36.37377977371216	40.04982852935791
52.09144592285156	53.20327711105347
50.45732116699219	51.53683948516846
36.59999370574951	36.508795738220215
29.87138271331787	35.360450744628906
43.9400634765625	44.95680236816406
39.516844749450684	41.17980480194092
37.63233947753906	39.2568883895874
49.61682653427124	49.13355112075806
59.58478927612305	63.326730728149414
55.603065490722656	59.10154724121094
52.20393657684326	54.29523277282715
31.673405170440674	31.701178550720215
32.533799171447754	30.67309284210205
48.73611259460449	48.23443794250488
33.64805889129639	37.42320156097412
54.88171100616455	56.151371002197266
40.352012634277344	35.501827239990234
91.69679832458496	94.7860746383667
60.460286140441895	61.23530387878418
49.99935436248779	54.616783618927
40.850515365600586	49.16589975357056
45.672974586486816	51.57524919509888
39.876060485839844	39.53772783279419
