69.7426929473877	74.61827087402344
32.222206115722656	38.85628652572632
21.593891143798828	28.995586395263672
26.753748893737793	34.030609130859375
39.367767333984375	39.670162200927734
35.642151832580566	29.68403720855713
28.69205951690674	31.258912086486816
31.75161838531494	34.276185035705566
34.250720500946045	41.794618129730225
27.607990264892578	32.987608909606934
38.434701442718506	47.6060094833374
41.54388427734375	52.701263427734375
29.98271083831787	37.443772315979004
50.25984191894531	51.97705841064453
26.180870532989502	34.76931667327881
34.6734094619751	34.19644260406494
57.201547622680664	64.23731803894043
40.856571197509766	53.090301513671875
28.57100009918213	26.747887134552002
30.71455955505371	36.46634578704834
41.756503105163574	47.087729930877686
45.71521854400635	54.66244697570801
29.599063396453857	31.380887031555176
28.602622032165527	22.73542070388794
35.88417911529541	42.55605745315552
38.84394836425781	30.9688720703125
35.7351336479187	50.685479164123535
32.308390617370605	39.431854248046875
45.37068557739258	42.682525634765625
44.748374938964844	48.426795959472656
30.44835376739502	32.56929016113281
37.22116231918335	42.53602695465088
32.1116828918457	37.73691511154175
27.85183811187744	39.10996627807617
41.47632312774658	42.36069583892822
29.647604942321777	26.60691261291504
48.14104461669922	41.382232666015625
32.99446105957031	34.29246425628662
31.118454933166504	22.61683702468872
25.455732345581055	31.742711067199707
33.94144105911255	36.7282018661499
33.095356941223145	42.29974317550659
31.046615600585938	37.42620086669922
48.24822378158569	46.56121063232422
34.15626525878906	25.323843955993652
56.154075622558594	49.28095769882202
29.869099617004395	25.059536933898926
37.50693893432617	44.000701904296875
24.91523265838623	32.08721876144409
44.41912078857422	54.54814147949219
56.77281951904297	60.494224548339844
35.722941398620605	27.83381938934326
53.29451894760132	59.16862487792969
37.910468101501465	43.3523473739624
29.06825065612793	32.293334007263184
52.33808898925781	55.50274658203125
43.97454118728638	49.68402433395386
34.80658721923828	33.94507932662964
27.315917015075684	36.02307081222534
47.70840072631836	52.293758392333984
30.847274780273438	43.130356311798096
28.035035133361816	27.740135192871094
52.286048889160156	43.68318176269531
47.25596618652344	53.0007848739624
41.45180130004883	32.03342342376709
33.50435256958008	24.914402961730957
37.24632263183594	44.890098571777344
29.1987361907959	37.28511142730713
36.68185043334961	27.52814769744873
45.561431884765625	51.293235778808594
57.634735107421875	58.25748109817505
49.60858869552612	56.43853139877319
30.24323272705078	21.75517988204956
28.78593635559082	38.20352554321289
47.97151565551758	54.38848114013672
36.13029623031616	34.288238525390625
31.345948219299316	40.9023814201355
43.399200439453125	39.05601501464844
44.76063537597656	51.41340732574463
48.09317493438721	54.73611831665039
32.594032287597656	40.98668575286865
30.33215045928955	33.01348114013672
39.605732917785645	44.965975761413574
34.57126522064209	25.394896984100342
31.55730104446411	37.939486503601074
32.37799072265625	37.189209938049316
40.90907669067383	44.847571849823
62.07507133483887	72.64997959136963
40.326602935791016	43.99713850021362
21.520061492919922	28.470497131347656
29.32624912261963	35.468124866485596
35.35814666748047	35.34929656982422
30.3777813911438	21.47714614868164
49.16727066040039	46.611053466796875
24.77808713912964	35.67798328399658
43.27426481246948	48.94574975967407
33.79478359222412	44.24098253250122
31.81698703765869	31.88480854034424
39.55370569229126	32.56238079071045
30.577786445617676	25.19546413421631
61.05634260177612	65.55371189117432
36.407227993011475	40.751436710357666
28.820796012878418	37.05046463012695
30.053020477294922	39.07625484466553
40.07270431518555	46.33794403076172
35.71265888214111	27.033024787902832
47.599080085754395	49.279308795928955
29.468226432800293	23.398282527923584
35.284966468811035	27.49323606491089
26.899590492248535	32.213683128356934
28.073487281799316	31.99552631378174
28.669610023498535	23.46461772918701
34.07427978515625	32.670647621154785
28.491966724395752	21.359386444091797
33.56464862823486	36.118743896484375
46.426414489746094	50.82551574707031
45.88422775268555	51.38191223144531
30.39329767227173	31.441373825073242
24.421935081481934	31.906869411468506
42.37085723876953	42.63429260253906
43.994699478149414	50.33757019042969
24.798577308654785	18.311250686645508
35.65316915512085	41.374868869781494
27.492570877075195	29.056254386901855
36.905731201171875	43.50397968292236
49.133827209472656	43.02662658691406
41.68223571777344	47.49499225616455
28.015265464782715	20.45909357070923
30.950515270233154	35.84646224975586
33.02077579498291	39.144227027893066
36.1562180519104	28.320037364959717
53.05561065673828	60.303030014038086
55.89996337890625	45.78523635864258
32.319884300231934	34.54380512237549
32.20781707763672	36.46696615219116
38.438793659210205	39.18743562698364
24.83016872406006	33.02930545806885
43.645694732666016	46.13992691040039
26.443603038787842	34.9063024520874
35.40458679199219	36.6569504737854
33.71854877471924	37.26592969894409
45.01398849487305	51.80403518676758
31.268609523773193	26.25629425048828
48.090489864349365	56.438682556152344
33.156723976135254	37.42060375213623
37.375099182128906	37.0962028503418
39.506309509277344	43.12519073486328
36.66138315200806	38.1146674156189
42.813262939453125	47.77440643310547
27.79958963394165	33.9202880859375
40.640366077423096	48.00984573364258
28.793833255767822	22.204408645629883
31.03340721130371	34.71969652175903
21.257548332214355	21.255152225494385
28.885271549224854	35.02626895904541
38.347397804260254	37.16740036010742
39.07358932495117	46.84869384765625
44.35405254364014	37.635611057281494
42.113407135009766	44.0396614074707
25.813087463378906	28.34974765777588
31.50736141204834	37.31196212768555
36.56475067138672	42.2609748840332
47.97657775878906	52.47953796386719
47.35729217529297	46.4980583190918
38.80078887939453	44.00516128540039
30.0983304977417	37.49376201629639
46.704307556152344	40.626033782958984
36.0446891784668	22.43814468383789
32.9866828918457	43.29847955703735
23.85890245437622	31.62288188934326
41.59308624267578	44.516632080078125
26.21211528778076	21.366851329803467
47.59159851074219	38.769371032714844
39.031455993652344	44.44182586669922
40.51320028305054	48.615071296691895
34.956050872802734	47.68217468261719
39.3700966835022	32.38527727127075
30.77908229827881	27.080403327941895
42.303245544433594	47.37264633178711
45.61455154418945	59.00676155090332
31.434695720672607	43.638153076171875
44.586936950683594	50.67427110671997
58.117323875427246	54.286373138427734
38.418837547302246	28.584912300109863
27.788206100463867	36.1960973739624
31.60275363922119	37.47023105621338
31.682651042938232	36.01328659057617
34.588294982910156	33.64497900009155
35.10861682891846	37.71851348876953
33.1847448348999	38.015931129455566
40.448638916015625	47.873085021972656
31.802661895751953	26.02470302581787
34.17458438873291	38.28412342071533
32.70222043991089	39.71921682357788
27.150578498840332	35.53403377532959
25.15089988708496	31.24765157699585
27.73728370666504	31.015987396240234
26.525350093841553	27.796494483947754
29.88600254058838	34.9645299911499
43.65184020996094	46.62784767150879
23.331334590911865	35.13453960418701
34.05424118041992	23.734718799591064
46.75644397735596	49.31020736694336
31.986645698547363	33.62816333770752
28.75682258605957	33.665642738342285
49.98320960998535	56.38343667984009
41.56306743621826	45.872084617614746
40.91058349609375	35.51063537597656
38.229881286621094	41.55351257324219
36.36269474029541	41.54240942001343
29.435200691223145	32.673847675323486
35.39151096343994	40.50403451919556
40.094106674194336	35.06224822998047
31.69390869140625	36.522926330566406
41.89971160888672	42.89618682861328
52.49300193786621	57.4177565574646
30.395121574401855	43.76074457168579
31.80281400680542	39.89348602294922
57.27269649505615	62.587552070617676
27.278666496276855	38.05924129486084
53.61492156982422	59.6979866027832
33.93506622314453	42.1241340637207
31.953978538513184	35.19286823272705
32.13053226470947	44.05907583236694
27.83427143096924	32.63233280181885
41.46512460708618	47.54148864746094
30.51595973968506	25.36750888824463
44.91645860671997	50.831934452056885
32.442612648010254	33.20976972579956
36.315011501312256	38.57505798339844
31.524710655212402	37.591790199279785
30.866869926452637	25.056232452392578
53.903157234191895	58.93716812133789
37.27318620681763	30.156948566436768
36.43389415740967	19.43598747253418
26.150810718536377	21.881885528564453
34.716187477111816	41.123419761657715
39.29447937011719	37.32341432571411
54.98551654815674	54.65677213668823
55.955750942230225	56.80246639251709
38.81370544433594	44.51348114013672
23.621435165405273	17.029953002929688
30.620347023010254	42.389686584472656
30.288628578186035	26.10314655303955
40.02039194107056	48.20040559768677
29.343669891357422	38.872178077697754
36.84461975097656	43.549415588378906
43.93867874145508	50.497520446777344
51.594520568847656	58.50878143310547
44.79145812988281	44.88134002685547
39.57848262786865	41.642478466033936
31.92524242401123	37.216647148132324
47.74104309082031	58.1379017829895
30.403063774108887	28.967010498046875
34.5014533996582	42.789984703063965
35.36129665374756	37.63282871246338
41.297019958496094	42.963486671447754
55.7984733581543	49.422502517700195
26.483120918273926	34.10228729248047
25.892821311950684	38.8066725730896
35.786710262298584	38.686349391937256
30.19933319091797	39.98885250091553
39.989097595214844	46.82737731933594
40.82398176193237	47.450897216796875
31.054999828338623	22.179076671600342
25.277249336242676	26.65389633178711
40.864776611328125	45.957855224609375
28.320999145507812	21.664512157440186
25.89073419570923	30.381650924682617
43.22301197052002	36.98190784454346
32.196587562561035	38.9397554397583
36.43964385986328	47.212921142578125
26.60543918609619	20.0309419631958
48.53738021850586	49.302947998046875
28.14985990524292	33.242104053497314
52.727088928222656	55.86442947387695
30.175366401672363	35.353851318359375
56.094380378723145	62.945510387420654
33.21530055999756	37.76283359527588
32.610963344573975	35.474106788635254
28.51860809326172	39.31018877029419
31.137173175811768	28.925964832305908
32.99216032028198	24.7428297996521
40.987403869628906	44.03146934509277
27.881627082824707	32.20799207687378
37.948391914367676	39.501588344573975
38.33043336868286	48.185932636260986
50.08568286895752	54.32991170883179
36.47878360748291	41.30856800079346
36.141154766082764	37.79658555984497
59.40455675125122	62.1507568359375
39.08111572265625	43.881540298461914
30.578947067260742	33.680434226989746
32.2571325302124	34.001389503479004
34.25874423980713	38.00859832763672
39.39073467254639	46.18024921417236
31.275650024414062	34.66068363189697
42.60343837738037	50.985729694366455
43.26613712310791	38.22937488555908
28.797755241394043	35.688403606414795
28.58946132659912	32.48171138763428
43.90597152709961	52.25835371017456
41.48881530761719	42.393672943115234
36.56620788574219	31.92131519317627
28.1902813911438	31.312413215637207
31.42332172393799	37.90840244293213
34.51002502441406	37.09626388549805
21.093876361846924	28.532285690307617
51.38912916183472	39.36363220214844
41.272132873535156	43.75362825393677
32.65165042877197	34.03752136230469
36.498375415802	41.03714084625244
34.07435464859009	38.741111755371094
40.9771294593811	44.194122314453125
34.57979679107666	42.3137321472168
31.014561653137207	31.95729160308838
23.53650426864624	37.37204647064209
39.28486108779907	46.720338344573975
32.71240234375	42.29314041137695
52.884634494781494	60.33960819244385
29.72256374359131	35.72855758666992
37.15326690673828	40.38478088378906
47.74913549423218	38.99764537811279
31.908482551574707	37.59118366241455
33.56569290161133	37.14613437652588
24.664546489715576	30.825628757476807
32.931395530700684	38.85270309448242
26.18171215057373	21.519596576690674
38.044548988342285	43.33140563964844
47.964073181152344	46.70762634277344
41.48389434814453	46.68180847167969
23.745510578155518	37.65927076339722
26.792731285095215	26.63872241973877
48.379631996154785	42.11159133911133
40.73738193511963	24.062321186065674
54.09755516052246	58.70408821105957
50.475131034851074	32.88882064819336
36.098366260528564	34.665810108184814
38.503530979156494	44.175055503845215
38.902565002441406	45.90898895263672
28.06361675262451	31.413256645202637
32.329230308532715	27.93626117706299
34.127403259277344	28.81289005279541
28.180434703826904	20.80669403076172
31.759955406188965	34.99754619598389
28.22622585296631	36.49376678466797
36.21445369720459	43.64311170578003
45.57573699951172	51.32615661621094
43.0428352355957	46.78945541381836
32.70275115966797	40.449042320251465
30.326053619384766	26.71786594390869
28.440845012664795	33.34357500076294
21.056769847869873	34.13611173629761
52.61595439910889	58.24924564361572
33.015732765197754	34.824421405792236
37.927971839904785	40.38900661468506
44.07888412475586	35.260459899902344
29.4210205078125	32.05108165740967
37.152076721191406	47.6862907409668
27.040436267852783	33.180317878723145
50.91779851913452	53.164562702178955
29.031617641448975	39.75398254394531
35.29247760772705	36.089744567871094
30.993447303771973	35.45820236206055
44.477336406707764	36.49796390533447
26.72856092453003	35.436179637908936
29.567503929138184	39.40471172332764
32.27238464355469	40.767738819122314
35.77002811431885	37.96070194244385
47.929054260253906	38.58622741699219
26.799285411834717	33.22441101074219
54.735496044158936	46.648897647857666
25.700374603271484	21.124311447143555
37.934409618377686	42.54853057861328
43.24088668823242	52.09851551055908
33.50708770751953	39.964993476867676
38.34077072143555	42.794464111328125
39.27278137207031	43.60000991821289
33.372329235076904	38.829426765441895
44.579214572906494	47.81759977340698
27.601778984069824	29.47217845916748
28.771381378173828	38.55766296386719
54.80432367324829	61.125367641448975
31.607748985290527	39.774773597717285
36.097580909729004	40.743587493896484
31.5744948387146	26.826059818267822
28.606538772583008	36.786011695861816
32.87372303009033	37.70760440826416
52.64005136489868	34.58668899536133
33.99877166748047	42.18943691253662
40.77491855621338	41.26270341873169
29.264202117919922	33.146653175354004
45.809242725372314	35.64780855178833
35.03698682785034	44.90206241607666
45.353187561035156	47.437320709228516
40.846961975097656	46.87254333496094
32.93486928939819	37.19277048110962
37.02934265136719	44.60281419754028
22.508161067962646	28.018569946289062
30.510787963867188	23.590052127838135
38.82561492919922	46.177642822265625
34.635071754455566	39.20137882232666
32.16788578033447	38.53366231918335
45.54008436203003	45.68189334869385
34.05716800689697	35.429649353027344
23.096019744873047	34.706597328186035
34.9969482421875	39.550978660583496
29.212103843688965	39.90101623535156
35.074790954589844	43.28044891357422
31.04066276550293	33.342796325683594
51.50248956680298	51.4961953163147
48.74405479431152	54.122894287109375
55.249596118927	58.08341646194458
52.63168287277222	58.843833446502686
33.33316898345947	37.4185094833374
58.18651628494263	63.4112491607666
41.260807514190674	34.56615161895752
40.79697036743164	47.620689392089844
32.76965618133545	37.163289070129395
28.316697120666504	35.10841369628906
31.10200595855713	36.7650146484375
29.1542387008667	34.088196754455566
40.85215663909912	47.53335094451904
34.7904691696167	34.51187038421631
34.856449127197266	28.161386489868164
25.881905555725098	26.79173707962036
33.03251552581787	25.044113159179688
31.29593849182129	35.95868396759033
23.807899951934814	28.920483589172363
22.281177520751953	22.270099639892578
54.89530086517334	59.104371070861816
29.838993549346924	21.358895301818848
24.906864166259766	21.174829959869385
38.84485101699829	43.10615015029907
50.149776458740234	55.183067321777344
40.3887825012207	48.5567626953125
31.044525623321533	44.29498243331909
27.094707489013672	33.09025526046753
28.59994411468506	38.1650390625
29.308204650878906	35.297744274139404
33.987107276916504	43.22424030303955
37.48842000961304	40.508098125457764
30.61903715133667	21.220593452453613
29.77827548980713	36.79717254638672
42.31749391555786	49.47668981552124
35.06851291656494	39.23627853393555
57.375107288360596	56.50190448760986
31.95695400238037	34.51824188232422
64.25404214859009	66.20020151138306
28.3673415184021	38.23318099975586
31.769700050354004	34.15071201324463
33.992889404296875	26.82968044281006
53.84807538986206	55.6704626083374
45.906455993652344	53.86146545410156
27.933242321014404	32.80120134353638
36.20240306854248	35.19593811035156
41.04984140396118	42.46336364746094
28.587389945983887	39.89301919937134
35.076870918273926	41.949700355529785
28.724365234375	23.929901123046875
49.7453498840332	54.847686767578125
30.218207836151123	32.47566223144531
32.72041320800781	40.53402042388916
31.25460147857666	32.906270027160645
22.375025749206543	20.68385601043701
29.931249618530273	37.95406436920166
31.934256553649902	30.57255268096924
28.759251594543457	32.23089122772217
48.27155303955078	48.881553649902344
57.96563529968262	60.5721116065979
23.106932640075684	33.8690710067749
37.92521667480469	34.84229278564453
42.30589294433594	44.13246202468872
30.432586669921875	37.65201187133789
36.76175594329834	38.709190368652344
41.68906021118164	51.02301788330078
35.741143226623535	35.84032344818115
45.27027893066406	44.753509521484375
30.18237590789795	31.637675762176514
41.94691467285156	44.22793483734131
22.51620626449585	36.75617980957031
30.41635036468506	37.26144504547119
41.3489875793457	42.58037185668945
57.279200077056885	46.59922790527344
52.629825592041016	56.24882507324219
37.85032272338867	31.950111389160156
31.71438503265381	32.53524112701416
46.58265781402588	54.680973052978516
31.028645038604736	33.2873272895813
30.330862998962402	32.30075168609619
34.105536460876465	35.30393886566162
31.331372261047363	23.739724159240723
34.49440097808838	34.48940420150757
34.040825843811035	41.31411838531494
48.67995834350586	41.89433670043945
59.739935874938965	61.17547559738159
24.727768898010254	35.08366107940674
26.38164520263672	31.512131690979004
41.726609230041504	47.76749849319458
31.55504608154297	28.749592781066895
30.17101764678955	35.35554885864258
42.57619857788086	44.80876159667969
32.04502820968628	29.444215297698975
45.21637725830078	39.95326232910156
39.060386657714844	45.51084804534912
53.179134368896484	52.73249816894531
29.48357105255127	34.01602554321289
47.11443328857422	51.92079162597656
49.58251762390137	54.639601707458496
36.14237594604492	41.655707359313965
33.41409206390381	24.659781455993652
34.89406633377075	39.62481212615967
34.41447591781616	41.186556816101074
39.10264587402344	51.97585487365723
24.367135047912598	28.688332557678223
47.57807159423828	55.65046691894531
28.647756576538086	38.705769538879395
47.8150577545166	54.97759437561035
41.31542205810547	43.41037368774414
35.24323320388794	27.011542797088623
31.606350660324097	39.96308183670044
34.19142436981201	36.60087490081787
27.227368354797363	34.16276836395264
67.67813110351562	75.00363159179688
35.890864849090576	41.46318864822388
33.43619441986084	37.74671173095703
30.808101654052734	41.90529727935791
39.37641525268555	43.51670026779175
33.347843170166016	28.63359546661377
40.37299728393555	47.077232360839844
42.20011901855469	42.314544677734375
29.66529369354248	34.235267639160156
37.18187713623047	30.616212844848633
24.252848625183105	37.63268280029297
32.02200222015381	38.34671115875244
36.52552795410156	46.13825225830078
28.771671295166016	36.73575210571289
25.025668144226074	34.29341125488281
29.094910621643066	32.89994716644287
35.83317565917969	35.865447998046875
27.54530429840088	22.09972858428955
47.71610641479492	54.13444900512695
28.670382499694824	32.55202341079712
42.12656021118164	52.75541687011719
22.597765922546387	34.65070724487305
30.956287384033203	30.598199367523193
50.71575927734375	45.84352111816406
43.654613971710205	33.80907440185547
27.71836519241333	29.61395025253296
34.05220699310303	40.40032196044922
31.619004726409912	30.268206119537354
44.545719623565674	49.0505313873291
36.594390869140625	40.29395294189453
29.554872512817383	33.20095777511597
26.827149391174316	27.70960569381714
35.228553771972656	52.54784107208252
33.8093376159668	43.09610652923584
38.907691955566406	48.303460121154785
29.785706520080566	29.81063175201416
42.673426151275635	44.64241409301758
29.1648268699646	23.437533378601074
37.04822778701782	43.79564189910889
54.80169439315796	66.78077554702759
48.63612747192383	52.74433135986328
45.961522579193115	51.0054874420166
41.61776828765869	36.05484390258789
35.09333896636963	30.993484497070312
29.733344078063965	31.702171325683594
49.200090408325195	43.7474684715271
53.16728353500366	61.186933517456055
45.36640167236328	48.26768112182617
51.39708137512207	57.96374702453613
23.50655221939087	21.823453903198242
32.03533601760864	27.03920030593872
37.56403064727783	48.71302032470703
31.152491569519043	38.304688453674316
43.18315887451172	53.39008331298828
24.21841335296631	26.378657341003418
35.117512702941895	39.67676258087158
24.039173126220703	37.77795124053955
41.90289831161499	36.58695983886719
33.2136926651001	26.703429222106934
35.216763496398926	43.04477405548096
33.058716773986816	42.21050214767456
48.39320373535156	54.27455139160156
41.569339752197266	47.94805669784546
24.612533569335938	31.69508457183838
36.28751754760742	44.031585693359375
38.99744415283203	47.44790267944336
29.21171998977661	24.69359588623047
39.87511444091797	37.37728500366211
35.87994337081909	39.83490705490112
25.272711753845215	36.78335094451904
23.339972496032715	33.879265785217285
34.994505882263184	38.91809034347534
35.09076642990112	36.5013427734375
29.995002269744873	40.12346649169922
49.01690626144409	42.176698207855225
40.9787483215332	42.55353546142578
29.00538206100464	26.848602294921875
34.22194004058838	30.133658409118652
28.04002094268799	38.26643991470337
52.2077693939209	47.25747585296631
29.86133337020874	31.30955457687378
46.68770217895508	54.24848175048828
54.41739892959595	58.794793128967285
41.68021774291992	47.3815803527832
34.03034973144531	25.10236358642578
36.58073043823242	42.100409507751465
31.0973539352417	41.998351097106934
25.227896690368652	17.027143478393555
39.7702522277832	47.279205322265625
26.74705982208252	30.70828628540039
37.82972764968872	31.646008014678955
31.983338356018066	38.1615686416626
37.577879428863525	37.526352882385254
25.577473640441895	39.04404830932617
36.842368602752686	42.242111682891846
41.61781167984009	41.885077476501465
30.523115158081055	44.83796215057373
29.42190408706665	33.087124824523926
35.111412048339844	42.04152202606201
34.201008796691895	37.99611282348633
45.386558532714844	38.23322296142578
37.50556945800781	37.19834804534912
23.334128856658936	38.214646339416504
45.72789001464844	52.58964538574219
39.731876373291016	49.62834167480469
35.90538787841797	42.67398405075073
26.24436092376709	40.487637519836426
40.238417625427246	42.95557260513306
42.939247131347656	48.82526636123657
41.518104553222656	46.10742950439453
25.9890718460083	35.36751174926758
32.7855920791626	27.695076942443848
30.46658754348755	23.02377223968506
31.823390007019043	42.34463596343994
44.18754196166992	44.68743133544922
32.604105949401855	33.19772243499756
29.99997615814209	38.52257251739502
29.949849128723145	35.276352882385254
39.43477535247803	30.439061164855957
43.342896938323975	54.048378467559814
41.87199401855469	45.480804443359375
45.24584197998047	44.722962856292725
33.069007873535156	39.67009735107422
32.86843490600586	37.94923782348633
29.083130836486816	39.432090759277344
37.66044235229492	40.21723556518555
34.99195575714111	36.89127492904663
30.916011333465576	34.06987380981445
24.478886127471924	32.75949478149414
47.172882080078125	45.546432971954346
29.85369062423706	39.70081186294556
38.03588151931763	29.65827226638794
33.75759172439575	38.93018674850464
29.51706886291504	37.83174514770508
54.295021533966064	62.969865798950195
25.8016037940979	33.724331855773926
31.734950065612793	36.88124370574951
28.711674213409424	31.907532215118408
33.5919303894043	43.327396392822266
36.919466972351074	28.62432861328125
25.565566062927246	30.822575569152832
23.38045597076416	20.497782230377197
46.415016174316406	46.9527587890625
36.626976013183594	42.75482368469238
40.555206298828125	33.59534502029419
37.30215883255005	32.70255422592163
35.99953556060791	45.771358013153076
43.55317687988281	43.41754913330078
53.193817138671875	58.48750114440918
30.910746574401855	35.04045581817627
29.803258895874023	42.739052295684814
55.00093078613281	47.14714813232422
32.17000961303711	22.053704261779785
35.55143451690674	41.887009620666504
32.5891637802124	26.252869606018066
43.792152404785156	41.31061506271362
37.11951541900635	32.22234010696411
43.30918884277344	42.5894775390625
39.484798431396484	45.02417755126953
29.101593494415283	37.11955261230469
42.792004108428955	39.22848463058472
41.84315586090088	49.11036968231201
41.374945640563965	46.09418487548828
37.387596130371094	37.38316345214844
34.36072540283203	30.190383911132812
42.76293134689331	42.80297899246216
33.8426513671875	37.99417018890381
43.07864570617676	45.74721622467041
29.06458854675293	38.58428192138672
35.42311763763428	43.801673412323
22.966325283050537	21.711068153381348
43.227237701416016	48.65154266357422
32.750515937805176	33.18650722503662
30.37119197845459	26.66103744506836
27.466776371002197	40.401251792907715
25.09288501739502	36.35292148590088
28.97337007522583	35.18942356109619
47.319854736328125	44.65338134765625
42.286216735839844	43.94621276855469
33.040125370025635	34.671067237854004
32.014732360839844	21.02243423461914
29.12867307662964	39.517470359802246
39.24107837677002	46.650712966918945
56.20475435256958	50.697967529296875
50.851715087890625	55.58595657348633
17.025386810302734	26.260502815246582
30.663247108459473	40.1006441116333
29.331828117370605	30.715624809265137
28.497136116027832	41.30567169189453
27.649338245391846	30.166983604431152
37.16810989379883	32.979248046875
64.73084831237793	60.42950439453125
39.32819318771362	39.652419567108154
28.370624542236328	35.67106533050537
37.97252798080444	50.84797668457031
27.901074171066284	37.599088191986084
58.99686336517334	64.3730640411377
32.687599658966064	33.15180540084839
48.17325496673584	56.3603138923645
25.390160083770752	34.102749824523926
17.43964433670044	30.27469253540039
37.78849697113037	35.79579162597656
30.160422325134277	33.16061019897461
40.785552978515625	36.9119873046875
27.226760387420654	32.40358829498291
33.80214786529541	28.100747108459473
27.462658882141113	37.60483646392822
27.507259845733643	41.681822776794434
33.927374839782715	37.566893577575684
38.82427978515625	46.83322525024414
40.22486925125122	47.21840715408325
35.27975606918335	41.793790340423584
34.08792495727539	36.45854139328003
26.112780570983887	31.530921459197998
26.78926944732666	34.936617851257324
43.67445755004883	44.17158508300781
45.8341965675354	37.27528238296509
36.553771018981934	43.89737033843994
43.979698181152344	44.62196588516235
28.43963623046875	29.956843852996826
33.03201198577881	37.99358367919922
51.14546585083008	44.70960235595703
29.185017585754395	33.059417724609375
29.713236808776855	40.352580070495605
31.954813480377197	35.237388610839844
28.33029794692993	25.2386417388916
37.84877300262451	37.79268550872803
33.38169527053833	34.522008419036865
42.062087535858154	31.28237819671631
31.697150230407715	42.65745162963867
50.46836853027344	55.4951286315918
31.46041488647461	22.039462566375732
42.755470275878906	48.31953430175781
41.35359334945679	45.210190296173096
42.778533935546875	37.6534309387207
33.19337320327759	27.42198610305786
32.85855484008789	37.93523025512695
42.601806640625	45.540733337402344
41.30537939071655	46.05290222167969
33.516594886779785	45.78965616226196
39.13671016693115	44.59064340591431
33.294525146484375	39.16332149505615
26.74590826034546	30.418763160705566
41.92629337310791	45.93840789794922
38.17440319061279	33.6993145942688
14.804118871688843	14.804131984710693
28.52102279663086	32.249596118927
28.682361602783203	17.02772855758667
49.12548637390137	59.51068878173828
29.88834857940674	30.468555450439453
41.385189056396484	45.56361150741577
23.374390125274658	30.691088676452637
35.38062286376953	38.69834804534912
40.037381172180176	44.804344177246094
55.184343338012695	58.70615243911743
32.17363357543945	36.71308994293213
43.622161865234375	50.68669891357422
32.091811180114746	34.8847131729126
38.27409267425537	39.89788055419922
31.38541603088379	25.880982398986816
40.357619285583496	52.64532470703125
35.799593925476074	41.249146461486816
36.75210618972778	40.87148952484131
28.454669952392578	34.33307933807373
33.529701232910156	32.210472106933594
25.244690895080566	29.687047004699707
39.10158586502075	42.326539516448975
33.535523414611816	35.4135103225708
37.930907249450684	28.805869102478027
34.08370113372803	43.76650905609131
46.05108642578125	48.55562973022461
42.05766820907593	47.002838134765625
39.086668968200684	35.33280944824219
52.32781219482422	55.84461307525635
34.39848804473877	37.467535972595215
27.645263671875	18.612082958221436
43.73429870605469	51.568790435791016
30.191285610198975	23.06877851486206
41.077208518981934	33.39384841918945
41.440284729003906	44.75631332397461
30.947771072387695	36.88990116119385
31.408055305480957	23.055609226226807
37.901111125946045	48.21959686279297
43.82932424545288	31.065170288085938
23.450690746307373	28.897830963134766
30.787708282470703	33.09773540496826
49.59217071533203	54.95280075073242
36.04810810089111	40.506287574768066
22.88801884651184	33.2875075340271
29.605321884155273	37.12738037109375
40.339213371276855	29.563453674316406
29.157998085021973	34.70309829711914
29.570082664489746	35.23487949371338
32.151795387268066	36.41622447967529
25.630993843078613	20.0246524810791
43.43821048736572	36.96073913574219
28.16812038421631	35.07831573486328
38.383543968200684	31.3067843914032
29.204590320587158	29.20602560043335
26.181721687316895	36.09389591217041
37.38580560684204	38.797293186187744
29.042418479919434	33.79170227050781
23.852281093597412	19.177778720855713
40.32122325897217	42.62887620925903
38.07599496841431	45.74978542327881
40.287654399871826	46.771450996398926
25.37834644317627	32.681121826171875
35.897995948791504	37.65941333770752
56.12399673461914	50.05067825317383
55.489397048950195	59.94580268859863
55.67336368560791	58.63460397720337
31.216853141784668	41.707433223724365
36.85421800613403	39.322715759277344
43.083595275878906	29.86346435546875
23.414021015167236	27.834837913513184
40.678481101989746	47.9594988822937
40.1989221572876	42.991509437561035
33.07618045806885	37.961989402770996
35.0641450881958	30.543811798095703
45.59102010726929	39.32484531402588
35.462748527526855	38.83062744140625
29.01470422744751	29.166431427001953
44.11420392990112	45.40805530548096
29.82407855987549	26.947242736816406
53.99186325073242	54.82087707519531
32.40739345550537	38.14449977874756
21.671435832977295	22.33701229095459
45.478577613830566	46.00482130050659
43.43786859512329	44.22909450531006
33.857943534851074	36.566948890686035
43.13233232498169	46.54135227203369
38.6749792098999	38.30525493621826
37.00026607513428	43.32976675033569
33.16157627105713	38.79668426513672
35.79723358154297	42.58108949661255
33.743682861328125	26.433867692947388
24.00273323059082	31.806485652923584
59.949585914611816	62.113677978515625
33.11498737335205	28.050484657287598
35.16001033782959	40.50590372085571
27.68671989440918	31.92633819580078
36.315016746520996	44.136146545410156
32.83395290374756	31.550796031951904
38.7200927734375	46.09777069091797
33.109877586364746	27.680216789245605
28.981467247009277	39.97169589996338
36.644760608673096	38.63332271575928
52.9634428024292	57.42572593688965
24.90791130065918	31.087563514709473
30.49539089202881	31.199803352355957
41.64727783203125	45.486000061035156
27.599141120910645	43.79791498184204
40.55708646774292	33.49609375
33.50460433959961	35.95412063598633
38.76949453353882	49.73480701446533
32.86180114746094	36.70729923248291
32.09359645843506	39.95710277557373
40.99647235870361	49.10887432098389
40.11333465576172	37.39944410324097
29.029672145843506	30.569546222686768
43.00722932815552	46.74136686325073
25.315093994140625	21.80659770965576
31.4719877243042	35.7713098526001
34.79554080963135	40.19556140899658
33.485740661621094	42.518592834472656
37.51655673980713	36.06367206573486
31.165664196014404	26.872401237487793
26.73832654953003	19.62993621826172
26.440434455871582	21.649184226989746
40.62010860443115	47.564393043518066
29.4118914604187	36.54773569107056
49.21035575866699	51.70966815948486
56.356116771698	58.00205326080322
40.065704345703125	42.43438720703125
47.969351291656494	45.00090551376343
39.65977478027344	44.32731246948242
31.057438850402832	23.599305152893066
27.967391967773438	21.01730489730835
33.28930950164795	30.448920249938965
41.759737491607666	43.791279315948486
37.83948516845703	44.019999504089355
28.57011079788208	38.54396724700928
32.49952983856201	34.66075801849365
37.45118713378906	35.16529083251953
34.050055503845215	38.301878929138184
26.58308506011963	32.64663219451904
35.98482799530029	44.55478811264038
46.8445930480957	53.59861373901367
29.354138374328613	22.42548942565918
53.01917839050293	57.095794677734375
42.40656280517578	56.111572265625
30.46695041656494	33.6478271484375
34.511741638183594	29.35744857788086
42.3504114151001	37.04714298248291
44.00908803939819	39.89973163604736
41.48825454711914	40.745147705078125
28.518218994140625	24.397263526916504
27.88480043411255	29.981260299682617
35.2557635307312	39.936421394348145
35.72331094741821	37.24988794326782
49.729644775390625	41.147762298583984
32.87977695465088	37.341018199920654
30.24561309814453	39.38833475112915
28.127921104431152	32.375298500061035
39.364906311035156	45.0433464050293
40.91331195831299	24.241302013397217
34.79720592498779	41.220763206481934
27.03222942352295	30.666790008544922
35.014766693115234	36.364502906799316
53.489089012145996	54.92952823638916
32.23336887359619	38.45468616485596
29.61510181427002	36.27135515213013
34.96826696395874	39.00754499435425
34.61669921875	38.40750217437744
32.785048484802246	29.014005661010742
29.529902935028076	36.457337379455566
36.66492176055908	40.696640968322754
41.19403076171875	32.76757049560547
25.66988229751587	30.63075065612793
37.675331115722656	43.524940490722656
62.772817611694336	68.41545104980469
41.37845706939697	47.46685743331909
52.35369110107422	52.52022171020508
34.85508728027344	23.481061935424805
29.28461790084839	33.20930480957031
29.467997550964355	34.320712089538574
27.306764125823975	31.27023696899414
32.920069217681885	36.32639217376709
36.96526050567627	27.529257774353027
44.776649475097656	47.96701908111572
27.377383708953857	32.327208518981934
40.781590938568115	34.532896518707275
35.27611827850342	41.054314613342285
48.23396301269531	53.08072280883789
30.604491233825684	35.44950771331787
45.8336181640625	48.99464416503906
46.76344299316406	55.15708351135254
37.50432205200195	31.816503524780273
28.14486026763916	32.65639781951904
21.085031032562256	21.032967567443848
31.691316604614258	37.29322814941406
32.8841028213501	44.400719165802
20.555484294891357	31.252567768096924
32.24544048309326	24.24875259399414
35.24348545074463	39.18544292449951
38.15048933029175	28.883354663848877
46.18278503417969	52.33979797363281
41.889896392822266	47.21234130859375
40.03645372390747	33.789888858795166
40.691725730895996	44.322547912597656
29.66463804244995	32.664809226989746
29.596858978271484	31.624402046203613
40.88784837722778	26.447885513305664
29.14590358734131	35.29049634933472
23.867199420928955	34.79278564453125
39.30766201019287	43.026809215545654
31.94205665588379	39.40726375579834
25.39940309524536	25.39498543739319
26.308101654052734	20.708106994628906
41.07561492919922	36.589317321777344
56.707430362701416	60.855417251586914
33.967040061950684	35.13782787322998
21.36650323867798	21.356940269470215
35.86558389663696	41.720083713531494
35.68908452987671	41.446619510650635
31.02187156677246	36.388901710510254
43.50719404220581	48.0015549659729
32.80971050262451	37.44340896606445
34.541635036468506	40.067883014678955
33.33266544342041	32.75424242019653
44.448387145996094	38.0206413269043
43.40715026855469	54.85862731933594
48.05074691772461	54.540815353393555
46.28600263595581	46.78962564468384
38.37141036987305	23.988957405090332
27.122797966003418	33.68116855621338
29.259690284729004	27.230732917785645
