62.65986442565918	68.65966987609863
56.88679599761963	62.81516170501709
54.45815086364746	61.07688903808594
46.20919132232666	52.76707649230957
59.16861391067505	68.59626817703247
74.76043748855591	81.40697717666626
50.894227027893066	60.88099002838135
54.979214668273926	62.43969917297363
49.31127738952637	58.28861999511719
71.55359745025635	82.4883484840393
53.31856727600098	63.62929821014404
57.441954135894775	64.68466424942017
56.73661708831787	65.44004201889038
48.60583305358887	57.092634201049805
44.29096984863281	53.82231330871582
51.499215602874756	59.87412357330322
63.96412467956543	73.48708963394165
60.260443687438965	69.88336086273193
54.797987937927246	63.28488349914551
53.03692293167114	60.46862840652466
56.857749938964844	64.391517162323
53.0112738609314	61.57603359222412
43.47263813018799	52.94989585876465
59.360612869262695	67.09302520751953
60.27646064758301	68.85385322570801
58.30247783660889	64.84928226470947
55.428685665130615	63.8037314414978
53.477415561676025	61.57797431945801
52.90022850036621	62.09918022155762
64.88262414932251	71.95116710662842
50.50626754760742	55.903114318847656
52.37502098083496	61.65803909301758
60.92796325683594	68.23945045471191
75.70211124420166	87.87058067321777
50.36557197570801	60.102949142456055
57.08840847015381	64.69399929046631
60.60605812072754	67.99644708633423
64.08970022201538	71.38655138015747
59.793339252471924	69.59781455993652
68.27237033843994	76.4414758682251
61.1262903213501	69.7840747833252
59.41208076477051	67.57638454437256
61.64575004577637	70.48715400695801
56.33333683013916	64.3014669418335
50.756896018981934	59.42038822174072
57.34622383117676	65.39832210540771
52.885497093200684	61.35600757598877
58.43455410003662	65.94056797027588
56.481940269470215	65.23449897766113
52.634339332580566	61.17198467254639
58.44585561752319	68.8259506225586
63.22209024429321	69.41957712173462
58.243486404418945	65.85255432128906
50.070812702178955	57.90941619873047
51.69157028198242	60.98385810852051
46.75980091094971	57.72074890136719
77.02737474441528	80.97687530517578
58.67768096923828	64.76022148132324
65.96167945861816	73.06765937805176
71.14968681335449	78.30697631835938
58.9234733581543	67.6394510269165
48.799278259277344	56.261990547180176
54.91153907775879	62.83565139770508
62.40203380584717	71.65316104888916
62.899425983428955	71.13470268249512
56.35610389709473	65.79377174377441
61.665000915527344	71.91601324081421
58.23891639709473	65.99091529846191
48.58505058288574	58.40618133544922
54.64381694793701	64.16257381439209
44.056381702423096	53.75200080871582
58.342387199401855	66.16439819335938
40.91862678527832	51.45215034484863
48.2318058013916	59.08597755432129
49.02977228164673	56.0509090423584
47.91259288787842	57.580857276916504
50.83122539520264	57.58130693435669
53.87684154510498	64.12991380691528
58.8960599899292	67.16596126556396
62.21653652191162	69.9717926979065
47.63214826583862	54.432307720184326
55.89330196380615	65.24649620056152
57.69687366485596	63.091808795928955
55.34660816192627	65.93668937683105
54.138296127319336	64.39230537414551
67.21134424209595	75.21886348724365
60.64108085632324	67.79011631011963
61.270647048950195	69.4134521484375
62.91237735748291	71.6854829788208
59.42465877532959	69.77962398529053
66.77335357666016	74.09201955795288
61.2298526763916	70.44765377044678
64.72178173065186	71.73225355148315
56.03374671936035	62.95542907714844
59.28751230239868	67.71579170227051
65.27028465270996	76.54547309875488
54.149620056152344	62.21077823638916
47.513689041137695	57.16226005554199
62.97227668762207	72.60105848312378
59.088873863220215	66.84114933013916
46.96888780593872	58.000511169433594
46.39361381530762	56.260786056518555
67.65314674377441	76.65989446640015
54.065134048461914	62.96322441101074
49.00290632247925	59.692662715911865
45.123252868652344	53.36749219894409
50.92275619506836	61.185545921325684
64.88675165176392	70.0069408416748
53.718350887298584	62.85945224761963
58.774213790893555	70.86304664611816
57.275668144226074	63.459739208221436
51.24337100982666	61.601834774017334
45.258633613586426	55.35724067687988
49.88093376159668	58.33870887756348
50.31528425216675	60.5373330116272
55.33780097961426	63.55791091918945
51.230573654174805	60.30498504638672
52.97561073303223	62.55368900299072
67.44547462463379	76.39736938476562
57.15044641494751	63.878958225250244
53.20677947998047	66.2963638305664
47.10410928726196	56.98988199234009
46.786088943481445	54.516282081604004
62.47257614135742	71.03217458724976
65.14380884170532	72.76179265975952
67.23642539978027	74.38980674743652
52.622365951538086	60.41923999786377
47.15201377868652	58.77572154998779
66.09064292907715	72.81634712219238
63.19801998138428	73.19269704818726
57.12300682067871	63.584489822387695
59.290170669555664	67.69183158874512
58.038482666015625	67.43245124816895
61.7403450012207	71.39012861251831
46.875229358673096	57.64889335632324
60.14405822753906	65.99492454528809
53.21152925491333	63.085968017578125
55.06764888763428	61.431846618652344
60.612711906433105	68.12358856201172
49.11184787750244	56.6082763671875
47.027578353881836	58.432979106903076
52.1798038482666	60.4762601852417
50.80147171020508	58.81920623779297
61.50523900985718	71.83486986160278
56.334500312805176	65.86561679840088
54.66251802444458	63.55351400375366
52.595930099487305	62.85684108734131
74.24636554718018	83.53486490249634
52.26458501815796	62.349849700927734
57.58167600631714	66.60333013534546
64.30031776428223	71.38085174560547
68.9681568145752	80.06330680847168
52.00477981567383	62.97232246398926
62.15611267089844	67.44604682922363
49.005306243896484	58.33074188232422
46.46010398864746	54.32602882385254
60.57359504699707	68.93327522277832
51.69717597961426	61.55144929885864
64.70484781265259	72.7464451789856
51.4171257019043	59.11262893676758
52.37714385986328	59.77291965484619
59.66731262207031	67.3455376625061
46.530266761779785	56.94777774810791
53.00045871734619	60.843400955200195
51.452287673950195	61.62993860244751
62.45282173156738	69.0359354019165
71.11948490142822	81.25388240814209
49.27279758453369	57.55824422836304
56.63521480560303	62.973955154418945
49.051169872283936	57.89765739440918
62.58239936828613	67.92807197570801
56.29855155944824	63.964982986450195
59.3930983543396	66.12479400634766
51.57842969894409	60.97937536239624
52.965357303619385	60.40801477432251
71.26193189620972	81.27022695541382
60.87739562988281	65.64261817932129
54.97531080245972	62.478917598724365
47.6332483291626	54.72517204284668
56.98521709442139	66.04159498214722
81.59286642074585	89.74892902374268
50.39048194885254	59.47735786437988
57.35977363586426	65.48199462890625
53.55441093444824	59.8061466217041
79.76797866821289	87.3418173789978
70.05637550354004	78.04809379577637
47.48558521270752	54.487266540527344
67.36790657043457	74.17591667175293
63.781182289123535	71.61596632003784
59.89739227294922	69.21404457092285
55.36454677581787	62.67804145812988
67.36408996582031	74.52371406555176
56.558356285095215	64.65959072113037
59.986300468444824	64.5391845703125
48.511009216308594	58.506760597229004
52.88317680358887	63.28883171081543
52.199724197387695	60.44367027282715
53.17199993133545	58.97553205490112
49.68376588821411	59.47442007064819
67.84427833557129	76.96689748764038
52.92680311203003	61.41982698440552
56.85547685623169	62.43006372451782
58.75346612930298	69.21019887924194
61.6606125831604	68.97498273849487
57.40742111206055	66.7411937713623
49.28513526916504	58.065221309661865
51.239006996154785	60.81735610961914
51.95887756347656	61.02939033508301
53.09613847732544	60.58933782577515
73.71927452087402	81.14080238342285
49.78011512756348	60.18763732910156
53.59451770782471	62.16827392578125
49.81870412826538	59.98324728012085
51.69219970703125	62.608665466308594
61.47164344787598	67.87137508392334
67.05740308761597	71.93838500976562
47.902976989746094	58.5247802734375
56.1190128326416	63.70409965515137
56.89819383621216	66.48255920410156
56.95847415924072	66.02248096466064
60.596123695373535	67.34762525558472
75.26925086975098	83.04634094238281
56.192338943481445	63.635709285736084
53.349642276763916	63.398680686950684
50.724244117736816	60.22234916687012
56.07576608657837	65.0317816734314
83.55253458023071	91.64578199386597
46.066128730773926	54.76312065124512
56.450523376464844	64.0110912322998
52.99932289123535	63.88304328918457
44.3471565246582	53.10098648071289
65.97291374206543	73.6614089012146
65.15754890441895	72.77913093566895
48.565552711486816	57.8743200302124
58.97225761413574	66.46523380279541
58.492186546325684	66.84356594085693
55.31915473937988	63.471879959106445
58.11879587173462	65.76664590835571
49.24573850631714	59.18548250198364
44.15739154815674	54.62143135070801
61.23166465759277	69.34597778320312
45.84113645553589	55.647127628326416
56.68323040008545	64.91211032867432
63.47620487213135	70.65216970443726
60.059425354003906	67.05959892272949
57.353885650634766	64.85461235046387
55.790480613708496	64.85602474212646
58.22766304016113	66.17455959320068
55.60597372055054	65.26525115966797
47.46482563018799	56.430506229400635
52.2897744178772	60.85379981994629
56.67594909667969	63.462053298950195
56.36399269104004	65.12443542480469
53.08616638183594	61.357269287109375
45.22341299057007	56.01836442947388
59.5685977935791	69.66971397399902
69.38148021697998	78.55168104171753
56.6261510848999	66.05700492858887
56.30286693572998	63.327226638793945
46.57483100891113	56.53674125671387
63.77817678451538	70.63081121444702
66.98954772949219	75.83292388916016
62.25257110595703	67.9000244140625
51.81859016418457	59.722890853881836
47.323174476623535	56.92556381225586
55.48150062561035	66.71371650695801
74.24798774719238	82.24973964691162
60.85576152801514	67.02070569992065
70.65521001815796	78.04435920715332
49.16579246520996	59.37979698181152
52.64970588684082	61.596107006073
51.85878610610962	64.49017524719238
49.743136405944824	59.07552194595337
65.86216640472412	74.5015811920166
49.86055326461792	57.91609811782837
47.99104690551758	54.64466571807861
44.81966543197632	55.26451778411865
47.63224267959595	58.825135231018066
59.986839294433594	66.12151145935059
50.568403244018555	58.90088510513306
52.00461387634277	61.556458473205566
56.81529378890991	63.88611173629761
46.865793228149414	58.72836256027222
47.16361618041992	55.03413009643555
48.78225803375244	58.464590549468994
66.45348930358887	74.61232280731201
66.12621116638184	76.63714027404785
76.15196418762207	84.34631109237671
55.19971561431885	62.66095590591431
52.241525650024414	61.08591079711914
50.586434841156006	59.05725288391113
68.4817328453064	77.09155988693237
61.14579963684082	67.75456094741821
67.4558653831482	75.47461462020874
51.98376655578613	60.03186225891113
69.46222066879272	74.21332550048828
58.52234601974487	66.51240634918213
76.42791080474854	82.87536811828613
61.28415870666504	68.48601388931274
72.84793853759766	80.22278594970703
55.304203033447266	61.87986373901367
48.106882095336914	59.43170356750488
56.50188446044922	64.37928199768066
63.2660870552063	71.02284860610962
50.191932678222656	58.20348930358887
48.45689105987549	57.1038179397583
63.13836097717285	75.31269073486328
52.51233100891113	66.44532108306885
59.246825218200684	67.80809164047241
62.04752159118652	71.29368877410889
43.61642360687256	53.308467864990234
59.20272874832153	67.33852481842041
64.99821662902832	71.40745639801025
54.677167892456055	60.93147611618042
57.30592489242554	64.59338188171387
56.576075077056885	65.88242197036743
51.31295204162598	60.23049831390381
55.17777061462402	62.94892501831055
48.511088848114014	56.6282901763916
54.28266000747681	61.65236186981201
46.80919075012207	53.121089458465576
55.879138469696045	63.25531625747681
55.26167821884155	64.38626956939697
63.15480995178223	71.69853115081787
44.043474197387695	56.978464126586914
47.80926465988159	57.3614559173584
62.58640909194946	73.37744951248169
53.36025857925415	62.82498073577881
71.86184740066528	80.04367256164551
55.105323791503906	65.00240325927734
46.01533889770508	56.37522220611572
51.832340240478516	58.74286651611328
52.28713512420654	63.25697898864746
75.17344236373901	83.63546133041382
49.6466760635376	61.21138286590576
49.86056613922119	59.6809344291687
58.435155391693115	65.39362239837646
49.95766019821167	57.75307369232178
65.18375587463379	73.55134391784668
65.16823053359985	73.86489152908325
68.58980369567871	74.9443531036377
52.088311195373535	61.62786674499512
51.450018882751465	63.73828887939453
48.61023950576782	58.78118705749512
45.42207336425781	55.803932189941406
50.23540019989014	59.11789894104004
58.19644069671631	65.33507013320923
51.34546613693237	61.371031284332275
47.270636558532715	51.451239585876465
47.19188833236694	55.88866996765137
48.62937903404236	56.97092151641846
53.185296058654785	62.55347728729248
38.68181610107422	46.17835998535156
41.52249336242676	51.075196266174316
60.990432262420654	69.2799391746521
59.70883369445801	66.92670249938965
53.437010765075684	60.68967819213867
53.00741958618164	63.02469778060913
54.206085205078125	63.938612937927246
49.17851638793945	59.19628143310547
51.97779655456543	58.73429298400879
60.25000810623169	71.5695252418518
57.597415924072266	67.68621253967285
62.70926570892334	68.5754542350769
61.06816625595093	67.07309627532959
50.84442329406738	59.99567413330078
60.88224411010742	66.78672790527344
50.150861740112305	59.91250514984131
66.62728118896484	74.84432220458984
57.558998107910156	66.24232292175293
50.69194793701172	60.171462535858154
58.334290981292725	65.70375680923462
62.43453788757324	70.33858489990234
62.2778263092041	69.11191749572754
54.34808874130249	66.5678882598877
60.245094299316406	66.51026725769043
63.7368106842041	70.56190252304077
53.47422981262207	64.09364318847656
48.645511627197266	57.0527458190918
48.53745174407959	57.19955348968506
54.81610298156738	62.38035488128662
63.24272918701172	70.71854209899902
49.98247003555298	56.80890464782715
55.98349142074585	62.62286853790283
57.047707080841064	68.25842428207397
58.293697357177734	67.52945566177368
54.68139028549194	62.76151371002197
46.67541313171387	54.242334842681885
59.50111389160156	67.19094276428223
66.17140293121338	73.56183528900146
54.71341133117676	64.58369255065918
59.71810817718506	67.07736015319824
60.57685852050781	69.75961208343506
69.63312721252441	77.8696517944336
64.76300811767578	73.05005836486816
62.62322378158569	72.83474826812744
54.078192710876465	62.42868423461914
56.959991455078125	65.33160209655762
52.24492788314819	61.92490291595459
75.90676403045654	81.45751857757568
59.32315635681152	67.57268714904785
53.066749572753906	63.21097373962402
59.460272789001465	70.63004970550537
64.32443380355835	73.17752265930176
64.5827693939209	72.90479850769043
45.32857275009155	56.59974718093872
59.53636169433594	70.72611331939697
61.76586294174194	71.22107553482056
56.133652210235596	64.75932455062866
67.58549308776855	75.5474796295166
58.40303087234497	66.81234884262085
51.61267566680908	59.906378746032715
53.284311294555664	62.63420581817627
54.63414001464844	63.159250259399414
60.72621822357178	70.86387634277344
53.34575033187866	61.265039920806885
53.50465393066406	59.98206186294556
65.24208068847656	74.68894958496094
51.56160593032837	56.948524475097656
60.352410316467285	77.56494045257568
63.32778739929199	70.00557518005371
61.55854606628418	70.31534337997437
40.2889723777771	49.27289628982544
53.36033344268799	63.2126522064209
61.15143585205078	68.14933776855469
56.56504154205322	65.88719844818115
48.729915618896484	57.844295501708984
54.17478084564209	61.37744426727295
65.64589071273804	71.75299739837646
54.535722732543945	62.94093132019043
43.44985008239746	53.23651313781738
58.04538917541504	64.79000759124756
70.99376201629639	79.17051649093628
54.17410373687744	64.15382385253906
54.123077392578125	62.98722267150879
60.546016693115234	69.10545349121094
65.6275806427002	72.4951400756836
57.81376075744629	67.94929265975952
49.96953010559082	60.27820587158203
53.803147315979004	61.56270503997803
54.765854358673096	62.95478010177612
54.463566303253174	64.25439214706421
52.61923789978027	59.35862064361572
47.02681064605713	55.78503608703613
61.68948221206665	71.32408094406128
67.19977569580078	76.73067283630371
53.613847732543945	62.51721525192261
58.12223768234253	65.10245704650879
65.21657466888428	73.53646755218506
47.77136564254761	56.341808795928955
61.95134925842285	67.16010904312134
60.3644323348999	68.52772998809814
41.62557601928711	50.177406311035156
61.56326675415039	70.78643131256104
50.538740158081055	59.70690727233887
71.38340950012207	78.10970306396484
51.71561288833618	62.316221714019775
59.65901756286621	66.52903747558594
47.72917556762695	56.33161163330078
51.59731388092041	60.20373344421387
55.28837013244629	64.7394790649414
57.77530813217163	65.46354103088379
58.44016456604004	62.84065341949463
57.788174629211426	63.82670545578003
52.44541549682617	61.448211669921875
51.86324954032898	61.8723349571228
59.92088794708252	64.97799873352051
57.84408760070801	65.71440124511719
55.74887752532959	64.233078956604
51.44783020019531	59.5029878616333
55.02679252624512	65.77668571472168
51.93179416656494	59.10040521621704
63.65536308288574	71.84403991699219
64.27831363677979	72.04377841949463
45.02162551879883	54.45600509643555
43.651187896728516	55.17133331298828
63.2200870513916	71.29435157775879
50.29777526855469	59.59796905517578
58.38117027282715	68.21623420715332
54.34896993637085	61.99881839752197
53.31881523132324	60.89604377746582
53.22821569442749	61.4968204498291
56.187095642089844	66.60270071029663
56.378591537475586	63.11228370666504
66.48770332336426	76.91143989562988
57.32954931259155	64.48036336898804
55.58910942077637	60.97577476501465
59.748287200927734	69.64611911773682
49.65719699859619	57.28743076324463
49.74409484863281	54.54848098754883
63.66487503051758	72.46986532211304
56.31835174560547	65.49057102203369
58.80261421203613	68.09065341949463
58.300206661224365	67.34013509750366
45.371230602264404	55.05915069580078
55.80513954162598	62.27042579650879
56.670637130737305	65.74709415435791
60.161447525024414	67.45858669281006
58.29129695892334	67.42421627044678
57.28546619415283	65.50772666931152
62.00856924057007	69.98842000961304
51.71247911453247	60.99518823623657
63.99698066711426	70.87558937072754
56.33996772766113	60.854576110839844
55.846498012542725	63.848473072052
70.71090698242188	78.13538980484009
54.857980728149414	61.106828689575195
57.92362976074219	65.44523620605469
47.63739585876465	56.69687747955322
60.21176815032959	63.38168144226074
62.95806312561035	72.30899047851562
64.86527252197266	71.80563354492188
53.59617757797241	62.47161102294922
60.30037879943848	66.61570930480957
63.02247333526611	71.45045375823975
52.69171714782715	62.979817390441895
52.49520778656006	61.87604904174805
48.385891914367676	58.3319993019104
53.664260387420654	59.687416076660156
55.13225793838501	64.12317514419556
60.24449014663696	69.8827657699585
62.59340476989746	69.66641139984131
51.25648498535156	60.38780212402344
44.817991733551025	53.283785820007324
66.68203926086426	75.94623756408691
57.15617036819458	62.8500280380249
44.40558624267578	54.35728454589844
72.70479011535645	81.29594612121582
62.52755117416382	71.03635501861572
68.72027540206909	75.56930637359619
50.09711742401123	58.83076190948486
54.035688400268555	64.25186204910278
58.499977111816406	66.04822540283203
65.16633796691895	72.95593070983887
56.11557197570801	65.56828308105469
54.192376136779785	58.64421844482422
52.152700424194336	60.336660861968994
60.038557052612305	67.49891757965088
57.208516120910645	67.7568826675415
61.57752847671509	71.31414127349854
57.87516641616821	66.21641731262207
68.95310401916504	77.12092399597168
52.33739376068115	61.10768795013428
49.089457511901855	57.969658851623535
48.526222229003906	58.25624084472656
50.869574546813965	60.808043479919434
58.738611698150635	65.91072130203247
40.70892906188965	51.23779249191284
61.71126365661621	68.27284812927246
59.83203840255737	66.84483528137207
58.31347846984863	66.43355369567871
54.29933977127075	61.84974431991577
46.35622501373291	56.48824882507324
61.268062591552734	68.2342357635498
53.148512840270996	63.55541229248047
65.72022914886475	75.73065519332886
63.46224403381348	71.51204681396484
40.26806831359863	49.90707778930664
56.418039321899414	65.90830993652344
56.74114751815796	66.6249566078186
63.82246971130371	72.61019706726074
57.64534950256348	68.03272819519043
49.363627433776855	57.69186973571777
48.012800216674805	56.864914894104004
49.46400260925293	59.28470277786255
55.05263328552246	63.014068603515625
64.23651361465454	71.06114912033081
66.56942510604858	74.42701530456543
44.388512134552	51.93016290664673
46.68881320953369	57.673828125
61.74909591674805	72.00576782226562
66.25779151916504	73.10825538635254
62.820496559143066	73.7365198135376
58.8077449798584	66.32977485656738
57.61006832122803	68.13176822662354
64.07775163650513	73.13619041442871
83.73348951339722	90.33651494979858
50.30710697174072	60.49272060394287
61.42338752746582	69.9441089630127
53.08421611785889	63.09617042541504
43.452301025390625	54.17326641082764
47.22827196121216	56.19299554824829
65.72395515441895	73.11004829406738
56.3460431098938	63.12105655670166
59.59540557861328	68.96194267272949
66.4914722442627	73.15901184082031
54.527554512023926	63.10107231140137
47.61925506591797	55.3800163269043
62.2682204246521	70.45481157302856
53.87418270111084	62.929677963256836
64.72019290924072	72.05009365081787
62.830698013305664	71.48232364654541
50.06936073303223	58.02237510681152
59.20201301574707	67.27496147155762
52.32075214385986	61.85659885406494
59.197378635406494	65.73001337051392
54.07639503479004	65.16907691955566
50.68421030044556	59.38417625427246
60.23887252807617	68.7085132598877
55.98150444030762	66.46329355239868
60.77318096160889	68.46622371673584
50.87884831428528	60.92949724197388
42.91011714935303	54.47943735122681
42.70468997955322	51.3562388420105
59.89368438720703	64.85305786132812
62.00056505203247	70.13903093338013
51.32442569732666	59.992454051971436
48.634403228759766	59.72855186462402
62.131757736206055	68.74312400817871
70.80713081359863	76.02882957458496
58.51400184631348	66.64887428283691
56.836867332458496	63.598670959472656
49.10644483566284	58.4197096824646
55.1461181640625	62.67264175415039
40.73363780975342	49.25870418548584
62.072256565093994	70.76235055923462
56.54218816757202	67.77861833572388
58.06879997253418	67.6910924911499
56.61829948425293	67.71559810638428
55.58520793914795	63.78714561462402
58.92444944381714	67.70736789703369
49.9715518951416	58.860487937927246
56.234588623046875	65.14123439788818
49.6813645362854	59.858094692230225
52.737112045288086	60.35370588302612
56.61765146255493	63.67448329925537
52.125678062438965	61.26512384414673
55.85980415344238	64.3683910369873
56.3424015045166	65.96841335296631
52.42816925048828	61.85197448730469
79.28242492675781	86.53692626953125
53.30158233642578	63.53618621826172
52.05065584182739	55.35735082626343
57.198424339294434	63.1783390045166
59.275593757629395	66.13589286804199
49.37326002120972	58.941811084747314
73.09005689620972	80.69907426834106
60.3188419342041	66.88397884368896
53.620781898498535	60.64913272857666
76.60276794433594	83.00484466552734
46.319759368896484	54.05111312866211
64.04784393310547	73.73629188537598
59.77491760253906	67.51108360290527
52.94820547103882	61.255178928375244
61.200050354003906	67.3238697052002
72.30912590026855	75.13618326187134
60.96566963195801	66.97558784484863
53.62100839614868	62.340858459472656
49.75872039794922	60.37825584411621
75.28145456314087	84.66894626617432
53.94023895263672	64.09132480621338
59.36595964431763	69.92571878433228
62.66276741027832	72.44423723220825
53.35247993469238	61.13375186920166
52.377939224243164	61.256303787231445
59.16174268722534	66.46511888504028
66.70408535003662	73.52035474777222
55.18609046936035	65.10522365570068
57.40207099914551	65.615647315979
48.689775466918945	56.218109130859375
54.36358833312988	63.345462799072266
57.02356815338135	66.28489017486572
56.199857234954834	66.43031167984009
58.01445007324219	65.48705291748047
55.58211803436279	63.12399864196777
45.50048637390137	55.963109493255615
71.33103132247925	78.88492584228516
65.67012882232666	69.69902086257935
57.68712043762207	64.00880241394043
56.81265354156494	66.9568920135498
57.068904399871826	64.84723424911499
66.1010684967041	76.97137641906738
65.44511985778809	72.22909450531006
47.08323860168457	58.26410913467407
71.06682586669922	78.73406982421875
56.68143272399902	63.931918144226074
52.55855083465576	59.78870868682861
58.10311317443848	66.5459156036377
58.7193603515625	66.34358024597168
59.76567602157593	68.1905460357666
51.67609691619873	59.157681465148926
66.14384508132935	74.2331771850586
60.24036884307861	67.419912815094
54.15958642959595	61.511900424957275
63.896867752075195	71.00364875793457
57.15946674346924	64.41108751296997
60.303282737731934	67.70628452301025
50.49924087524414	59.6266393661499
63.533700942993164	69.83393096923828
67.15261888504028	74.26922369003296
47.47839546203613	56.01448917388916
58.70704507827759	65.64053392410278
68.50012350082397	75.88095045089722
50.83290100097656	60.648393630981445
63.2938814163208	69.9276123046875
62.3763370513916	67.81880855560303
51.78916120529175	60.916847229003906
68.46214771270752	77.94547319412231
55.05434513092041	63.73456001281738
58.93551826477051	65.65897464752197
71.53014850616455	80.3712854385376
50.37096977233887	61.54695987701416
54.1180214881897	62.66740608215332
47.19261169433594	58.460683822631836
59.11690139770508	68.27588033676147
52.3480749130249	63.06598663330078
71.76778554916382	78.39802408218384
54.22325277328491	63.21488857269287
48.13460350036621	55.14402389526367
56.25176429748535	62.62640953063965
55.37269592285156	64.53468322753906
59.5059814453125	68.21319675445557
74.3138337135315	82.21381902694702
59.47722101211548	68.03785800933838
58.29622268676758	68.24237060546875
54.6463942527771	65.39994287490845
45.045753479003906	51.723060607910156
57.470717430114746	64.63294982910156
59.8085036277771	66.42517900466919
56.23114585876465	61.54553413391113
59.22939491271973	66.9697265625
60.19422006607056	69.10113000869751
56.65760564804077	63.59257507324219
53.131187438964844	59.83920478820801
60.48248863220215	67.81475257873535
53.40801239013672	63.37696552276611
68.61724662780762	75.30768585205078
58.46033763885498	67.48845911026001
60.85183811187744	69.26693105697632
60.32048273086548	69.31252241134644
52.43859815597534	58.525174140930176
58.626296043395996	67.27313280105591
45.66929912567139	55.54717540740967
61.1381196975708	68.5012149810791
64.51437330245972	70.20480537414551
53.87629985809326	62.73797035217285
49.82826089859009	57.963600635528564
52.234243869781494	61.544058322906494
50.55650281906128	60.30402374267578
55.77831840515137	66.10151052474976
57.628395080566406	66.20333051681519
52.8635630607605	61.96974420547485
80.11898899078369	88.56018781661987
55.95423221588135	61.82351589202881
52.13540554046631	61.384568214416504
52.202701568603516	60.487327575683594
52.442816734313965	59.53488206863403
71.65936088562012	78.85757207870483
55.942768573760986	64.22529411315918
50.42534637451172	59.17764472961426
44.60903263092041	55.100576877593994
44.22972106933594	53.30453968048096
50.15597343444824	57.019996643066406
62.99308967590332	72.0277624130249
65.02456855773926	73.6618480682373
62.705535888671875	67.19033718109131
48.511582374572754	57.15284442901611
68.28960180282593	74.22054290771484
57.0468692779541	66.10705375671387
53.51867866516113	60.68807315826416
61.08155965805054	68.13609981536865
63.41581153869629	73.65021562576294
54.58949947357178	63.99323034286499
57.17618465423584	64.97123098373413
57.150582790374756	66.19360542297363
52.39054298400879	61.71087455749512
65.36718130111694	72.86044979095459
63.63537788391113	71.48320198059082
49.672828674316406	59.45485782623291
46.525678634643555	55.95982551574707
68.44675254821777	78.88663673400879
71.96400356292725	78.7018346786499
66.03008079528809	74.12141990661621
53.751648902893066	61.900611877441406
65.8390064239502	71.4050703048706
59.168901443481445	66.83272361755371
62.175912380218506	68.56399440765381
64.66428565979004	73.85738182067871
51.30156469345093	60.04713249206543
49.32431697845459	57.18554973602295
47.972496032714844	55.52526092529297
52.73861742019653	62.76477098464966
48.98379707336426	57.7369179725647
50.83273887634277	60.01134395599365
56.72833871841431	68.36951637268066
55.431960582733154	60.604538440704346
59.39840126037598	67.50348663330078
61.60316705703735	65.99704170227051
57.65545845031738	66.42925262451172
45.26778316497803	52.27670860290527
54.948015213012695	62.753052711486816
58.87221336364746	66.59608364105225
61.82161569595337	68.83028984069824
61.82133674621582	68.193199634552
63.47892379760742	69.84130668640137
55.439899921417236	66.95708274841309
61.50523662567139	70.46893119812012
61.58334732055664	68.35660457611084
55.100375175476074	64.32022190093994
57.37008094787598	66.49039268493652
55.02135944366455	64.63217353820801
48.987616539001465	55.64861440658569
47.951491355895996	57.31011772155762
61.71258544921875	69.22586059570312
66.57102298736572	73.95359516143799
59.693864822387695	67.84542846679688
57.20413637161255	63.12438774108887
37.65202713012695	46.873939514160156
64.82323932647705	72.4097146987915
51.0799503326416	58.84116172790527
53.302167892456055	61.218037605285645
61.43233680725098	69.88776397705078
62.71089744567871	72.16962432861328
41.647212982177734	52.92633104324341
50.04996299743652	61.32169246673584
60.32055616378784	71.21951246261597
55.95437049865723	63.19812297821045
52.082109451293945	60.63826560974121
47.35758924484253	55.49796962738037
57.51887798309326	68.59925746917725
66.10667181015015	72.34205532073975
51.75595283508301	58.1305456161499
46.9005012512207	57.05338478088379
52.42808532714844	58.515727043151855
37.31646728515625	47.888816833496094
76.17914772033691	85.08188438415527
44.624122619628906	52.99794387817383
60.71823215484619	68.79274272918701
64.96899652481079	74.2100682258606
52.969151973724365	61.25678300857544
41.0000638961792	49.595998764038086
67.02113914489746	74.10478019714355
47.75012254714966	56.00340414047241
48.09159994125366	59.46695137023926
50.01332759857178	58.2507905960083
69.23234415054321	76.96208763122559
62.456655502319336	67.18615531921387
61.879743576049805	71.6304988861084
49.29576873779297	57.28390693664551
60.809526443481445	68.60376834869385
64.83587741851807	70.32370090484619
48.948280334472656	58.523637771606445
62.68763542175293	71.7769718170166
61.00476264953613	69.6573715209961
55.24464178085327	63.79630422592163
53.17656087875366	62.43495225906372
54.58616638183594	65.616943359375
43.622408866882324	53.143208026885986
52.1796989440918	61.10068321228027
53.646629333496094	63.54263877868652
58.06952476501465	67.65473127365112
66.26487588882446	72.11039781570435
51.031601428985596	61.16200876235962
56.93546772003174	65.11331081390381
77.49790906906128	86.27944707870483
60.49770164489746	69.08871507644653
60.066213607788086	67.0491886138916
55.14323616027832	63.15675067901611
54.26819372177124	64.12070989608765
72.89599657058716	80.27814388275146
58.28053092956543	68.00197792053223
54.89316701889038	63.74622917175293
64.3166971206665	74.98603916168213
55.18742561340332	64.39071655273438
58.838465213775635	63.43842077255249
43.601237297058105	54.83829116821289
48.44401216506958	57.750492095947266
69.88870239257812	78.9360523223877
56.12191915512085	61.371787548065186
44.1512451171875	54.2730712890625
58.330209255218506	63.61794090270996
61.3585090637207	69.35038566589355
49.69629764556885	58.80619525909424
50.35344886779785	59.37729835510254
70.06843566894531	79.10024976730347
49.32069969177246	57.145583152770996
64.1480541229248	73.68959999084473
63.45825672149658	73.08765411376953
63.021828174591064	72.59446001052856
63.58395576477051	69.99652862548828
58.36390495300293	70.07101535797119
49.63301610946655	57.911733627319336
68.19326829910278	79.12178659439087
66.89851331710815	71.16384696960449
52.941741943359375	60.31294822692871
58.00805902481079	66.89906549453735
50.509352684020996	59.83955383300781
61.946258544921875	69.63454246520996
53.058218479156494	62.57803916931152
59.773075103759766	67.24139213562012
56.10980749130249	67.16678619384766
65.75898170471191	72.73759460449219
39.392852783203125	49.29360294342041
45.30840253829956	56.229074478149414
60.58872413635254	68.384765625
49.416847229003906	57.15616703033447
56.83280944824219	63.428940773010254
75.37702178955078	84.6279296875
54.897003173828125	62.92901039123535
60.74279546737671	66.69441843032837
57.64595603942871	67.18946647644043
62.38970375061035	68.8553295135498
56.32712364196777	66.71827602386475
44.93257141113281	56.393444538116455
56.4202880859375	65.25362205505371
63.518972396850586	74.18426513671875
53.37593650817871	58.31569576263428
43.72327280044556	53.20100212097168
51.982789039611816	61.96385860443115
55.02394676208496	61.732163429260254
45.542518615722656	53.730228424072266
67.23342704772949	73.3425121307373
58.25043201446533	68.32992553710938
44.71137285232544	50.58072853088379
58.75069713592529	69.37533283233643
48.99595069885254	57.500686168670654
75.13116645812988	81.9463062286377
66.47067260742188	71.83537101745605
67.65277671813965	76.41127490997314
55.84342002868652	65.43569898605347
56.54089546203613	65.53501749038696
57.855119705200195	65.03354787826538
49.06807899475098	60.17040252685547
56.72372245788574	65.71355390548706
64.52762031555176	73.28196811676025
43.39844512939453	53.19554901123047
66.75513315200806	74.7370195388794
73.01847839355469	82.56664276123047
56.52330207824707	66.39166259765625
58.21678018569946	65.04553413391113
48.80221366882324	58.096784591674805
52.383769512176514	59.14273023605347
50.259923458099365	58.188979625701904
54.7836127281189	61.59778833389282
52.90325403213501	62.064005851745605
49.935614585876465	60.6315393447876
58.416738510131836	69.04602241516113
59.66432285308838	65.57900381088257
46.97288703918457	56.97667694091797
56.99156856536865	64.55451393127441
64.12753486633301	70.72318840026855
51.468642234802246	60.10324716567993
48.38266038894653	58.56222724914551
50.15970993041992	62.99690628051758
52.91897964477539	63.956926345825195
55.88699674606323	65.96948051452637
51.778873443603516	59.08080339431763
48.31536912918091	57.74236822128296
49.24667930603027	58.98987865447998
59.92648363113403	65.17181301116943
51.22727394104004	58.48179817199707
51.31123352050781	61.55727195739746
51.991169929504395	62.77719688415527
53.47570037841797	64.52660179138184
62.657286167144775	67.7649130821228
55.108466148376465	61.488165855407715
65.11764526367188	72.30985164642334
69.32990741729736	76.20879554748535
46.322712898254395	54.84821796417236
48.75927257537842	58.731009006500244
50.34316062927246	58.71776580810547
68.85377311706543	77.21328163146973
59.9643497467041	68.91444110870361
50.784048080444336	62.13610124588013
59.693344593048096	67.39135980606079
60.60712289810181	71.47082614898682
65.5055603981018	75.41049194335938
64.53142547607422	72.30793762207031
52.78891086578369	61.10342502593994
64.35650825500488	72.05558824539185
56.11299991607666	65.52783012390137
47.44269847869873	55.262765884399414
66.29790687561035	72.49244499206543
45.610568046569824	55.09604072570801
54.34371328353882	64.65586709976196
63.48410224914551	72.24798774719238
66.21958684921265	72.80281925201416
57.3087272644043	65.66475677490234
71.4936900138855	76.39648628234863
55.236658573150635	62.1543493270874
52.55367136001587	60.06111240386963
52.910728454589844	62.19623565673828
50.88852405548096	57.52683639526367
53.219833850860596	65.02305364608765
53.446505546569824	64.54867696762085
63.26795768737793	69.76776695251465
57.557973861694336	63.38047981262207
57.258405685424805	65.17083168029785
41.099761962890625	52.2456169128418
58.95882606506348	69.37573909759521
48.29850673675537	58.96573066711426
57.011141777038574	65.24487495422363
55.87288498878479	64.28531885147095
58.0408992767334	70.24073028564453
56.865549087524414	65.28684139251709
54.573049545288086	63.582143783569336
67.235360622406	74.94857501983643
54.25855827331543	61.264158725738525
51.78487777709961	61.65532112121582
53.05650329589844	63.473891735076904
