38.42458248138428	44.35599327087402
52.84935760498047	57.560646057128906
52.60913848876953	57.83024597167969
56.16720771789551	46.14209747314453
49.794281005859375	56.29093933105469
29.898259162902832	30.82305908203125
46.93127775192261	52.04500961303711
36.322875022888184	41.04319381713867
42.145225524902344	43.59975528717041
39.976322174072266	45.06330108642578
34.14234924316406	36.04380798339844
51.69773864746094	55.69099426269531
56.94331741333008	43.521443367004395
47.397125244140625	48.558671951293945
47.571736335754395	53.88884687423706
52.46054935455322	57.57110595703125
39.30662441253662	42.78229522705078
44.60835647583008	40.50989532470703
45.43228483200073	49.88122510910034
44.732802867889404	49.33054494857788
42.72704267501831	42.712265968322754
48.93453025817871	48.09198188781738
47.40231943130493	51.31597137451172
29.17947006225586	35.31611251831055
30.1880464553833	22.02980947494507
53.58845329284668	51.70700454711914
47.97986602783203	42.135009765625
47.26474332809448	50.79129934310913
28.5740385055542	28.350124835968018
51.49794006347656	55.958499908447266
41.83981990814209	47.54641056060791
49.84537982940674	53.33199167251587
44.30030822753906	45.94094467163086
46.32511568069458	51.23698043823242
47.789917945861816	50.44961357116699
45.540799140930176	46.837409019470215
52.86330223083496	55.61261177062988
52.74434852600098	50.3415470123291
38.51840114593506	40.13253879547119
52.62853717803955	55.59576416015625
36.99122714996338	42.40323543548584
39.25907897949219	43.76557540893555
42.14597511291504	48.40413522720337
45.76057434082031	46.32748317718506
43.08316898345947	48.44778108596802
41.73064041137695	46.496214866638184
45.49067974090576	44.08074474334717
52.868770599365234	58.616737365722656
41.28921604156494	45.99008798599243
32.792677879333496	39.99978542327881
46.55372714996338	50.094926834106445
50.37462282180786	51.925169467926025
38.5862603187561	43.43202209472656
41.14951229095459	45.72004795074463
53.33770036697388	56.07871198654175
57.08543395996094	62.2403564453125
39.3308687210083	46.22150421142578
46.07276153564453	50.595375061035156
51.107399463653564	57.09096050262451
43.05970001220703	51.525163650512695
62.20379638671875	67.80046844482422
38.300265312194824	41.67341995239258
41.25159454345703	46.978431701660156
53.979820251464844	56.036895751953125
42.52357864379883	46.74552536010742
44.94845199584961	49.22575378417969
40.731751441955566	45.1173791885376
33.735148906707764	38.64903688430786
47.80957889556885	53.92789077758789
51.77318572998047	57.168087005615234
44.790000438690186	48.83526659011841
42.76576852798462	44.431581020355225
45.48114776611328	50.49905300140381
44.67150592803955	48.582956314086914
47.443482398986816	51.993773460388184
43.51398468017578	48.69063377380371
43.440247535705566	47.02470302581787
35.25145769119263	40.01120567321777
56.438836097717285	63.17498731613159
47.48477554321289	47.08784866333008
52.310975551605225	57.53646755218506
42.961297035217285	48.465675354003906
43.695390701293945	47.70290279388428
48.11747646331787	52.72761535644531
38.88163089752197	39.044833183288574
42.21921443939209	43.98152160644531
52.08300161361694	56.13776350021362
45.08816480636597	49.84402132034302
32.50002193450928	39.89936828613281
40.13756847381592	42.56220531463623
46.44056797027588	49.362361907958984
49.92026138305664	56.475786209106445
46.888619899749756	56.50509834289551
39.029000759124756	45.546082496643066
34.40383815765381	32.71868276596069
49.143836975097656	50.86284828186035
55.1301383972168	60.78209686279297
52.41687870025635	56.81399345397949
47.895981788635254	51.247507095336914
44.3058557510376	56.20690155029297
37.36811971664429	38.747663497924805
38.322020530700684	42.89229869842529
51.900980949401855	59.6949577331543
44.67682695388794	51.803622245788574
45.48296356201172	49.72147178649902
38.762386322021484	48.21409034729004
40.40496826171875	46.399269104003906
39.85280513763428	41.42639636993408
35.73493480682373	35.56165409088135
41.007330894470215	47.4618501663208
46.13215732574463	50.603421211242676
41.627285957336426	41.63063049316406
45.57161045074463	51.44603395462036
47.717376708984375	53.74994659423828
32.88581848144531	35.851922035217285
51.502206802368164	43.949217796325684
38.87203502655029	45.58354568481445
53.22834014892578	58.3360710144043
42.06717777252197	53.27225399017334
35.5017204284668	41.22104358673096
32.94829607009888	35.93282699584961
51.08272075653076	56.984052658081055
66.40892887115479	71.16317653656006
34.55294132232666	37.89262771606445
50.47154235839844	55.205318450927734
37.45517635345459	40.975029945373535
49.362441539764404	52.69468069076538
41.78313589096069	44.84310245513916
43.63025379180908	49.108903884887695
31.588316917419434	35.67307949066162
50.89637088775635	56.843939781188965
50.45608901977539	58.25537872314453
45.77613067626953	52.335166931152344
53.1626033782959	56.623501777648926
48.47795534133911	54.52424192428589
42.52617692947388	43.90858507156372
48.92667770385742	54.140968322753906
32.60294580459595	32.13296842575073
52.09040021896362	59.25048637390137
41.65715217590332	43.968658447265625
39.23172903060913	42.819244384765625
47.709503173828125	49.60480499267578
32.07714796066284	34.950809478759766
50.657798290252686	55.745070934295654
45.08012056350708	49.184486865997314
45.299617767333984	49.55047607421875
49.78019714355469	56.41822814941406
38.44005060195923	43.36216592788696
51.579872131347656	55.82119083404541
32.30680847167969	35.787068367004395
60.49082136154175	65.12335252761841
39.59585618972778	44.00963544845581
46.375455379486084	47.06796455383301
54.28879451751709	58.841970920562744
39.57948064804077	45.258766174316406
46.14735794067383	50.59697341918945
44.61170530319214	51.683409214019775
33.71569871902466	37.21674680709839
49.1626296043396	50.79357576370239
39.399696826934814	39.288262367248535
38.431580543518066	42.81869602203369
45.23703336715698	51.35489368438721
51.522789001464844	56.71091842651367
32.61690855026245	37.91238069534302
49.26632785797119	54.69814443588257
45.21546936035156	49.44346332550049
34.320194721221924	53.7051477432251
47.77100944519043	49.80258321762085
39.97141647338867	45.01063537597656
37.94261407852173	38.03010940551758
50.899502754211426	59.27669048309326
65.02036428451538	72.39784240722656
51.01349639892578	54.195884704589844
44.85626983642578	50.397708892822266
38.77904510498047	44.2644476890564
46.99833393096924	47.97419548034668
51.02497959136963	55.852951526641846
55.78568458557129	61.074700355529785
41.70463943481445	47.507362365722656
37.064796924591064	42.35541534423828
46.041722774505615	53.30048418045044
51.813063621520996	57.57516670227051
41.595184326171875	45.97523498535156
33.79045486450195	38.88175964355469
38.33493947982788	41.6539740562439
37.86872100830078	44.77699279785156
41.22864532470703	46.174564361572266
36.60611391067505	38.33899259567261
50.8654670715332	57.81562042236328
42.164653301239014	51.9848747253418
33.584967613220215	26.67190647125244
43.38183069229126	47.72481060028076
52.216270446777344	58.46933364868164
40.98310947418213	46.620094299316406
39.35847520828247	42.77702331542969
43.439635276794434	46.132781982421875
45.38154602050781	50.4546594619751
34.35114622116089	38.056347370147705
44.5603666305542	49.82347297668457
49.75750923156738	52.84350395202637
47.741029262542725	50.9709095954895
44.45746994018555	51.98110771179199
43.3871545791626	50.78372240066528
44.855278968811035	50.51376295089722
35.33457279205322	37.97370195388794
49.10537624359131	54.486000061035156
42.10379076004028	48.09537649154663
43.46740007400513	49.506333351135254
38.520320892333984	38.504136085510254
40.57803726196289	49.98666572570801
43.064337730407715	40.13456726074219
41.74027633666992	45.40706920623779
46.65891170501709	53.315185546875
37.521878242492676	40.190199851989746
37.49105930328369	41.4050989151001
38.660980224609375	44.775856018066406
51.30187368392944	56.539090633392334
42.06771183013916	46.025330543518066
46.086631774902344	50.906978607177734
41.264041900634766	45.666709423065186
33.88321542739868	28.87397861480713
50.67454528808594	55.929962158203125
41.40363311767578	47.38349914550781
41.84441328048706	48.23009634017944
40.6452751159668	45.975223541259766
44.232627868652344	49.93294858932495
54.428550720214844	60.750282287597656
30.546295642852783	37.0412015914917
44.11240768432617	50.670536041259766
46.812920570373535	48.24126100540161
48.35321807861328	53.297027587890625
44.50019359588623	52.32695960998535
42.50750255584717	49.6241455078125
55.15105724334717	59.46672439575195
39.118605613708496	43.07427358627319
38.30811023712158	42.0150260925293
37.102614879608154	41.016005516052246
43.576210021972656	49.380767822265625
36.3632926940918	42.117722511291504
39.337799072265625	42.88825988769531
59.46691942214966	63.023863315582275
54.794620513916016	51.28784942626953
44.99752855300903	49.12456560134888
33.68107461929321	39.172438621520996
44.406676292419434	46.52008056640625
45.22673273086548	50.5559401512146
44.24132537841797	48.57780647277832
49.28289031982422	54.028746604919434
41.46891689300537	45.27293014526367
38.21617841720581	43.81368970870972
58.50726127624512	64.73414421081543
41.68251943588257	47.77653741836548
38.49532699584961	47.225040435791016
42.748047828674316	41.759400367736816
45.21442413330078	41.973785400390625
48.68730068206787	53.42881202697754
52.324363708496094	58.1411247253418
43.4333610534668	47.551231384277344
47.60603713989258	52.30453109741211
42.62556076049805	48.517818450927734
53.41228485107422	60.351898193359375
53.520307540893555	58.79175662994385
62.79739952087402	67.55227088928223
43.973876953125	48.040475368499756
48.122337341308594	52.91925811767578
43.327149868011475	50.388399600982666
45.42832946777344	48.94620895385742
40.745086669921875	45.4578857421875
59.61688232421875	63.49580383300781
46.00512886047363	47.153740882873535
33.83702516555786	38.448243141174316
55.87747621536255	58.92740774154663
42.365607261657715	46.776912689208984
45.989787578582764	50.74193572998047
46.98564147949219	49.53931140899658
36.78431224822998	40.09125995635986
40.1920051574707	46.50958728790283
40.734046459198	47.507869720458984
49.983497619628906	55.21457290649414
42.676300048828125	47.29624271392822
39.99164628982544	45.168166637420654
51.55802917480469	58.420756340026855
41.099929332733154	46.74033880233765
43.22342491149902	47.94019889831543
50.77684020996094	55.477012634277344
38.36784744262695	39.67821455001831
35.98523426055908	42.327698707580566
39.982666969299316	44.15565776824951
33.60576152801514	39.818711280822754
48.29755401611328	48.44468688964844
51.50811195373535	57.45379686355591
50.34545135498047	56.28718280792236
43.489142417907715	49.3655948638916
53.03400993347168	58.552279472351074
46.132713317871094	52.59075164794922
55.143917083740234	55.89641761779785
39.77786636352539	42.90604305267334
31.368149757385254	32.949442863464355
45.789161682128906	49.888694763183594
47.68331432342529	52.26654005050659
54.871177196502686	59.93297338485718
34.58439588546753	37.37839460372925
46.0377459526062	50.6040153503418
35.089111328125	39.71527814865112
56.9771842956543	62.79084014892578
46.97669792175293	51.85055494308472
37.780906677246094	38.77073287963867
40.376280784606934	46.56918239593506
48.49135780334473	50.82078552246094
42.38387203216553	46.958258628845215
50.40447235107422	44.78086853027344
34.445528984069824	37.10755634307861
35.473525524139404	34.33876657485962
42.44748115539551	46.14831590652466
43.39021682739258	45.80268859863281
40.40449047088623	41.73684310913086
53.782057762145996	58.811306953430176
46.7671012878418	52.87036895751953
45.64823055267334	45.598331451416016
53.421003341674805	57.78435659408569
45.948344707489014	50.36335897445679
50.53163146972656	56.4589958190918
43.374881744384766	46.49424076080322
44.5457067489624	50.120595932006836
53.726820945739746	59.831223487854004
39.989359855651855	44.36929988861084
49.96331310272217	56.552062034606934
60.68741989135742	68.27176666259766
41.23115396499634	47.20684814453125
39.49808406829834	33.242594718933105
21.88009738922119	23.58454465866089
52.60601234436035	52.29796600341797
42.773643493652344	45.24748706817627
47.844573974609375	57.923187255859375
53.038692474365234	58.64961242675781
34.256489753723145	36.899725914001465
50.81473731994629	55.62845706939697
37.030975341796875	42.5991325378418
32.126439571380615	37.69840621948242
35.98252582550049	35.96892070770264
46.03354358673096	55.661834716796875
44.84396839141846	49.49599599838257
44.55125141143799	48.759355545043945
42.68947219848633	47.84092712402344
39.761817932128906	46.844603538513184
37.22071838378906	40.97892665863037
45.6543927192688	48.405677318573
47.34679126739502	42.95833110809326
56.76681900024414	60.2393684387207
43.532681465148926	44.379281997680664
41.64474821090698	46.86806535720825
38.92191410064697	43.24082279205322
52.4912314414978	59.161667823791504
41.40584421157837	42.44901895523071
35.16217803955078	40.8240966796875
49.94642686843872	54.73774814605713
42.987399101257324	47.466310024261475
43.45916748046875	50.46647644042969
43.6351432800293	46.35002899169922
43.13795185089111	51.88129234313965
44.11436462402344	48.81281089782715
39.210227966308594	44.51437282562256
33.810927867889404	39.251112937927246
28.40226173400879	42.850022315979004
49.95449447631836	55.866024017333984
46.34958553314209	55.94221496582031
48.293128967285156	54.690345764160156
34.44427013397217	42.107253074645996
68.60885667800903	70.71441459655762
45.69880294799805	52.7888069152832
42.090582847595215	45.99283504486084
44.64786434173584	50.67343616485596
47.35578632354736	43.975951194763184
41.31654977798462	40.21895456314087
40.073994636535645	41.767571449279785
36.32607650756836	41.30151844024658
41.744728088378906	47.32670974731445
42.0031042098999	45.93953609466553
46.764190673828125	50.38822555541992
52.67392349243164	57.6530647277832
41.61917018890381	47.43886613845825
29.687928199768066	29.160730361938477
45.76213836669922	44.953365325927734
43.71318054199219	50.77470588684082
43.02564096450806	48.6535267829895
36.85270595550537	43.794907569885254
32.78290510177612	37.49718427658081
41.869258880615234	38.91171932220459
35.86371660232544	37.14033842086792
35.39300537109375	39.034363746643066
43.511512756347656	47.823028564453125
46.47843790054321	53.302295207977295
57.4497184753418	62.016334533691406
51.37209177017212	55.37017107009888
37.80281066894531	42.937886238098145
39.647552490234375	46.675658226013184
41.62934732437134	46.585769176483154
44.89051008224487	51.72131061553955
49.01179885864258	54.525657653808594
37.65530347824097	40.805654525756836
44.08880281448364	47.610966205596924
35.82037353515625	41.74164962768555
34.87057447433472	39.168686866760254
45.822364807128906	48.59718322753906
38.63109111785889	44.352078437805176
42.60768508911133	44.464080810546875
47.57792139053345	52.60615396499634
52.240981578826904	54.0567684173584
50.00785827636719	53.03103256225586
45.74300479888916	50.85622215270996
48.990089893341064	52.65089130401611
46.50150203704834	48.282514572143555
43.475284576416016	47.47624969482422
40.8715124130249	44.24612903594971
49.10045623779297	54.358909606933594
39.47111892700195	49.04504585266113
44.85259199142456	49.2041802406311
42.65532684326172	48.01841354370117
40.614830017089844	46.056206703186035
27.583497047424316	38.45563888549805
36.532997131347656	36.81683349609375
31.17630100250244	31.15816640853882
45.56922149658203	51.11621856689453
40.82230281829834	51.285706520080566
57.20042419433594	57.257537841796875
35.739563941955566	37.97028350830078
42.99729251861572	44.72787094116211
55.138404846191406	60.216880798339844
48.71391201019287	52.602118492126465
46.548054695129395	46.52777051925659
53.15088653564453	58.31279754638672
44.203182220458984	49.49382781982422
44.25518035888672	50.71189880371094
51.98332977294922	57.764190673828125
45.782955169677734	52.61225891113281
45.11915683746338	51.653411865234375
53.16533088684082	46.932663917541504
45.09906625747681	48.583248138427734
41.09791946411133	45.12242126464844
45.4495906829834	49.55889701843262
42.65689754486084	48.42877197265625
40.021137714385986	40.39327812194824
50.24036264419556	56.29219436645508
45.64336442947388	51.87231206893921
43.447760581970215	44.09285259246826
52.75889587402344	56.90998077392578
44.23644304275513	48.121628761291504
39.11804151535034	38.56967115402222
39.86249113082886	46.901307106018066
45.638282775878906	50.893089294433594
42.698387145996094	48.46727752685547
50.77173614501953	56.460384368896484
46.1527099609375	49.46567916870117
43.29561710357666	48.99619102478027
50.8289794921875	57.4080696105957
49.004807472229004	52.9955530166626
44.705846309661865	49.58173227310181
32.31539487838745	36.473326683044434
36.539305686950684	44.698771476745605
44.398255825042725	50.36785173416138
40.16215753555298	46.768046379089355
38.52843523025513	44.766915798187256
47.76882028579712	50.36271810531616
40.08714199066162	47.731924057006836
34.481163024902344	38.68977403640747
36.65104579925537	42.347519874572754
35.53166198730469	37.576661109924316
42.9625825881958	47.967970848083496
46.04307460784912	48.306175231933594
32.89862823486328	39.27077007293701
48.73426818847656	52.79308319091797
48.12208271026611	54.97854471206665
42.49049091339111	49.41621208190918
53.474114418029785	61.436753273010254
43.89337158203125	48.934478759765625
38.87748861312866	46.069278717041016
52.742262840270996	59.87888288497925
51.93159627914429	57.317304611206055
30.93087387084961	30.938037872314453
39.16871690750122	33.95008945465088
39.50062942504883	46.402801513671875
52.63758087158203	61.27980041503906
49.39651679992676	50.53314399719238
40.46172332763672	44.692726135253906
36.9218864440918	42.09456157684326
28.89054775238037	29.6319899559021
39.12973070144653	43.69969844818115
49.90398931503296	56.63393974304199
43.22422790527344	47.78533935546875
38.90219020843506	50.02668571472168
40.39921236038208	45.13926076889038
62.55800199508667	70.59426069259644
42.02458477020264	43.00197887420654
48.65873384475708	54.753249168395996
44.62483310699463	51.76371145248413
43.62407684326172	48.010597229003906
41.40729904174805	48.22891616821289
43.83349657058716	47.561248779296875
40.09856128692627	45.18017864227295
36.78357696533203	41.77409648895264
48.17182159423828	53.48332214355469
37.657012939453125	42.912139892578125
47.113348960876465	48.43970489501953
41.060428619384766	44.31416320800781
48.2940788269043	48.9060115814209
42.644981384277344	48.69580078125
34.980289936065674	36.99798583984375
45.69296169281006	49.50273847579956
52.66818141937256	45.55721426010132
46.1584095954895	50.49056148529053
50.2450065612793	44.31099319458008
41.842994689941406	45.681772232055664
70.953200340271	74.15594673156738
43.03667736053467	48.26780891418457
33.711785316467285	45.82119369506836
37.16102600097656	42.24121570587158
41.01565074920654	46.04193878173828
36.49385929107666	37.02239274978638
55.55745506286621	41.638014793395996
51.74208068847656	58.76117706298828
50.20985412597656	55.05675506591797
32.54140377044678	41.34160041809082
43.076311111450195	43.72176218032837
33.78214359283447	41.01487159729004
41.121150970458984	48.170127868652344
52.72338104248047	57.317527770996094
40.82835102081299	47.592087268829346
57.97295665740967	62.722646713256836
35.41779279708862	39.175262451171875
42.191349506378174	46.3815655708313
44.03141784667969	49.17030715942383
48.60930061340332	53.057480335235596
43.09616994857788	49.07372331619263
32.399725914001465	37.24863052368164
44.926231384277344	48.47132110595703
52.593252182006836	58.446990966796875
41.31416702270508	49.07003974914551
39.67942810058594	47.32691192626953
36.240660667419434	31.817041397094727
32.219276428222656	37.52112627029419
40.996328830718994	43.70035934448242
57.92829895019531	60.998106479644775
34.80531930923462	40.353346824645996
40.877360343933105	44.78066539764404
48.51485252380371	52.347702980041504
44.656182289123535	48.8715124130249
42.420677185058594	47.159664154052734
38.597392082214355	38.587889194488525
45.4939284324646	50.91684627532959
37.07738733291626	39.785046100616455
42.572471618652344	47.32014465332031
32.76881456375122	36.01104259490967
50.214845180511475	57.74731636047363
45.74699020385742	45.778836250305176
45.93274688720703	50.88503980636597
49.16880130767822	54.67395305633545
34.145774841308594	29.09540891647339
40.857253074645996	46.344265937805176
34.220980167388916	36.41782283782959
47.12132263183594	50.78601837158203
42.77549743652344	47.41779327392578
41.187249183654785	42.062378883361816
47.920005321502686	52.931782245635986
33.55128765106201	40.06303310394287
44.2798285484314	50.62483358383179
35.70127773284912	43.69746780395508
48.61476421356201	53.86251783370972
49.26058578491211	55.79344940185547
47.611083030700684	37.688239097595215
44.108582496643066	51.758657455444336
35.235755443573	39.59254026412964
42.69402313232422	49.22218322753906
51.03305721282959	56.295260429382324
44.693115234375	51.358909606933594
48.12580490112305	48.12116241455078
32.73591613769531	36.163455963134766
37.074997901916504	39.423980712890625
44.90035343170166	49.378623962402344
40.97706937789917	43.18606519699097
36.673943519592285	40.70464324951172
43.54341983795166	45.25623941421509
32.20408916473389	37.98248291015625
56.64416313171387	61.51383399963379
40.91249465942383	44.9617919921875
49.4285945892334	52.580617904663086
38.47169494628906	44.369911193847656
38.974745750427246	42.660080909729004
48.36642837524414	51.56480598449707
41.98558712005615	44.112468242645264
48.917850494384766	51.96310615539551
49.10408115386963	56.46625232696533
47.59317874908447	50.26814317703247
58.42203903198242	64.57596588134766
38.662373542785645	43.216209411621094
34.15475845336914	40.954856872558594
49.06834936141968	53.29486799240112
46.6414213180542	50.73740291595459
48.43635177612305	52.82581901550293
44.401808738708496	48.17114067077637
28.334059715270996	34.85048770904541
46.17513561248779	52.986159324645996
39.715041160583496	45.392818450927734
43.313103675842285	46.63454532623291
51.741249084472656	57.73095703125
39.50127840042114	42.30678749084473
53.5848331451416	59.322404861450195
40.8524808883667	45.43955898284912
37.75338649749756	40.009636878967285
47.491822242736816	53.40047359466553
47.360169887542725	50.3038125038147
47.41981887817383	52.502723693847656
55.92033004760742	58.6982421875
36.454124450683594	43.6133508682251
39.1116943359375	42.69136428833008
52.58882141113281	55.48283386230469
44.755847454071045	51.771812438964844
46.52402210235596	52.51215982437134
54.39952039718628	61.5712194442749
55.949317932128906	61.163124561309814
52.587952613830566	54.861435890197754
50.35703659057617	56.013811111450195
53.835411071777344	59.00456237792969
47.51683521270752	51.281333923339844
44.98008728027344	49.30730438232422
48.94549369812012	54.80368137359619
43.0354585647583	48.75616264343262
39.06323719024658	45.45032787322998
45.49871826171875	51.97444152832031
37.48131275177002	41.549530029296875
57.27010726928711	63.21720504760742
38.88445806503296	38.98675012588501
40.5127158164978	45.886815547943115
37.34331035614014	42.091172218322754
44.71586608886719	49.454505920410156
30.14979839324951	36.81799650192261
57.275390625	64.46147155761719
38.84032487869263	42.91797494888306
58.931312561035156	66.19227600097656
39.442803382873535	42.42552852630615
40.904754638671875	45.76491594314575
37.683011054992676	40.405460357666016
42.92861557006836	47.81100845336914
38.78905534744263	37.676937103271484
42.231204986572266	39.062042236328125
28.80820083618164	36.32249736785889
58.137879371643066	56.3784122467041
43.24691677093506	45.34140872955322
37.50224304199219	42.58150863647461
41.42261028289795	47.603262424468994
46.46278238296509	51.1403226852417
32.81886291503906	40.38091278076172
50.29633331298828	55.96502685546875
43.63240718841553	45.95438289642334
52.05231475830078	58.586204528808594
44.50225830078125	49.29737091064453
57.150054931640625	62.29436492919922
34.74849987030029	35.993130683898926
48.65319061279297	50.82939529418945
41.51298522949219	45.27937316894531
47.84551239013672	52.737789154052734
44.89670181274414	45.66993045806885
33.31970500946045	37.30778503417969
47.65316820144653	53.672388553619385
50.08462429046631	54.60219430923462
34.263991355895996	37.28663635253906
61.158652782440186	67.55031394958496
53.03009033203125	55.66515350341797
39.25459671020508	43.25947666168213
40.21461868286133	45.05249786376953
45.96244812011719	50.815011978149414
38.63996505737305	46.08158874511719
37.067410469055176	45.520079612731934
49.178409576416016	52.30204772949219
37.63153076171875	43.68606185913086
46.393661975860596	48.85376834869385
55.905235290527344	60.95911407470703
48.29210662841797	54.59465408325195
44.660030364990234	50.766754150390625
46.1273775100708	51.332383155822754
42.380943298339844	46.76267910003662
42.978431701660156	48.869712829589844
48.500155448913574	54.100470542907715
29.876895904541016	35.20004653930664
35.295119285583496	40.07648944854736
40.17143249511719	46.080230712890625
33.94795322418213	37.97050857543945
41.6581597328186	48.1788330078125
41.65162658691406	47.419456481933594
53.14538812637329	59.9193434715271
36.60953235626221	40.66487789154053
46.532615661621094	50.75944519042969
44.44210863113403	50.37824583053589
42.438958168029785	46.63488292694092
53.10566711425781	58.52580261230469
39.08151340484619	51.85430717468262
38.17034959793091	44.26369333267212
37.59709453582764	42.045570373535156
38.19736623764038	39.27177333831787
46.911888122558594	53.14732122421265
32.61173343658447	34.50940990447998
41.40228605270386	44.288493633270264
35.470168590545654	40.06478309631348
55.34407377243042	55.190452098846436
46.59625244140625	52.076805114746094
34.30758190155029	34.597503662109375
48.80229187011719	55.92103958129883
52.94802904129028	58.437193393707275
46.11872577667236	52.92735290527344
47.79855251312256	55.33373165130615
47.96402549743652	53.73534536361694
34.112488746643066	39.051910400390625
50.0500545501709	57.58726787567139
43.27491760253906	47.42860794067383
37.44403839111328	37.20646619796753
27.579472064971924	39.50011491775513
44.77751541137695	44.7945556640625
49.672775745391846	56.027944564819336
43.71530294418335	47.88179349899292
38.881141662597656	42.97909641265869
45.73686599731445	47.359375953674316
36.047911643981934	37.83130645751953
46.65850114822388	52.2956862449646
42.903358459472656	45.739651679992676
34.04197025299072	43.70078945159912
44.12049579620361	47.007784843444824
35.67594623565674	41.266751289367676
43.97215127944946	49.8830041885376
42.54428815841675	48.617698192596436
31.204405784606934	34.29484701156616
53.16237163543701	55.561004638671875
40.44746017456055	46.95400142669678
68.57287502288818	74.0405387878418
45.695311546325684	50.742716789245605
35.66616773605347	43.40811729431152
47.548081398010254	39.12311267852783
41.8586049079895	43.45861482620239
44.44387149810791	37.1120080947876
55.207345962524414	56.826597690582275
49.00681924819946	50.690606117248535
37.78933811187744	43.14323902130127
47.1336669921875	51.59245681762695
45.397027015686035	50.27866744995117
46.77399444580078	49.71805000305176
44.930405616760254	49.7933235168457
33.667151927948	32.5110387802124
50.96710205078125	57.506046295166016
46.10408020019531	46.71394443511963
47.997161865234375	51.43662071228027
57.92675971984863	59.2224702835083
50.96370506286621	57.16811800003052
41.452571868896484	47.82259654998779
38.65774440765381	42.99712657928467
41.19333600997925	45.325796127319336
44.73885440826416	50.91686296463013
43.47481679916382	47.62788915634155
53.940528869628906	58.98358917236328
43.971091747283936	50.55356740951538
43.582603454589844	50.09896469116211
44.04673910140991	56.77943706512451
41.43238067626953	43.411264419555664
36.663333892822266	42.828274726867676
36.89341735839844	39.79058074951172
40.80164337158203	42.79968738555908
40.10006332397461	44.30233907699585
37.18116474151611	39.12381076812744
41.472838401794434	46.79875135421753
44.40985870361328	51.75418472290039
46.12217044830322	49.86491298675537
38.631995677948	40.16530179977417
46.31365156173706	56.24911165237427
43.85743570327759	47.81239938735962
46.325679779052734	48.57991361618042
50.925758361816406	58.75456237792969
33.03501892089844	38.74990940093994
40.58707809448242	42.93808650970459
33.73871898651123	35.9686803817749
31.871943473815918	43.43261241912842
33.87248516082764	34.482574462890625
49.19628620147705	51.30856418609619
46.65501308441162	51.57060098648071
44.2787971496582	49.19670104980469
50.612329959869385	55.92777872085571
46.761749267578125	50.695892333984375
44.345367431640625	49.596829414367676
45.94250249862671	52.596110343933105
49.89537763595581	55.303518772125244
37.93104887008667	42.09982872009277
32.954532623291016	36.93624973297119
47.12417650222778	53.72063398361206
43.12184143066406	46.45353698730469
32.722243309020996	37.776543617248535
41.81049966812134	45.256112575531006
66.33814811706543	72.39060878753662
40.66379928588867	45.86474132537842
45.8684196472168	48.62548208236694
44.24930953979492	50.89311218261719
39.29311466217041	44.637142181396484
45.02624750137329	45.833298683166504
49.69074249267578	54.525611877441406
48.47285461425781	52.80982208251953
31.39994764328003	31.39814853668213
46.770660400390625	49.06569290161133
45.00563335418701	51.1691837310791
40.7962760925293	44.49656581878662
44.58112335205078	50.55958557128906
36.12220287322998	44.653239250183105
41.171936988830566	45.2152304649353
50.020450592041016	58.127296447753906
39.61563205718994	43.38090133666992
48.86714458465576	52.576171875
50.648345947265625	56.021650314331055
51.56493520736694	57.01307392120361
33.27455520629883	40.104912757873535
39.07484722137451	46.647159576416016
39.923150062561035	38.824583530426025
43.72600221633911	43.78261613845825
56.556026458740234	62.73757553100586
44.05561923980713	51.970258712768555
46.87795400619507	50.454853534698486
41.953495025634766	47.76384353637695
43.11474895477295	46.83903980255127
41.48037338256836	35.297096252441406
38.48536014556885	41.18704080581665
41.480992794036865	49.824020862579346
48.630226135253906	50.24560546875
49.611351013183594	52.94061470031738
33.58695888519287	44.47621822357178
40.06285858154297	45.501036643981934
50.81035614013672	56.15027618408203
35.75283098220825	44.89702892303467
36.08293867111206	40.545687675476074
42.395596504211426	44.75157451629639
48.39777326583862	53.91055631637573
43.62624216079712	47.52734613418579
41.20188045501709	45.26029872894287
32.59518527984619	35.115516662597656
45.38330841064453	51.800086975097656
47.84576368331909	54.45670509338379
44.27677917480469	51.73395538330078
48.70536804199219	50.226125717163086
50.67751169204712	55.21412754058838
47.230722427368164	51.91465759277344
31.31070375442505	38.115105628967285
59.889427185058594	65.78440761566162
40.53043270111084	47.36590576171875
53.62041664123535	57.15863227844238
43.76283264160156	47.5965461730957
45.37196445465088	54.75260353088379
57.88716125488281	63.85242462158203
35.89059352874756	39.58691358566284
35.36644697189331	42.45132541656494
39.74327802658081	47.48826503753662
38.86473798751831	37.54000473022461
44.58320903778076	49.913869857788086
41.455650329589844	46.39163303375244
40.80745601654053	43.651803493499756
41.97221279144287	40.05871772766113
42.808563232421875	47.4119029045105
39.977173805236816	46.12987518310547
52.88916778564453	59.57167434692383
43.85932493209839	45.60613393783569
40.23618698120117	44.42156982421875
40.20619297027588	46.66266345977783
39.49565505981445	45.34374237060547
45.08666944503784	50.69554948806763
48.72010040283203	55.58715057373047
54.27426338195801	58.44362735748291
38.89803981781006	43.1512246131897
49.99968338012695	50.49758720397949
44.00138854980469	48.935611724853516
38.41683053970337	40.84947633743286
55.946497440338135	60.274163246154785
42.21134948730469	47.61936092376709
42.19436693191528	49.17702341079712
42.96408748626709	48.70831775665283
28.334950923919678	19.668113708496094
43.41550302505493	46.92067337036133
52.043320655822754	56.25280952453613
48.966744899749756	53.52767038345337
42.22255325317383	44.56556797027588
42.21183395385742	46.10314130783081
46.916744232177734	50.01354217529297
33.486239433288574	35.704894065856934
46.32780599594116	53.94004964828491
40.63728713989258	46.51146697998047
44.629554748535156	48.61882400512695
31.16539239883423	41.601877212524414
56.90342903137207	62.979379177093506
38.71446132659912	38.7192964553833
43.64963388442993	49.053359031677246
35.16693592071533	38.84358215332031
55.34532165527344	59.7021484375
44.0678129196167	47.130492210388184
47.45913028717041	52.96605205535889
22.653439044952393	28.1756854057312
38.76390838623047	45.39150619506836
42.98239803314209	40.637131690979004
46.99606704711914	52.87419891357422
50.53926658630371	50.4851188659668
34.655879974365234	40.09082794189453
41.555663108825684	48.44704055786133
42.98447799682617	48.05959510803223
46.275787353515625	49.66254806518555
52.1288366317749	57.316805839538574
51.2156982421875	57.060523986816406
39.58279895782471	39.55956172943115
47.97439956665039	48.29054832458496
45.826430320739746	50.459933280944824
28.125099658966064	28.52754545211792
36.93430995941162	35.63293170928955
32.30758190155029	39.7030348777771
46.55644083023071	49.58298110961914
40.2781548500061	45.03367757797241
41.483025550842285	46.13895320892334
55.68024730682373	62.57567024230957
33.12458038330078	35.479111671447754
45.71491813659668	50.20955801010132
54.14222717285156	56.82059288024902
50.190834045410156	54.847137451171875
58.35391616821289	65.72920989990234
44.72578048706055	50.966270446777344
45.85621643066406	48.68031978607178
34.56653594970703	40.98437309265137
44.41975498199463	48.042975425720215
51.419615745544434	57.29941368103027
52.01971435546875	57.464630126953125
47.39985656738281	54.36955547332764
52.7852897644043	61.27238464355469
52.23515319824219	57.958717346191406
55.41218185424805	60.81354522705078
60.32000541687012	65.31157493591309
49.87110900878906	54.682640075683594
40.92152404785156	46.942726135253906
37.697693824768066	34.326945304870605
40.693992137908936	45.050026416778564
32.72509288787842	38.108219146728516
38.09341526031494	44.03024673461914
44.526251792907715	49.80659294128418
43.021267890930176	44.08222961425781
39.0791220664978	41.532068729400635
47.03766202926636	51.145132541656494
36.20457744598389	38.215670585632324
51.09622287750244	56.015387535095215
45.933669090270996	51.726356506347656
46.916687965393066	51.5431489944458
45.45970058441162	39.9069299697876
38.75127124786377	44.37757587432861
34.79678821563721	38.97633361816406
44.163662910461426	48.14971733093262
36.8745002746582	41.92097854614258
41.97641134262085	44.797614097595215
43.125049114227295	49.384788513183594
42.5619421005249	49.06273174285889
43.25368881225586	46.76651859283447
51.4389705657959	56.064019203186035
39.14616394042969	44.80843448638916
45.449735164642334	50.74476623535156
52.9243049621582	57.22154235839844
44.853943824768066	45.46499252319336
36.426438331604004	36.24811935424805
42.4020619392395	45.87362337112427
39.6002197265625	45.66499328613281
50.49967956542969	54.21842956542969
44.40651893615723	42.92088508605957
43.07459259033203	50.568878173828125
45.32938528060913	50.525779247283936
42.97881317138672	48.36369323730469
39.399837017059326	46.124680519104004
43.768104553222656	48.53144121170044
35.53395080566406	38.516539096832275
42.50828552246094	42.01455307006836
36.403419971466064	42.959434509277344
33.20910358428955	37.87782382965088
35.66064453125	32.043701171875
36.40802478790283	50.22330093383789
45.76125431060791	51.43712520599365
47.47878360748291	48.30528783798218
35.70951747894287	40.73616313934326
53.65735626220703	59.06827449798584
37.271392822265625	37.64505100250244
45.65890312194824	41.85885429382324
35.206443786621094	36.8664436340332
48.3733434677124	54.60813236236572
37.968472480773926	42.809417724609375
51.57154083251953	49.74808120727539
44.53521490097046	50.01504993438721
45.17905139923096	52.157755851745605
48.723838806152344	55.44275665283203
42.61619281768799	47.277488708496094
42.74092483520508	48.684452056884766
37.0869255065918	36.67089080810547
39.367512702941895	37.619553565979004
52.29564666748047	58.62804889678955
52.592121601104736	53.6722297668457
38.70151996612549	41.292715072631836
46.03399658203125	53.27395248413086
50.423569679260254	55.56480407714844
38.91973114013672	44.26563549041748
48.531097412109375	52.88092041015625
42.74084758758545	44.243751525878906
