104.23989868164062	102.53758239746094
77.76425647735596	75.27885246276855
95.31663417816162	93.29478549957275
71.20480155944824	71.87399482727051
79.63164710998535	74.16004371643066
87.99371910095215	86.2792797088623
87.86839866638184	85.4901351928711
92.57052326202393	94.23354530334473
81.88892555236816	72.78230094909668
74.52685260772705	70.6354751586914
95.96635437011719	95.395751953125
87.61605262756348	86.62980079650879
74.42536926269531	77.72191429138184
78.63354206085205	77.77857542037964
98.58008670806885	98.93136310577393
92.4319486618042	90.12952613830566
93.87027025222778	92.25527286529541
116.95033121109009	114.85937738418579
107.95883560180664	105.72421646118164
102.79089260101318	105.59922122955322
112.64660739898682	107.2490587234497
122.26873397827148	123.50594520568848
121.83692741394043	118.24377775192261
145.5926628112793	139.99264526367188
98.16681575775146	97.43625068664551
91.25443267822266	93.73646545410156
113.8117003440857	114.08097553253174
101.53128147125244	105.93369483947754
82.31414031982422	81.38508605957031
83.8508710861206	79.72592353820801
137.96279907226562	136.95486068725586
90.71229553222656	92.79888153076172
83.68072462081909	83.55124855041504
97.23244857788086	101.08987426757812
86.85864353179932	84.33596897125244
90.89380073547363	89.09365129470825
71.67927503585815	66.5746808052063
135.90780687332153	134.13915824890137
81.60329914093018	81.69387102127075
82.6566915512085	82.62727165222168
76.13111877441406	77.8638687133789
129.83454704284668	130.72320938110352
95.05652189254761	93.49107027053833
149.92044067382812	146.07744884490967
85.96880340576172	86.18852806091309
113.94164657592773	115.08867835998535
110.380615234375	104.24205017089844
84.2957854270935	81.93744421005249
94.26726293563843	89.99141216278076
82.06311988830566	80.25713109970093
79.36538457870483	79.97850894927979
79.07703685760498	77.43676567077637
132.172260761261	129.63041353225708
83.07968330383301	87.88494873046875
103.30701732635498	97.80787944793701
97.21820831298828	94.28667449951172
76.69206047058105	73.35753870010376
105.52714920043945	105.55148220062256
109.77808380126953	109.27128601074219
81.64685869216919	79.20207500457764
113.92880725860596	114.77230262756348
82.96357727050781	86.12718200683594
101.88191652297974	102.12094497680664
91.05892896652222	89.42476987838745
84.4364185333252	87.2135181427002
86.23525333404541	82.49221897125244
128.515869140625	131.04080200195312
75.30655431747437	80.90305471420288
89.3038740158081	87.72056770324707
84.15716648101807	84.03326511383057
80.3205099105835	84.72328758239746
111.40085363388062	113.2984414100647
106.9136095046997	108.37331056594849
95.1182713508606	95.01461982727051
74.80101585388184	72.8554916381836
66.92869567871094	58.587342262268066
78.91299247741699	81.76766395568848
147.52790594100952	145.2999243736267
97.8530707359314	93.93518304824829
81.14601993560791	78.47712802886963
89.68702602386475	89.26100826263428
93.91566753387451	94.84172344207764
78.22938060760498	75.36368751525879
82.58183002471924	81.22085094451904
115.4259386062622	116.65759658813477
106.90610218048096	107.25965547561646
76.79454231262207	74.5869312286377
104.24121904373169	99.31504583358765
116.62712860107422	115.72426414489746
109.26842021942139	107.71279382705688
126.57916831970215	115.76675033569336
77.16745948791504	76.7728214263916
120.91894769668579	122.69221830368042
91.56414985656738	89.76088285446167
103.69891357421875	103.99372100830078
98.39930820465088	97.95425128936768
110.03811836242676	106.58841133117676
80.38878917694092	80.99750709533691
101.74639129638672	101.26768493652344
92.21883058547974	88.88992309570312
89.68815422058105	87.44979190826416
74.82528400421143	70.5517749786377
97.50474548339844	96.42850494384766
116.29214715957642	115.91196632385254
89.62289905548096	80.04513645172119
92.83922100067139	92.73759651184082
93.7199478149414	97.25789642333984
83.42394828796387	83.90868854522705
84.22544717788696	81.28097534179688
113.08286762237549	110.97047138214111
90.96498727798462	87.87102699279785
68.66883659362793	68.03036499023438
87.57726287841797	85.98567008972168
87.71487712860107	85.26354742050171
81.85986471176147	84.122314453125
85.04316806793213	84.61993408203125
86.5984296798706	89.71131563186646
89.07553005218506	84.0174970626831
95.99293804168701	95.36522006988525
80.66069030761719	76.11615753173828
91.74148559570312	81.81833839416504
98.0997085571289	101.28462219238281
108.12008333206177	109.1125373840332
124.6346173286438	124.77058839797974
86.07848167419434	83.64004325866699
115.44152069091797	112.93952751159668
91.83899116516113	92.06153297424316
75.59777784347534	72.8733811378479
91.35009479522705	86.91803741455078
94.63802576065063	94.16395711898804
91.24081134796143	87.86419630050659
95.73190402984619	92.67144012451172
110.81578731536865	109.80929374694824
94.41600036621094	92.5170669555664
79.31822347640991	75.7694001197815
97.12671184539795	101.12044143676758
96.91539859771729	95.0909857749939
83.03866291046143	84.2833309173584
81.67092895507812	78.5802092552185
85.68006706237793	86.74609565734863
118.46057510375977	119.18558835983276
85.16004467010498	84.96552991867065
100.44188690185547	101.01555347442627
93.56352043151855	95.57196092605591
92.28431510925293	94.09204006195068
96.68513488769531	96.77153778076172
81.995849609375	79.15114498138428
106.24956750869751	100.71412801742554
65.50648593902588	65.61833238601685
84.2211332321167	80.27637004852295
130.31660079956055	128.22733879089355
80.74655294418335	79.64006042480469
90.7620620727539	87.33092498779297
96.35721111297607	99.58747386932373
96.35994338989258	95.28771591186523
84.83506679534912	87.34889030456543
110.30409908294678	113.30140972137451
140.90471267700195	135.70175170898438
75.92673683166504	73.23342704772949
93.25545072555542	89.471755027771
79.1655969619751	77.71324729919434
89.41104650497437	88.15564250946045
110.78918123245239	109.5803017616272
95.75840950012207	93.92448663711548
103.47332382202148	101.89973831176758
108.29474020004272	108.87368726730347
67.82030296325684	68.51561164855957
92.55759239196777	89.3818588256836
119.54752349853516	114.7884693145752
101.44819641113281	99.94229888916016
80.36760711669922	79.39732456207275
68.72653293609619	63.87916135787964
100.36123275756836	103.94909858703613
91.47425651550293	84.92950916290283
65.88164234161377	66.09153652191162
94.80825662612915	97.92409753799438
118.83433294296265	113.47313070297241
89.62790250778198	96.06699228286743
83.28436088562012	84.39282989501953
83.03372955322266	78.4976110458374
87.67178153991699	86.78534078598022
75.9961109161377	78.11593437194824
103.87753486633301	104.04028701782227
85.56355476379395	85.16947937011719
76.49927425384521	81.13015460968018
109.63495969772339	112.54441595077515
64.63378858566284	61.67786979675293
103.67597150802612	103.78721332550049
81.9694128036499	86.08492755889893
127.48093843460083	132.66250562667847
81.2606201171875	78.78565216064453
96.17865753173828	95.23985290527344
104.36552810668945	101.4102554321289
76.98664283752441	76.40231895446777
112.4456262588501	106.39260578155518
82.62016296386719	80.9607925415039
88.06494665145874	82.64993095397949
82.94310665130615	83.93346309661865
96.00877332687378	92.1721830368042
84.70248651504517	85.43178510665894
65.78022193908691	68.68968200683594
84.40560722351074	82.83045959472656
108.53328227996826	96.55590343475342
94.89071846008301	97.70408391952515
76.61834955215454	78.88497734069824
100.66040802001953	103.23126220703125
76.93338203430176	71.63290214538574
90.42191505432129	87.74824619293213
69.68218231201172	71.23408699035645
75.78672790527344	74.62461853027344
84.9332275390625	83.1690502166748
79.03353881835938	79.57108497619629
82.0862512588501	78.7088041305542
91.51580572128296	87.86209344863892
87.23643779754639	85.79095602035522
93.59050703048706	92.10394048690796
122.87469005584717	114.27010345458984
87.74608039855957	87.40469074249268
90.02986192703247	87.76561975479126
100.79295825958252	98.96702480316162
84.40460205078125	86.20620536804199
92.51058864593506	89.22047996520996
77.43314552307129	74.8308334350586
110.70068597793579	107.72965478897095
97.32398509979248	97.5922122001648
82.10617113113403	79.1615343093872
98.97106647491455	99.48352575302124
126.85047197341919	126.24000787734985
97.19433403015137	95.89409065246582
95.35414695739746	88.530592918396
85.6990385055542	87.60380744934082
118.821533203125	115.3028450012207
106.74788045883179	105.34780788421631
77.88569641113281	74.91228675842285
106.43321990966797	103.31438064575195
67.5710620880127	68.56317901611328
134.39607667922974	130.63371419906616
101.18148803710938	96.65007019042969
91.87169551849365	90.36121368408203
105.55567932128906	104.43231201171875
68.77497100830078	66.95015621185303
105.91047048568726	107.91820573806763
116.95399522781372	117.06650161743164
119.83392715454102	118.76394271850586
91.61952257156372	87.00341272354126
85.86555290222168	86.29702949523926
85.99122714996338	85.78793144226074
83.41015434265137	82.66681480407715
73.5930347442627	73.3051815032959
101.52936840057373	101.64864349365234
89.80644464492798	94.47293758392334
93.8977918624878	90.16279745101929
81.96545219421387	83.45999908447266
133.05371284484863	133.07510375976562
78.32832527160645	78.52324676513672
120.18454551696777	120.49975776672363
84.24105405807495	83.47152471542358
91.52699279785156	90.37074279785156
90.63447761535645	91.10318660736084
99.38752889633179	96.97928762435913
93.85606527328491	94.95896100997925
86.72855377197266	82.98772716522217
108.98408269882202	113.77404594421387
111.34105348587036	112.67602157592773
117.633056640625	119.3386173248291
90.31388282775879	84.74343013763428
86.83589267730713	87.6316385269165
81.0164270401001	79.24764156341553
80.9699158668518	79.27925109863281
93.23259544372559	92.30680274963379
79.06842708587646	80.6549072265625
109.1617784500122	105.75489234924316
123.5592041015625	125.23879098892212
78.32563591003418	79.88186645507812
91.98041439056396	90.94444513320923
82.53564119338989	88.16315174102783
96.44332885742188	98.01736450195312
113.70345306396484	113.60791301727295
97.97099590301514	95.14778852462769
82.57809448242188	79.02857208251953
76.26930284500122	76.67691040039062
92.39974737167358	91.22941732406616
80.97822856903076	82.06587839126587
94.48568725585938	92.27654266357422
117.4185380935669	115.75451421737671
100.97696685791016	99.52388763427734
72.42267608642578	72.5383358001709
105.36867427825928	104.35904312133789
103.38043928146362	106.11775875091553
79.01644706726074	76.22072410583496
101.41967296600342	105.4065728187561
105.45307731628418	107.65930366516113
93.14427471160889	90.05393695831299
151.29620599746704	148.84492588043213
119.03553771972656	115.6424880027771
109.8601303100586	105.27513885498047
88.44253349304199	85.51826477050781
84.6727523803711	80.9033432006836
79.20162963867188	75.3991870880127
94.39043283462524	95.55393934249878
79.15711212158203	76.53100776672363
104.22638511657715	102.39012336730957
94.52691650390625	96.691650390625
113.88813734054565	114.4949049949646
98.79713439941406	98.4120101928711
77.68890380859375	77.53935241699219
87.22495794296265	86.66517734527588
75.74180889129639	72.48675060272217
84.95207214355469	83.57479190826416
89.77716827392578	91.22007846832275
110.50877094268799	106.9346866607666
84.89822387695312	82.17938995361328
91.44347333908081	92.75088691711426
84.3230152130127	81.70889854431152
95.57068538665771	91.0763168334961
116.13117218017578	115.80792999267578
77.14527940750122	77.59863471984863
96.63763046264648	99.5104627609253
88.521568775177	86.17358684539795
109.20489168167114	111.29265975952148
98.2142333984375	101.7699966430664
101.97654962539673	99.08509969711304
84.52799987792969	87.46434783935547
76.42461204528809	70.38892364501953
80.76962471008301	79.74873161315918
132.28979015350342	131.28956365585327
125.45741271972656	120.30180358886719
124.7481107711792	121.70659255981445
105.87049055099487	103.67713069915771
112.80836868286133	109.10044813156128
75.05104064941406	73.47017669677734
70.87140655517578	73.35246276855469
94.32355260848999	96.19376564025879
88.60026550292969	87.47232055664062
80.36073875427246	78.70685005187988
95.83383178710938	94.10444641113281
100.1637053489685	95.05180835723877
76.6439437866211	77.06473445892334
90.70120143890381	89.95026969909668
92.64812183380127	90.70766353607178
69.89205932617188	70.86845397949219
107.73381042480469	105.01988220214844
89.46565389633179	89.58379983901978
80.00781202316284	77.01885938644409
143.47611474990845	139.85401439666748
78.8609790802002	81.50990867614746
87.48745632171631	83.3526086807251
85.01606941223145	85.11116647720337
110.74533748626709	109.41110324859619
96.47177696228027	96.23954057693481
82.09946918487549	77.46801471710205
80.8335657119751	78.45662879943848
91.84780979156494	84.51334285736084
125.98472929000854	122.09210014343262
112.78953266143799	110.27688217163086
78.46269702911377	83.45000743865967
91.27731084823608	93.29687833786011
74.30839347839355	76.25264739990234
85.97207450866699	87.68421936035156
99.2035322189331	96.2400131225586
109.14633226394653	104.44852781295776
100.41340780258179	94.68577146530151
89.1718397140503	86.60295057296753
84.87043285369873	81.67502021789551
93.36872291564941	91.71658515930176
74.69158792495728	78.39776372909546
87.43705558776855	86.0160140991211
86.6529541015625	91.19784545898438
77.18793392181396	77.08291864395142
87.01411628723145	86.93317222595215
109.33000326156616	109.98595952987671
82.92584991455078	79.94456005096436
93.7391095161438	93.05164432525635
94.47352409362793	90.88893604278564
89.12817478179932	94.28805112838745
95.1587462425232	91.51594877243042
88.77362251281738	89.07679796218872
79.8436689376831	79.01207685470581
109.6748423576355	107.30053520202637
77.0745677947998	73.46111869812012
82.43111896514893	88.06051349639893
80.16600704193115	79.27515888214111
96.5718126296997	97.1182107925415
112.13804244995117	103.90017366409302
90.29061698913574	83.66512870788574
105.24036884307861	103.63399744033813
89.3988847732544	96.78747653961182
95.81315612792969	89.89640045166016
98.78221035003662	99.33870792388916
80.33273267745972	77.58407354354858
64.94875383377075	61.4597373008728
83.31853294372559	79.89993095397949
95.98653602600098	92.0264253616333
74.95487928390503	80.07971286773682
141.4565920829773	139.03877305984497
108.28295135498047	107.39398193359375
80.40638160705566	83.48185205459595
86.83852958679199	88.80994987487793
67.57391262054443	64.95716571807861
77.34889316558838	75.67896175384521
83.74808692932129	84.34705924987793
103.33790016174316	101.80050086975098
99.2821455001831	99.51886653900146
112.4302716255188	113.62574434280396
107.29536437988281	102.97245788574219
84.13887023925781	84.39514923095703
101.78760766983032	106.3253116607666
91.47991752624512	87.96235513687134
78.73738288879395	75.79516410827637
85.12786388397217	87.32156038284302
137.94049263000488	136.29640579223633
86.00110054016113	84.77766132354736
88.45340251922607	83.20459127426147
109.10079145431519	110.8136625289917
83.49560260772705	88.05889797210693
87.88707733154297	84.95622253417969
75.0306487083435	74.57618951797485
75.24683570861816	77.0140323638916
97.21253299713135	98.483642578125
93.11859369277954	94.40048217773438
133.06351900100708	128.34939622879028
81.56605339050293	79.39468574523926
82.25736999511719	82.38294982910156
89.56072998046875	89.55516815185547
93.68661451339722	83.2538013458252
88.27114820480347	88.89724016189575
125.84407997131348	121.18542194366455
94.68369579315186	92.6758861541748
78.74283599853516	75.38458251953125
92.06930541992188	94.18461608886719
73.11285209655762	74.50702857971191
91.84573173522949	93.95013570785522
92.6290225982666	89.09338092803955
70.45756101608276	69.73257780075073
68.95212364196777	68.95811462402344
88.58468770980835	90.06081104278564
97.25882291793823	91.18175268173218
71.6019058227539	73.25549125671387
95.12432098388672	89.9505615234375
83.6068525314331	86.15604400634766
103.15388488769531	99.76825714111328
97.56714105606079	96.3570785522461
99.06755065917969	99.34295654296875
80.59284400939941	80.65768432617188
124.54269552230835	126.19195175170898
81.7320499420166	79.74295854568481
91.92530059814453	91.19918823242188
98.12672424316406	97.13626098632812
78.99527931213379	78.28117084503174
110.1153917312622	109.06317853927612
72.048743724823	78.98299407958984
83.37911128997803	83.26786708831787
116.4320182800293	115.50772666931152
85.08019161224365	84.33174324035645
90.43058109283447	90.43869209289551
103.01041316986084	105.02484226226807
69.0523509979248	67.10510444641113
149.2296438217163	146.74606561660767
96.04750490188599	89.7168459892273
109.64201831817627	110.21796798706055
109.98973846435547	107.44166564941406
85.95046520233154	84.77029132843018
101.71266841888428	97.85579776763916
80.97681999206543	80.40900707244873
80.93130302429199	81.08483076095581
108.53380918502808	106.17581176757812
119.0355863571167	112.68476724624634
85.64100360870361	82.46741724014282
126.56049013137817	122.00593328475952
126.86407470703125	123.68395328521729
78.41592645645142	78.52916145324707
87.78283882141113	84.61830139160156
98.10509490966797	102.1578598022461
65.46184301376343	65.81948518753052
108.42476749420166	104.42625904083252
82.19756126403809	81.56317234039307
87.30547428131104	87.0939588546753
110.66926622390747	109.44028854370117
143.58595180511475	144.97100639343262
96.43751525878906	94.6513671875
105.21871709823608	102.86047649383545
84.25018072128296	81.71261072158813
68.917405128479	71.08680057525635
88.0413875579834	88.88380336761475
85.3578748703003	90.9831371307373
63.7034912109375	65.59989166259766
85.18807792663574	82.58784484863281
80.46695709228516	77.3243637084961
142.40021181106567	137.87201070785522
91.15940809249878	89.79364156723022
102.90199279785156	100.4767837524414
106.62823486328125	108.1436767578125
82.04902744293213	83.07516574859619
93.60044717788696	92.48625040054321
94.09385633468628	88.68534326553345
77.73929357528687	75.42603158950806
91.3218765258789	87.10617923736572
99.19410705566406	107.54100799560547
104.53903198242188	107.51690673828125
76.74533987045288	76.02964162826538
80.43828392028809	79.31861114501953
89.46580410003662	87.94710969924927
91.05947828292847	90.38606262207031
108.39120435714722	106.85940217971802
93.3217191696167	96.79580211639404
75.14701652526855	73.68739128112793
92.6274938583374	92.19556951522827
76.06341648101807	78.40479183197021
77.77674865722656	71.36291313171387
112.14314937591553	109.44709777832031
89.77677917480469	86.87130737304688
75.46205949783325	75.28374242782593
69.50096988677979	67.41720390319824
99.56728219985962	102.4344277381897
108.25802612304688	108.39897918701172
80.9204568862915	83.02928352355957
105.05103778839111	103.9963846206665
108.4066743850708	107.28341674804688
95.60121774673462	91.2767243385315
94.33106899261475	93.97648668289185
104.23366403579712	98.81138944625854
87.38240051269531	86.85723876953125
126.91352891921997	128.56135368347168
76.15805768966675	75.94599390029907
73.31901741027832	73.35728645324707
84.935546875	87.82569885253906
121.25732421875	122.77587890625
85.26116704940796	84.24678182601929
71.35178470611572	70.11115264892578
81.19274091720581	84.8178539276123
80.85125541687012	81.11745643615723
79.63387870788574	80.46557331085205
68.72970342636108	69.15410041809082
65.10114097595215	65.37573051452637
73.73855781555176	72.71243476867676
122.81132555007935	120.42849397659302
88.0261001586914	85.59072875976562
96.46716451644897	96.7584457397461
85.86824035644531	85.79108905792236
82.17778444290161	83.48286151885986
76.1630687713623	72.70801734924316
74.62934875488281	74.13842582702637
108.42164993286133	106.5888500213623
75.33675956726074	72.90774536132812
144.30315971374512	141.74633979797363
118.24813842773438	110.45267105102539
81.3962254524231	73.20282077789307
77.16115856170654	76.89661312103271
81.09094142913818	82.84347820281982
87.06115818023682	87.91053009033203
106.16316604614258	105.16515922546387
83.20666694641113	80.41749572753906
87.95730304718018	93.2104721069336
70.4571533203125	69.69906520843506
78.25578451156616	77.09384107589722
82.66643714904785	80.46684265136719
106.03362274169922	102.18383026123047
67.72460174560547	65.9425277709961
82.2406005859375	85.09887027740479
100.2796401977539	99.09783935546875
103.60594987869263	102.67219305038452
111.2948727607727	108.80293607711792
73.43355560302734	71.92681169509888
87.73986530303955	84.85128116607666
86.42235374450684	82.11424827575684
81.27781677246094	79.01712226867676
95.15289878845215	94.25663661956787
89.22750949859619	87.33961343765259
104.60208129882812	105.4418716430664
117.57531452178955	114.63931274414062
97.35269927978516	96.417724609375
86.2503604888916	84.14306831359863
83.74601554870605	83.00644111633301
103.4433822631836	101.43382263183594
76.06279563903809	78.25460147857666
72.44837951660156	70.9468002319336
117.92938995361328	120.74212837219238
88.99742317199707	89.8948974609375
80.56733560562134	81.88027763366699
77.95202684402466	79.70097351074219
82.22628784179688	78.77239227294922
92.82962131500244	90.9954137802124
117.74524211883545	114.3228120803833
90.03921699523926	84.00283718109131
78.20988464355469	75.02094841003418
127.71833419799805	127.5010871887207
94.31721925735474	91.08055114746094
74.90556621551514	75.59457397460938
66.30793762207031	65.20745658874512
96.57762908935547	95.59859466552734
128.1328296661377	125.1225471496582
118.1441912651062	118.35805940628052
82.99980211257935	83.99374961853027
98.4237060546875	91.32015991210938
91.92174339294434	90.39537620544434
119.70103454589844	118.56058502197266
101.40338134765625	103.35896921157837
100.91864347457886	102.39489555358887
75.2968955039978	75.01668691635132
89.45967102050781	85.22631645202637
88.88457489013672	90.00267791748047
82.44001770019531	80.6434679031372
97.65895128250122	91.11949682235718
77.4929027557373	75.33202362060547
71.41184902191162	74.96883487701416
67.63502597808838	70.67878913879395
79.72103691101074	79.21216678619385
74.8614764213562	73.24511289596558
71.88565063476562	73.7128553390503
109.97885036468506	113.20219612121582
84.96418476104736	75.60877561569214
107.10043430328369	107.48360824584961
72.84387683868408	74.234055519104
100.01142883300781	102.1371078491211
90.61296081542969	87.40485382080078
82.01680183410645	84.21748638153076
106.89834594726562	102.9322600364685
107.38111782073975	105.36818218231201
139.44320583343506	138.19384479522705
77.09721326828003	77.28479766845703
76.77030277252197	79.87748670578003
87.98103332519531	88.5792875289917
104.22839641571045	99.81950283050537
85.87692975997925	89.00093078613281
69.86373138427734	71.7740707397461
134.37502813339233	129.7893090248108
84.29369497299194	85.19219207763672
92.70287370681763	90.62561130523682
99.88290357589722	98.71195840835571
81.15998840332031	81.65796375274658
82.79749631881714	80.08265018463135
98.50487518310547	98.24810028076172
100.08374118804932	93.7313346862793
94.6685791015625	98.15335845947266
75.11142587661743	73.81216669082642
72.01544380187988	70.9259033203125
78.76143836975098	74.82616424560547
61.24020195007324	64.51188468933105
90.8492431640625	87.26465845108032
84.93490600585938	84.41361999511719
95.42777156829834	90.66493892669678
99.26671028137207	100.9034514427185
79.22197723388672	79.6292552947998
91.30409479141235	88.36347818374634
132.15890264511108	133.02138233184814
75.34608459472656	78.19016933441162
82.33995532989502	87.94353485107422
118.65112924575806	119.19180631637573
110.92329406738281	109.18798828125
89.03285217285156	89.5301513671875
101.26294612884521	95.1394772529602
88.8786449432373	86.35791206359863
86.15942716598511	83.38344097137451
76.21436786651611	76.17422008514404
104.49397087097168	101.01918411254883
82.03962802886963	82.35389423370361
91.99743938446045	92.00835418701172
94.56936120986938	91.21696472167969
72.09562110900879	69.99258613586426
64.29172325134277	62.64138221740723
77.8927173614502	76.97065544128418
109.4393892288208	107.06620502471924
107.98493957519531	104.97178649902344
87.96598529815674	86.53354930877686
101.93396663665771	105.90649032592773
92.5707368850708	93.75099754333496
76.08732604980469	74.35866737365723
102.0140151977539	100.06903839111328
129.29989528656006	125.1235613822937
86.4918065071106	88.0353569984436
99.756178855896	96.12639474868774
91.66684055328369	90.98912143707275
94.5686388015747	93.83838272094727
85.64567756652832	85.2996597290039
80.22893238067627	76.39256143569946
69.97640419006348	65.38416481018066
81.47732543945312	77.33809852600098
93.77458238601685	92.3511118888855
70.62432861328125	67.74525260925293
116.74050951004028	114.23467874526978
76.28311157226562	80.09651184082031
85.53715372085571	76.96690654754639
113.56203985214233	113.87740468978882
112.85761642456055	108.79718065261841
74.18978881835938	78.68039226531982
107.3840103149414	111.65162658691406
80.50805759429932	79.34557437896729
96.45370817184448	91.13830614089966
102.89421844482422	101.87128448486328
85.56386232376099	89.66749906539917
95.09251356124878	88.15818786621094
85.26194477081299	84.13191890716553
76.06014013290405	74.16466426849365
105.65924215316772	105.22111654281616
78.16926670074463	80.77052879333496
74.92341089248657	73.2257308959961
96.23486995697021	92.1239161491394
82.47525215148926	81.81709098815918
79.38220739364624	78.23251247406006
90.52912473678589	83.02807331085205
107.57011699676514	110.25411987304688
98.95212173461914	91.39492511749268
122.41740465164185	128.9054570198059
100.42375802993774	101.62740468978882
77.88252067565918	78.49815559387207
91.5030689239502	88.13899326324463
90.96435070037842	92.38441228866577
80.38867139816284	83.35078287124634
115.56455516815186	116.30117082595825
95.58352851867676	88.84219980239868
114.08921527862549	110.96917533874512
94.51516056060791	93.96793174743652
105.95594787597656	101.58019256591797
77.00589752197266	75.13546943664551
84.71569776535034	82.13622808456421
98.6705093383789	92.41603374481201
84.29385185241699	80.4387903213501
108.09336853027344	107.1785888671875
87.2225170135498	89.36347389221191
107.09628009796143	107.38722038269043
98.44717741012573	97.56354331970215
104.66576099395752	110.69149589538574
80.66709995269775	79.32280540466309
80.90757703781128	78.57866477966309
104.566162109375	101.67713928222656
95.00245761871338	92.53523397445679
111.74323081970215	113.74759674072266
89.2005386352539	86.5497817993164
73.36076402664185	71.57141351699829
103.87169122695923	105.36081790924072
114.96595811843872	115.873215675354
100.78555297851562	105.33932495117188
97.7794942855835	99.09989833831787
66.13630485534668	67.37703895568848
61.96541404724121	60.7298641204834
87.40628242492676	86.91618204116821
84.67385387420654	82.87817192077637
98.24782133102417	96.66233539581299
94.21610355377197	93.18870306015015
71.89935064315796	71.2822642326355
83.17204427719116	80.18747425079346
104.21371459960938	102.71926593780518
113.13162994384766	115.3697509765625
83.35091924667358	82.40311622619629
76.41368865966797	74.7612361907959
132.0064353942871	130.91705322265625
91.38186693191528	90.95392942428589
97.27034568786621	89.40174579620361
104.78941345214844	103.30043029785156
94.65905332565308	92.41789102554321
71.19202423095703	71.42638206481934
96.13738679885864	87.92643880844116
81.28176021575928	76.55671882629395
93.92709016799927	94.62733268737793
84.07132387161255	82.40275382995605
115.19654273986816	116.06222152709961
87.35776042938232	87.35559749603271
152.7198486328125	151.82660293579102
102.52015686035156	107.53703308105469
77.42817163467407	77.37964153289795
88.42809200286865	87.32633781433105
92.27507591247559	94.55088901519775
107.15960025787354	109.14849758148193
72.32640838623047	71.1551570892334
74.57285642623901	74.79942798614502
79.7022557258606	77.13215589523315
79.55859136581421	78.32412719726562
65.33790397644043	63.533470153808594
96.32163333892822	95.3371639251709
70.53418922424316	71.5971622467041
88.19498443603516	86.92757415771484
88.44775199890137	87.90610313415527
86.5899658203125	90.59400272369385
153.24988269805908	145.58067417144775
79.88774299621582	81.59391689300537
81.33436059951782	82.77945041656494
80.55889320373535	79.03613090515137
93.44797611236572	90.89474201202393
85.66443538665771	87.82930994033813
92.43185520172119	94.80884313583374
95.23404121398926	93.5236144065857
102.6467342376709	101.78605651855469
98.55688333511353	97.18392133712769
102.56875610351562	97.60860443115234
72.63202667236328	73.88583374023438
87.28873348236084	86.11020851135254
84.23980522155762	80.5101671218872
75.76392650604248	74.754159450531
88.686936378479	89.83349418640137
83.5278787612915	82.47615766525269
93.01955223083496	94.2782735824585
103.22628784179688	101.26888275146484
78.11458826065063	80.74629306793213
123.72069931030273	117.48098802566528
94.37754821777344	93.05835771560669
99.78720378875732	89.10454273223877
90.50968170166016	91.47651672363281
57.01091194152832	66.48475456237793
83.31477642059326	82.80246019363403
108.65361022949219	104.62124633789062
94.30665588378906	95.2605972290039
113.66370010375977	109.38711166381836
74.91577672958374	77.87722492218018
83.3933973312378	81.07501029968262
101.59244537353516	100.59185791015625
85.3123426437378	76.32583379745483
72.28551959991455	66.01489543914795
108.43300008773804	108.19670343399048
84.54699993133545	86.45520830154419
111.14298439025879	107.6150131225586
111.87874031066895	112.37369155883789
81.12546730041504	79.08521461486816
99.09054660797119	96.29433584213257
102.61244869232178	101.8304615020752
105.234450340271	105.38453674316406
84.20235443115234	82.7022123336792
79.95197868347168	81.84763526916504
90.68772983551025	88.76884746551514
96.38942956924438	99.60561990737915
72.51483154296875	74.22563028335571
102.19442749023438	98.91146850585938
114.33604097366333	116.49741744995117
94.03680419921875	96.97154998779297
150.4199504852295	153.28622817993164
96.01708984375	94.57266235351562
81.31104040145874	80.31232595443726
73.74172782897949	78.10321998596191
119.39378356933594	118.91450500488281
92.35657453536987	90.75608968734741
74.84121894836426	73.73995971679688
79.56314277648926	81.87644004821777
86.9124584197998	88.66470336914062
86.78041934967041	92.09642171859741
74.21971035003662	70.73100996017456
89.53273010253906	87.67511749267578
83.63399028778076	83.19184398651123
101.59821510314941	103.35226535797119
109.71930313110352	104.145911693573
108.06704711914062	108.89216613769531
104.0033769607544	102.04477787017822
103.82508373260498	104.00002384185791
112.36759519577026	109.90619087219238
92.3638129234314	91.62794351577759
91.02926731109619	89.49985027313232
101.05860805511475	101.26984119415283
86.46035671234131	84.90418910980225
108.86379766464233	114.24947261810303
73.02662658691406	71.52893257141113
83.37864065170288	87.24850416183472
99.5399169921875	102.6628189086914
96.77201271057129	98.09494256973267
86.80091857910156	86.38700723648071
96.0379991531372	99.04087162017822
104.67078828811646	105.66668939590454
118.3643388748169	118.20075416564941
71.954176902771	73.57485485076904
85.00766658782959	77.96653747558594
81.87283897399902	84.13976430892944
73.4919662475586	72.08285522460938
72.71567344665527	72.06470489501953
151.99310302734375	153.982177734375
122.44066286087036	128.6104702949524
138.329439163208	137.98062324523926
101.61005163192749	102.06110095977783
104.35226440429688	99.7957706451416
92.8732271194458	93.76480293273926
111.70407485961914	112.64148330688477
92.10999870300293	88.41036987304688
72.2959041595459	73.89621162414551
123.20518159866333	119.67672872543335
104.67681550979614	105.83819532394409
92.66122436523438	90.07511138916016
91.63734197616577	90.10664463043213
106.59481287002563	107.75338411331177
80.01496887207031	82.24839782714844
93.44159126281738	94.2140588760376
65.92994403839111	67.45671653747559
89.1032075881958	88.21905517578125
91.66046237945557	91.11193180084229
100.13779163360596	97.4185037612915
116.05978488922119	107.57596206665039
76.99381828308105	76.73513603210449
69.79344129562378	70.05887126922607
66.98957633972168	64.8779296875
129.9554944038391	128.28265571594238
87.72836303710938	88.82777404785156
80.58467388153076	80.6289587020874
156.83076190948486	157.44476127624512
116.3210768699646	113.31062507629395
95.00446796417236	94.78734254837036
86.67503929138184	84.9445219039917
97.36068964004517	94.80905055999756
106.45904350280762	105.41383409500122
85.23800563812256	85.7505407333374
73.83435678482056	66.98592376708984
94.51532745361328	89.03756713867188
102.23376178741455	99.05586528778076
70.08673667907715	67.71792411804199
74.18552350997925	71.93288660049438
99.35545539855957	98.28558683395386
80.50903511047363	80.69468545913696
96.51424169540405	96.59210443496704
88.78814506530762	91.94733238220215
83.74233722686768	82.74004459381104
76.09871768951416	76.73729705810547
118.26301383972168	113.43075942993164
99.46926689147949	103.2533450126648
82.53890419006348	79.37958526611328
80.27947425842285	76.27202606201172
83.4389123916626	75.98736524581909
80.50808143615723	78.53224182128906
97.32112121582031	94.56140899658203
77.79391479492188	78.63566780090332
96.25804138183594	94.25831604003906
81.63640117645264	79.53344249725342
115.21716785430908	113.93595600128174
88.64474058151245	91.66145324707031
116.29810237884521	110.25658321380615
63.022990226745605	63.247780323028564
86.36962652206421	88.90173196792603
88.64015865325928	85.68882751464844
85.56039619445801	84.58867168426514
108.68732500076294	109.333505153656
114.19336938858032	115.29243659973145
93.05420589447021	95.53733921051025
91.6593542098999	88.55590534210205
91.29298210144043	89.61426258087158
80.86933851242065	80.58445930480957
80.28350734710693	72.29055595397949
106.1436882019043	103.91667366027832
132.01998710632324	129.69457626342773
96.4928207397461	93.73470783233643
60.55988073348999	60.58766841888428
92.92233276367188	88.14439392089844
105.98734664916992	106.42529344558716
72.27641487121582	76.53080177307129
119.43532752990723	122.98467254638672
106.68725299835205	105.84332466125488
102.34002685546875	107.60637664794922
69.27157402038574	69.0889949798584
97.05714225769043	96.14953279495239
79.72041320800781	83.9644718170166
111.31770372390747	112.42405414581299
78.28824710845947	78.1615219116211
99.84269428253174	97.3796968460083
93.16625118255615	90.86051082611084
83.20768165588379	84.28788661956787
77.43456935882568	77.70376777648926
88.85144233703613	89.81725931167603
99.83126831054688	101.32334899902344
81.05015277862549	86.07031440734863
92.96307563781738	94.78415250778198
98.7868013381958	98.17955255508423
84.66953945159912	83.79623460769653
104.23097133636475	101.85104370117188
83.25194120407104	86.52348518371582
103.02110624313354	99.53097677230835
75.84581565856934	76.63205909729004
75.490487575531	78.78852891921997
111.11640071868896	109.77123641967773
99.93545818328857	98.80503177642822
81.71916007995605	81.02927112579346
121.03355884552002	119.58982563018799
84.36629676818848	81.92020606994629
88.24605941772461	87.77569532394409
105.98493432998657	107.82684850692749
128.27226161956787	127.17707633972168
89.16079759597778	88.57550382614136
107.57262086868286	105.7835431098938
98.75773429870605	99.05490064620972
93.88485145568848	93.81568908691406
91.06103324890137	89.22126960754395
93.63162517547607	95.07649183273315
85.30524444580078	81.73515319824219
119.87416934967041	117.33194160461426
122.47128582000732	126.40155029296875
93.51792812347412	91.41709327697754
131.79043769836426	132.53819465637207
99.63006591796875	99.27735137939453
91.00330352783203	92.08814239501953
94.03019714355469	89.0392370223999
101.65388822555542	106.32256698608398
109.46689414978027	104.57324934005737
100.754319190979	96.63423156738281
102.44567537307739	106.68330144882202
105.08180236816406	107.57574462890625
100.8222541809082	105.44560146331787
108.50800514221191	106.6343879699707
88.91319465637207	87.73001861572266
74.53329944610596	77.91158533096313
79.47121143341064	81.4478988647461
80.79915618896484	80.00795555114746
113.25411987304688	118.4185791015625
99.89770555496216	100.28694248199463
100.04504442214966	98.57459831237793
98.50098419189453	98.97317504882812
85.09434700012207	82.97832298278809
87.4320478439331	87.17752265930176
60.14691925048828	60.221792221069336
81.12393283843994	80.35386180877686
