43.87806701660156	44.57928466796875
40.0030517578125	41.35438108444214
41.656989097595215	44.61737108230591
35.1212043762207	38.31690835952759
36.97526836395264	40.1347131729126
38.333133697509766	43.2771954536438
42.84766387939453	48.404611587524414
38.06550598144531	43.170433044433594
32.431297302246094	35.098717212677
32.604854106903076	33.561034202575684
41.275306701660156	43.315887451171875
37.92435550689697	41.53560733795166
48.3421630859375	47.774505615234375
34.44083833694458	37.558706760406494
50.84963846206665	49.81166744232178
29.892714500427246	33.13498592376709
30.422733306884766	34.24855041503906
35.653690338134766	38.794129371643066
49.80901622772217	51.65560340881348
41.02634525299072	43.99658203125
36.21486282348633	38.783766746520996
30.68516254425049	33.771729469299316
33.370319843292236	35.19295835494995
28.307807445526123	32.745914459228516
35.74904251098633	38.80443620681763
42.891822814941406	46.81852340698242
35.815399169921875	38.656490325927734
35.58225965499878	40.33847665786743
36.41539764404297	39.55025100708008
37.01881408691406	42.89569854736328
39.523688316345215	41.893639087677
33.80636119842529	34.803176403045654
28.650407791137695	33.79374027252197
39.65287113189697	40.91268253326416
36.218295097351074	38.89033555984497
29.682844161987305	34.43814754486084
35.164793491363525	40.25373840332031
34.932655334472656	39.300392150878906
43.529441833496094	47.88764953613281
42.5408935546875	45.31144094467163
37.21885013580322	41.2631950378418
43.47706317901611	48.43342161178589
46.132240295410156	47.58564758300781
36.24740171432495	39.98817491531372
27.692971229553223	31.192007064819336
35.65370988845825	42.62288808822632
38.65249252319336	42.625919342041016
33.38581085205078	35.107757568359375
33.553099632263184	36.72257900238037
42.33552551269531	46.49232482910156
38.8119535446167	41.82696533203125
37.190189361572266	40.64667510986328
36.106661796569824	39.03284168243408
36.61608123779297	43.008384704589844
39.50144863128662	45.04093837738037
45.79368209838867	49.85922622680664
34.5318078994751	38.07040452957153
35.91256332397461	39.75160217285156
36.158684730529785	40.72287130355835
35.882609367370605	37.803131103515625
42.37023162841797	44.959129333496094
33.123141288757324	37.05884552001953
41.048152446746826	41.704392433166504
29.374089241027832	33.45242261886597
29.271323204040527	32.991562843322754
33.98088455200195	36.11452579498291
38.88842010498047	41.281142234802246
35.4259033203125	39.74501037597656
37.72207260131836	40.800384521484375
45.373863220214844	48.522666931152344
33.610167503356934	34.127020835876465
34.163472175598145	38.67902755737305
30.455833911895752	31.957603931427002
39.53927993774414	44.38620090484619
39.68341064453125	43.2388916015625
34.332252502441406	38.90669918060303
37.79901599884033	41.413047313690186
38.135926246643066	40.7591872215271
36.068119049072266	40.01506805419922
32.14276885986328	32.99473571777344
32.154547691345215	35.76023483276367
38.076165199279785	40.2865629196167
47.483333587646484	53.05343246459961
49.490394592285156	54.83638000488281
41.85506343841553	44.877156257629395
38.51118469238281	42.52341079711914
34.062034606933594	36.42781162261963
25.96665859222412	30.448193550109863
38.41317272186279	42.292038917541504
38.079222679138184	40.9037561416626
40.0265736579895	45.503127574920654
41.81140422821045	46.465309143066406
35.072296142578125	38.7690954208374
41.26466608047485	44.33030700683594
42.23899841308594	46.84617519378662
32.47433805465698	36.25712490081787
29.517325401306152	32.84937286376953
31.856579780578613	34.662182331085205
37.42696475982666	42.795592308044434
45.31734848022461	48.76415252685547
27.709860801696777	28.59586477279663
32.089141845703125	34.343650817871094
36.62434387207031	40.36750888824463
35.63220739364624	38.28594636917114
46.792452812194824	47.95434522628784
35.974183082580566	39.64165210723877
33.41780185699463	37.79899597167969
38.22483015060425	41.57435607910156
36.967105865478516	39.97244739532471
41.39768886566162	46.506319999694824
44.15613651275635	44.72531795501709
34.78008556365967	39.271934509277344
43.24999189376831	44.69724130630493
32.36958980560303	35.004379749298096
36.730170249938965	40.95066833496094
54.28752899169922	59.20003128051758
36.72411346435547	38.822574615478516
43.09949970245361	45.95261764526367
49.28421497344971	50.247793197631836
36.10092544555664	38.29306125640869
32.776780128479004	38.21198272705078
37.9578013420105	35.6908802986145
33.64892244338989	38.27840328216553
36.562010765075684	40.16285705566406
37.77299737930298	42.78247785568237
38.08605194091797	41.62760925292969
35.7220458984375	40.605088233947754
35.280558586120605	37.790099143981934
46.42639923095703	48.84068298339844
36.57612705230713	40.921196937561035
34.34241485595703	34.995323181152344
30.953612327575684	34.68675136566162
40.445892333984375	41.37007236480713
36.06104230880737	39.04589033126831
38.66262245178223	42.45524024963379
34.74308729171753	38.188514709472656
32.41912078857422	35.347412109375
41.93217468261719	45.78972244262695
36.98301601409912	40.463321685791016
33.29993009567261	38.37862491607666
40.07544994354248	45.30018711090088
37.807339668273926	41.64334201812744
32.84115552902222	35.838539600372314
34.43317365646362	37.66939401626587
38.77045726776123	41.59995174407959
34.96610641479492	38.338311195373535
43.50737762451172	46.887454986572266
34.17651319503784	38.06818437576294
34.893505573272705	38.044251918792725
40.28007888793945	42.71732997894287
33.5620231628418	33.94683837890625
39.77783203125	42.15928649902344
36.27399778366089	39.92748260498047
36.29896926879883	38.01569366455078
39.14531850814819	42.14802074432373
30.158005714416504	31.60368061065674
36.156898975372314	39.20475912094116
36.05564832687378	39.69171619415283
39.39540433883667	43.82675075531006
43.35535144805908	47.76380014419556
31.87478494644165	35.23286581039429
35.09264659881592	38.466994285583496
36.87238931655884	40.47646713256836
39.62700653076172	45.04426574707031
30.96041965484619	34.20571231842041
37.162041664123535	42.38425254821777
42.181923389434814	44.436644554138184
39.469064235687256	40.641013622283936
33.675987243652344	34.308197021484375
39.99026107788086	44.45508289337158
34.641127586364746	36.41083240509033
38.41767597198486	42.43805408477783
36.00926876068115	38.609557151794434
34.1027147769928	37.940327167510986
36.192960262298584	38.52466678619385
25.416481018066406	27.809017181396484
36.19534206390381	38.10797882080078
39.295538902282715	43.46152877807617
27.101829528808594	28.140575408935547
35.29450607299805	39.59377384185791
39.2422981262207	42.927276611328125
33.11486005783081	36.17679262161255
36.622323989868164	36.90577983856201
37.722984313964844	41.23491668701172
29.89009141921997	32.44982957839966
40.245147705078125	43.84458923339844
37.05078601837158	39.27454471588135
39.58176398277283	42.03872728347778
34.52943420410156	38.310550689697266
41.20097351074219	42.7303352355957
42.380123138427734	46.12651824951172
43.15473031997681	50.29531145095825
37.5832405090332	41.6888427734375
34.6751070022583	36.941986083984375
42.1554741859436	44.33130168914795
33.94259595870972	36.68416738510132
45.70355224609375	50.03989791870117
35.43783664703369	39.274253845214844
42.550201416015625	45.292999267578125
29.492526054382324	33.322463035583496
33.335872650146484	35.487690925598145
33.44702911376953	31.77696990966797
35.98264932632446	36.111610889434814
42.515021324157715	45.92105197906494
39.081077575683594	41.79727554321289
45.45374393463135	48.97459602355957
42.847389221191406	46.03456163406372
37.61869812011719	42.93972110748291
39.850685119628906	41.70314884185791
36.522324562072754	41.29949998855591
39.70282459259033	43.215598583221436
24.067485332489014	29.71707582473755
42.39860534667969	44.330291748046875
41.584190368652344	44.431700706481934
40.21638107299805	43.856764793395996
40.7434458732605	43.850112438201904
24.329638481140137	25.44602632522583
39.849486351013184	39.62636947631836
43.06758117675781	44.68460416793823
29.86875295639038	34.85218048095703
32.00649976730347	35.62507152557373
32.20725345611572	34.257545471191406
33.37245464324951	36.96258544921875
45.23108673095703	51.28493118286133
32.59615230560303	35.47327423095703
29.858814239501953	32.37226867675781
40.616273403167725	42.45834493637085
32.862107276916504	37.32600402832031
39.25819396972656	40.38090515136719
31.608163833618164	32.44016647338867
33.07690143585205	36.54301881790161
44.51084518432617	48.648197174072266
37.071189880371094	40.71113967895508
35.5248498916626	37.30108594894409
37.76132297515869	40.03014850616455
35.77639675140381	39.530104637145996
29.62580108642578	32.38600444793701
47.91613006591797	49.69146108627319
34.1424036026001	38.48835754394531
31.89840316772461	35.11251926422119
40.519309997558594	43.90666198730469
34.450507164001465	35.10770130157471
31.095218658447266	35.549399852752686
36.94495439529419	39.501821994781494
33.50705051422119	35.906158447265625
44.57822322845459	48.38709878921509
40.24804735183716	42.47520112991333
42.18839883804321	46.897154808044434
34.96414661407471	38.621131896972656
29.05546474456787	31.957929611206055
43.737125396728516	45.282005310058594
34.487037658691406	37.96744108200073
53.28739929199219	54.72206115722656
33.9442253112793	35.797011852264404
47.120412826538086	47.79049301147461
36.665772438049316	40.98794412612915
37.50556945800781	42.03742218017578
38.87746810913086	40.69785404205322
33.97603464126587	37.957377433776855
32.35202693939209	37.592963218688965
40.9033727645874	42.318397521972656
31.279163360595703	34.48919677734375
33.89043045043945	37.32415294647217
43.83536911010742	43.487483978271484
36.80880260467529	40.65959930419922
28.720230102539062	33.85824489593506
34.9983811378479	37.58520269393921
30.331214904785156	28.811977863311768
29.20170307159424	32.68485355377197
36.8576774597168	41.603882789611816
37.078917503356934	40.46019744873047
35.372660636901855	37.422972679138184
40.87305450439453	44.60749626159668
32.353515625	35.497658252716064
45.4035758972168	48.1458625793457
38.94155216217041	41.733234882354736
32.30307912826538	36.02486324310303
33.19700241088867	35.6256365776062
33.637999534606934	37.93191432952881
40.533599853515625	47.36686325073242
49.952056884765625	53.2367057800293
43.21674346923828	45.62105178833008
37.15263271331787	40.50497579574585
42.161094188690186	44.5351881980896
43.63141632080078	47.6100959777832
39.409042835235596	41.879379749298096
34.7323522567749	37.97893238067627
41.47006702423096	41.803725242614746
37.14504146575928	39.70860958099365
27.298696517944336	27.93049907684326
41.58150100708008	46.45152282714844
33.55957889556885	36.53705978393555
33.39519023895264	36.998745918273926
42.268638610839844	44.8400993347168
39.33391284942627	42.43803405761719
31.119015216827393	32.688612937927246
30.023131370544434	30.532848358154297
40.124396324157715	43.6937255859375
34.64194965362549	37.382248878479004
34.154086112976074	35.825806617736816
47.55623531341553	49.186782360076904
46.65705108642578	48.481712341308594
37.01225566864014	40.424683570861816
23.385350704193115	29.468400478363037
43.94211196899414	47.89545822143555
49.78841304779053	54.497671127319336
30.59075355529785	32.39910840988159
39.74537658691406	41.86748027801514
38.80549621582031	41.68852615356445
44.33727312088013	47.76297903060913
44.464263916015625	45.222293853759766
35.29679775238037	39.35715579986572
34.13663578033447	39.08630847930908
37.552104473114014	40.98451614379883
34.117655754089355	36.742730140686035
38.65891218185425	40.92555284500122
35.06056213378906	37.76771688461304
34.95337677001953	38.822694301605225
35.488197326660156	39.977694511413574
36.605682373046875	40.91728210449219
37.23138427734375	41.960572242736816
29.046584129333496	29.53758716583252
44.81880187988281	48.02293395996094
42.09205627441406	45.35118770599365
41.13680601119995	44.03308391571045
36.58667278289795	40.06812572479248
36.113219261169434	41.087416648864746
37.29806995391846	41.28362512588501
48.064247131347656	48.99116516113281
34.55947923660278	39.545851707458496
42.40960693359375	49.46669387817383
34.084434509277344	37.98237609863281
39.148372650146484	42.30077362060547
39.086188316345215	42.795836448669434
27.28372812271118	26.66151762008667
30.65746021270752	33.032432556152344
39.21677541732788	40.411285400390625
39.92009353637695	42.40386486053467
34.31645679473877	36.54836940765381
38.09734058380127	40.9049916267395
45.30596923828125	47.46705627441406
35.504611015319824	37.395263671875
34.77568817138672	34.75537872314453
31.76033639907837	34.3649787902832
31.853132247924805	34.9528694152832
38.80152130126953	42.498416900634766
40.14229726791382	42.624794006347656
33.80742645263672	38.05664920806885
40.546260833740234	43.35826110839844
38.804503440856934	41.2117280960083
37.05030155181885	37.974486351013184
41.39583730697632	45.01850366592407
37.58280944824219	38.794456005096436
37.75232267379761	39.636805057525635
36.52914333343506	39.075347900390625
26.817827224731445	31.376704216003418
40.86070489883423	45.51264047622681
38.87688159942627	40.83573532104492
30.304455757141113	34.6814661026001
45.90381622314453	47.3692512512207
41.239402770996094	43.436241149902344
32.15816020965576	35.44529676437378
40.48752212524414	43.670111656188965
31.874797344207764	34.321112632751465
36.92773103713989	39.313636779785156
40.00620937347412	44.22492742538452
42.16851234436035	44.45359230041504
47.17303466796875	48.75554275512695
39.668190002441406	42.75859451293945
40.06266689300537	42.40900754928589
47.660369873046875	50.56228256225586
35.79779052734375	38.44427490234375
34.02611446380615	36.948243141174316
31.867454051971436	35.61238765716553
38.62539005279541	41.06393384933472
29.7495059967041	33.250213623046875
45.187668800354004	49.640921115875244
41.280137062072754	43.551634311676025
42.29981327056885	45.015883445739746
29.796574115753174	33.32139253616333
32.34525203704834	35.48744201660156
30.53832721710205	32.95363140106201
41.072975158691406	43.216766357421875
32.95486307144165	37.703049182891846
38.46232557296753	42.40663814544678
39.79936218261719	41.116318225860596
43.3019323348999	49.17990732192993
35.42636823654175	37.61647844314575
34.260483741760254	37.296584606170654
35.05581569671631	40.624831676483154
38.09303283691406	41.86236572265625
44.88877773284912	47.19847869873047
41.39144802093506	46.142945289611816
36.899399757385254	39.67435359954834
38.350120067596436	42.050111293792725
30.37112331390381	33.33419895172119
33.15570068359375	35.51478958129883
40.91077280044556	46.809485912323
40.038376331329346	44.54568576812744
33.68468952178955	34.60791826248169
42.23331832885742	43.28384017944336
39.29005479812622	42.80995845794678
37.67059326171875	41.89862251281738
29.183228015899658	27.728610038757324
35.32635498046875	37.84684753417969
32.97215223312378	35.98726272583008
39.801475524902344	44.01445484161377
34.867919921875	37.14213562011719
31.906402111053467	27.962138652801514
40.46101379394531	44.649749755859375
36.3564977645874	38.976840019226074
38.52625274658203	40.216453552246094
40.567344665527344	42.568321228027344
43.48371934890747	46.51158142089844
32.86441087722778	36.314988136291504
33.81995677947998	36.072590351104736
37.782591819763184	41.128798484802246
45.5396614074707	47.401885986328125
35.623074531555176	41.16202926635742
35.20098924636841	37.276100158691406
38.70491027832031	40.98752021789551
39.645416259765625	45.49140930175781
29.920902252197266	32.61399745941162
46.11492156982422	48.259172439575195
38.35411214828491	43.67378330230713
39.03241729736328	43.35186004638672
41.80397415161133	44.55278015136719
41.20195436477661	44.13741207122803
36.18622541427612	38.071274757385254
40.61779022216797	45.4024658203125
38.68613052368164	42.78889846801758
36.946452140808105	44.09183120727539
39.25758075714111	43.205955505371094
36.323264598846436	39.581002712249756
31.438783645629883	33.287631034851074
34.212581634521484	36.68843078613281
37.58465528488159	42.420456886291504
42.07447814941406	44.84652614593506
38.86479473114014	41.06648397445679
30.815540313720703	33.89198970794678
41.295738220214844	42.926676750183105
37.51561737060547	39.752662658691406
34.16484546661377	36.99429416656494
34.588775634765625	38.25357437133789
26.839962005615234	26.56153917312622
32.871585845947266	36.700289726257324
40.28048801422119	43.448501110076904
39.627814292907715	42.49891519546509
40.01555013656616	42.519179821014404
48.967201232910156	54.117645263671875
36.0208740234375	37.72403812408447
28.208962440490723	32.12600040435791
45.69105529785156	47.833961486816406
39.052608489990234	41.94404697418213
41.21704149246216	43.41277265548706
45.594858169555664	48.9972767829895
32.96438694000244	36.74350023269653
40.59590244293213	43.37926387786865
35.751686096191406	39.11201763153076
29.623257637023926	32.130555152893066
37.42800807952881	40.473687171936035
38.52029514312744	41.72659206390381
31.723740577697754	34.892884254455566
28.0971097946167	30.86191415786743
39.25130558013916	44.291611194610596
33.428547382354736	37.14751720428467
41.32737112045288	44.765039920806885
40.36552906036377	44.168171882629395
29.626669883728027	32.03053951263428
36.936866760253906	40.06147003173828
44.99747085571289	48.317291259765625
33.80761241912842	37.5932092666626
37.27033996582031	39.980873107910156
38.727760314941406	42.50056266784668
31.33407211303711	36.14713954925537
43.44291019439697	44.17862796783447
25.279762744903564	32.877020835876465
35.98701190948486	40.002657890319824
42.07019853591919	44.627142906188965
38.93702268600464	42.09580993652344
31.47330379486084	32.33690357208252
27.626163959503174	30.272183418273926
31.710216522216797	34.83800411224365
36.264050006866455	39.19372081756592
43.4418420791626	49.71509313583374
44.016326904296875	49.90647888183594
32.47772216796875	34.726661682128906
34.75007915496826	37.50332164764404
38.22740173339844	40.830596923828125
37.738529205322266	42.655577659606934
33.83094120025635	35.406020641326904
33.73398685455322	40.57037830352783
36.83309268951416	41.73863220214844
43.41660976409912	48.08367347717285
32.7774658203125	35.942471504211426
27.06712245941162	25.85071325302124
39.0743293762207	42.66810607910156
44.866485595703125	48.550010681152344
33.67942714691162	36.24167346954346
44.95026445388794	47.15520477294922
33.883986473083496	38.71000814437866
29.89750385284424	34.798359870910645
35.686888217926025	38.04048681259155
30.54114818572998	33.817200660705566
33.64701747894287	36.803321838378906
33.72283220291138	36.969122886657715
39.7166748046875	44.70260238647461
37.37025833129883	40.30830001831055
34.947876930236816	36.86805725097656
31.690232753753662	34.82272386550903
31.83061122894287	35.899109840393066
36.16001844406128	40.37704944610596
39.808467864990234	43.224937915802
34.37704515457153	41.43867540359497
49.17573547363281	50.27779006958008
42.16670227050781	44.07941436767578
33.424906730651855	37.541747093200684
34.50615692138672	38.47094249725342
35.741769313812256	38.164875507354736
41.103363037109375	44.62992477416992
41.30210208892822	42.56760120391846
39.36683225631714	42.61677646636963
41.852736949920654	45.045363426208496
42.52432107925415	45.28433132171631
37.202277183532715	40.98316669464111
37.21961975097656	37.744083404541016
40.811439514160156	43.44425582885742
40.44224452972412	44.43966722488403
32.53439426422119	36.49552631378174
39.02779245376587	42.022236824035645
35.258450508117676	36.14387512207031
34.08618927001953	36.38101100921631
44.571471214294434	47.87622928619385
39.29795217514038	42.04238748550415
42.715734004974365	45.07341814041138
38.798583984375	42.50658702850342
29.815971851348877	35.38053035736084
33.98570537567139	37.78779602050781
30.6419734954834	32.29040050506592
42.55607604980469	45.59033203125
41.442063331604004	43.16070556640625
35.93276834487915	40.145318031311035
33.57014465332031	37.10624599456787
35.462196826934814	40.62952136993408
41.32339572906494	44.62212610244751
34.5386438369751	37.60275936126709
39.444313049316406	42.74249076843262
43.21686029434204	46.02522563934326
40.94036102294922	43.73381805419922
46.692970275878906	48.69676208496094
39.34888458251953	42.83421468734741
36.3446044921875	42.06398105621338
30.691885948181152	34.693286418914795
39.47958755493164	39.97505187988281
32.671592235565186	34.724154472351074
44.95027780532837	46.102153301239014
27.90586566925049	30.638468742370605
37.79232358932495	38.593626976013184
36.38943099975586	38.39918231964111
29.296860694885254	33.89812469482422
36.372779846191406	38.55372476577759
37.9779052734375	39.5615496635437
33.937949657440186	38.045470237731934
31.769896030426025	36.94791841506958
34.1395263671875	39.99321508407593
29.202890396118164	31.061991691589355
37.15168762207031	40.03125762939453
38.41032028198242	39.551612854003906
41.127920627593994	44.267311573028564
43.39393615722656	45.7304801940918
34.582489013671875	37.54531288146973
33.86505079269409	38.28089952468872
42.149322509765625	45.02607727050781
36.64919996261597	38.248732566833496
33.80253267288208	38.614041328430176
38.2965202331543	40.910545349121094
35.77396631240845	39.13050174713135
39.741886138916016	41.80415439605713
39.2435245513916	43.79144811630249
32.39844799041748	35.50936460494995
35.54501295089722	38.67398738861084
43.999104499816895	48.76779842376709
32.865188121795654	36.96251821517944
36.775787353515625	39.29650115966797
36.98939800262451	39.60146713256836
36.24993896484375	40.19396495819092
39.83339834213257	44.484923362731934
44.029362201690674	46.080162048339844
38.90283966064453	39.878355979919434
28.504478931427002	31.403841972351074
33.68198919296265	37.61827087402344
41.43446350097656	42.258575439453125
37.676533699035645	39.87023162841797
30.074243545532227	30.437716484069824
28.561105728149414	30.638648986816406
39.338401794433594	41.00669860839844
37.37360858917236	40.113450050354004
34.78172206878662	36.245018005371094
36.737746715545654	39.34308671951294
46.38688278198242	49.93406295776367
40.32437038421631	42.8300256729126
37.65142583847046	43.69945812225342
35.7453989982605	39.27031993865967
30.195314407348633	33.36421203613281
33.32424259185791	34.98313522338867
37.96907663345337	41.53174829483032
41.79574966430664	45.19544982910156
38.65318965911865	40.241950035095215
44.35780334472656	47.74061584472656
35.72337770462036	38.66089487075806
36.66475772857666	39.324745178222656
32.88311004638672	35.48304748535156
32.0776801109314	34.76693058013916
43.081732749938965	45.6956205368042
31.087334632873535	35.29930400848389
37.26829290390015	41.15832185745239
35.654075145721436	39.23379182815552
43.29154300689697	46.22856903076172
28.926537036895752	33.64013671875
31.1741304397583	34.1621470451355
42.33232879638672	44.82969665527344
33.47388029098511	36.36061191558838
42.267921447753906	46.722694396972656
38.08622074127197	41.441368103027344
45.91253042221069	48.902493953704834
32.419358253479004	31.9427433013916
32.78274631500244	34.2739953994751
32.62049627304077	37.15513277053833
31.351256370544434	33.004066944122314
38.10231065750122	41.74941349029541
40.153873443603516	44.50612258911133
41.520142555236816	43.59818410873413
36.78652286529541	39.55198669433594
42.68214416503906	45.477333068847656
44.23423147201538	46.50720834732056
30.876102447509766	35.44479846954346
36.985042572021484	40.31853485107422
32.62716770172119	36.556830406188965
37.09091901779175	40.969542503356934
35.39923095703125	41.97908878326416
29.90738010406494	33.13516330718994
41.801316261291504	45.204365730285645
34.793899059295654	39.32347774505615
39.198429107666016	44.724647521972656
34.32276487350464	39.850685119628906
39.48124074935913	45.68499755859375
33.00351047515869	35.952850341796875
51.51512145996094	57.17888641357422
32.13198184967041	35.355682373046875
33.14165639877319	34.81168460845947
42.43840789794922	44.56840515136719
43.53605318069458	50.4452166557312
34.61017465591431	38.36265707015991
30.88501214981079	34.3735933303833
21.826847076416016	24.620375633239746
34.017714500427246	38.17166519165039
51.68036127090454	55.780587673187256
37.05069065093994	39.57289981842041
44.0361213684082	47.054466247558594
38.872965812683105	41.38529634475708
33.08284664154053	36.03080463409424
31.272520065307617	35.142608642578125
36.41966915130615	40.140549659729004
32.04406023025513	34.59184169769287
31.349186897277832	32.00109100341797
38.88320302963257	45.664483070373535
38.36076736450195	41.59358596801758
36.32981061935425	39.96250629425049
41.882540702819824	43.86041307449341
49.962890625	55.57664489746094
33.25210189819336	36.021663665771484
33.80698871612549	38.333741188049316
47.327749729156494	48.57252645492554
34.999754905700684	36.642738819122314
35.16579723358154	39.81851863861084
35.72792053222656	40.87713384628296
30.26510715484619	32.949461936950684
48.24529266357422	51.45627021789551
39.105960845947266	41.61452007293701
39.39743900299072	42.66690731048584
35.971343994140625	42.23410081863403
34.69490146636963	37.88282775878906
38.648948669433594	42.90659284591675
38.077396869659424	43.14386796951294
43.72281789779663	45.12453603744507
35.74724578857422	38.729172706604004
32.68301868438721	35.302748680114746
29.93844509124756	33.978118896484375
38.716087341308594	41.63536834716797
32.3865270614624	36.196486949920654
32.91489315032959	35.66794681549072
34.506325006484985	38.01125764846802
40.48226833343506	46.545207500457764
31.015731811523438	32.630653381347656
34.37561750411987	36.5324330329895
42.13111114501953	47.441346168518066
34.58897399902344	35.098854064941406
34.22600555419922	36.62563419342041
44.6161413192749	49.17298460006714
30.452585220336914	33.68321228027344
32.951903343200684	37.01492214202881
35.17582178115845	38.75536298751831
24.31248188018799	31.91242218017578
31.272947788238525	33.54259014129639
34.328980445861816	37.87720203399658
35.23542785644531	37.12769317626953
43.62869215011597	45.48592758178711
39.325218200683594	40.65127086639404
36.26905918121338	40.413994789123535
47.324424743652344	52.493534088134766
37.657386779785156	41.83171081542969
41.617469787597656	43.84873867034912
30.30271053314209	33.95588397979736
39.216651916503906	41.63804626464844
40.87975215911865	44.598572731018066
38.40160274505615	41.862762451171875
40.3376989364624	44.1097412109375
41.687496185302734	43.729857444763184
42.068405628204346	47.998220443725586
42.07425928115845	45.84432935714722
42.600929260253906	48.73530197143555
34.69657897949219	39.52471971511841
34.09009552001953	36.61439037322998
42.560333251953125	45.73267364501953
43.56305694580078	45.636043548583984
37.864227294921875	41.95077896118164
38.91213893890381	44.4105658531189
29.44902992248535	33.07229518890381
31.33274793624878	34.36466932296753
36.92764949798584	40.62006855010986
33.88550662994385	37.704734802246094
36.201247215270996	39.66028690338135
31.468956470489502	32.91368007659912
34.47238254547119	38.83293056488037
39.79461193084717	43.17474365234375
37.609315395355225	42.60337829589844
40.261101722717285	42.52485513687134
40.68387842178345	44.91875171661377
40.66723585128784	43.641005516052246
37.69303226470947	40.44210386276245
39.402403831481934	42.0099401473999
36.61735677719116	40.43854236602783
30.20179271697998	32.86808490753174
33.084837913513184	37.054962158203125
40.342803955078125	43.429378509521484
39.79764175415039	43.56924057006836
34.08363723754883	37.74568176269531
48.68227243423462	51.23726415634155
42.59437608718872	44.3448600769043
40.49345397949219	42.42251968383789
28.453418731689453	32.108131408691406
45.662147521972656	50.298622131347656
41.948862075805664	45.19534111022949
33.26929569244385	35.574772357940674
32.08191776275635	33.37235927581787
39.30656385421753	42.10075664520264
39.859190940856934	43.428603172302246
39.34772491455078	41.77919006347656
38.43442440032959	41.401848793029785
40.11280059814453	43.91738033294678
39.16200256347656	42.92897415161133
50.12622547149658	51.89997673034668
24.124927520751953	32.00756788253784
35.696167945861816	39.702406883239746
42.53469800949097	45.91044473648071
44.23931121826172	45.65784454345703
31.83821201324463	34.672837257385254
41.43920612335205	42.429375648498535
38.53973865509033	43.24071979522705
43.04062795639038	48.74527454376221
28.684873580932617	34.40076446533203
42.15192270278931	45.033804416656494
38.121169567108154	41.62682390213013
43.049076080322266	44.40559387207031
36.64146423339844	40.15699768066406
34.99866485595703	37.124253273010254
37.79807138442993	41.33756160736084
36.56391191482544	38.29896640777588
41.87210988998413	46.508460998535156
37.6251220703125	42.34565734863281
35.44602155685425	36.47696018218994
43.452850341796875	48.65660095214844
43.64014434814453	45.287975788116455
33.98711681365967	35.07206678390503
37.96715259552002	41.095523834228516
49.80384063720703	50.43040895462036
37.10275650024414	40.184417724609375
37.51392459869385	39.68000793457031
45.68523406982422	48.28704833984375
37.15068817138672	39.64112091064453
47.051063537597656	49.665740966796875
34.35350799560547	36.26384735107422
42.508934020996094	47.36613464355469
39.263351917266846	43.413920879364014
32.93443202972412	35.11552333831787
41.257354736328125	45.67479705810547
32.47418975830078	34.968223571777344
35.12771987915039	37.92012691497803
28.793148040771484	32.31641387939453
44.25930070877075	46.80537700653076
35.22348690032959	36.802788734436035
40.200653076171875	41.71522378921509
30.672495365142822	33.827712535858154
36.61550760269165	41.38837385177612
40.847267150878906	43.07262420654297
32.28044128417969	34.277140617370605
37.46308135986328	39.21497344970703
31.203343391418457	33.142395973205566
41.798380851745605	44.4964599609375
35.74482250213623	37.92638683319092
30.47091770172119	29.675188541412354
37.8611946105957	42.554969787597656
42.72016954421997	46.06775522232056
35.710021018981934	38.685768127441406
31.398919582366943	35.20753479003906
28.190497398376465	32.76975631713867
45.09861373901367	45.95292663574219
33.06716251373291	35.279683113098145
40.35077667236328	43.103600025177
38.29117679595947	43.292335987091064
34.66721868515015	38.03858423233032
36.225608825683594	38.72817277908325
33.97535800933838	35.54542541503906
34.45258331298828	38.69205856323242
34.124412536621094	40.273428440093994
41.30941677093506	41.67386770248413
39.58464765548706	42.45738363265991
31.926274299621582	33.541977405548096
37.00434160232544	41.7636194229126
38.730409145355225	44.38657331466675
34.51760244369507	35.95140361785889
33.80459547042847	38.11819553375244
40.94215536117554	43.32013702392578
43.48228359222412	45.961315631866455
31.192729473114014	36.45362138748169
34.24764347076416	38.1923189163208
39.096495628356934	43.25852346420288
39.32621765136719	41.89240646362305
31.093838214874268	32.47164249420166
35.86931228637695	38.93904495239258
46.17780256271362	52.787269592285156
50.33259630203247	51.22823524475098
37.07512950897217	42.59817123413086
28.36904811859131	31.71017360687256
39.07993412017822	42.72110652923584
35.67235469818115	40.12845516204834
34.01576614379883	38.58542346954346
35.90306758880615	38.970885276794434
29.092025756835938	31.400024890899658
43.1765022277832	45.35078287124634
31.9305419921875	33.39428424835205
39.82858943939209	43.123080253601074
32.640320777893066	36.18217849731445
29.041508674621582	31.222723960876465
37.02766799926758	39.83331298828125
41.22065591812134	45.408674240112305
38.398170471191406	38.127620697021484
31.49040699005127	35.42453050613403
28.531665802001953	30.142559051513672
29.600884437561035	32.13378953933716
34.65895080566406	36.22595930099487
31.77983522415161	34.86640214920044
36.50926208496094	38.91422939300537
35.58235549926758	36.35370635986328
31.114437103271484	35.0810022354126
37.03535842895508	40.332275390625
40.56379556655884	43.91082811355591
42.48332977294922	45.342750549316406
42.31765365600586	40.15707492828369
29.627903938293457	33.69952869415283
35.30500030517578	39.916205406188965
38.5327672958374	40.41356563568115
28.265464782714844	29.11640453338623
34.17543172836304	36.97594976425171
36.8049578666687	40.86951017379761
41.210028648376465	44.31891489028931
41.13007354736328	45.27005481719971
37.65744733810425	41.456900119781494
31.431016445159912	36.26066303253174
39.08353328704834	40.15960693359375
46.29984140396118	46.81324100494385
46.003990173339844	49.04076528549194
37.98004150390625	42.199800968170166
40.315932750701904	42.43629169464111
37.05395793914795	39.434054374694824
36.627305030822754	37.96973705291748
44.339935302734375	48.59681701660156
36.989134311676025	40.14717721939087
43.38978576660156	47.31269836425781
35.339630126953125	39.09916019439697
30.514553546905518	35.48022794723511
32.25722789764404	34.91293668746948
37.0812292098999	40.37631130218506
30.397822856903076	33.34460735321045
38.32801675796509	42.205124855041504
41.97343826293945	44.70985412597656
41.94798278808594	45.81336975097656
48.80966806411743	52.66656017303467
38.53746032714844	39.442237854003906
32.675559520721436	34.052300453186035
37.78359842300415	39.406105518341064
37.420459270477295	41.334991455078125
38.206984519958496	41.053436279296875
39.95671558380127	43.528706550598145
47.821316719055176	53.14902305603027
42.79322576522827	44.9665732383728
31.49724292755127	33.84882211685181
38.200209617614746	40.33458995819092
37.37204074859619	39.40379619598389
40.41596841812134	44.638197898864746
39.73024845123291	41.369094371795654
39.03080463409424	42.33734893798828
40.787468910217285	44.30811357498169
43.84713840484619	46.662606716156006
34.77571487426758	38.64640712738037
46.452308654785156	48.89568328857422
35.276713371276855	38.266845703125
34.37476372718811	37.808916091918945
43.746657371520996	47.10687303543091
46.84587097167969	48.38329315185547
27.879844665527344	32.47195529937744
40.447547912597656	43.7686767578125
46.488136768341064	49.43254995346069
39.336360931396484	42.76787185668945
43.7354621887207	47.001304626464844
35.69545269012451	38.37788486480713
35.80041217803955	39.52926588058472
38.87386894226074	41.77733659744263
32.22047138214111	35.32777690887451
35.885722160339355	40.739559173583984
43.248538970947266	45.7465124130249
33.89621639251709	38.49524688720703
41.92499828338623	43.9323034286499
39.141883850097656	44.425936698913574
38.17226791381836	39.711021423339844
40.2557373046875	42.88915157318115
32.48151397705078	35.93531513214111
36.498873710632324	39.184996604919434
32.25179958343506	34.814120292663574
38.602210998535156	41.327884674072266
34.74888896942139	36.49241638183594
52.28293561935425	53.22718906402588
46.27255153656006	48.01517629623413
40.79033613204956	42.68810987472534
35.07307815551758	38.15876770019531
38.96325159072876	41.31915330886841
34.13381099700928	37.00145244598389
38.441176414489746	41.27753448486328
34.785144329071045	37.974486351013184
43.338809967041016	47.339111328125
51.313538551330566	56.00682735443115
26.670494079589844	26.99166774749756
38.84869384765625	42.7938117980957
31.71648359298706	31.631368160247803
29.72193479537964	33.035645484924316
53.410094261169434	58.1575870513916
47.23151397705078	50.398963928222656
38.19037675857544	44.35743713378906
28.3165340423584	30.285286903381348
35.37306213378906	38.38674545288086
35.48432922363281	37.72081661224365
49.09724426269531	54.58220672607422
36.220577239990234	36.71550369262695
42.4404673576355	46.94619798660278
42.10429382324219	46.134769439697266
36.976433753967285	41.06926774978638
42.60233688354492	46.781272888183594
34.56695556640625	37.65217971801758
39.69242763519287	42.11530780792236
45.40726089477539	46.66355037689209
36.36559295654297	39.10412120819092
45.09375762939453	46.38343811035156
45.534912109375	47.506690979003906
33.22649383544922	35.28323745727539
33.39137315750122	37.269349098205566
37.92804765701294	41.57913255691528
31.956093311309814	36.990578174591064
47.14039611816406	49.55945587158203
45.15108871459961	47.20306396484375
38.44810152053833	38.073304653167725
38.76701211929321	41.87415933609009
34.339842796325684	35.77824783325195
38.58608341217041	41.905922412872314
28.302964210510254	29.599794387817383
34.41864824295044	36.51974439620972
38.75153350830078	43.356327056884766
44.738067626953125	47.115013122558594
34.474830627441406	37.952656745910645
37.36948299407959	40.450650215148926
45.12860107421875	47.4589958190918
28.743300437927246	28.106024265289307
37.15890598297119	41.10176181793213
35.645554065704346	40.24287700653076
44.07087707519531	48.336402893066406
30.985302925109863	36.177496910095215
47.63180160522461	51.481544494628906
27.982483863830566	32.19932556152344
44.37358856201172	45.551780700683594
40.19101333618164	43.63783264160156
32.932926654815674	37.791035175323486
