62.26112365722656	63.83990287780762
51.051697731018066	53.98402214050293
48.85556602478027	53.88481950759888
59.12752628326416	62.85874366760254
55.607518672943115	56.394465923309326
45.61907768249512	51.162376403808594
50.40693759918213	53.624606132507324
55.65479755401611	58.13281059265137
50.24434566497803	50.75741767883301
57.701544761657715	66.12895965576172
49.90745306015015	54.37065887451172
55.31962537765503	58.83685111999512
60.30813550949097	57.718119621276855
55.23167610168457	53.87829780578613
52.87442684173584	56.749892234802246
58.718039989471436	61.40819692611694
57.21463680267334	56.82212829589844
60.39860248565674	55.92482566833496
55.76249074935913	55.66603136062622
49.31324005126953	51.35835647583008
50.67971229553223	51.284170150756836
56.80412292480469	57.24616050720215
52.328232288360596	57.99777317047119
55.56313610076904	58.04032754898071
56.00651264190674	52.44658946990967
56.63796424865723	55.76586723327637
64.00277137756348	64.29194450378418
43.055830001831055	50.86836814880371
38.749131202697754	41.0606632232666
51.1539888381958	53.281545639038086
44.93276023864746	47.22071886062622
50.83552360534668	58.6640739440918
57.33113765716553	59.711785316467285
63.7723445892334	63.434691429138184
61.61779069900513	68.73086023330688
49.40004825592041	50.88038444519043
50.17151355743408	61.666626930236816
68.40969610214233	69.45196628570557
52.95975351333618	49.643813610076904
66.24073934555054	68.80667972564697
56.70403575897217	60.04250192642212
59.15276527404785	60.50767421722412
50.30465841293335	49.21927785873413
61.27853870391846	67.74513244628906
48.641324043273926	47.62603282928467
59.32351016998291	63.26474952697754
60.75581932067871	61.89211893081665
66.85782432556152	68.55133056640625
59.928184032440186	59.25643873214722
55.870327949523926	52.38208293914795
64.49803352355957	61.021318435668945
61.34550666809082	68.25967264175415
64.7209644317627	64.50640678405762
42.16004276275635	42.32066202163696
65.9668869972229	67.22176122665405
52.97411918640137	56.38105869293213
65.445237159729	72.64782905578613
51.96027660369873	53.88495683670044
57.24100971221924	56.95518922805786
63.08689069747925	66.98578834533691
39.321720600128174	44.91075038909912
65.92022895812988	64.49052333831787
59.99023103713989	62.764416217803955
55.18073081970215	58.96648406982422
51.746954917907715	58.406243324279785
49.55420637130737	53.97049140930176
53.10248374938965	57.35881805419922
69.87239074707031	73.04841709136963
62.53363609313965	58.84995937347412
64.9244213104248	63.42169761657715
58.7412691116333	57.5383186340332
60.09234428405762	61.52067184448242
59.403541564941406	57.247005462646484
50.47493934631348	52.52021789550781
42.66078758239746	47.27748727798462
48.4823055267334	48.787776947021484
47.72910118103027	51.67445659637451
56.377424240112305	59.371018409729004
51.07858228683472	53.847139835357666
65.81928157806396	67.02929878234863
58.60995292663574	52.954654693603516
54.1342830657959	56.253724098205566
61.89540386199951	62.873358726501465
60.264906883239746	64.59019660949707
56.07344627380371	59.664154052734375
59.15504455566406	63.02042484283447
56.40000820159912	60.123162269592285
61.189504623413086	58.6586537361145
66.70063018798828	68.73255252838135
59.86306190490723	62.12899208068848
60.566673278808594	56.70027732849121
55.94799280166626	55.13579320907593
54.31242370605469	55.520928382873535
47.39415693283081	50.46247959136963
53.538312911987305	58.723740577697754
63.21008348464966	61.23754835128784
62.6678466796875	60.81643581390381
53.24526786804199	59.24382209777832
50.05597114562988	52.726898193359375
58.78134250640869	56.31330966949463
59.342429637908936	59.13013505935669
63.908891677856445	66.24043464660645
58.10497283935547	56.374168395996094
62.939815521240234	67.1916675567627
51.17718315124512	54.75767469406128
53.04241991043091	56.572702407836914
58.09177875518799	56.83184623718262
63.236613273620605	61.33819580078125
55.67832040786743	60.52341556549072
41.44388008117676	44.779672622680664
53.57665538787842	60.72148323059082
60.92174291610718	62.44886827468872
63.67489814758301	68.50312614440918
65.51835870742798	67.82448816299438
62.121877670288086	60.02518177032471
55.36215877532959	60.72380447387695
49.524240493774414	51.351494789123535
59.15579795837402	66.56220960617065
50.98370361328125	54.44174909591675
47.7483115196228	51.13645648956299
50.46822547912598	52.0143985748291
62.43921136856079	60.7001256942749
53.84188652038574	51.430792808532715
55.689430236816406	58.46066474914551
52.38119459152222	57.62380599975586
58.356263637542725	65.24181175231934
49.425415992736816	54.76364612579346
60.93858337402344	65.82985067367554
46.35597038269043	46.60621404647827
64.857497215271	63.71652126312256
55.18786907196045	56.83030128479004
63.67100715637207	59.44969177246094
60.324880599975586	61.0768346786499
67.1553897857666	62.320404052734375
66.93289089202881	69.44198799133301
60.51236152648926	64.47569370269775
56.76958656311035	58.98013782501221
64.76085662841797	67.28634834289551
71.95153999328613	70.97723579406738
46.33677005767822	51.76112365722656
58.54242181777954	55.281615257263184
51.444010734558105	57.28113651275635
47.91654825210571	54.33537483215332
56.60707712173462	56.95758819580078
43.78991174697876	47.79006385803223
58.08987617492676	57.166476249694824
54.38414812088013	60.24241018295288
55.62298774719238	61.986494064331055
50.25587558746338	51.70708179473877
59.442386627197266	65.12940883636475
55.61222553253174	58.26029300689697
53.5775089263916	55.871124267578125
59.048166275024414	63.81976127624512
58.98338317871094	62.7818489074707
70.8120346069336	72.05352401733398
59.25035762786865	58.70685625076294
61.689629554748535	62.114152908325195
51.220510482788086	52.62664031982422
58.945679664611816	58.100810050964355
48.608184814453125	52.08376121520996
60.24875450134277	59.63430976867676
66.88619041442871	68.34687852859497
48.15239381790161	58.063859939575195
66.55213165283203	63.229527950286865
48.78371286392212	55.10056400299072
53.59419822692871	54.28479194641113
52.78488636016846	53.29470777511597
75.56996726989746	78.20596265792847
55.30983924865723	58.9489221572876
60.85073471069336	59.76325988769531
53.04826736450195	52.219481468200684
47.56563186645508	50.269246101379395
50.10263776779175	54.804075717926025
68.5193395614624	73.91373634338379
59.18363571166992	57.401394844055176
55.56401538848877	61.8647518157959
59.751291275024414	63.34148168563843
54.94781494140625	63.59891891479492
50.32704734802246	56.106521129608154
55.43849420547485	63.30348014831543
65.5716323852539	63.64194393157959
60.468363761901855	60.727572441101074
62.36924648284912	63.676347732543945
56.5095329284668	57.62625217437744
49.812684059143066	51.06814384460449
53.50210189819336	54.602885246276855
55.18565225601196	54.25949192047119
59.24435377120972	62.079676151275635
53.57182502746582	57.17463684082031
69.27541255950928	66.29910802841187
56.62327766418457	59.381394386291504
56.89136981964111	57.62035846710205
53.68333196640015	60.893096923828125
54.708420753479004	65.79322671890259
63.44189643859863	62.18729496002197
51.08902645111084	54.01291751861572
67.23560285568237	67.84873008728027
56.755805015563965	59.28499698638916
60.86738109588623	67.1063232421875
62.84083366394043	58.00173759460449
60.41032266616821	62.51439619064331
41.92693519592285	53.14025115966797
58.57692241668701	62.41727352142334
50.758509159088135	53.98748064041138
40.57828617095947	45.671874046325684
49.06903123855591	50.61063623428345
42.08354949951172	42.824859619140625
54.884013175964355	60.80694007873535
53.248300552368164	53.560733795166016
43.196195125579834	45.30125284194946
61.60877227783203	61.16556644439697
46.73057174682617	48.773454666137695
52.013888359069824	59.12095069885254
65.01367378234863	70.96576595306396
72.85192108154297	74.18736171722412
50.815338134765625	54.37159538269043
63.509748458862305	65.30769538879395
55.08034706115723	59.804277420043945
49.87551689147949	53.61223220825195
64.20758628845215	66.81193399429321
66.64786338806152	67.89554595947266
60.225046157836914	61.107521057128906
47.01700401306152	44.80313014984131
49.64459419250488	55.54619789123535
52.952929973602295	53.12128257751465
54.33571815490723	61.50498390197754
68.54477882385254	61.48983955383301
41.84412479400635	47.52096176147461
48.12817573547363	54.52690124511719
50.81315040588379	54.04258728027344
57.50338554382324	57.72562026977539
54.916181564331055	56.41964912414551
54.94060516357422	55.738463401794434
64.7552490234375	69.10073661804199
54.17001390457153	53.65651845932007
57.93449878692627	58.58973503112793
51.27826690673828	50.922484397888184
51.857460021972656	56.62475395202637
48.74013710021973	49.65558862686157
56.10843515396118	59.96241760253906
57.68362045288086	59.556336402893066
60.995726585388184	60.680885314941406
46.956523418426514	54.23428773880005
40.73474407196045	48.974552154541016
52.562737464904785	56.54561519622803
62.83419132232666	68.82638454437256
50.05229043960571	53.43672323226929
46.400346755981445	54.41452980041504
60.57177019119263	60.70924186706543
57.88685321807861	55.56598663330078
40.77812194824219	44.81667518615723
65.93653202056885	69.2979907989502
51.092095375061035	52.13520050048828
52.609872817993164	53.96644592285156
57.77810573577881	65.03952980041504
65.04891872406006	69.92356300354004
63.023929595947266	63.00260925292969
47.422176361083984	52.564619064331055
57.896339893341064	54.042357444763184
50.45206308364868	58.596036434173584
57.12337875366211	57.144347190856934
56.82379102706909	63.84244108200073
57.60424089431763	61.26749897003174
56.7878532409668	60.71206569671631
59.31674003601074	57.86940574645996
69.86331939697266	70.79405307769775
53.045687198638916	51.54299354553223
55.445239543914795	57.04660701751709
49.38368225097656	53.23060750961304
62.7951717376709	65.50288200378418
58.43200063705444	58.53083896636963
54.27931308746338	55.53450107574463
61.1190128326416	57.347540855407715
63.060688972473145	61.823792457580566
56.426405906677246	60.52378177642822
53.341665267944336	57.73540496826172
43.332815170288086	46.99777126312256
46.98023319244385	47.91119575500488
54.53568458557129	48.63667964935303
59.35422086715698	60.08022594451904
50.99297523498535	55.20834445953369
50.06648063659668	50.839781761169434
51.608808517456055	53.05586242675781
67.73408699035645	66.45818996429443
58.06572914123535	60.65264701843262
66.1460108757019	69.628173828125
60.26566505432129	55.518693923950195
46.80842685699463	47.215028285980225
57.31319332122803	57.12312984466553
57.5380482673645	53.582961559295654
53.19697666168213	56.44859504699707
59.524380683898926	60.26934194564819
61.83790063858032	60.59832143783569
62.05726623535156	64.46510314941406
59.41213846206665	58.93674421310425
45.642027854919434	50.81906795501709
69.84768867492676	69.7058629989624
58.018837451934814	59.646316051483154
49.426069259643555	56.93802833557129
59.41428184509277	59.36169147491455
63.903961181640625	63.18134784698486
42.171382904052734	43.39301109313965
66.02741146087646	72.61807918548584
56.29234075546265	55.4387092590332
66.18695068359375	63.248233795166016
44.0314245223999	44.77217197418213
59.00168418884277	63.995728492736816
68.45926094055176	64.55091762542725
57.49664068222046	53.45375442504883
71.00552558898926	69.30804252624512
57.82015323638916	60.75115203857422
67.02947187423706	62.964576721191406
63.94999933242798	65.276113986969
47.676917552948	53.43777894973755
58.79565238952637	61.377272605895996
56.21593379974365	60.429163455963135
66.00335597991943	59.96380805969238
55.449148178100586	62.786667823791504
38.86077880859375	40.18942356109619
53.80516242980957	62.20372247695923
59.49112892150879	61.35533332824707
50.32530069351196	50.00383901596069
57.36150312423706	60.13037967681885
53.731889724731445	59.97298240661621
46.6860408782959	50.969022274017334
56.73196268081665	56.67979383468628
68.61119604110718	67.00112676620483
54.2303352355957	58.8804874420166
57.3317756652832	62.532474517822266
57.17407703399658	63.05063247680664
66.85091495513916	65.88160514831543
58.47179889678955	62.743353843688965
60.92342472076416	64.23351335525513
60.33123970031738	64.73982334136963
52.31497764587402	58.34429740905762
43.857666015625	48.37742042541504
48.41322422027588	47.33503818511963
42.163978099823	49.25021982192993
44.04409408569336	54.071106910705566
49.79652404785156	61.299448013305664
52.98560619354248	55.64485549926758
59.78520727157593	65.34756374359131
61.297271728515625	58.13471508026123
47.99619913101196	46.73626899719238
47.515727519989014	53.94584083557129
53.657333850860596	57.83309984207153
52.17336416244507	54.59071683883667
47.89984703063965	50.27780055999756
64.70953273773193	63.91445302963257
51.35413646697998	55.91866493225098
53.521159172058105	52.635940074920654
58.59873294830322	62.593984603881836
63.16021919250488	64.92344856262207
50.549678802490234	50.24264335632324
56.482696533203125	56.50799751281738
42.5219202041626	45.607032775878906
68.38491773605347	69.78091955184937
59.050965309143066	57.702345848083496
59.992547035217285	59.83157157897949
56.4687442779541	55.91352939605713
65.44643640518188	66.1236662864685
56.239309310913086	62.33877182006836
58.44651222229004	56.15256309509277
70.37720489501953	74.9300594329834
63.29424858093262	61.73153877258301
59.38827037811279	57.58206844329834
57.50082349777222	63.454413414001465
52.72794246673584	53.058815002441406
48.71050834655762	54.60243225097656
47.09251356124878	52.71657371520996
49.87895059585571	48.789803981781006
51.49897575378418	53.81209850311279
58.33740711212158	63.02417755126953
57.125885009765625	62.655574321746826
60.04984378814697	62.17720985412598
50.38163185119629	50.64486026763916
61.00783586502075	67.28340291976929
50.08899688720703	50.30799865722656
53.55842685699463	54.64250707626343
49.45944929122925	49.9900860786438
46.775596618652344	54.49179267883301
45.81377029418945	48.85030269622803
52.53631591796875	55.66814422607422
51.26957559585571	50.446656703948975
62.15490674972534	61.06765937805176
57.96053886413574	58.22566509246826
66.64689683914185	62.77439594268799
45.42508125305176	46.9606351852417
61.52046775817871	61.41704607009888
49.13434600830078	52.61788320541382
67.5696496963501	68.07419681549072
47.389161586761475	50.82561206817627
59.205055236816406	59.51401710510254
52.462759017944336	54.394288063049316
65.02079772949219	64.8918514251709
61.20097494125366	57.42206954956055
66.54463768005371	61.813950538635254
72.64174556732178	73.3529224395752
60.86435842514038	62.839662075042725
71.55156135559082	70.12976169586182
64.828782081604	64.8654317855835
58.33316230773926	61.92140436172485
66.1630392074585	64.79044437408447
71.92777299880981	76.02855587005615
64.42638397216797	64.01019096374512
62.342400550842285	58.13193321228027
52.710535526275635	52.38478660583496
45.38409233093262	47.66766548156738
59.40998983383179	58.56439018249512
56.855711936950684	59.71602439880371
59.062910079956055	61.84192657470703
70.69384813308716	69.33706474304199
61.56121587753296	63.977463245391846
54.05839490890503	49.95304012298584
68.7684998512268	69.83373355865479
59.24050331115723	63.27824115753174
59.262545585632324	60.54192924499512
61.417131423950195	61.74386024475098
57.76631832122803	55.310587882995605
59.592607498168945	62.15868330001831
49.92034435272217	51.16663932800293
63.38305473327637	62.02913284301758
67.93938636779785	61.32399559020996
52.45154857635498	55.28552055358887
59.43596649169922	59.87809753417969
63.96458625793457	61.79874515533447
57.986817359924316	64.02029514312744
70.08599758148193	71.18428230285645
51.43620491027832	58.520498275756836
40.4355525970459	51.60660743713379
59.16600704193115	60.729923725128174
63.63032341003418	63.365548610687256
54.75743007659912	64.56313133239746
58.74600410461426	59.99317646026611
53.0672664642334	55.88100624084473
65.06043434143066	62.40960121154785
60.117554664611816	59.143548011779785
54.09024667739868	56.7043833732605
56.05513572692871	59.67600345611572
52.1109676361084	54.91549491882324
51.681156158447266	58.14644813537598
48.45597743988037	50.46689033508301
50.931477546691895	61.60780906677246
59.7174654006958	62.92011308670044
67.19620656967163	62.32788705825806
57.210402488708496	60.40024423599243
59.468069076538086	65.47787666320801
55.98936080932617	56.859612464904785
55.65561294555664	59.311585426330566
65.72409868240356	65.47946834564209
49.954379081726074	56.0650691986084
60.09341239929199	62.8386926651001
52.2590970993042	58.14743995666504
60.61744213104248	60.64969062805176
62.315359115600586	60.9857702255249
53.42082977294922	56.40006065368652
51.55081748962402	54.47941780090332
48.91126585006714	51.460617542266846
48.69548797607422	51.68692111968994
36.17777681350708	42.90354681015015
42.816372871398926	48.69669771194458
50.9846305847168	52.86538124084473
64.7237777709961	63.12267780303955
55.179606437683105	62.894049644470215
44.35276985168457	51.651105880737305
60.34571170806885	66.50376319885254
50.39015436172485	53.33277368545532
50.15382766723633	55.49018859863281
56.39036178588867	51.083106994628906
61.68739318847656	62.41948127746582
60.99310874938965	66.95543766021729
58.798165798187256	58.762582302093506
63.92613887786865	65.52075386047363
64.52529907226562	57.9955530166626
47.28700590133667	51.737460136413574
59.50995445251465	62.23400592803955
54.05031204223633	55.883893966674805
46.28328323364258	48.42461109161377
61.08841896057129	65.76235771179199
54.671926498413086	56.413702964782715
53.514037132263184	59.426841735839844
66.9749321937561	69.8847222328186
58.00864124298096	59.28160619735718
57.109811782836914	55.72443151473999
56.017656326293945	57.901978492736816
58.12138557434082	53.6263370513916
55.744226932525635	52.04012870788574
46.976200103759766	52.7742862701416
63.92879676818848	63.63681221008301
57.41994857788086	59.47104454040527
66.96236610412598	63.488006591796875
55.06749773025513	58.70078372955322
57.516045570373535	59.941768646240234
70.28988647460938	75.02093696594238
60.89587211608887	63.06654930114746
66.66903495788574	65.55174827575684
43.99615287780762	45.59435844421387
53.40992546081543	56.71959972381592
45.394328594207764	49.03358554840088
52.165350914001465	55.93698978424072
49.9345064163208	58.9749813079834
62.10548400878906	66.43394470214844
55.88353633880615	58.16353797912598
57.2450008392334	60.20376205444336
56.408796310424805	62.456488609313965
63.13014030456543	56.961774826049805
53.89442825317383	58.64461612701416
42.29504108428955	47.0930814743042
58.561434745788574	58.01785469055176
59.621521949768066	60.94036674499512
49.41606092453003	47.77113199234009
55.66458320617676	56.145389556884766
58.476929664611816	59.39661979675293
65.99598741531372	65.01807594299316
45.02509689331055	52.57788848876953
54.67153453826904	56.843732833862305
51.69715881347656	51.49579048156738
62.720539569854736	59.76917839050293
53.98218631744385	57.56258487701416
53.951873779296875	54.83378887176514
46.265153884887695	48.629350662231445
44.870747566223145	47.19015884399414
62.72999382019043	62.479848861694336
59.67268753051758	69.51783657073975
59.572710037231445	59.35121536254883
56.72101068496704	61.98617744445801
64.27603721618652	65.2041244506836
59.89125156402588	53.87521743774414
55.56018352508545	58.03097724914551
62.29558324813843	64.84428262710571
47.26696014404297	55.02665948867798
50.90468788146973	54.28635263442993
45.245548725128174	46.40601825714111
58.24138164520264	59.09250736236572
57.35424184799194	53.09331035614014
45.25011491775513	54.090474128723145
54.75362777709961	60.32077360153198
65.59283542633057	65.85213232040405
51.9090142250061	54.56695032119751
58.32789087295532	57.01970434188843
59.34318494796753	58.18365287780762
57.55659198760986	60.96009635925293
58.53575325012207	61.49163818359375
56.97338533401489	58.308228492736816
71.5236873626709	67.87615871429443
61.56315326690674	65.23703098297119
47.27625846862793	51.50144577026367
59.770297050476074	65.26986169815063
67.52427577972412	60.78057289123535
49.33815002441406	52.16174602508545
54.39547777175903	62.52517604827881
59.406898498535156	59.961862564086914
53.96756172180176	64.02649879455566
55.610857009887695	61.248931884765625
73.5034704208374	70.52531242370605
60.916175842285156	63.52907180786133
74.60830688476562	72.42178440093994
61.58672332763672	64.79559421539307
72.30637550354004	70.96763610839844
44.491272926330566	47.1319785118103
50.15914964675903	51.86537790298462
48.63612174987793	52.80367374420166
58.862857818603516	61.44841194152832
61.69534206390381	64.34060096740723
51.612677574157715	54.073166847229004
53.4389066696167	54.48774814605713
64.41813468933105	62.30872631072998
65.99704694747925	64.72058868408203
57.74937629699707	58.242974281311035
59.34535026550293	64.98076438903809
43.60500240325928	43.51528358459473
57.14670753479004	59.79771280288696
61.8166823387146	62.29917097091675
58.927507400512695	61.83978891372681
50.12995719909668	50.012993812561035
63.222289085388184	61.62313938140869
48.39011907577515	55.09228992462158
50.511159896850586	53.47911834716797
57.538734912872314	60.67961025238037
46.30432605743408	45.01737117767334
57.22527503967285	59.10284996032715
74.84291076660156	71.63875579833984
61.31186008453369	66.07916355133057
59.71715784072876	65.18109178543091
56.71675157546997	56.96187973022461
56.62803649902344	61.74753665924072
45.13108253479004	43.66251468658447
51.11294746398926	56.97227382659912
55.99419593811035	57.10667133331299
52.191694259643555	52.96005439758301
56.7159366607666	56.88254356384277
56.111971378326416	56.76111316680908
50.32122802734375	49.06749486923218
53.1424617767334	52.843384742736816
48.25811147689819	49.70197248458862
63.30799102783203	60.1175594329834
59.43990659713745	65.66650438308716
61.49276256561279	65.4598617553711
63.76218938827515	61.768067836761475
39.87847852706909	49.18629741668701
57.76767539978027	63.62764549255371
51.88129425048828	56.34937763214111
64.71253395080566	63.6944055557251
53.23552751541138	51.769131660461426
65.88737487792969	68.07275295257568
55.49571514129639	58.3156681060791
65.50111293792725	65.03543853759766
58.75958728790283	62.39717102050781
57.96209526062012	55.21482801437378
59.521934509277344	60.41062116622925
59.47819709777832	61.65963172912598
56.64723300933838	57.97617959976196
57.48506450653076	56.9256157875061
58.65067481994629	58.901681900024414
56.378188133239746	55.227232933044434
54.79091262817383	53.2690486907959
61.0640287399292	68.7112283706665
54.05674934387207	55.515947341918945
53.78684043884277	56.64116382598877
65.13128852844238	65.88485717773438
65.02693176269531	66.80222988128662
53.56918144226074	56.2764573097229
54.42889213562012	59.06963348388672
55.05488920211792	53.1390323638916
58.101563453674316	58.702383041381836
54.46379041671753	53.43796348571777
55.80941677093506	56.67976379394531
52.044639587402344	55.83042621612549
58.509535789489746	56.51675224304199
52.08768701553345	57.9482216835022
55.30298709869385	58.811893463134766
54.85654830932617	58.06277275085449
67.5488805770874	66.91818237304688
61.804513931274414	60.59307098388672
58.29292297363281	57.4282169342041
60.87414264678955	64.26623344421387
49.315481185913086	52.02160692214966
61.52728843688965	64.78256034851074
72.80265283584595	72.32977104187012
60.16021013259888	60.13568878173828
45.35616874694824	51.41619682312012
62.481069564819336	60.019121170043945
53.186941146850586	57.371487617492676
55.690927505493164	58.86679649353027
51.620344161987305	53.7170934677124
59.84048843383789	59.03782367706299
72.44734764099121	68.96080017089844
57.7941198348999	59.294517517089844
57.4421501159668	55.88906288146973
49.68421936035156	50.462050437927246
61.54202461242676	63.51611137390137
66.17031717300415	69.62790107727051
64.92409753799438	64.508047580719
38.22831916809082	44.25657320022583
58.365163803100586	59.246277809143066
60.11052751541138	67.69882345199585
54.10344743728638	58.94910907745361
61.72691822052002	62.29083061218262
63.06413650512695	59.90799903869629
47.49487066268921	51.71431589126587
41.225624084472656	44.59449768066406
52.799177169799805	54.93485069274902
63.785887241363525	61.15780735015869
62.07897186279297	62.22867488861084
51.791205406188965	52.70681381225586
59.798102378845215	61.26730918884277
46.00089073181152	50.25601863861084
57.15336322784424	60.57243347167969
52.47195243835449	56.65482044219971
57.45923042297363	52.07497596740723
52.22898006439209	54.768595695495605
61.459665298461914	59.8423433303833
64.454665184021	65.09615898132324
56.698760986328125	57.30771541595459
51.752705574035645	62.330923080444336
55.60443878173828	53.298020362854004
46.94879865646362	46.08258247375488
60.96431922912598	61.496010303497314
60.02110004425049	58.01865100860596
55.34758901596069	61.12000751495361
54.20359468460083	54.89860439300537
55.73521614074707	56.91615104675293
59.26078796386719	61.56050682067871
46.15799427032471	49.767417907714844
56.9187068939209	57.64005374908447
42.628639698028564	43.14778232574463
58.92178535461426	66.16271018981934
64.49610233306885	66.68585777282715
58.63041877746582	58.31118106842041
54.80793285369873	57.08338165283203
52.78935956954956	49.84368181228638
45.95329284667969	54.12918567657471
49.40119743347168	59.8369836807251
51.890350341796875	52.73909139633179
43.10526180267334	52.363290309906006
45.88973045349121	46.38432502746582
53.45746040344238	51.72758102416992
49.97701168060303	49.793739318847656
56.44787788391113	53.6328125
55.597991943359375	57.93975353240967
52.22923755645752	55.41217803955078
63.38845729827881	68.22794437408447
63.31695556640625	65.25566101074219
52.494967460632324	58.60907793045044
51.55447340011597	52.30994653701782
57.11319923400879	63.23667049407959
52.20425033569336	52.46729564666748
61.21348571777344	60.25321626663208
48.943023681640625	48.823041915893555
55.77563285827637	53.79250526428223
50.47147750854492	56.04413032531738
59.15919303894043	54.79501247406006
59.52459526062012	59.08172607421875
53.34103584289551	61.30140781402588
58.8408145904541	59.233623027801514
59.540924072265625	61.30014610290527
68.01381921768188	71.21103620529175
44.356364250183105	48.66654109954834
57.448883056640625	57.92759418487549
65.02157688140869	67.406005859375
59.191126346588135	55.13719367980957
48.488983154296875	51.78898000717163
54.20707130432129	54.82724905014038
59.32499885559082	64.1384744644165
56.83207988739014	62.07716941833496
61.234636306762695	59.48843479156494
55.488739013671875	57.19926357269287
60.440330505371094	57.72149085998535
57.63960409164429	58.583731174468994
55.417466163635254	57.28403091430664
58.49432945251465	56.464996337890625
63.35866451263428	66.36343479156494
57.246103286743164	57.48547554016113
42.225441455841064	47.60902976989746
52.15929651260376	59.605117321014404
58.34630012512207	63.67753028869629
53.20323944091797	57.21065044403076
58.84781837463379	59.89597797393799
51.65109300613403	58.60957145690918
54.193291664123535	55.90279579162598
63.19382190704346	69.13102149963379
63.05468940734863	67.1092357635498
61.18148326873779	66.11148834228516
49.985188007354736	51.077932834625244
46.895596504211426	49.393179416656494
52.91372299194336	57.21720218658447
47.27928161621094	54.73184108734131
56.34984493255615	57.984328269958496
60.046677589416504	64.88880729675293
50.610551834106445	54.900312423706055
63.06249141693115	60.34290790557861
64.2169189453125	68.63485813140869
58.95779514312744	59.57187509536743
51.18044900894165	58.4180703163147
51.98854446411133	57.198824882507324
58.430585861206055	59.43014621734619
45.79129695892334	45.67279815673828
61.0628604888916	61.61089897155762
47.41673946380615	52.888712882995605
65.87276458740234	70.29862403869629
45.71764945983887	49.411468505859375
62.813257694244385	65.27072191238403
55.92778205871582	59.10801887512207
61.61986255645752	65.89467096328735
57.823001861572266	64.20459079742432
58.12279272079468	66.43517398834229
57.89616107940674	55.89194297790527
60.39280891418457	60.21806240081787
65.47799587249756	73.69128227233887
52.82437324523926	58.07044982910156
49.338417053222656	46.69708251953125
63.57142639160156	59.13159942626953
57.14500427246094	63.70066165924072
57.588486671447754	55.303707122802734
65.27761936187744	64.08825874328613
50.59011936187744	52.545714378356934
58.08306884765625	59.48336219787598
54.39626216888428	55.07579326629639
54.086976528167725	60.74180746078491
62.620569705963135	61.45737648010254
56.78004264831543	63.62539291381836
57.05496788024902	63.405046463012695
45.837697982788086	46.38954162597656
59.464826583862305	57.509217262268066
54.51792812347412	56.60424470901489
53.17707061767578	54.53404426574707
47.437472343444824	49.33604717254639
52.33384609222412	57.17325496673584
62.31152534484863	64.05396938323975
62.39483833312988	65.77845573425293
59.202919006347656	56.97796440124512
65.24023675918579	65.29571008682251
29.301348209381104	33.32859706878662
52.80827522277832	53.00625658035278
60.414146423339844	65.75511693954468
50.589213371276855	56.18027687072754
54.7744665145874	59.16924858093262
58.377960205078125	62.74184989929199
62.61451244354248	57.61395454406738
44.54868936538696	46.22122049331665
57.06226348876953	58.75460624694824
58.70979452133179	53.26021671295166
62.33884334564209	55.598435401916504
44.894076347351074	46.56560754776001
56.42047882080078	59.757347106933594
52.66720390319824	54.54039907455444
60.6441330909729	59.85465049743652
44.26898002624512	48.66692543029785
56.76272392272949	57.10148620605469
59.47575759887695	58.749642848968506
44.896913051605225	52.36539316177368
59.413676261901855	60.272940158843994
57.361799240112305	53.94809818267822
49.751386642456055	56.07621669769287
62.63714790344238	69.0143871307373
65.84814548492432	73.96528720855713
57.69850730895996	59.0312385559082
55.166473388671875	56.906033992767334
52.831363677978516	57.48060178756714
46.09330177307129	47.62742042541504
52.3663330078125	54.1391658782959
64.33857488632202	68.68484401702881
42.27518558502197	44.21959400177002
56.86490774154663	50.011234760284424
55.214332580566406	57.05609178543091
58.86507987976074	62.200775146484375
57.91562604904175	56.0759654045105
54.42839288711548	58.47450494766235
65.14094495773315	66.73179578781128
48.348875999450684	50.01613903045654
60.802345275878906	56.06074810028076
44.396284103393555	46.239734172821045
56.14720344543457	57.12807655334473
53.069427490234375	54.78710746765137
54.98104906082153	53.574219703674316
58.56935405731201	62.28884696960449
41.036587715148926	42.907233238220215
53.667192459106445	59.528393268585205
60.08779048919678	60.62617301940918
72.40235328674316	66.97144985198975
58.45133399963379	58.85937309265137
55.88675022125244	59.480862617492676
50.342490673065186	51.278172969818115
59.6458101272583	54.97842788696289
68.67486763000488	75.26291084289551
48.716612339019775	54.17170810699463
68.25160026550293	65.91233730316162
57.227126121520996	59.63618230819702
68.76550483703613	71.58511400222778
62.018431663513184	70.10617160797119
38.986839294433594	42.467509746551514
45.09023189544678	50.14604091644287
69.87669467926025	75.80403327941895
57.59511423110962	55.149378299713135
49.28100109100342	50.831594467163086
58.010830879211426	57.37049102783203
62.23715400695801	64.01069498062134
50.89471673965454	55.22694444656372
53.05326175689697	55.468721866607666
56.509281635284424	55.179283618927
47.86933708190918	52.39741230010986
62.27239274978638	56.698739528656006
53.825201988220215	57.75100231170654
47.60080814361572	51.272406578063965
46.7163610458374	49.61864948272705
49.561047077178955	52.84556007385254
61.094794273376465	67.02727317810059
53.255221366882324	56.20102500915527
46.56283378601074	49.666266441345215
65.58207035064697	66.45712375640869
61.373047828674316	65.03720760345459
54.43644046783447	57.272348403930664
54.21552658081055	57.9227352142334
62.404093742370605	65.63308715820312
59.79189348220825	60.52944087982178
54.073076248168945	55.23583745956421
60.67084789276123	65.7464075088501
53.044240951538086	55.52939987182617
46.10366249084473	48.309433937072754
56.409006118774414	59.87765312194824
57.66146659851074	60.05575656890869
59.99032497406006	65.52697658538818
58.01307821273804	56.973153591156006
60.47285556793213	61.15765571594238
62.25837230682373	63.00095748901367
54.47153568267822	60.30752182006836
54.82707977294922	58.17548751831055
49.98481035232544	51.89160346984863
45.852952003479004	47.81484603881836
61.992162227630615	60.69267749786377
60.51211357116699	60.78138828277588
55.10470533370972	55.385324478149414
53.952131271362305	55.055251121520996
60.37638330459595	61.213717460632324
63.81724834442139	61.87820911407471
65.9707579612732	67.71008491516113
53.407583713531494	53.23818826675415
65.96916198730469	66.45033836364746
60.460238456726074	66.13519191741943
54.72159385681152	58.10764789581299
66.85300350189209	62.70865440368652
60.33111572265625	60.91153621673584
48.23636054992676	50.78511714935303
60.707130432128906	65.8261775970459
60.76750040054321	56.9529013633728
61.53674125671387	66.9484806060791
78.71657371520996	76.24792575836182
64.26631689071655	65.42578077316284
64.39148902893066	64.56904411315918
49.46662473678589	49.3577446937561
57.56046438217163	56.61551904678345
52.269582748413086	56.271748542785645
63.01036357879639	66.91796779632568
49.98948574066162	51.77867889404297
61.35366439819336	62.657020568847656
50.35936450958252	51.05499458312988
45.05572319030762	47.89290428161621
55.52321434020996	58.63639831542969
51.860737800598145	50.8084774017334
51.861252784729004	52.13273048400879
50.258567333221436	48.154672622680664
64.47699546813965	62.235655784606934
51.26782417297363	53.431363105773926
61.175986766815186	62.18246364593506
69.41818237304688	72.33723640441895
60.731568336486816	58.06874752044678
54.296278953552246	57.68764686584473
67.68237113952637	66.16471767425537
51.540101051330566	60.763423919677734
61.229098320007324	65.61361742019653
56.858763694763184	49.782705307006836
50.40369510650635	49.58332061767578
48.55782985687256	47.096242904663086
48.445730209350586	55.581326484680176
51.19143104553223	57.75572347640991
59.50278282165527	62.18310356140137
54.5556116104126	62.148895263671875
54.39213800430298	57.51165771484375
49.21037530899048	52.517752170562744
62.57575988769531	62.257155418395996
56.775054931640625	55.65905570983887
56.47982597351074	57.99204349517822
52.39062309265137	50.4051399230957
66.7353744506836	71.83174324035645
55.91127395629883	55.253167152404785
58.79002618789673	62.221107959747314
73.306640625	73.33605766296387
63.14187526702881	63.471713066101074
56.97078895568848	59.94153928756714
65.15522003173828	71.05637550354004
59.72018241882324	62.97450065612793
61.42456245422363	61.421509742736816
58.093656063079834	55.47278594970703
53.00224828720093	55.50716972351074
56.341843605041504	59.056406021118164
46.58390998840332	49.43222999572754
50.20324230194092	48.02681922912598
56.70731019973755	59.68869495391846
58.92783164978027	57.837114334106445
62.630300521850586	63.49531173706055
67.43124437332153	67.48333978652954
49.60082530975342	58.81931161880493
47.35341739654541	53.94549751281738
56.11446523666382	56.34352350234985
58.98917484283447	59.75472450256348
66.70966148376465	67.29383945465088
62.59955406188965	64.53434944152832
55.02127647399902	57.388153076171875
55.22159814834595	57.57937574386597
55.321054458618164	60.56549835205078
56.20593023300171	58.6646146774292
60.59256076812744	59.6985387802124
62.58105278015137	62.12268352508545
48.871450424194336	45.174241065979004
54.199395179748535	56.3824462890625
65.15487670898438	68.95875453948975
64.8757472038269	59.16103458404541
45.774240493774414	49.9944543838501
65.39895534515381	66.11828804016113
45.236772537231445	51.474796772003174
51.052977561950684	63.424638748168945
55.29585075378418	61.35462284088135
50.58742046356201	58.346734046936035
54.54842567443848	63.465800285339355
56.29776954650879	56.828322410583496
57.749464988708496	60.89883518218994
40.752596855163574	47.03297138214111
47.78106689453125	51.31662845611572
49.10313606262207	56.47070503234863
60.23726463317871	55.444350242614746
57.662604331970215	62.76103115081787
51.185035705566406	52.51328468322754
59.74923610687256	60.421953201293945
66.13253688812256	61.507009506225586
57.185479164123535	55.12975597381592
68.07135105133057	65.12725830078125
57.36124563217163	55.82929229736328
40.77920913696289	41.717209815979004
57.93959617614746	60.80582141876221
57.0804386138916	61.90133094787598
