90.99653482437134	96.30838871002197
44.6077880859375	48.920969009399414
78.06404113769531	81.7459545135498
76.3974380493164	75.55195426940918
70.41182518005371	79.15285301208496
47.85266876220703	59.670026779174805
57.830095291137695	59.835968017578125
57.86254835128784	60.67196702957153
64.88870811462402	69.09232330322266
61.07840061187744	67.25827169418335
46.75381851196289	50.62271595001221
67.11720848083496	70.30635833740234
38.73611831665039	38.134742736816406
66.34457349777222	74.10905456542969
65.56678771972656	70.56699275970459
74.8001503944397	76.8560528755188
46.37744140625	54.477046966552734
49.8134183883667	63.513503074645996
52.72951698303223	54.399696350097656
97.01429748535156	99.45056915283203
64.03601169586182	77.47366237640381
72.94353199005127	85.45250988006592
64.72125482559204	70.01584720611572
45.80005598068237	50.609261989593506
61.8096342086792	61.902610778808594
71.44060707092285	76.86775398254395
52.67882966995239	55.03409671783447
108.91102457046509	115.34952878952026
56.24988412857056	56.17272233963013
72.64120197296143	80.63035678863525
56.722978591918945	60.50086784362793
46.23491907119751	41.13533163070679
85.25039339065552	94.15758562088013
76.43625736236572	82.99848794937134
45.393157958984375	45.92688751220703
51.17162227630615	53.58159065246582
46.14309310913086	47.383033752441406
51.44941234588623	55.33508348464966
84.85270500183105	88.88282775878906
50.474435806274414	51.084434509277344
45.78886032104492	48.74492645263672
42.028751373291016	47.868661880493164
81.53617191314697	88.94218921661377
75.35222148895264	83.63435077667236
35.715643882751465	31.24638605117798
60.62167310714722	65.60898017883301
52.96968412399292	62.25801944732666
73.36215734481812	83.5081958770752
59.52800703048706	66.59466648101807
50.69249153137207	53.81843566894531
53.55339431762695	54.189334869384766
50.95423412322998	58.245619773864746
34.471877098083496	37.835081577301025
44.659217834472656	60.67991495132446
38.81200647354126	40.66405487060547
53.309364318847656	56.54725790023804
55.935598373413086	64.61468267440796
62.823875427246094	72.53340244293213
35.03213357925415	35.30110168457031
87.81472206115723	90.44498205184937
88.07154846191406	96.51274967193604
84.9571099281311	91.0483512878418
59.81649398803711	66.97007656097412
47.70210886001587	56.59496784210205
73.53540802001953	80.13359642028809
69.01625633239746	73.60869026184082
70.1275634765625	72.4611496925354
51.01368856430054	52.63085460662842
50.323296546936035	51.32829666137695
51.349388122558594	48.63656997680664
57.27346229553223	59.19886302947998
48.876121520996094	56.05412292480469
63.219430923461914	66.89755487442017
66.61979484558105	72.69026756286621
57.09404993057251	66.69401454925537
86.74308681488037	88.01928424835205
69.22107696533203	73.13302898406982
48.93652153015137	53.961015701293945
79.28980159759521	87.83339214324951
65.29828023910522	70.535080909729
68.27108860015869	70.36308574676514
43.07231092453003	43.32832479476929
47.87770748138428	53.52621555328369
60.00092887878418	64.31894731521606
46.91346216201782	52.04090166091919
50.933265686035156	57.489380836486816
59.52129936218262	75.89408111572266
43.408355712890625	53.51029872894287
71.00762701034546	74.46257257461548
72.1487045288086	78.81367492675781
44.170133113861084	43.349634647369385
77.85145998001099	82.68561601638794
70.58451795578003	80.0585994720459
54.57815647125244	66.38686180114746
52.247252464294434	62.85086154937744
46.85306739807129	51.99881029129028
101.93508529663086	112.16381216049194
84.7155909538269	89.05129051208496
45.45378255844116	54.34379482269287
46.49912738800049	53.0247745513916
44.2962965965271	58.46144962310791
55.988759994506836	62.11264610290527
60.232431411743164	71.87564611434937
50.794920921325684	56.808342933654785
48.61405372619629	54.64837074279785
44.8007869720459	50.08194923400879
45.64353704452515	56.48276424407959
85.028076171875	96.89483642578125
44.86584663391113	52.44330596923828
48.182799339294434	51.868287563323975
38.69925022125244	46.54232978820801
55.400896072387695	62.88561820983887
82.48857736587524	86.71018838882446
62.49232769012451	69.81886386871338
48.18010854721069	51.39993095397949
43.18089962005615	53.59626293182373
57.532607078552246	61.89719772338867
40.49477577209473	48.76054286956787
50.15333557128906	46.74115753173828
44.50593566894531	48.91444396972656
71.30057716369629	74.38508605957031
72.2564468383789	72.2107515335083
79.02258014678955	85.53708553314209
71.23097324371338	79.36555242538452
68.45205640792847	70.4364447593689
109.19235229492188	116.69861602783203
42.08125686645508	47.6865348815918
57.956204891204834	59.62915897369385
52.49188804626465	60.42226600646973
52.467756271362305	63.03738021850586
34.63096618652344	39.94471788406372
61.928343772888184	62.97379493713379
46.76891469955444	52.62981176376343
54.32778739929199	55.21343421936035
70.62441444396973	71.05433464050293
53.49078178405762	64.5563268661499
54.23911094665527	67.29846000671387
53.63599634170532	59.79676866531372
81.58949375152588	88.48777055740356
62.49348449707031	70.96432685852051
44.27625846862793	51.01380443572998
64.86279153823853	68.03450107574463
56.940765380859375	58.596391677856445
48.87518548965454	54.747694969177246
101.33896112442017	96.91998672485352
67.03288125991821	75.88417100906372
70.09870719909668	70.42473602294922
118.49003791809082	125.74055099487305
57.945022106170654	63.21402311325073
50.43950700759888	53.77076768875122
46.023046016693115	53.91450834274292
55.56670093536377	64.70133781433105
80.32106637954712	89.56441640853882
78.78293752670288	81.48752880096436
81.40210819244385	83.70759057998657
65.14578342437744	76.65418863296509
71.818106174469	69.8591833114624
39.87263488769531	43.70897674560547
87.0689606666565	96.68101787567139
73.24117469787598	77.0811767578125
44.01522159576416	50.52583980560303
76.30014610290527	83.26698017120361
49.40088129043579	47.85213375091553
61.74173355102539	73.96964836120605
40.83971309661865	44.25791883468628
75.88997840881348	83.41982460021973
71.86898231506348	75.93563556671143
86.03646850585938	89.35709857940674
46.417566776275635	55.143178939819336
68.59626960754395	79.52733421325684
48.84175777435303	55.609970569610596
68.31968116760254	72.85734844207764
59.288249015808105	55.41372776031494
42.81537628173828	49.172725677490234
58.239731788635254	63.86045837402344
58.22451114654541	62.203311920166016
68.68504858016968	73.2572078704834
51.81169891357422	58.37842082977295
49.38587951660156	56.67430877685547
42.716548919677734	49.90556335449219
57.80508613586426	67.20899677276611
61.08142566680908	67.1869969367981
64.23712348937988	63.17603874206543
58.35362911224365	59.978628158569336
59.558658599853516	60.18033504486084
47.07099151611328	53.67046594619751
46.494178771972656	53.79674530029297
79.32760858535767	86.7421202659607
52.83886957168579	62.811052322387695
50.96652030944824	56.34903907775879
85.6692624092102	93.9858341217041
69.26061058044434	69.81213855743408
68.36335277557373	73.99513101577759
72.07469367980957	76.95045948028564
70.45504808425903	77.46797466278076
55.15433883666992	56.990882873535156
55.330543518066406	58.59902381896973
57.10888862609863	52.66193246841431
105.03837776184082	109.44049644470215
36.14247941970825	40.78530931472778
59.111892223358154	67.62267351150513
29.8267240524292	31.277902126312256
44.53740692138672	55.3451042175293
76.42222595214844	84.63876342773438
68.8597240447998	78.73550605773926
50.51313400268555	54.01322841644287
52.598093032836914	59.669095516204834
59.42108345031738	69.52320098876953
46.34119510650635	50.352492332458496
81.22222423553467	80.66416025161743
77.2205057144165	87.69412326812744
68.71442985534668	78.13176155090332
46.07367753982544	57.49308156967163
51.18983268737793	58.20553779602051
34.01990103721619	47.15083122253418
60.88581657409668	60.759931564331055
102.50289916992188	110.51214599609375
59.8179988861084	58.141845703125
40.99908447265625	45.140127182006836
77.68478393554688	84.54397583007812
81.85370922088623	92.0519666671753
96.25562286376953	106.8459620475769
49.472529888153076	57.94215202331543
77.9877061843872	81.09561443328857
40.59418487548828	43.82219696044922
104.06521081924438	110.01280546188354
64.7319540977478	70.53410243988037
47.183549880981445	50.09522724151611
45.22464036941528	45.814507484436035
47.48808574676514	51.46860408782959
72.6028184890747	75.91607809066772
56.5766658782959	58.82359313964844
54.79165506362915	56.26395606994629
52.44576454162598	55.6868314743042
57.55927085876465	59.332427978515625
50.885672092437744	58.74120569229126
62.211259841918945	64.65440464019775
35.5885009765625	39.818275451660156
52.66033744812012	65.014967918396
68.49318218231201	75.00545597076416
67.6663818359375	60.87738227844238
58.2222843170166	65.63334465026855
63.28647518157959	72.42776298522949
45.07399892807007	55.07552719116211
65.51026010513306	73.16480827331543
45.62843942642212	50.829877853393555
91.13314580917358	100.54232501983643
87.72218942642212	95.80442905426025
79.43642997741699	84.8050594329834
75.95233249664307	85.15114784240723
48.97193098068237	46.90340280532837
67.67634773254395	68.73819923400879
50.60084342956543	54.15669250488281
51.93849182128906	57.87767028808594
59.68376636505127	68.31118583679199
62.18305778503418	74.59491920471191
51.43162155151367	56.40685272216797
59.66953134536743	61.56008291244507
75.93152523040771	75.81091117858887
51.136956214904785	59.8150634765625
59.93402099609375	67.97729682922363
77.80428886413574	83.37416410446167
81.03970909118652	78.37566471099854
38.92704391479492	51.245276927948
64.50646018981934	59.29859733581543
56.59366226196289	56.356112003326416
32.87073564529419	33.807405948638916
70.49970817565918	75.88189888000488
46.014458656311035	55.63843488693237
68.75198364257812	78.26098823547363
85.61776733398438	88.30523872375488
112.48983764648438	120.49981498718262
75.51446533203125	83.43287754058838
47.728511810302734	50.385860443115234
57.94296741485596	69.44826602935791
83.46352100372314	86.50292873382568
56.60006904602051	59.88529014587402
68.35616397857666	72.15734577178955
43.98506426811218	49.80577993392944
66.22972297668457	68.73203086853027
37.36170959472656	43.987361907958984
76.47578430175781	81.87448310852051
48.840266704559326	55.12524890899658
59.75514888763428	64.38185834884644
48.073150634765625	45.447641372680664
59.348182678222656	62.45400905609131
55.84193706512451	59.404029846191406
66.53690528869629	69.9005355834961
49.6446590423584	61.93298292160034
77.38078117370605	81.21258354187012
71.35641288757324	71.05909633636475
55.556578636169434	64.46127414703369
83.9168472290039	94.13455772399902
59.456539154052734	69.21666145324707
82.16989135742188	90.47133922576904
72.8708724975586	80.87557411193848
67.0755090713501	70.60446977615356
71.87870979309082	78.02954292297363
60.20039176940918	60.68943786621094
114.36942291259766	124.22731018066406
62.17667818069458	65.2694263458252
94.70237302780151	95.95206212997437
59.426937103271484	71.75007057189941
54.44962501525879	54.86651420593262
101.42489528656006	106.50078248977661
42.23068618774414	46.03656005859375
70.01791906356812	84.6547999382019
47.491668701171875	47.9088020324707
52.77439785003662	63.91445732116699
48.41567516326904	43.20993232727051
69.61808729171753	72.31197929382324
87.52940654754639	93.49197292327881
55.1455020904541	64.53904151916504
60.58937311172485	68.8633017539978
51.218528747558594	54.08422088623047
76.55428647994995	90.31484127044678
73.85242223739624	84.30775880813599
42.17704391479492	48.698429107666016
69.81466722488403	73.43100786209106
47.46939182281494	46.29710340499878
54.8246054649353	59.88480520248413
59.69794750213623	70.95636034011841
56.70238494873047	67.65788459777832
57.99521350860596	63.73937273025513
75.52563524246216	75.49588680267334
76.00816011428833	83.5956072807312
66.09520626068115	73.93461608886719
46.9829797744751	54.831199645996094
61.018614768981934	69.74029541015625
59.77115726470947	63.859750270843506
96.86383056640625	104.47197103500366
70.41957378387451	81.17217254638672
56.0850133895874	60.05684804916382
76.3146104812622	76.29260444641113
67.29332542419434	70.04903411865234
61.802324295043945	66.21819877624512
60.106109619140625	67.19814491271973
40.27275085449219	49.43302631378174
63.992332458496094	75.08855438232422
49.676926136016846	61.422621726989746
45.57216453552246	53.100863456726074
45.71786880493164	46.33038330078125
45.17006492614746	47.90504264831543
37.38732147216797	40.700233459472656
45.59446716308594	48.792972564697266
52.45885419845581	61.63942909240723
55.099143981933594	68.2756519317627
52.88206386566162	62.10907316207886
70.83465576171875	73.2900218963623
84.84847831726074	85.42556095123291
56.12730550765991	60.305880069732666
65.68142700195312	79.52035427093506
40.22789001464844	41.74275588989258
60.55444526672363	65.52356195449829
80.17193508148193	86.72763919830322
54.764039039611816	60.808133125305176
64.0544261932373	81.92377710342407
45.76555633544922	52.284812927246094
81.49610805511475	85.50620889663696
57.35914707183838	67.42754459381104
63.05716896057129	73.36314582824707
56.57270908355713	61.08848571777344
42.203826904296875	52.31541061401367
47.893211364746094	57.311296463012695
80.8974781036377	88.1213321685791
43.59972381591797	47.97459030151367
41.14363193511963	40.04066610336304
71.56022071838379	74.91304206848145
44.33255195617676	51.366729736328125
67.49566841125488	73.20748901367188
48.49807262420654	56.365652561187744
42.077571868896484	36.8880500793457
57.278709411621094	59.22134876251221
49.338977336883545	50.09999418258667
70.18552684783936	69.46108198165894
68.67045640945435	74.78228902816772
40.06910705566406	37.717796325683594
59.91304540634155	61.729865074157715
53.78613471984863	61.22583866119385
60.952178955078125	60.10412836074829
44.81193733215332	59.543405055999756
57.37837314605713	59.55068111419678
54.931915283203125	59.37256050109863
56.7105073928833	60.5496711730957
69.21934652328491	71.99833679199219
88.80227947235107	94.39542484283447
57.85247182846069	53.41509819030762
101.10507488250732	104.9036750793457
43.36142349243164	49.83475685119629
59.60866355895996	64.79488563537598
42.661508560180664	50.391297340393066
63.4266300201416	62.87961959838867
52.992021560668945	56.11811685562134
46.33357286453247	52.57131814956665
57.738226890563965	64.2120451927185
52.031240463256836	56.015944480895996
78.44376182556152	82.02998542785645
49.46786403656006	56.1803674697876
57.236647605895996	63.50762367248535
50.161192417144775	54.063682079315186
65.49332427978516	70.22563362121582
51.09745502471924	57.33893394470215
72.61047410964966	78.03848266601562
47.39473628997803	50.640990257263184
46.27968406677246	53.99127960205078
82.16579675674438	88.22148084640503
58.58909225463867	67.87819862365723
71.23249959945679	76.96662139892578
96.93334197998047	96.02589416503906
53.66907596588135	59.542951583862305
65.71836996078491	69.76761150360107
37.042259216308594	36.73495864868164
49.12693691253662	43.755489349365234
48.036749839782715	57.2367525100708
94.66392517089844	97.14094543457031
79.23301935195923	85.30440330505371
51.0274600982666	64.68433380126953
52.270941734313965	59.42173957824707
53.31412696838379	55.750526428222656
53.24801445007324	64.66047763824463
59.96291542053223	67.60599517822266
50.8738317489624	61.010976791381836
47.09640598297119	58.06676530838013
48.09381723403931	43.07948422431946
61.69195747375488	65.3371524810791
61.262831687927246	66.2917423248291
74.70480394363403	81.47096538543701
79.04315948486328	80.45833587646484
58.67875099182129	67.31865119934082
98.05844116210938	92.428955078125
51.2548828125	58.97858142852783
38.01211500167847	33.85444974899292
52.057286739349365	61.14697980880737
47.007568359375	52.91769790649414
55.81645345687866	56.44239568710327
52.078046798706055	59.71872329711914
84.80383014678955	91.86594104766846
54.05951499938965	60.17544746398926
63.52474021911621	75.37750053405762
48.86932849884033	48.42205047607422
63.752912521362305	61.53021240234375
42.5955810546875	47.946258544921875
52.09713935852051	51.103057861328125
40.07699203491211	39.62681484222412
54.5630578994751	55.200355052948
33.06838274002075	38.80801439285278
47.16913890838623	55.84501647949219
80.07364511489868	81.45336627960205
62.867998123168945	64.70260047912598
37.33027362823486	36.953245639801025
48.609304904937744	55.3600172996521
52.30504512786865	56.35270118713379
55.16800117492676	57.35307455062866
47.02517080307007	54.54606771469116
82.05884456634521	92.94839143753052
54.403000831604004	59.30552101135254
43.89604568481445	44.91471862792969
87.00375366210938	92.79063415527344
70.92844438552856	76.85325622558594
44.109888553619385	55.98666715621948
66.13193464279175	66.64619398117065
46.20065689086914	51.57259941101074
56.1274528503418	60.19631385803223
45.673513412475586	48.179078102111816
83.52133274078369	89.01755380630493
57.89433479309082	71.33796691894531
56.58871603012085	63.04597187042236
52.47095584869385	57.31825351715088
64.74251699447632	83.84757995605469
46.28000736236572	53.6503267288208
51.17461681365967	59.6195650100708
76.94221639633179	86.10371923446655
59.97629642486572	56.453946590423584
37.43110275268555	38.87773513793945
99.50412368774414	107.20193910598755
84.7080717086792	91.37060022354126
48.59916687011719	55.077558517456055
91.23049259185791	88.98095512390137
39.922420501708984	44.89452362060547
54.13752555847168	59.19063091278076
32.43451404571533	36.02889537811279
54.935503005981445	62.58127689361572
66.59708976745605	69.46765899658203
55.775047302246094	64.59969520568848
66.292236328125	69.45356941223145
33.364688873291016	40.344778537750244
65.47332859039307	64.55043935775757
46.14601993560791	56.04996299743652
41.10346794128418	52.77257490158081
61.14483022689819	65.13242149353027
61.18040657043457	65.69796752929688
55.66983222961426	62.05965995788574
76.75939893722534	83.86144065856934
51.66233253479004	57.39057397842407
49.106788635253906	54.453826904296875
94.30632305145264	104.8699140548706
61.113112449645996	67.41516780853271
46.332313537597656	52.63065719604492
48.466293811798096	54.1332221031189
90.89788818359375	90.1020154953003
84.81737661361694	87.09407758712769
59.89712715148926	63.10593605041504
52.58412408828735	53.04801321029663
59.93804931640625	63.133283615112305
72.84983253479004	77.59007263183594
84.90439319610596	89.2539587020874
53.26407051086426	56.738731384277344
52.58968162536621	60.419371604919434
63.96768760681152	63.34490442276001
72.19717597961426	85.48194694519043
72.76711368560791	80.12779760360718
45.38502359390259	45.263731956481934
46.50775337219238	51.98093605041504
90.4478759765625	93.44125366210938
67.80519104003906	79.48278522491455
61.16484069824219	64.31345558166504
55.153255462646484	57.27986812591553
68.23912239074707	75.33698844909668
38.289527893066406	38.9979248046875
51.3517370223999	54.67207145690918
58.10300827026367	61.709184646606445
47.66330051422119	55.982581615448
66.81037330627441	73.98406791687012
99.08297538757324	101.87141418457031
63.74972343444824	68.75140190124512
69.30409860610962	76.82063484191895
70.30244541168213	71.31353807449341
40.337730407714844	48.417869567871094
63.46500635147095	68.5113377571106
58.79551887512207	58.976240158081055
64.88438606262207	72.00499820709229
42.44734191894531	37.683860778808594
54.17983293533325	57.59581708908081
57.18892526626587	59.44360971450806
60.62069892883301	70.37459564208984
51.27910614013672	65.6075668334961
72.36928367614746	82.51662254333496
59.447587966918945	71.63369178771973
57.042222023010254	63.709359645843506
34.27012252807617	39.22420883178711
44.89596366882324	49.07430171966553
36.10634708404541	36.210718631744385
71.9489974975586	80.33464193344116
44.91508483886719	48.359046936035156
43.50627899169922	45.38243865966797
45.47907257080078	52.70737266540527
40.699729919433594	50.53974533081055
58.586907386779785	63.55380058288574
70.7849349975586	77.1288070678711
46.51495361328125	50.700321197509766
39.22223663330078	47.572349548339844
48.812971115112305	49.65597629547119
54.18898630142212	63.360278606414795
53.39240074157715	62.81153678894043
83.09501934051514	89.66670513153076
58.35664749145508	63.52524757385254
43.63793635368347	43.1513934135437
58.98424530029297	70.68610954284668
53.84726524353027	54.4858455657959
74.49311828613281	79.43340110778809
62.76570463180542	74.4425253868103
51.16786193847656	56.82460641860962
52.00189161300659	60.35945749282837
47.03583526611328	48.363441467285156
67.4835729598999	69.07218933105469
66.90573692321777	77.44679260253906
49.70120859146118	52.288145542144775
44.71779727935791	46.71232223510742
68.93437957763672	73.05530405044556
95.5391263961792	103.34421730041504
53.14692497253418	64.43477725982666
86.77342128753662	96.52793025970459
73.68845558166504	82.72792625427246
50.13161659240723	51.422109603881836
42.14952611923218	35.41380453109741
52.15448999404907	54.24774789810181
59.29741859436035	65.88189888000488
37.565423011779785	43.73370552062988
54.82325553894043	60.84103584289551
46.00407791137695	51.43006134033203
82.20651054382324	77.34425354003906
61.77250385284424	67.09274291992188
50.23000717163086	50.43143892288208
49.090779304504395	61.036909103393555
64.27699089050293	66.67276096343994
70.45018196105957	80.10930013656616
56.958163261413574	62.98273515701294
73.16063690185547	80.07398986816406
40.71813201904297	42.494873046875
54.28103446960449	62.14419364929199
49.20667266845703	49.4249267578125
44.35752725601196	43.67176151275635
44.49130296707153	54.2500376701355
62.90589237213135	59.52295112609863
38.497904777526855	38.84468650817871
66.02383947372437	69.08641719818115
39.4327917098999	44.19031381607056
77.32104253768921	84.54845666885376
60.39637041091919	63.5808048248291
63.60495090484619	66.77430152893066
85.14809942245483	91.06721448898315
53.3653507232666	53.767690658569336
52.886672019958496	53.65035057067871
59.116740703582764	60.86935615539551
47.74154806137085	51.257413387298584
52.25451612472534	54.83905601501465
43.40543746948242	47.139739990234375
65.24125814437866	59.99986982345581
61.12032890319824	57.03542709350586
63.92638444900513	71.01089572906494
66.87537288665771	73.05790710449219
78.66532611846924	76.45199632644653
39.15330934524536	42.88709306716919
44.243125915527344	54.60643005371094
66.39777946472168	69.54077339172363
66.46399021148682	80.65788888931274
53.9302282333374	60.16056203842163
61.88774299621582	65.90361785888672
86.67662334442139	92.4917163848877
40.81426191329956	40.78170442581177
32.23209285736084	33.995901584625244
95.245924949646	98.55487632751465
54.58995580673218	56.90511751174927
39.08449745178223	47.27511405944824
49.85753631591797	48.21374988555908
44.230403423309326	53.80688524246216
51.28852844238281	53.074581146240234
47.123708724975586	48.89226722717285
43.740614891052246	55.273255348205566
51.97707796096802	54.24648857116699
75.38348579406738	83.15054512023926
44.53532409667969	47.98924255371094
54.910966873168945	54.76515197753906
55.240137577056885	64.24739027023315
78.27210474014282	84.25869750976562
69.03017234802246	81.48989677429199
51.339699268341064	61.62941932678223
38.89472579956055	44.44778251647949
55.46938705444336	57.790175914764404
64.4770336151123	68.45767021179199
73.56841850280762	82.82266283035278
47.903947830200195	54.11807060241699
92.10484552383423	98.98618221282959
56.197876930236816	60.5145263671875
69.28350877761841	76.47509956359863
85.33873558044434	95.13305854797363
68.52499580383301	70.40540885925293
84.51880216598511	91.71730756759644
55.736487865448	69.03825330734253
39.52128601074219	42.15947723388672
47.47280502319336	48.67625427246094
47.57059097290039	49.61832046508789
57.92004585266113	60.99741458892822
54.72855091094971	55.188231468200684
65.77889442443848	70.7486400604248
45.16509962081909	46.01883602142334
47.406572341918945	52.8261194229126
41.37988901138306	42.35720872879028
76.10559749603271	74.20197486877441
81.00696039199829	86.79865741729736
54.90586280822754	60.276055335998535
61.41416311264038	61.83253192901611
52.34890937805176	67.98728942871094
69.20739889144897	76.22841501235962
34.81465148925781	37.031715393066406
50.675755977630615	49.222556591033936
58.71881103515625	70.97590827941895
66.81143283843994	65.43755531311035
55.10050392150879	54.74585151672363
80.4627513885498	80.68519592285156
55.90764045715332	61.63416862487793
75.64515495300293	78.33669090270996
51.66748237609863	57.299400329589844
42.62895202636719	50.752071380615234
64.53037118911743	73.3356761932373
45.04511260986328	47.004472732543945
48.92719268798828	55.518250465393066
52.56421136856079	53.091962814331055
51.65049648284912	54.74338388442993
77.7889838218689	82.77320194244385
63.15062952041626	70.4473180770874
65.21974182128906	68.15005302429199
54.81226921081543	64.94285583496094
65.05648612976074	67.49825477600098
66.25865173339844	71.36790990829468
79.13991451263428	89.3167519569397
58.03336715698242	65.14324951171875
45.701820373535156	51.996280670166016
44.514689445495605	53.43765163421631
59.02778148651123	69.09815788269043
73.59840202331543	80.18419075012207
46.59352111816406	44.89999008178711
107.15795135498047	113.18155765533447
53.52595806121826	60.63801288604736
52.39133358001709	57.43717670440674
42.61953020095825	42.327394008636475
70.67857933044434	74.63402795791626
57.65598487854004	63.336283683776855
74.81958293914795	75.5612154006958
46.49481010437012	53.45100975036621
52.34999084472656	52.91567945480347
32.801398277282715	35.33048152923584
55.17746114730835	59.6343674659729
68.75290203094482	84.53747749328613
67.50402688980103	71.84897422790527
91.44921684265137	103.68493938446045
62.29700565338135	64.78046417236328
69.12840032577515	74.84892177581787
72.05426073074341	85.00502300262451
40.22035217285156	38.563804626464844
56.8972601890564	65.2618260383606
59.451355934143066	61.52999401092529
66.98669242858887	72.9411473274231
57.00411796569824	59.15128231048584
52.533836364746094	63.36764335632324
72.76447105407715	76.63442802429199
56.00640296936035	61.22598171234131
62.325334548950195	64.93865966796875
54.67185974121094	65.83423614501953
47.628665924072266	58.83363723754883
60.8093786239624	60.316853523254395
105.95346069335938	105.78650665283203
39.5103120803833	46.50510120391846
59.05721855163574	61.17430114746094
53.84544372558594	56.04694366455078
58.44647026062012	59.516807556152344
80.68404197692871	87.86024713516235
56.36521816253662	59.73865509033203
52.436760902404785	58.57551717758179
66.41087293624878	66.6960391998291
38.907716274261475	48.124056816101074
46.89623260498047	53.289981842041016
71.66836786270142	81.08080768585205
75.1047191619873	80.14004516601562
42.82097625732422	46.37477493286133
61.892056465148926	69.14668083190918
55.29688835144043	58.62404823303223
55.35178565979004	56.20749807357788
53.42078685760498	62.52327919006348
63.98498058319092	59.09168243408203
59.360090255737305	63.61329889297485
40.36844730377197	46.98523807525635
40.39973449707031	52.42298126220703
68.08929252624512	74.12891960144043
43.283897399902344	48.870487213134766
62.851181983947754	72.19191932678223
59.51435089111328	65.99430894851685
78.37911415100098	87.36792182922363
95.1518783569336	103.70154571533203
85.88567352294922	93.28631544113159
39.65776443481445	43.474517822265625
41.7692084312439	46.47649812698364
63.51082992553711	71.57090902328491
84.82093334197998	89.76992511749268
58.96211004257202	62.18815469741821
95.40419292449951	94.91604423522949
85.37359428405762	88.22337913513184
58.949459075927734	65.67102098464966
82.11184597015381	82.79258251190186
79.49052429199219	88.88593482971191
59.02631664276123	61.64990186691284
39.969759464263916	38.36667823791504
62.18677520751953	66.39806938171387
91.53022766113281	105.41684150695801
56.07047080993652	65.2297830581665
53.614540100097656	57.549824714660645
44.160919189453125	52.564093589782715
63.953166007995605	74.93739604949951
56.08259153366089	63.32295083999634
49.29320240020752	50.91682529449463
52.627806663513184	61.167845726013184
67.89576625823975	76.77173709869385
50.17092227935791	58.79702091217041
46.39009666442871	57.90926170349121
42.145118713378906	40.63063049316406
37.24486684799194	37.16741323471069
65.76951599121094	77.91828918457031
69.00093269348145	84.33849430084229
74.82942295074463	77.197434425354
59.57399940490723	61.44672203063965
44.48705434799194	48.19204759597778
58.3794641494751	62.00458288192749
44.75483417510986	55.750813484191895
70.88139581680298	70.39303541183472
47.232584953308105	50.909481048583984
51.022958278656006	58.85169982910156
70.55979251861572	81.03407764434814
42.87138605117798	45.69275665283203
57.010698318481445	61.00025653839111
45.254371643066406	48.183258056640625
46.70039176940918	53.35745334625244
61.432446002960205	67.95954179763794
49.8111629486084	53.7355375289917
55.451722145080566	66.85921669006348
69.48694038391113	76.72021293640137
94.56506252288818	98.77611637115479
51.45486259460449	58.64176940917969
64.1726541519165	67.15884494781494
50.307791233062744	63.27681255340576
46.69064712524414	53.83066940307617
60.985355377197266	63.39195251464844
47.753233909606934	53.24690818786621
57.39983510971069	60.50938367843628
70.9746265411377	74.58846473693848
57.038671016693115	69.39318323135376
37.45229721069336	39.260040283203125
54.35016345977783	56.00085496902466
81.02444458007812	83.36362361907959
53.223114013671875	52.66433238983154
55.19257879257202	66.6822738647461
75.72988414764404	81.36606121063232
37.33525085449219	35.57538986206055
88.78442859649658	91.96940803527832
58.75075149536133	70.01779747009277
43.018139362335205	49.009310245513916
68.1265697479248	73.14559936523438
46.12216758728027	46.78635549545288
74.2318787574768	80.25189924240112
48.3275032043457	53.58759307861328
54.47321891784668	56.399898529052734
75.91458797454834	84.12191867828369
112.91495180130005	118.25035572052002
55.25622224807739	64.46114540100098
58.93460655212402	69.11437225341797
48.64532804489136	48.82565402984619
79.03256034851074	89.84142875671387
37.39824295043945	39.070404052734375
58.742886543273926	63.67112731933594
93.95161628723145	98.83889770507812
48.12815237045288	55.142874240875244
93.70694160461426	98.82029056549072
52.61740064620972	54.31336784362793
45.556294441223145	48.89621543884277
73.01980495452881	84.34210205078125
55.13770246505737	49.35133504867554
47.599717140197754	51.87996482849121
87.62147235870361	94.21157932281494
58.94303321838379	60.620574951171875
59.808828353881836	71.606614112854
51.90524196624756	59.20627498626709
45.217270851135254	52.926626205444336
33.93019914627075	41.1889967918396
51.54467582702637	54.14739418029785
48.69695329666138	54.28882837295532
38.53681182861328	39.86299133300781
59.3378210067749	65.5050802230835
45.35132598876953	47.4607048034668
64.49678087234497	66.23956441879272
66.7267370223999	75.03033399581909
39.17707061767578	42.024024963378906
59.833763122558594	68.30365562438965
95.90616464614868	109.34362983703613
44.841376304626465	41.3819146156311
46.78433609008789	48.04322052001953
79.0790581703186	79.42456531524658
44.39402103424072	50.94061851501465
49.754723072052	65.43333435058594
73.00076866149902	82.38072395324707
42.947311878204346	44.076547622680664
48.394187450408936	42.96430206298828
70.45923042297363	79.98403930664062
50.99530792236328	62.59862565994263
78.93563175201416	83.99877834320068
56.547837257385254	66.26801490783691
59.328012466430664	65.01879215240479
102.56838512420654	107.17975044250488
45.73506259918213	52.279545307159424
51.129319190979004	55.81088304519653
56.07083034515381	67.53380393981934
55.71029043197632	57.21401834487915
44.34883689880371	45.67180109024048
61.828941822052	66.71118211746216
56.33281230926514	59.28302764892578
50.01155948638916	49.81002473831177
72.20328712463379	83.84555625915527
67.50396919250488	81.30352020263672
67.53120422363281	73.25836181640625
44.32940053939819	50.788734912872314
66.67658042907715	68.16183471679688
70.5006856918335	76.4320297241211
53.94387435913086	50.81398010253906
37.91036605834961	44.150169372558594
50.04074954986572	62.215529441833496
74.14138984680176	77.60058403015137
75.29392433166504	83.25947570800781
77.07130432128906	91.33317565917969
57.803635597229004	53.20670127868652
93.57821655273438	100.7024917602539
62.347944259643555	67.88491630554199
62.57523536682129	65.17349052429199
57.67396545410156	63.38653802871704
61.952924728393555	60.37919521331787
45.41614580154419	52.926833152770996
72.0517749786377	72.93909549713135
84.12856912612915	85.87620782852173
36.14918899536133	36.497535705566406
86.1946964263916	84.54295635223389
53.80673408508301	57.982163429260254
41.241798400878906	44.843010902404785
58.447065353393555	71.69512224197388
79.34251689910889	86.23141288757324
52.40857458114624	56.454564571380615
38.52246856689453	44.07300567626953
62.75570201873779	69.19509792327881
62.583653926849365	64.65562105178833
58.39838981628418	58.434510231018066
47.63595104217529	55.890679359436035
35.90435791015625	38.70703887939453
71.20986747741699	89.92123317718506
51.561293601989746	56.44598865509033
59.18862962722778	67.2985143661499
39.91412353515625	48.21153259277344
70.75936079025269	84.62921333312988
40.36305332183838	40.343830585479736
51.70369625091553	60.68212032318115
38.80393886566162	42.03354215621948
48.442583084106445	47.3703989982605
34.770423889160156	43.586602210998535
98.63102579116821	106.3249340057373
76.21541261672974	80.44091463088989
56.628539085388184	56.86491250991821
33.167327880859375	39.13027477264404
42.614768981933594	35.277503967285156
53.57359743118286	57.35311317443848
50.945258140563965	51.79722785949707
57.20766067504883	61.54037952423096
64.41712713241577	78.6346116065979
59.41788721084595	56.79418134689331
39.22243881225586	45.65222930908203
78.19007873535156	79.89051055908203
83.12651538848877	86.18780708312988
64.08464193344116	69.12631130218506
61.35211372375488	70.50872611999512
63.16468048095703	69.19347381591797
61.15533971786499	64.33951663970947
82.06164455413818	93.62829113006592
68.82762384414673	78.11796379089355
79.77551078796387	83.71483612060547
47.5397253036499	52.150840759277344
77.40908527374268	81.64434814453125
50.8413028717041	60.174665451049805
38.113685607910156	43.59571075439453
75.80029106140137	82.78232002258301
75.11063241958618	78.41755676269531
49.43063163757324	51.10090970993042
47.8725528717041	50.64827919006348
45.23269557952881	41.96114730834961
70.52911853790283	76.2214412689209
55.981871604919434	65.07360172271729
46.156153202056885	43.97618341445923
71.97416496276855	79.35324668884277
57.99616098403931	65.34899282455444
64.15974140167236	74.19101047515869
50.78501892089844	56.324432373046875
52.08705759048462	55.79790639877319
72.51466941833496	75.91046333312988
56.963716983795166	70.65690422058105
53.289381980895996	58.216604232788086
54.821101665496826	61.313631534576416
47.159085273742676	56.51162147521973
58.99331092834473	60.18826484680176
54.84243679046631	63.44022560119629
49.28985643386841	55.56640577316284
71.60765600204468	77.43234348297119
54.6093635559082	57.315176010131836
51.81085395812988	56.440514087677
37.20152282714844	40.141963958740234
42.79820919036865	49.349260330200195
70.9642243385315	76.93080425262451
61.20768070220947	65.37981510162354
60.36499357223511	66.47014379501343
46.070892333984375	51.782302379608154
59.856696128845215	72.91763305664062
51.11073541641235	55.05812740325928
63.664140701293945	68.8216552734375
52.96226406097412	57.872573375701904
58.100783824920654	67.66864585876465
58.5296950340271	66.53199005126953
44.03855514526367	51.93225860595703
82.97845458984375	89.99910736083984
66.57504796981812	71.94590044021606
46.939833641052246	45.697670459747314
46.11104488372803	48.80096435546875
81.96460247039795	90.88165998458862
57.96928644180298	65.06577062606812
85.20614194869995	89.71118927001953
49.063087463378906	56.770400047302246
63.236886978149414	69.48450231552124
39.19181442260742	42.041385650634766
53.89517784118652	56.130356788635254
39.28429412841797	44.82764434814453
45.97306442260742	55.564268589019775
67.46211433410645	70.3685302734375
81.45766639709473	87.37785530090332
49.48342180252075	56.09226894378662
33.22935485839844	44.33297348022461
38.603196144104004	37.8648567199707
42.23600673675537	43.813639640808105
72.56588172912598	75.16250038146973
85.77921295166016	87.81045436859131
