54.17114067077637	48.46824550628662
40.011301040649414	39.633986949920654
62.644442081451416	67.5211272239685
65.37632942199707	78.90721321105957
74.19857835769653	72.70744323730469
40.37860107421875	44.29252243041992
57.13548946380615	58.18307018280029
38.168206214904785	30.623087882995605
40.72964382171631	43.23792219161987
51.729764461517334	63.623390197753906
46.01600980758667	50.35568046569824
60.97383642196655	62.68233299255371
56.19416809082031	48.87599182128906
54.95595645904541	61.109034061431885
66.53086280822754	63.425771713256836
50.78647756576538	50.703311920166016
54.708523750305176	71.80879783630371
44.1053352355957	44.081963539123535
62.8875789642334	57.40889024734497
43.67621612548828	48.63862466812134
68.89112758636475	60.541730880737305
48.31536865234375	46.22321319580078
37.4111967086792	43.32762050628662
54.37763977050781	56.332008361816406
43.49081325531006	45.246402740478516
50.25786781311035	51.90666961669922
75.28998756408691	79.19436836242676
61.48550987243652	60.129690170288086
51.99481153488159	48.37150430679321
38.0617561340332	46.8618803024292
68.39155578613281	68.95927429199219
81.96830034255981	88.88954162597656
44.2905387878418	44.69479465484619
49.774441719055176	55.22067975997925
55.75678634643555	61.411773681640625
42.661797523498535	36.30143737792969
47.88666248321533	55.07368564605713
72.32296943664551	66.86948299407959
60.72279167175293	63.766496658325195
54.222129821777344	70.99739074707031
73.95767211914062	77.20083045959473
44.963687896728516	41.26058578491211
56.260475158691406	58.10725784301758
44.044193267822266	40.10422134399414
65.06933689117432	54.4368953704834
38.21810817718506	41.42731475830078
41.06902027130127	41.19979476928711
50.500014305114746	56.85598087310791
46.40137481689453	45.01291751861572
45.464027881622314	52.167932987213135
42.83399963378906	47.962151527404785
51.73947715759277	51.244903564453125
47.77029895782471	53.049705505371094
58.025299072265625	62.07613754272461
49.98800277709961	49.982330322265625
47.44478416442871	59.7234992980957
47.68051242828369	48.23459243774414
50.6962571144104	59.13206100463867
42.97493362426758	44.13848876953125
36.207966804504395	40.1165771484375
60.13107490539551	73.85943412780762
69.57881116867065	69.66511344909668
69.5437479019165	59.54422044754028
56.22233581542969	56.61492919921875
58.05145311355591	59.80090141296387
39.11350965499878	46.284775733947754
51.14743232727051	46.29855394363403
67.05316972732544	67.62442111968994
50.54111337661743	47.74169921875
39.065208435058594	32.13846683502197
69.45194244384766	69.9493408203125
42.491031646728516	49.50804901123047
44.907920360565186	43.51596927642822
79.45051002502441	78.58212089538574
61.67254686355591	61.49204921722412
62.007174491882324	65.6011962890625
56.232258796691895	62.6217098236084
44.11501407623291	48.772090911865234
46.31686782836914	50.08134984970093
52.09736394882202	42.173972606658936
65.75292110443115	60.216474533081055
42.98332977294922	47.03444290161133
54.15695858001709	58.04635429382324
38.739532470703125	43.129154205322266
44.66684007644653	51.01969242095947
46.95772075653076	46.28016185760498
62.17147350311279	60.80399990081787
51.64669990539551	52.01465129852295
52.36863136291504	62.70259666442871
30.043055534362793	34.16525745391846
48.98863220214844	44.4423828125
51.422794342041016	58.067501068115234
68.05838775634766	72.75805807113647
47.626266956329346	53.47047424316406
31.843202590942383	27.12876796722412
54.66938781738281	49.618865966796875
62.91043996810913	61.47158718109131
67.56196546554565	66.360671043396
56.64246368408203	59.03622817993164
51.04340362548828	50.52611541748047
60.37915563583374	67.35151767730713
56.337791442871094	51.60395622253418
66.17669105529785	72.4497971534729
39.197755336761475	41.74275207519531
36.83328151702881	27.995484352111816
38.32648944854736	47.617215156555176
46.760743141174316	51.81525993347168
50.911712646484375	57.908841133117676
60.94963788986206	69.74844217300415
41.601478576660156	55.61554718017578
55.05242156982422	50.21058797836304
34.33448076248169	38.89984846115112
53.14067459106445	52.00638771057129
45.05718231201172	46.42936706542969
54.35157537460327	60.59108018875122
58.61555814743042	47.75802993774414
73.20129203796387	73.75409698486328
38.4629430770874	39.357916831970215
37.93091583251953	52.270347595214844
68.9550256729126	75.12597560882568
56.75037384033203	52.86273956298828
63.961395263671875	60.66093063354492
53.61985445022583	55.75040817260742
60.00383996963501	70.09478759765625
63.0867338180542	66.8429183959961
58.90974283218384	59.49064064025879
43.57660961151123	39.923659801483154
73.92032814025879	74.4803524017334
48.18244743347168	43.28968048095703
52.06350088119507	52.96806621551514
51.64397430419922	47.8018684387207
42.31334829330444	46.53567457199097
48.65620803833008	58.14086723327637
48.17216491699219	46.671043395996094
42.554752349853516	35.275028228759766
50.74719285964966	48.53131103515625
54.703768730163574	64.98693943023682
52.228981018066406	54.827789306640625
48.47883653640747	50.67434740066528
51.041998863220215	59.37308692932129
59.266693115234375	63.124122619628906
50.844101905822754	58.71389865875244
43.27618408203125	45.89539957046509
31.47735357284546	32.261338233947754
43.83849000930786	50.31242370605469
49.84099197387695	54.998233795166016
56.2960147857666	60.35687255859375
55.83701992034912	73.67509365081787
42.9854531288147	45.298890590667725
51.71661615371704	44.57292175292969
43.493712425231934	47.7274808883667
58.291168212890625	59.832401275634766
81.03363990783691	82.6083984375
39.55484676361084	53.318429946899414
42.039390563964844	36.23738765716553
36.40964984893799	40.19124507904053
67.53856039047241	77.26394462585449
38.731224060058594	44.03144073486328
54.01251220703125	54.16936111450195
48.84880495071411	47.67718267440796
59.714242458343506	64.23419380187988
66.60031843185425	67.97051954269409
44.11511850357056	54.73323202133179
57.96475410461426	56.473867893218994
48.78904056549072	43.63849878311157
60.42359161376953	55.58444595336914
42.99996042251587	44.39909362792969
70.94319820404053	73.35888862609863
48.27320909500122	52.55776405334473
52.92270851135254	59.46535634994507
50.18484878540039	52.095004081726074
44.230064392089844	38.823429107666016
65.26190280914307	66.67160081863403
47.09151840209961	49.19783020019531
49.91826868057251	56.8436975479126
70.29265022277832	78.7130126953125
36.88734531402588	26.712405681610107
92.13371992111206	92.06669759750366
67.71673679351807	55.99137783050537
41.269349098205566	44.574585914611816
57.819886207580566	62.27610778808594
54.985267639160156	65.45516967773438
31.162607669830322	39.193121910095215
45.537750244140625	51.76184844970703
33.19118785858154	31.90616512298584
46.88457441329956	44.33460283279419
33.43744993209839	42.93563365936279
81.14295959472656	78.66124153137207
56.80105447769165	63.039387702941895
43.85533905029297	49.32272529602051
54.41501235961914	58.834500312805176
40.113404273986816	35.92451763153076
48.471975803375244	42.675872802734375
38.16924333572388	42.55499839782715
56.493844985961914	52.81888484954834
63.67104148864746	73.20860385894775
65.49968147277832	64.17694044113159
32.96926021575928	28.113009929656982
48.296464920043945	56.096558570861816
45.90911149978638	50.264312744140625
46.2572603225708	50.39565467834473
59.95201873779297	62.19056940078735
50.963836669921875	49.0571608543396
56.14862537384033	56.37485361099243
60.990662574768066	64.8170485496521
58.59560680389404	72.01241970062256
45.951125144958496	40.97137498855591
52.830528259277344	47.345848083496094
64.18310642242432	67.54090309143066
49.88175392150879	49.710001945495605
51.21656656265259	49.84753131866455
58.88218688964844	53.681190490722656
46.50762939453125	44.7635612487793
76.71021938323975	64.26585245132446
59.76280212402344	60.91142177581787
49.74891901016235	50.756141662597656
60.848846435546875	59.12461471557617
49.768614768981934	53.93789291381836
45.284461975097656	49.59004068374634
44.45017147064209	48.48301553726196
63.73565673828125	54.13570690155029
44.092838287353516	48.45374298095703
66.81637763977051	64.48255777359009
47.8807258605957	51.6196174621582
53.11392593383789	52.421234130859375
45.85938549041748	45.446900367736816
30.341320037841797	42.051326751708984
47.55365753173828	55.93548250198364
70.89411163330078	64.77145385742188
35.46616220474243	44.90559768676758
68.03089237213135	74.5217514038086
41.84659194946289	46.97790765762329
51.193565368652344	51.7332649230957
47.53630828857422	53.88338613510132
44.1784143447876	43.026909828186035
44.46758317947388	48.3635368347168
56.77579879760742	65.25952339172363
60.42045593261719	62.95252275466919
40.135491371154785	44.483262062072754
30.508252143859863	21.724677085876465
58.83625888824463	55.65770721435547
48.554906368255615	55.313358306884766
44.48374843597412	48.00128746032715
37.60763454437256	38.63653564453125
50.704689502716064	56.74410152435303
58.37493181228638	60.509056091308594
37.65773677825928	42.61482238769531
80.82856893539429	79.69318151473999
62.32902717590332	57.01675987243652
52.53313207626343	59.55209970474243
37.7151255607605	43.85816287994385
58.195655822753906	55.42474365234375
41.11617136001587	44.22913312911987
53.361735343933105	49.484670639038086
57.26489210128784	58.82633972167969
70.09585762023926	79.48184013366699
55.343732833862305	63.92630577087402
39.18890428543091	42.632354736328125
35.5517578125	40.124616622924805
62.18728542327881	68.72373104095459
55.787436962127686	65.0962085723877
38.98177671432495	41.00585174560547
67.06520748138428	61.29290771484375
60.33129644393921	61.216957569122314
48.50218963623047	56.07181739807129
35.02117872238159	29.51190948486328
47.4338059425354	50.73945903778076
35.69098663330078	35.68695831298828
62.951425552368164	56.85591745376587
88.74393939971924	86.71740531921387
59.947543144226074	50.54014778137207
68.10568141937256	65.5124659538269
53.78097057342529	51.94368553161621
39.53704309463501	43.234153747558594
49.787781715393066	58.59769678115845
58.01675319671631	66.2035083770752
50.244144439697266	55.25260543823242
59.367475509643555	64.81384325027466
47.45387315750122	51.25228452682495
34.70707654953003	31.54214382171631
39.5654182434082	47.07283401489258
51.71704292297363	54.446940422058105
58.28498840332031	60.90293312072754
36.871338844299316	35.459418296813965
48.30506753921509	46.11201000213623
46.07378911972046	49.264373779296875
48.251853942871094	52.15711212158203
37.02404165267944	41.56661605834961
62.103376388549805	72.3481764793396
54.07836151123047	61.914533615112305
28.42851734161377	32.67898178100586
40.565274238586426	29.73994493484497
51.02475595474243	48.90520477294922
52.96792030334473	59.50941610336304
50.88966608047485	53.33410835266113
62.16369581222534	64.71307325363159
43.23691415786743	47.6234564781189
51.42332458496094	57.26569747924805
58.94000244140625	51.684940338134766
40.87959289550781	45.45109558105469
56.15720844268799	56.19632148742676
57.001747131347656	50.87462615966797
45.688048362731934	46.74784231185913
56.55082368850708	64.52900505065918
40.55570602416992	49.06402349472046
40.48194122314453	44.615394592285156
54.31004333496094	54.53260803222656
43.18202304840088	48.74256753921509
42.575133323669434	49.53382730484009
61.51501178741455	66.399245262146
50.854576110839844	53.60045909881592
49.57353448867798	53.0915322303772
60.53022384643555	64.17889595031738
52.757781982421875	45.985565185546875
47.62966346740723	54.613088607788086
43.95851945877075	50.22272491455078
40.25222110748291	45.927406311035156
48.60124397277832	44.75727939605713
44.87247848510742	45.363816261291504
58.582380294799805	58.74985313415527
53.227176666259766	53.182735443115234
41.322346687316895	34.98095226287842
39.143062114715576	39.79065704345703
49.767242431640625	56.043877601623535
50.6826171875	57.82473373413086
40.83337116241455	47.69023132324219
48.83522033691406	41.17700719833374
57.49271011352539	54.94874572753906
54.85116147994995	58.08097457885742
62.606520652770996	57.64528942108154
35.76510667800903	42.572083473205566
43.20817565917969	45.10481834411621
60.21672821044922	59.22413635253906
39.405274391174316	54.63112449645996
56.11244344711304	59.29371500015259
57.54740524291992	61.17879772186279
56.62492370605469	54.12664031982422
37.46016311645508	42.36795902252197
41.29475402832031	52.447041511535645
33.99250030517578	25.29116153717041
45.10609579086304	44.82748460769653
49.32422971725464	52.32835388183594
50.398990631103516	57.167449951171875
65.6216287612915	59.99927997589111
50.61595916748047	58.23570156097412
47.330055236816406	52.99441385269165
65.11271810531616	57.587602615356445
55.139137268066406	63.4979133605957
49.963133811950684	53.28820610046387
57.552276611328125	59.56953525543213
56.279972076416016	64.1298451423645
48.54688262939453	41.48672580718994
47.36014652252197	53.52552795410156
48.812225341796875	54.21533966064453
33.162498474121094	43.487892150878906
55.79948425292969	58.98046112060547
38.599365234375	33.9895133972168
35.87782382965088	38.77492618560791
44.54560565948486	38.79114484786987
40.77183151245117	43.52648687362671
49.91998243331909	50.71131134033203
45.99130964279175	48.12360143661499
40.857807636260986	34.18206071853638
39.685017585754395	48.30069923400879
47.02467441558838	46.335997581481934
46.080193519592285	44.476372718811035
59.020477294921875	59.9081597328186
52.46050214767456	59.69404649734497
48.7492733001709	49.21373176574707
42.999755859375	38.22055768966675
53.07477951049805	64.02739763259888
43.960758209228516	50.597721099853516
66.70094347000122	67.52339744567871
64.1857385635376	68.50161552429199
56.6378059387207	60.69145202636719
52.29977560043335	49.99017333984375
56.028239250183105	63.71604919433594
37.159578800201416	43.239591121673584
33.786789894104004	35.021060943603516
41.961055755615234	55.18222761154175
51.043012619018555	52.11818790435791
46.54280090332031	52.719948291778564
52.343040466308594	46.401092529296875
48.057915687561035	51.24836349487305
62.98440361022949	62.41183280944824
42.02614879608154	42.328797340393066
55.87480926513672	63.27973175048828
50.36890411376953	47.53804016113281
51.15925598144531	53.92948913574219
59.84795570373535	60.44116401672363
44.216522216796875	42.61153793334961
50.78363227844238	53.68697547912598
53.397618770599365	59.43576908111572
38.823692321777344	30.204193592071533
43.43042707443237	51.89183807373047
51.59864044189453	63.821974754333496
48.94140386581421	53.19321346282959
36.84850788116455	44.02790021896362
42.362518310546875	44.551963806152344
38.689045906066895	37.24626064300537
41.50767517089844	47.07724857330322
30.307745933532715	35.44398784637451
57.85731506347656	65.6254653930664
49.099403381347656	56.9537353515625
51.181060791015625	53.62779998779297
49.20782518386841	59.318824768066406
47.37701225280762	50.455055236816406
58.26097011566162	70.73973178863525
47.38468933105469	52.536386013031006
49.357962131500244	56.802968978881836
55.94234848022461	48.30128002166748
53.01391363143921	55.561275005340576
65.64148664474487	65.67934226989746
61.66931962966919	59.16543531417847
52.629562854766846	60.745697021484375
45.52260732650757	51.6595458984375
50.83356857299805	39.63194513320923
49.65618181228638	59.1938681602478
74.65923500061035	68.1903018951416
57.68525838851929	63.8611364364624
46.19298982620239	49.681347370147705
55.71124076843262	61.77116394042969
45.43995666503906	45.98771810531616
41.03855276107788	51.145583152770996
42.4724440574646	43.92951679229736
53.56842803955078	61.729594230651855
47.07997941970825	41.815346240997314
43.91226768493652	42.17624759674072
44.68324279785156	42.5166540145874
57.13841724395752	52.931448459625244
56.58491563796997	64.20869445800781
41.92483472824097	35.3355016708374
45.34063720703125	46.68966007232666
35.957210063934326	39.09538269042969
42.79861927032471	29.95001792907715
42.142136096954346	30.96328067779541
50.47054672241211	53.63212966918945
30.119497299194336	40.42007398605347
54.193153381347656	64.907874584198
47.872615814208984	51.82634210586548
51.090431213378906	54.10795593261719
52.2319221496582	56.10661506652832
49.15052795410156	52.90080261230469
51.124606132507324	42.964375019073486
63.56576585769653	66.53593254089355
56.71078634262085	66.94634914398193
32.97274732589722	34.92624378204346
60.011117935180664	69.7226333618164
49.40732431411743	41.7841215133667
58.63230323791504	60.20142459869385
55.4388484954834	61.253718852996826
50.15208053588867	57.317888259887695
51.55413055419922	50.81472110748291
62.27917242050171	60.69894027709961
51.29391860961914	47.117618560791016
52.51753234863281	60.65190315246582
49.409278869628906	53.73744583129883
50.03281593322754	44.03879165649414
51.770801067352295	47.23259353637695
62.12904644012451	64.51194763183594
56.74590444564819	59.52409267425537
61.643924713134766	64.0490493774414
53.627864837646484	51.45747756958008
51.109609603881836	59.067376136779785
48.80028533935547	55.29891014099121
38.839691162109375	28.656866550445557
58.99067258834839	61.2023491859436
58.170483112335205	59.94973182678223
52.16894769668579	55.645469188690186
49.911696434020996	48.61391305923462
55.899171352386475	63.618041038513184
62.914462089538574	55.42032241821289
46.5746955871582	54.04089307785034
49.13842964172363	50.66519737243652
53.83686065673828	58.20778512954712
47.352046966552734	45.4796257019043
42.18813514709473	41.46730041503906
53.765931129455566	60.95257759094238
52.107261657714844	51.603989124298096
40.88779163360596	37.872130393981934
46.93220233917236	50.35808563232422
62.459867000579834	68.21304273605347
46.417449951171875	47.76371383666992
31.635967254638672	41.15679931640625
40.769628047943115	54.667938232421875
42.02930545806885	41.46772384643555
38.48409175872803	42.486382484436035
42.336185455322266	44.8226432800293
44.3647837638855	46.68844509124756
57.895713329315186	63.99897909164429
37.02503204345703	31.520140171051025
60.164812088012695	56.30052328109741
60.04462242126465	56.06705617904663
36.607747077941895	38.029160499572754
41.81598711013794	36.16750431060791
46.81648635864258	56.13136911392212
62.52667427062988	65.61114311218262
45.034682273864746	39.61647891998291
60.70476150512695	64.30229759216309
51.50969696044922	55.46273422241211
46.93843412399292	57.02554702758789
53.35711097717285	60.826651096343994
43.155673027038574	40.029212951660156
54.61036491394043	59.764291286468506
43.60294818878174	48.808359146118164
52.47818326950073	55.54823303222656
33.03523540496826	41.35995531082153
37.1206693649292	44.77619934082031
54.05939865112305	66.42197513580322
31.511302947998047	36.79666996002197
40.007869720458984	53.896385192871094
49.70333385467529	45.63709592819214
48.05620765686035	36.47981357574463
73.69536399841309	76.2096118927002
53.55321502685547	56.674134254455566
44.335267066955566	46.965325355529785
44.46559143066406	48.45254421234131
39.75107669830322	37.98986482620239
48.779133796691895	50.32571458816528
44.455740451812744	40.73471736907959
55.39909362792969	66.65202140808105
40.79100322723389	44.80509567260742
54.33828020095825	62.97282600402832
46.471978187561035	36.745644092559814
75.04146528244019	82.16328620910645
60.732404708862305	64.33286190032959
51.86355400085449	58.66543006896973
35.144970417022705	38.59581470489502
39.167455196380615	33.85142230987549
60.30330944061279	59.368882179260254
53.07829284667969	50.08932876586914
58.11458158493042	59.59631538391113
72.90897369384766	77.39835262298584
45.745933532714844	53.043006896972656
46.343814849853516	52.58246612548828
44.657368183135986	47.46134090423584
67.54761457443237	60.286760330200195
42.446327209472656	43.88131332397461
53.83417510986328	62.12764263153076
49.26240348815918	48.438815116882324
70.99887657165527	65.01823425292969
45.911242961883545	41.79183340072632
49.04629898071289	48.215980529785156
51.05989933013916	57.81723499298096
57.848304748535156	63.377222537994385
44.1211051940918	44.76409864425659
37.65820026397705	35.561333656311035
52.174766540527344	47.35728216171265
56.533103942871094	51.753623962402344
40.77048921585083	49.3681058883667
65.61555242538452	65.64837455749512
57.7014684677124	63.60743045806885
33.61048936843872	39.131131172180176
66.68867683410645	64.8782114982605
43.245506286621094	37.63387203216553
47.3972430229187	49.70375633239746
68.02712106704712	78.13086700439453
83.75522804260254	90.21654415130615
43.989134311676025	36.04646301269531
41.28032064437866	46.676642417907715
64.0573582649231	69.84256649017334
61.21501350402832	60.73668670654297
41.82937717437744	46.2932653427124
62.16042518615723	72.07077026367188
36.87985897064209	38.89387130737305
42.001808166503906	49.264084815979004
57.96506452560425	63.48799467086792
44.71245288848877	54.46033573150635
36.249274253845215	45.860679149627686
38.52241516113281	31.502869606018066
59.34030532836914	63.764944076538086
38.60898685455322	36.499274253845215
41.162163734436035	35.37139892578125
43.30565929412842	62.44102954864502
42.53860378265381	43.25874423980713
43.201048851013184	41.78486490249634
47.73780822753906	42.59760665893555
37.486435890197754	42.00834560394287
53.43348026275635	56.130805015563965
61.693050384521484	59.56387996673584
53.92600393295288	49.8214807510376
50.202614307403564	56.89346504211426
38.49020290374756	44.04775142669678
33.99784755706787	37.505799293518066
51.459192752838135	51.19102096557617
49.69196319580078	62.40385866165161
57.46134567260742	50.51622772216797
40.33303260803223	47.733707427978516
41.235496520996094	40.18941116333008
41.70820760726929	37.164952754974365
56.25748109817505	48.63059997558594
44.49892568588257	47.72695016860962
47.53003644943237	46.2452073097229
45.44069766998291	48.463449478149414
67.7154221534729	64.034912109375
60.00947856903076	65.77652835845947
50.08315896987915	55.22441482543945
62.929630279541016	58.05492401123047
72.39950656890869	60.37503147125244
43.48810148239136	44.187546730041504
58.870418548583984	60.29697895050049
32.55049800872803	27.469528913497925
59.50686454772949	43.76800537109375
48.72788429260254	55.268802642822266
34.29662275314331	42.586029052734375
57.195064544677734	55.47185516357422
39.27021789550781	41.31655979156494
47.98176193237305	44.207420349121094
38.747098445892334	36.623199462890625
48.96858358383179	57.004493713378906
57.21336364746094	58.979068756103516
65.22040557861328	66.22139739990234
50.848246574401855	44.780434131622314
61.499080657958984	64.4564962387085
47.208460330963135	52.04723262786865
48.54540014266968	54.42566156387329
47.71214962005615	32.96170711517334
69.02968740463257	78.96995544433594
63.21650505065918	69.90025520324707
61.98721885681152	68.6077356338501
74.43310737609863	68.24018955230713
52.06977462768555	63.46588468551636
51.88300323486328	51.493873596191406
78.18978309631348	75.19656372070312
60.95532417297363	68.61478614807129
52.37450981140137	57.63834524154663
53.3462233543396	55.323320388793945
43.67264175415039	44.08265781402588
50.03939151763916	51.358041763305664
52.41469383239746	60.65202236175537
36.32395553588867	45.52769088745117
41.63182830810547	50.326988220214844
45.41590881347656	43.31226968765259
61.50115156173706	71.47345876693726
51.582642555236816	44.92904567718506
54.06400394439697	62.31534481048584
48.09802055358887	48.091301918029785
51.99019718170166	58.48908233642578
54.50740051269531	43.95958709716797
44.601356506347656	44.82857131958008
45.94699478149414	46.13520050048828
44.356109619140625	56.76046085357666
43.43657970428467	55.441195487976074
37.45598602294922	35.731451988220215
57.43949890136719	59.32699203491211
50.90171813964844	50.896060943603516
65.3308424949646	73.14732599258423
60.02451419830322	67.6280689239502
39.10947322845459	51.66868591308594
54.33695411682129	60.00534439086914
50.538482666015625	50.225943088531494
31.51456356048584	43.84879016876221
51.07874917984009	54.610382080078125
47.36479187011719	38.69663333892822
64.95445251464844	70.6814956665039
53.71282196044922	56.08027648925781
41.2350959777832	39.9697151184082
47.57092523574829	48.099886894226074
49.3499231338501	52.69786262512207
57.033477783203125	62.514312744140625
54.84789419174194	43.57621765136719
56.9039249420166	51.02177619934082
76.7358865737915	80.92623710632324
79.5567798614502	80.97958374023438
59.70433807373047	62.92527389526367
33.18323993682861	41.83607482910156
41.106284618377686	46.24184274673462
52.82425260543823	59.712873458862305
41.202115058898926	36.747013092041016
51.57325315475464	49.95978832244873
44.49323129653931	50.12636947631836
38.93665552139282	41.763028621673584
59.23459053039551	64.88609313964844
50.371087074279785	47.99471855163574
46.6210503578186	39.86652326583862
62.089317321777344	57.89940643310547
47.087369441986084	51.66132736206055
44.56930446624756	51.88986921310425
33.95660877227783	39.259445667266846
34.46945667266846	43.021440505981445
51.69668960571289	48.261356353759766
86.96819114685059	74.7015609741211
65.84321022033691	65.5983738899231
65.10906982421875	61.99446678161621
92.11054992675781	86.56126499176025
40.5223388671875	33.84800720214844
45.510738372802734	49.47275924682617
38.24292755126953	44.40242385864258
59.774417877197266	67.07423400878906
49.114723205566406	51.75607681274414
57.20127487182617	52.44382095336914
43.91072130203247	42.622931480407715
60.64659881591797	50.743045806884766
39.856149196624756	36.08170700073242
36.75763702392578	42.30117416381836
58.90550136566162	50.036115646362305
63.143152713775635	66.31411170959473
45.51442289352417	54.695011138916016
40.3618483543396	37.615139961242676
68.12747001647949	64.77444648742676
47.34638738632202	38.857107639312744
39.077961444854736	31.765244007110596
75.71366596221924	84.3142261505127
46.51658535003662	52.67889404296875
38.636401653289795	45.93013000488281
50.851447105407715	50.000633239746094
48.82913017272949	50.274681091308594
41.12932586669922	46.878729820251465
49.96819496154785	40.842467308044434
56.4566593170166	59.93073272705078
49.53524923324585	47.46112060546875
62.9949517250061	63.289742946624756
65.72542667388916	61.97783803939819
36.783751487731934	43.634156227111816
41.38260841369629	45.40360450744629
57.381025314331055	59.573012351989746
41.26703596115112	51.966322898864746
66.26864433288574	57.96893119812012
40.40310573577881	31.516053199768066
52.36481189727783	47.045326232910156
60.76751708984375	57.15843200683594
60.719804763793945	55.75255107879639
32.514939308166504	46.57795715332031
34.09936189651489	32.610623359680176
59.55930709838867	54.31007194519043
53.240169525146484	56.157097816467285
68.5593032836914	75.26405096054077
37.0003137588501	41.22576427459717
39.6232533454895	46.27591133117676
40.83078098297119	44.95053482055664
79.46916389465332	65.17303514480591
54.86346101760864	61.16747188568115
57.93768882751465	59.135375022888184
71.81165981292725	81.80552911758423
74.0386962890625	79.43051147460938
34.54005479812622	40.07492542266846
38.94206714630127	36.42246723175049
65.14236402511597	68.43109130859375
45.705960273742676	43.827884674072266
55.13385772705078	55.02074432373047
60.60237121582031	65.95839071273804
47.4638786315918	47.069923400878906
45.088311195373535	40.839111328125
47.48879814147949	49.69887161254883
55.787353515625	53.876651763916016
33.35378170013428	39.066009521484375
32.53249645233154	24.198544025421143
60.6374454498291	53.33610391616821
51.686771392822266	44.91992664337158
45.933231353759766	53.238341331481934
35.24075651168823	37.49023723602295
48.84280300140381	36.76109313964844
48.02142333984375	48.4189510345459
56.77591037750244	55.37406539916992
54.698001861572266	55.122711181640625
52.78677225112915	49.52235174179077
39.681607246398926	45.81090545654297
63.7372350692749	59.5499324798584
59.63212585449219	63.87958526611328
66.15454196929932	68.70292663574219
36.07272386550903	34.368910789489746
40.462151527404785	46.10500717163086
42.541794776916504	55.33641052246094
29.982765674591064	41.42739772796631
42.020161628723145	44.49769306182861
44.847107887268066	45.989113330841064
72.2376480102539	76.97811126708984
35.368821144104004	44.43801212310791
46.3566255569458	42.06032466888428
80.93801879882812	84.34558963775635
35.67489194869995	37.251248359680176
39.542555809020996	43.698740005493164
33.477370738983154	37.31766223907471
40.59196758270264	45.598880767822266
39.23282718658447	42.642937660217285
54.59218454360962	51.485435485839844
43.03092956542969	50.33676338195801
45.010520935058594	51.262224197387695
47.60910701751709	44.51434326171875
45.02594041824341	46.431641578674316
61.52246427536011	59.83753681182861
38.721951484680176	44.905975341796875
53.96832275390625	52.93689727783203
45.96733093261719	51.16717529296875
64.17792320251465	67.85783195495605
54.270029067993164	53.48223066329956
50.309996604919434	51.14172124862671
40.82396841049194	48.957183837890625
40.9841194152832	53.486891746520996
48.52138137817383	43.426292419433594
37.74855422973633	56.19246768951416
44.50315761566162	43.72152042388916
49.52323532104492	60.20753479003906
48.65985870361328	56.451151847839355
43.56131458282471	48.54828643798828
74.40548896789551	73.17863464355469
79.1676664352417	83.11938571929932
68.56301307678223	68.63784790039062
73.19061279296875	79.77226257324219
41.845394134521484	57.15650939941406
42.52739191055298	52.757726192474365
34.79139232635498	41.69960117340088
39.20133304595947	36.07103633880615
35.942816734313965	35.566062927246094
58.10353946685791	64.08370971679688
42.73292064666748	54.14306831359863
42.0532488822937	47.50639772415161
65.88280487060547	56.39419937133789
40.817994117736816	28.38456630706787
45.639158725738525	49.092018127441406
39.553688049316406	45.39102554321289
77.46193075180054	83.83768653869629
48.67957544326782	46.74365997314453
56.9539794921875	56.38932800292969
38.48198413848877	41.30854606628418
57.33318328857422	56.27337169647217
42.768104553222656	43.49605464935303
56.34439659118652	47.841630935668945
39.31874084472656	45.99687480926514
59.687232971191406	60.20068359375
37.31268310546875	44.78720569610596
44.832000732421875	55.075119495391846
46.3536376953125	51.765621185302734
64.4369888305664	54.880056381225586
56.85569763183594	61.05252265930176
72.64216423034668	75.06184577941895
67.98600769042969	58.459022521972656
61.79766654968262	66.02455139160156
52.87179470062256	62.05991744995117
65.90128421783447	68.98212432861328
61.982542514801025	55.36776542663574
62.86545276641846	64.24263954162598
38.04268741607666	30.65087080001831
39.01929759979248	54.341033935546875
47.2714958190918	56.40189170837402
70.3864574432373	65.38296699523926
48.657100677490234	58.029090881347656
66.0943603515625	59.88089084625244
67.76056671142578	68.0503921508789
50.10152053833008	48.24542236328125
41.337656021118164	51.35732889175415
59.93473958969116	57.83900594711304
61.17642879486084	66.88793182373047
43.95969486236572	42.710065841674805
54.461846351623535	61.98660850524902
56.69608116149902	51.85717582702637
58.35228729248047	50.30220031738281
36.894962787628174	38.316547870635986
70.67615604400635	63.47113275527954
52.94900894165039	58.94302749633789
45.63035488128662	47.40680694580078
76.09352827072144	83.76116847991943
42.221890926361084	50.00720262527466
58.452698707580566	55.224666595458984
31.09668254852295	35.10484218597412
47.097965240478516	45.11974334716797
56.97867393493652	60.99043846130371
64.193115234375	64.94688987731934
52.98258876800537	59.06273174285889
40.57919979095459	43.05260467529297
62.07700252532959	73.89383792877197
40.651334285736084	37.10218095779419
51.80635452270508	55.957496643066406
56.973751068115234	47.92932891845703
42.55213165283203	33.55430316925049
57.64404296875	64.97389793395996
32.8568115234375	35.39275360107422
44.62968349456787	50.765174865722656
55.69059419631958	57.065826416015625
70.36303806304932	72.71124839782715
43.59789562225342	54.86341667175293
54.27389144897461	46.09838104248047
39.93586778640747	38.27079772949219
35.63850116729736	30.820006370544434
52.29877710342407	48.88894605636597
53.19526672363281	46.76238250732422
46.48398447036743	53.75966501235962
32.71595001220703	31.302075386047363
52.020020484924316	59.46760654449463
35.58566379547119	37.03432559967041
41.723236083984375	36.31908702850342
54.988717555999756	54.29905128479004
68.84757852554321	75.47412872314453
64.97833299636841	67.97827863693237
42.07394027709961	46.67844772338867
53.91717529296875	49.276695251464844
44.20024061203003	50.31333780288696
50.07217311859131	57.16452598571777
77.12967109680176	82.69991111755371
61.03942251205444	59.345102310180664
48.28792428970337	42.780144691467285
60.552696228027344	57.76556396484375
43.267653465270996	43.28126049041748
42.816811084747314	47.90639352798462
35.78810977935791	40.905296325683594
57.47901439666748	71.02368831634521
70.43022155761719	74.61955070495605
58.142179012298584	62.23377227783203
61.93408155441284	61.005672454833984
59.68605899810791	62.72047519683838
55.32232904434204	48.550832748413086
45.602105140686035	46.442307472229004
58.31490707397461	68.38344669342041
62.4442720413208	54.26046180725098
57.46226787567139	48.609304904937744
36.051597595214844	39.07721996307373
53.12318801879883	57.903876304626465
36.63729429244995	35.601210594177246
47.704447746276855	43.80666732788086
41.08166456222534	37.38187122344971
49.88274049758911	54.66238260269165
63.29299736022949	62.174983978271484
47.78342342376709	49.79145336151123
55.41829586029053	53.10330629348755
43.08887958526611	42.754631996154785
52.125789642333984	48.55934143066406
47.12337112426758	43.17951965332031
47.508583068847656	58.576415061950684
59.938804626464844	58.13409423828125
47.39874267578125	54.239933013916016
44.126046657562256	46.254586696624756
43.48988056182861	39.63294982910156
60.54133987426758	60.044010162353516
62.61546611785889	58.57114315032959
55.99158954620361	45.50245714187622
61.36541748046875	62.66896724700928
43.173909187316895	49.492332458496094
38.86460781097412	45.36003112792969
51.97867012023926	52.477596282958984
38.83673572540283	41.68688106536865
36.116355895996094	45.05809736251831
32.883713245391846	40.331597328186035
67.69994258880615	75.12466430664062
63.04032754898071	71.79648399353027
35.799033641815186	34.8491907119751
49.84457588195801	47.691555976867676
41.05575656890869	39.74989986419678
49.599924087524414	58.738510608673096
62.04705619812012	62.55501079559326
48.98780822753906	57.7564697265625
53.77521514892578	51.42225646972656
51.59770202636719	54.5912446975708
48.07241439819336	53.33991622924805
50.96894073486328	50.952144622802734
52.073659896850586	58.922385692596436
73.60481548309326	75.26819133758545
51.71894645690918	62.24325656890869
39.63901138305664	44.903377532958984
70.30633687973022	77.53610801696777
52.43723821640015	60.804043769836426
40.8701171875	54.150299072265625
37.876708030700684	41.963393211364746
46.57795858383179	51.70956039428711
42.600308418273926	47.29580783843994
58.68879318237305	62.87213325500488
59.76415491104126	60.64194679260254
44.819000244140625	45.98341083526611
46.88708782196045	52.745137214660645
52.84223556518555	61.48544883728027
49.10340356826782	45.571293354034424
38.00444459915161	37.55854320526123
52.25527811050415	58.276307106018066
53.997236251831055	58.51923751831055
58.54302263259888	53.47127437591553
49.5340576171875	42.492244720458984
40.102325439453125	48.63526153564453
50.56951904296875	58.06471824645996
44.24063491821289	50.57695007324219
36.74290466308594	30.571234703063965
68.36228084564209	64.11106967926025
41.35739326477051	31.89098358154297
49.712053298950195	55.437500953674316
58.13476896286011	52.50839138031006
51.80387592315674	58.758501052856445
47.309173583984375	53.499672412872314
47.89994144439697	48.75205421447754
43.84971523284912	44.227601051330566
37.101874351501465	23.79225254058838
66.70079183578491	63.066810607910156
45.32389450073242	49.807050704956055
44.82359600067139	47.68319749832153
44.290669441223145	46.90736103057861
47.09334087371826	41.16087341308594
48.932344913482666	55.039955139160156
50.5637321472168	54.33097839355469
67.9457139968872	81.95080757141113
39.68465709686279	39.04116153717041
44.32634353637695	42.75077819824219
39.34036159515381	29.615192413330078
39.03339385986328	42.659422874450684
60.98892688751221	63.73835849761963
33.1726770401001	46.944031715393066
45.792969703674316	49.20693397521973
65.20784759521484	75.74031066894531
48.80361557006836	50.57859420776367
44.88099670410156	52.43896722793579
72.16217231750488	72.63678216934204
73.08810234069824	79.79177808761597
50.48558044433594	62.33345174789429
59.398784160614014	58.33067607879639
