130.1968650817871	128.09269285202026
93.11881351470947	88.69150257110596
132.20263767242432	128.08465671539307
115.20147657394409	120.7862811088562
105.52328109741211	114.75827217102051
97.1115345954895	92.05195665359497
125.63759326934814	128.70361328125
117.5784182548523	115.35041522979736
100.45598697662354	103.35699605941772
108.5407075881958	102.88781881332397
119.7256212234497	125.98205947875977
105.81431436538696	99.9258017539978
115.87536239624023	118.17976760864258
111.75360107421875	116.79782104492188
102.56112098693848	107.14347839355469
95.33809614181519	95.9006199836731
95.89640378952026	92.055823802948
119.51290130615234	127.2298355102539
126.82058429718018	124.59223079681396
124.04517269134521	117.54018926620483
104.74353075027466	101.46140098571777
89.61269855499268	93.28094005584717
108.64918231964111	105.31283760070801
102.51914262771606	99.90289449691772
127.27786302566528	127.36270809173584
98.04382181167603	101.9238452911377
108.96471977233887	111.54555559158325
110.33066511154175	111.43838167190552
104.07503128051758	104.15924835205078
103.3688793182373	100.80774879455566
85.22091150283813	85.36930656433105
90.12316799163818	91.05849266052246
108.47150039672852	109.07862281799316
109.68665313720703	113.6280083656311
94.03050374984741	92.91951513290405
119.13756084442139	120.74112510681152
111.65921115875244	117.1034517288208
125.82057094573975	123.67973899841309
112.96181392669678	111.58293581008911
114.73197555541992	111.82640075683594
120.6452407836914	122.10818862915039
111.23779678344727	113.90245294570923
116.90967321395874	119.3902587890625
131.080472946167	129.21405029296875
100.68714380264282	105.36769151687622
104.91369724273682	105.35592555999756
97.90469360351562	102.5645523071289
85.04865074157715	85.09378051757812
106.6797423362732	101.78416728973389
111.02644348144531	116.1651840209961
113.9568042755127	115.6768012046814
100.87407112121582	103.93790626525879
112.69319915771484	120.05827760696411
89.72640228271484	94.30197143554688
118.20401573181152	119.81650829315186
86.2290358543396	82.64558553695679
85.82015419006348	79.98255157470703
110.64801025390625	113.71064758300781
113.96561908721924	116.66483974456787
106.76820087432861	110.6252088546753
110.71568298339844	107.8832015991211
136.6403923034668	137.21432971954346
105.94844341278076	115.225088596344
104.9407696723938	105.01420497894287
117.4826431274414	112.55956649780273
112.74650573730469	114.0993423461914
126.88348531723022	122.95199346542358
102.76732540130615	103.0801362991333
95.24020338058472	92.38170003890991
114.56063556671143	120.21161365509033
121.89025497436523	117.69290256500244
110.04093599319458	113.35510396957397
118.886399269104	115.76942348480225
112.96298503875732	110.16124963760376
88.178551197052	85.7088303565979
108.50621223449707	105.81413269042969
97.43200778961182	109.75613594055176
78.5456600189209	75.25108337402344
91.76890277862549	89.64478874206543
108.14595317840576	110.92297267913818
124.84034061431885	120.33341789245605
95.81794738769531	98.98633003234863
99.35884046554565	99.8275318145752
99.928466796875	103.78256225585938
108.28821086883545	114.1959114074707
87.99018096923828	90.87639617919922
110.73918914794922	119.65454864501953
109.15783214569092	108.81744384765625
114.0989236831665	115.18929290771484
97.77872657775879	94.81875896453857
119.04883193969727	118.6707410812378
132.28246688842773	125.03474235534668
102.06039333343506	103.47604656219482
119.01211071014404	123.72387409210205
109.97256803512573	112.43182039260864
101.36010360717773	100.94681167602539
131.99883699417114	127.42251253128052
133.17809915542603	134.67108058929443
94.00779247283936	99.16969299316406
121.20949745178223	122.4497766494751
94.51716184616089	93.99100255966187
102.156494140625	103.37396240234375
112.38453197479248	106.02530193328857
105.77860832214355	106.48021030426025
88.08970499038696	91.83500814437866
113.36221313476562	116.44747161865234
123.27444458007812	125.95049619674683
107.89062023162842	108.31234693527222
129.965576171875	129.66888427734375
112.91858243942261	111.9506402015686
111.62499904632568	110.98601531982422
95.01278495788574	98.31365060806274
104.51910209655762	111.93321704864502
96.49333477020264	98.07171106338501
88.94560718536377	90.32953071594238
96.10976886749268	101.57062911987305
89.35320281982422	88.64535522460938
100.16954040527344	96.52444458007812
125.08720445632935	128.34993028640747
106.30959606170654	98.37174415588379
112.15550231933594	105.38153839111328
102.8894305229187	100.583975315094
108.7058458328247	111.89890193939209
101.52815246582031	104.87478637695312
98.78971338272095	97.07222700119019
101.41630554199219	101.6402359008789
108.64954948425293	100.15530824661255
111.1217393875122	107.590407371521
114.0555648803711	112.54410552978516
115.43580341339111	117.45018577575684
113.8284592628479	107.3991961479187
103.72881174087524	110.91479301452637
114.0601921081543	115.91736507415771
107.02647399902344	108.93121147155762
106.19493389129639	107.89431190490723
103.47430467605591	103.20866346359253
112.27027940750122	119.38305997848511
107.66870594024658	107.07069492340088
95.73100280761719	96.67697238922119
108.8875150680542	110.12932062149048
117.28441333770752	116.79653978347778
104.6093521118164	101.51786804199219
99.02145862579346	95.12817192077637
87.93406963348389	88.92923212051392
98.50003623962402	104.2694206237793
96.90541553497314	97.1780424118042
107.08609008789062	107.39266967773438
106.65797710418701	105.63584804534912
102.36447429656982	105.38576030731201
104.86523723602295	99.7635850906372
99.17529296875	104.94673156738281
85.91290855407715	91.9083309173584
126.57250928878784	135.25222444534302
89.0242486000061	91.06586933135986
115.88724517822266	107.64561462402344
104.81256103515625	106.49678039550781
112.39745903015137	112.49316215515137
107.80984210968018	110.81546115875244
88.36658191680908	84.21360969543457
94.37072467803955	99.50559520721436
110.98638439178467	109.98777866363525
90.73989391326904	97.53231239318848
113.89130687713623	119.63374519348145
112.8466796875	109.36274719238281
81.04286289215088	87.64413547515869
110.8346529006958	107.21774101257324
110.26809787750244	118.13555717468262
95.47726726531982	98.04299736022949
112.4078950881958	110.63611793518066
107.32109069824219	104.28359270095825
110.82492208480835	114.23373031616211
85.13297271728516	89.05315399169922
115.29428482055664	117.25340843200684
93.43751239776611	92.23474788665771
120.44075965881348	115.46437072753906
89.1565933227539	92.00236511230469
123.72384309768677	119.51701164245605
123.1498031616211	125.47516250610352
105.84877395629883	108.52059602737427
108.28894710540771	115.10602569580078
117.79656887054443	113.91985416412354
96.93402099609375	100.28202152252197
110.71153163909912	103.16546201705933
117.3084487915039	120.54244995117188
105.26567459106445	103.76018714904785
107.87397623062134	107.58901834487915
116.79902172088623	118.85538482666016
128.99978256225586	125.66958618164062
104.9434700012207	103.66906499862671
104.74292182922363	103.22255754470825
100.61688232421875	103.76773071289062
98.59249687194824	106.1883316040039
121.1409182548523	120.65611362457275
112.84955215454102	115.39835548400879
103.0795669555664	106.48652648925781
106.02758932113647	103.60367202758789
127.11282920837402	137.42878532409668
106.52046775817871	111.0509033203125
125.89320945739746	135.44855117797852
102.76710510253906	105.14149188995361
97.27832794189453	97.8409423828125
104.6532506942749	115.21887254714966
97.27574300765991	90.75950813293457
115.68529510498047	116.2425537109375
97.06570434570312	96.89231872558594
84.67608499526978	82.77689456939697
98.83756399154663	95.76920366287231
120.649658203125	117.87222862243652
102.35389804840088	99.79565525054932
126.5985746383667	124.40908527374268
108.97086381912231	112.17420101165771
116.61437654495239	115.03143215179443
112.41913032531738	120.20460033416748
97.3641676902771	91.05605220794678
93.12000274658203	93.44841241836548
94.65296030044556	94.21432971954346
100.91362714767456	100.24288511276245
124.59702062606812	115.3995361328125
147.50483465194702	146.52802991867065
111.01736736297607	103.29585552215576
74.99261283874512	80.04705047607422
111.19223976135254	109.90989875793457
119.77994108200073	122.38276290893555
93.52571201324463	88.35277652740479
116.99817180633545	113.11105012893677
95.33321571350098	96.62652969360352
114.34858751296997	119.6666808128357
93.44660949707031	97.13180541992188
125.23810195922852	128.54100227355957
117.76888132095337	117.04774618148804
99.3597183227539	105.39496612548828
134.3829312324524	132.23611402511597
110.42547607421875	112.23355865478516
94.64158773422241	96.72814607620239
113.78144311904907	116.76392841339111
91.1252760887146	92.39139318466187
105.5538330078125	115.1613998413086
89.91974544525146	92.38419818878174
110.50988674163818	114.64571571350098
113.79426765441895	115.3125991821289
106.88088989257812	106.63020324707031
106.8901138305664	109.38159942626953
122.29975509643555	120.89902257919312
115.98045301437378	118.50873804092407
97.05869436264038	102.9831075668335
94.85295104980469	101.30860900878906
103.99415588378906	106.73604583740234
127.42540740966797	121.05955982208252
117.05627059936523	123.15707302093506
96.90078735351562	103.55041980743408
99.19692325592041	98.02216339111328
127.98116683959961	130.802001953125
108.07501316070557	108.19468259811401
113.24351692199707	116.86970901489258
95.08875179290771	101.23446655273438
91.97099304199219	94.28573656082153
86.52145957946777	90.52231884002686
133.17732095718384	124.43417453765869
117.295334815979	120.04023456573486
108.2341718673706	114.18896913528442
101.57509517669678	103.53865814208984
84.44657802581787	86.05870294570923
112.37944030761719	113.7998275756836
104.69445705413818	104.28113222122192
90.14811134338379	93.3013277053833
116.24443244934082	117.22369194030762
110.5836181640625	109.42406463623047
109.3956527709961	111.8072509765625
99.97387504577637	103.31876134872437
112.26157665252686	116.78618431091309
89.60843753814697	94.57986736297607
97.84075927734375	105.56745910644531
112.49980926513672	113.3646011352539
112.62510681152344	116.26934051513672
111.80152893066406	115.23223876953125
98.51179504394531	98.2829475402832
109.99886798858643	113.66092014312744
93.83108568191528	93.55287981033325
100.49003028869629	104.74551486968994
97.73452520370483	92.44084596633911
95.01368522644043	92.22517490386963
109.22995042800903	113.48520708084106
105.79179382324219	107.04107475280762
107.64380264282227	103.93916130065918
136.94234943389893	136.99765014648438
111.1315484046936	113.62226915359497
101.05214643478394	105.0211033821106
91.57921123504639	85.75164747238159
113.7122483253479	109.98505973815918
100.02833604812622	105.54795742034912
89.96850776672363	86.12559604644775
95.7213363647461	98.57615661621094
91.9166431427002	90.39192199707031
116.44093561172485	118.18076801300049
102.85086965560913	102.62056255340576
120.53164958953857	122.71036148071289
107.92336702346802	111.20043468475342
117.93107604980469	112.9835205078125
117.83964252471924	109.6113452911377
123.16305303573608	122.30908441543579
100.93732976913452	106.84124422073364
93.95159149169922	94.5384521484375
118.08196926116943	118.60642623901367
127.57385015487671	124.25663805007935
105.39235353469849	101.87121391296387
102.02075958251953	107.4455680847168
91.49990844726562	87.51003456115723
115.27159452438354	110.51050901412964
112.55225658416748	106.01014852523804
103.54637145996094	104.0850601196289
79.99903392791748	83.69941902160645
103.25861978530884	101.14431095123291
96.6705322265625	98.0676040649414
94.02742767333984	96.13700866699219
94.14919757843018	95.06499290466309
109.26441192626953	113.34495544433594
125.15092849731445	127.16043090820312
122.81930208206177	119.13495540618896
112.97410011291504	113.8142466545105
114.97175931930542	114.31897401809692
124.28106355667114	127.55910062789917
92.55195379257202	94.92515802383423
128.8060188293457	131.16836547851562
103.64968299865723	102.38474607467651
93.10518169403076	99.79845905303955
99.18329429626465	98.57665920257568
124.49748659133911	127.28672361373901
97.9730634689331	96.04200458526611
125.50874710083008	123.75463485717773
104.85047578811646	109.84763145446777
86.37998342514038	91.54014587402344
90.61819553375244	90.9401535987854
111.18347454071045	112.1570520401001
105.34848165512085	105.40936756134033
82.98101329803467	90.06434059143066
101.19580078125	112.19816589355469
123.41705322265625	110.39938545227051
91.55493640899658	89.12129831314087
108.41298246383667	101.91661310195923
115.74089813232422	112.4882583618164
116.5073013305664	111.16726684570312
123.12577819824219	124.714111328125
101.3413200378418	107.15921115875244
92.55465030670166	93.65230321884155
104.0621337890625	111.23828887939453
93.71218872070312	97.57947731018066
122.11856460571289	124.46103000640869
132.75515604019165	121.03559684753418
106.30319595336914	108.04422855377197
115.08998394012451	118.49295616149902
110.33100128173828	107.42863655090332
122.65727996826172	113.81932258605957
99.84564971923828	106.82657623291016
84.75467014312744	87.816969871521
105.92736053466797	106.0969467163086
83.80829429626465	85.85097312927246
127.45036554336548	129.43503046035767
127.92789459228516	130.23176193237305
119.11517715454102	116.81301784515381
87.24584865570068	89.4459924697876
101.3977313041687	103.02431964874268
93.72026252746582	94.04593086242676
115.15015602111816	121.6067533493042
123.01372528076172	125.79460906982422
109.25009155273438	102.2706298828125
88.84945869445801	92.92304849624634
119.9781494140625	113.04122924804688
89.92039585113525	89.22871112823486
122.70087575912476	120.90484285354614
91.729416847229	95.53570747375488
113.70294237136841	117.71016073226929
90.33726787567139	100.01612091064453
119.21505832672119	119.84165668487549
113.54774856567383	105.61516046524048
95.25626373291016	92.34814453125
115.73877716064453	118.50164985656738
76.18841361999512	77.76175212860107
117.60408020019531	121.73656463623047
123.2975754737854	129.8176121711731
124.95947456359863	125.35794448852539
123.95005416870117	113.6721305847168
119.15956497192383	122.26680755615234
73.95245790481567	74.28786277770996
98.72167873382568	92.30368137359619
91.78900337219238	93.00264263153076
110.88928699493408	113.46165418624878
119.66500091552734	126.79975891113281
114.38036918640137	120.49273490905762
106.96369743347168	111.04307556152344
102.51966953277588	103.7192029953003
109.73885536193848	111.71741724014282
115.35228729248047	120.71987915039062
113.09136486053467	115.48833274841309
111.0351448059082	118.83400440216064
99.29888153076172	95.4242000579834
90.83255767822266	89.49662780761719
123.89989519119263	120.50576448440552
93.39698028564453	87.9845962524414
98.05117082595825	103.01886415481567
111.85649681091309	103.99236583709717
97.43025541305542	99.01956081390381
116.2984619140625	109.41882228851318
115.22787094116211	116.32730484008789
105.66654396057129	109.4087324142456
102.4482192993164	111.11264991760254
108.05169582366943	116.05128765106201
113.85700941085815	123.55258131027222
119.7660551071167	119.05316877365112
119.86836433410645	122.8557014465332
102.72517204284668	102.3114538192749
88.67430353164673	82.89108276367188
103.05694341659546	102.92068719863892
93.81739854812622	97.51914024353027
100.73644304275513	105.93060493469238
111.14370346069336	114.82350540161133
100.88947868347168	103.34780693054199
123.76003360748291	113.22153568267822
118.0616569519043	121.6103868484497
124.71215057373047	123.64830780029297
102.31135368347168	101.09639263153076
112.60189533233643	109.29322242736816
118.89488983154297	123.06837463378906
111.50065612792969	114.8673734664917
106.49901866912842	105.66453695297241
116.79038286209106	107.19725131988525
85.30150508880615	87.42095947265625
119.64268493652344	115.36802673339844
100.93149709701538	105.09633445739746
112.48087930679321	119.81631374359131
116.9087028503418	114.82821464538574
103.05877733230591	101.53973007202148
113.90410232543945	111.40179538726807
108.50872707366943	111.86557388305664
89.36320972442627	95.86974334716797
119.60847187042236	120.07530498504639
96.1234884262085	98.04720401763916
102.03535270690918	109.81478977203369
101.54298400878906	102.44916534423828
120.9911298751831	121.27849102020264
111.90311574935913	107.98116683959961
101.36981964111328	105.08917093276978
105.47171115875244	102.85147190093994
110.42241668701172	106.48707962036133
102.91130256652832	113.68608140945435
118.08123779296875	106.7786636352539
103.46938419342041	101.63836479187012
108.8214340209961	112.87242126464844
92.87800121307373	94.46634101867676
108.21115684509277	113.5909628868103
107.26842498779297	109.88182067871094
109.51378154754639	116.41769790649414
112.16132926940918	105.66180038452148
120.04128170013428	122.24036693572998
98.86081314086914	101.63382530212402
91.35239839553833	91.01614236831665
96.50281620025635	100.07890605926514
112.44994640350342	115.10858058929443
100.49985408782959	99.9061131477356
105.31626892089844	105.48517799377441
115.49266481399536	117.83407974243164
92.73142576217651	91.20799541473389
100.06459045410156	105.3344955444336
97.10903644561768	95.0660457611084
106.27630233764648	106.43335342407227
114.55125141143799	115.75497817993164
119.54931020736694	125.34972667694092
97.82110691070557	93.38300228118896
109.88589763641357	110.10484313964844
102.5915002822876	105.50774192810059
88.5256576538086	95.93900871276855
122.4394474029541	119.28331136703491
77.01954650878906	79.54676818847656
111.42578887939453	107.31977844238281
114.28396606445312	117.63150024414062
111.91332054138184	107.8912992477417
112.95836448669434	108.00622701644897
120.11920166015625	122.11861419677734
101.71924877166748	102.79869079589844
126.63075017929077	119.34831619262695
101.65452718734741	100.05095958709717
104.67602729797363	101.94056415557861
102.62685298919678	110.30540227890015
102.27387714385986	110.07469034194946
105.39720010757446	108.96887063980103
76.4428539276123	79.03058052062988
109.25372314453125	105.57715606689453
99.2412166595459	95.09010982513428
116.2668137550354	117.27194595336914
102.56102228164673	108.14979267120361
106.09965515136719	110.27535247802734
119.50931167602539	118.80654716491699
91.35635375976562	92.97668695449829
93.85046482086182	93.33815574645996
107.87500762939453	110.08299922943115
83.2103500366211	87.04135131835938
128.97041130065918	128.73563861846924
106.44397258758545	112.20627307891846
99.69342851638794	108.55587434768677
125.22354316711426	129.35264682769775
103.56036281585693	104.06507587432861
109.48742628097534	112.78601408004761
108.70632648468018	109.13179636001587
111.44282341003418	113.85193824768066
94.54411315917969	103.72996425628662
96.14484405517578	101.79792022705078
120.58153438568115	117.42409801483154
120.65054512023926	125.4164686203003
119.9877552986145	123.18599271774292
97.99867534637451	105.5622673034668
108.33069133758545	118.25055456161499
123.3753490447998	127.4062328338623
106.1868896484375	105.59469604492188
101.37479066848755	101.30057573318481
114.22285175323486	116.46771049499512
107.8421859741211	109.93339538574219
92.2728476524353	87.25616598129272
121.47120094299316	122.69477987289429
110.11980533599854	115.88138914108276
115.81934356689453	116.15592956542969
117.28561019897461	124.34320163726807
108.12917041778564	114.42507553100586
100.07305526733398	100.44813537597656
101.89536809921265	94.14895534515381
123.05605554580688	125.48418283462524
95.69176197052002	94.85853910446167
106.73307037353516	114.1204833984375
111.53855323791504	106.39210224151611
122.02020645141602	117.17309951782227
111.50155735015869	113.59241390228271
110.17905807495117	113.92394256591797
123.35256958007812	125.15839576721191
113.51083755493164	114.18452310562134
107.73640394210815	105.70977687835693
113.34951782226562	109.5066032409668
107.80688285827637	109.5706205368042
107.86851835250854	107.8332028388977
107.34716033935547	111.38581085205078
118.39692878723145	118.3332166671753
121.24840497970581	122.73247194290161
99.97880458831787	98.67758989334106
109.35100078582764	116.78372383117676
106.16693878173828	101.69586944580078
87.23950672149658	88.8404712677002
116.5868067741394	110.15327453613281
127.13845825195312	126.98407745361328
113.8002700805664	110.21772766113281
91.55298900604248	92.9204568862915
100.93471145629883	102.58916091918945
103.73627281188965	102.36750984191895
118.71911478042603	116.956374168396
110.49227905273438	110.45507049560547
119.14312744140625	122.39133262634277
93.57427978515625	98.71739196777344
122.52439498901367	126.60679054260254
98.72937440872192	100.02455234527588
101.86400175094604	103.88901138305664
96.85830497741699	97.26827430725098
126.29404735565186	133.96134567260742
106.2739486694336	108.57037448883057
128.62988662719727	124.82402515411377
124.98471736907959	123.71111488342285
106.35260772705078	101.31640434265137
100.16045379638672	98.69744873046875
88.269287109375	93.50160217285156
101.22555541992188	102.89474773406982
120.26446533203125	118.30033874511719
129.15971040725708	126.03198575973511
105.78448534011841	111.34948253631592
101.53015851974487	98.00047874450684
98.39417791366577	99.3942437171936
114.67174339294434	117.4441032409668
112.76460933685303	113.94117403030396
116.26040172576904	122.70433712005615
111.02833557128906	106.11338329315186
106.52190971374512	103.51471138000488
117.5961971282959	115.25195360183716
121.35469722747803	121.21769428253174
118.66518831253052	116.7921462059021
104.43721008300781	106.29830932617188
107.3056640625	112.01909923553467
94.31129741668701	99.0012378692627
90.45128107070923	83.77597045898438
107.50902557373047	108.50550079345703
97.95362949371338	95.84102153778076
103.08350086212158	104.81378746032715
110.04463958740234	110.67330932617188
100.46674346923828	93.44737243652344
101.89476871490479	100.14263916015625
126.05677461624146	129.843430519104
87.47240924835205	87.21691608428955
107.4051833152771	114.35297727584839
116.02657699584961	117.07153129577637
106.44025325775146	110.74788856506348
99.83088684082031	103.45976257324219
108.86146545410156	102.41080474853516
101.78034210205078	101.48081970214844
94.68609809875488	97.19211101531982
93.85810661315918	92.63261222839355
82.68263339996338	85.6124210357666
81.01020050048828	77.56283569335938
105.4027328491211	113.5063362121582
106.0441665649414	110.59016561508179
116.3358507156372	113.68219757080078
105.53710699081421	107.66057252883911
90.99617958068848	95.00928497314453
104.38234090805054	102.02876329421997
84.3610610961914	85.21893310546875
119.32109069824219	121.06117248535156
109.6672134399414	111.1583480834961
107.43406963348389	110.37729930877686
117.14798927307129	118.89156246185303
99.48672485351562	106.64163970947266
92.2213339805603	98.48675966262817
105.57506847381592	110.93919467926025
109.80821704864502	101.3810338973999
88.71542644500732	86.13608360290527
92.71145439147949	91.92687034606934
111.33347463607788	114.93859958648682
102.64837074279785	100.84547996520996
90.50404071807861	96.1744737625122
128.50616455078125	126.90454483032227
112.94398021697998	112.16928386688232
95.42103576660156	99.2856035232544
98.04255771636963	97.46156978607178
111.51533508300781	109.83839416503906
113.10268592834473	125.4373197555542
94.347403049469	95.51890516281128
99.68666744232178	104.41778373718262
98.56168270111084	95.0219464302063
110.54959106445312	103.94253540039062
112.164541721344	112.55205202102661
99.65334892272949	100.61846446990967
90.14304447174072	94.88669109344482
103.45733642578125	101.55606079101562
113.42306518554688	108.85503339767456
101.95884895324707	107.86790943145752
102.33815145492554	112.18786334991455
109.38472509384155	111.79517984390259
86.89394474029541	92.180100440979
107.38617753982544	110.00247192382812
115.8371057510376	117.32740116119385
129.63979864120483	128.84553480148315
90.35809326171875	87.83099460601807
113.41112613677979	109.81759309768677
101.29607105255127	107.12282228469849
111.58578157424927	103.78443717956543
113.30296325683594	111.57761192321777
109.45431518554688	107.4736099243164
112.25581169128418	114.47235107421875
121.2669267654419	125.63187217712402
94.23385715484619	95.74932527542114
113.27622413635254	108.93959283828735
110.32426071166992	120.12421989440918
122.52164840698242	119.03023481369019
119.97073745727539	127.83023643493652
105.47032928466797	103.63792991638184
95.21987628936768	95.24953651428223
97.73205041885376	104.10045146942139
102.79083251953125	101.61089324951172
116.18029975891113	112.00917720794678
104.28936195373535	106.90964460372925
117.59299564361572	118.87581253051758
99.57312393188477	96.15159702301025
101.16780996322632	101.32132530212402
104.41079425811768	108.51897239685059
101.27874755859375	99.5576400756836
115.78360748291016	123.93597793579102
113.54870510101318	113.26072311401367
95.75310516357422	93.01563262939453
91.20152282714844	87.2590560913086
87.6789321899414	96.63146209716797
99.43362426757812	103.34803771972656
108.23877096176147	111.24688625335693
125.50204467773438	120.61001300811768
94.95271301269531	97.66142272949219
104.15893793106079	103.59520196914673
97.30304622650146	102.47291851043701
110.03553628921509	114.92134094238281
117.71641159057617	110.89242553710938
100.00793409347534	108.23360300064087
114.81545448303223	122.13563919067383
131.56886672973633	133.82456588745117
83.86801147460938	86.6760482788086
89.70453643798828	92.95620632171631
119.51796293258667	122.39741849899292
84.97329711914062	91.34977912902832
92.32548236846924	95.29048919677734
129.30340766906738	130.49348831176758
123.5507082939148	121.79981803894043
122.72296714782715	124.32250785827637
118.45166015625	119.3047866821289
78.04991340637207	74.16987752914429
108.82725715637207	113.84567642211914
109.89117622375488	109.63582277297974
116.59289646148682	118.91649627685547
92.93195486068726	88.60688209533691
107.55210399627686	103.8479208946228
104.93545532226562	107.7913818359375
109.54027891159058	112.37489461898804
90.86872005462646	95.08792161941528
115.69154691696167	118.08951616287231
109.82315826416016	113.6048355102539
107.15902709960938	111.97106170654297
114.01752090454102	115.16036987304688
70.13843393325806	71.24950313568115
109.07322406768799	109.3371033668518
116.04515075683594	115.38917255401611
109.71677541732788	111.82118654251099
100.30311584472656	106.5162582397461
127.95741939544678	128.0265645980835
123.30853843688965	126.04028034210205
110.34228515625	116.57696533203125
85.12808990478516	89.76615715026855
93.90705442428589	92.72323656082153
101.03679656982422	107.40786743164062
112.07225131988525	114.40625667572021
97.61323547363281	98.1299295425415
121.46937561035156	117.01054382324219
114.27853012084961	114.56975173950195
97.72529220581055	111.81102085113525
125.64467000961304	125.92366075515747
114.06870174407959	119.25761318206787
107.87375926971436	107.18040084838867
98.17652559280396	101.753821849823
108.23913955688477	102.48033475875854
108.90706443786621	109.98331785202026
107.96404647827148	114.76716899871826
112.45309925079346	107.68528938293457
113.01229858398438	110.22161865234375
97.82703876495361	99.81045532226562
89.86319732666016	92.50505828857422
111.24679565429688	114.70127868652344
100.04936504364014	98.8812165260315
91.51318788528442	91.87522888183594
86.04411220550537	84.56100749969482
108.09151697158813	113.16727447509766
94.29471731185913	97.69067287445068
124.20932388305664	131.93294143676758
114.48534393310547	116.01739501953125
97.19606637954712	105.8319354057312
111.22612380981445	114.19816827774048
119.9943995475769	121.98919725418091
99.31048393249512	95.8669924736023
108.75331163406372	106.45545244216919
121.20941162109375	127.54629135131836
110.62747192382812	112.92709350585938
102.99820709228516	106.9887466430664
116.54849052429199	126.71002864837646
109.75526332855225	117.17395305633545
139.93867349624634	136.51486015319824
139.11406230926514	137.28419494628906
126.0489730834961	127.60456848144531
122.0143051147461	124.93994140625
134.54208660125732	134.21553134918213
106.99100732803345	108.34087371826172
111.46420240402222	110.95059156417847
110.96995973587036	113.02451086044312
106.53752136230469	100.8637466430664
99.19348955154419	105.63015460968018
91.92871952056885	92.85597038269043
116.02837705612183	111.07401275634766
115.40951728820801	117.61541366577148
105.68306636810303	106.99402236938477
87.59389686584473	93.5884838104248
120.38107681274414	113.26678562164307
116.84127235412598	111.70588111877441
87.66815185546875	88.33203887939453
114.15702819824219	115.50788879394531
109.499436378479	117.6441764831543
120.94732761383057	117.51035213470459
114.17868995666504	111.23663806915283
98.10548400878906	97.0776138305664
114.43934488296509	120.5941309928894
102.83958435058594	113.2726058959961
102.8466796875	103.62034320831299
112.43169403076172	109.03414916992188
101.84736633300781	102.6598129272461
107.58223485946655	109.16801643371582
95.05531311035156	96.28649616241455
109.19636392593384	109.88113784790039
125.21630096435547	116.44058227539062
108.87103652954102	105.58645629882812
86.50037336349487	85.08940839767456
97.35618686676025	104.12616157531738
106.86248779296875	104.43492126464844
118.37942790985107	120.09270286560059
112.52880716323853	114.35974168777466
109.70922088623047	111.610999584198
100.22975158691406	108.68836212158203
100.04981231689453	103.79402160644531
117.47859001159668	119.4251823425293
101.87454795837402	107.66923332214355
80.9291639328003	85.10078477859497
109.3200945854187	115.63279867172241
109.95698976516724	106.36061477661133
106.2187557220459	103.89011764526367
116.16303443908691	111.42454957962036
87.8994140625	90.98222351074219
109.53893280029297	113.7248764038086
110.423583984375	109.67897033691406
104.9825119972229	106.27781867980957
133.45219612121582	137.48066902160645
127.65669536590576	125.79707050323486
110.75928974151611	107.79626560211182
94.48973941802979	100.17584419250488
97.62825965881348	102.14300394058228
103.39769744873047	100.65754699707031
106.39801979064941	104.88598871231079
112.47539234161377	117.80649089813232
107.04708957672119	108.9121322631836
111.28744745254517	114.74972438812256
101.79922342300415	104.67187643051147
129.0978078842163	130.96415758132935
109.87230062484741	114.19815301895142
93.98917388916016	93.40955448150635
108.7799620628357	105.70819616317749
115.97360610961914	120.4927921295166
96.689697265625	97.73792266845703
108.45021867752075	114.57418966293335
120.37104606628418	115.72161912918091
105.10104417800903	109.1305661201477
119.20884847640991	123.4905481338501
135.2157440185547	134.2851104736328
101.72163248062134	107.20073461532593
114.97628974914551	101.86685752868652
112.57116222381592	112.36444759368896
109.64634084701538	114.77747201919556
112.37580299377441	119.19465637207031
114.79362487792969	117.74374961853027
102.25980472564697	105.60780811309814
102.08883857727051	103.11438941955566
103.53228759765625	108.70880126953125
99.5975866317749	100.13034248352051
104.09727478027344	103.78108215332031
97.48128986358643	100.5980167388916
97.48512268066406	95.42865514755249
105.552734375	107.21294403076172
133.34390258789062	127.46072387695312
104.89116096496582	107.90837574005127
127.0768871307373	123.70778894424438
103.21917724609375	106.34383392333984
100.93757629394531	106.60551452636719
107.75707817077637	111.9525556564331
99.96905565261841	102.31096029281616
136.67803764343262	143.59126091003418
124.26473808288574	132.32249450683594
105.55116891860962	108.5324764251709
120.1483154296875	126.79196166992188
99.84248352050781	103.0189208984375
86.81975078582764	89.7811336517334
104.66100835800171	98.68747758865356
101.70787525177002	99.51463413238525
106.09105110168457	100.58344602584839
127.83165884017944	135.85889863967896
116.84383392333984	127.13927459716797
83.34096622467041	81.73819923400879
103.47906494140625	107.39774322509766
124.08154964447021	129.5460500717163
104.96119689941406	114.70008850097656
84.39881801605225	89.56360101699829
91.10194683074951	92.2926344871521
100.436110496521	103.60006809234619
107.00745391845703	107.60184860229492
94.29805278778076	96.57566833496094
113.61466598510742	115.00653076171875
96.04000186920166	96.91518497467041
111.88457489013672	122.95696258544922
91.88430166244507	87.52065992355347
126.95042037963867	123.53190422058105
115.35317516326904	115.40858745574951
123.52103185653687	128.55193758010864
111.57984733581543	116.67947769165039
108.33957576751709	109.79255962371826
93.30038690567017	95.53991937637329
102.00340461730957	113.24840927124023
105.24411392211914	104.94040584564209
89.11748170852661	93.85847568511963
116.26406192779541	112.47147560119629
107.97553539276123	108.21283721923828
107.85134887695312	107.8498764038086
118.49676847457886	119.4373369216919
101.55713653564453	98.6327896118164
92.09418487548828	94.31200408935547
129.42207098007202	135.24972867965698
115.51805591583252	115.52031326293945
111.08121013641357	112.33602046966553
127.11925029754639	130.2691535949707
118.62834692001343	115.65781831741333
145.61137199401855	145.5430030822754
99.65593242645264	99.66581916809082
105.21881103515625	101.05384826660156
115.5153694152832	128.15008449554443
113.37026309967041	109.96438980102539
101.05722427368164	101.87204074859619
93.25375747680664	93.76546096801758
106.30057525634766	106.431396484375
106.75933885574341	107.86764717102051
100.14018249511719	100.7042007446289
134.43008422851562	137.56556510925293
102.130202293396	107.90438461303711
93.5452766418457	89.20804500579834
115.56263208389282	113.05156230926514
104.91904735565186	103.07034730911255
107.17057037353516	107.4075117111206
107.59453296661377	111.30906343460083
117.24245309829712	118.10384273529053
87.84912300109863	91.89504432678223
89.59858131408691	94.42341613769531
112.22278118133545	116.32569551467896
85.61787843704224	89.04571294784546
116.23595762252808	116.10293102264404
115.06505680084229	112.68927431106567
92.20758295059204	97.50361919403076
114.73958015441895	110.64467668533325
97.66813659667969	100.83003234863281
93.96369171142578	97.23303985595703
102.19654369354248	105.31066608428955
99.07548522949219	100.40028381347656
101.21394348144531	96.30687713623047
96.45796203613281	101.64985656738281
104.840163230896	96.35265922546387
81.70718193054199	82.85023212432861
110.55786991119385	107.53592920303345
126.5797119140625	130.50875854492188
126.75606679916382	119.33874320983887
130.22305011749268	130.15520095825195
128.22695875167847	111.69750118255615
106.4035177230835	101.8756628036499
121.97885131835938	123.17153930664062
120.29570007324219	110.65034627914429
106.70188903808594	108.6641788482666
126.78884887695312	118.90821838378906
101.89467334747314	102.51480960845947
114.80536937713623	118.20406436920166
73.77533721923828	71.11474561691284
129.77567768096924	136.64072942733765
130.1915922164917	131.70061922073364
101.39812469482422	100.44227600097656
122.17826843261719	116.52681827545166
141.5964126586914	140.9133815765381
110.98068237304688	108.43428611755371
118.76345825195312	111.15840148925781
105.25564908981323	112.10085916519165
125.57983636856079	121.60261917114258
98.34834289550781	100.69702911376953
90.59615850448608	94.94198083877563
101.47775173187256	99.02310132980347
107.60823345184326	115.57658767700195
107.54289722442627	103.64505195617676
78.51287078857422	87.58372735977173
99.18279266357422	94.84562683105469
133.0287013053894	129.04690408706665
142.75041580200195	143.53410720825195
87.94009923934937	85.8262038230896
82.62689781188965	80.6110897064209
115.18201351165771	115.91240930557251
93.2001543045044	93.584303855896
100.92266750335693	99.37235927581787
101.83382034301758	105.76589584350586
99.62237358093262	98.33513259887695
101.56901359558105	108.90324687957764
127.75031900405884	127.98266935348511
101.29338026046753	102.21588134765625
104.32285022735596	102.55950975418091
96.11319208145142	99.54183149337769
113.47120666503906	114.67538452148438
117.02385473251343	109.68799877166748
96.51458549499512	101.17015266418457
115.21977710723877	115.32082557678223
111.41177272796631	107.56748151779175
97.67757606506348	105.60684967041016
89.33911418914795	96.08309364318848
117.60550689697266	123.34013366699219
115.31705617904663	110.90079545974731
96.85126209259033	96.70170211791992
101.12912321090698	106.62360000610352
134.24650955200195	123.52215385437012
111.50893020629883	109.11528396606445
91.62408018112183	92.49287366867065
96.12578630447388	93.21156978607178
120.19500970840454	115.95902347564697
114.37995433807373	112.78617191314697
105.36455535888672	103.7900619506836
108.91687870025635	107.1243143081665
113.246591091156	114.08961296081543
112.93582534790039	122.35572052001953
94.56044864654541	99.41920471191406
105.53808403015137	106.27262496948242
97.88912200927734	94.97705841064453
116.86648559570312	118.49800109863281
97.77247858047485	104.53913116455078
112.92050170898438	110.905517578125
104.98451232910156	112.9281120300293
119.08959007263184	123.79841089248657
129.3989553451538	132.38951110839844
117.14830780029297	115.3454360961914
104.22511339187622	105.27590990066528
96.33826732635498	94.84311819076538
136.76037740707397	138.73843574523926
130.83236408233643	134.8575897216797
