84.40216064453125	78.77438354492188
88.25693321228027	88.44065570831299
94.23594665527344	92.7265396118164
89.64492893218994	89.48128032684326
106.20466041564941	100.15066337585449
117.51239776611328	112.4076919555664
88.88434600830078	80.25228357315063
103.06838989257812	99.01138305664062
89.34979820251465	82.16549491882324
104.01744079589844	97.4388427734375
90.5373125076294	80.84918689727783
104.65296936035156	95.70977783203125
102.81661224365234	100.85615348815918
97.3812747001648	88.81864786148071
99.44893646240234	87.36886596679688
83.47919940948486	85.42812824249268
111.04537439346313	105.69191217422485
79.86138725280762	79.078857421875
88.7677001953125	84.42784309387207
96.16464424133301	95.88717460632324
73.07379102706909	71.3168044090271
103.2855453491211	100.62188720703125
112.20836210250854	106.27376127243042
106.77670240402222	102.06941366195679
94.87344694137573	89.76459980010986
90.82207918167114	90.94227075576782
82.45071601867676	76.5191822052002
81.0415678024292	76.22750568389893
77.60502433776855	70.6693058013916
91.1609058380127	93.40988159179688
88.02248859405518	86.24158668518066
76.18145895004272	76.71382141113281
94.61809587478638	92.61877632141113
87.26162147521973	81.81428337097168
94.81819152832031	94.36966705322266
110.5831069946289	106.09925842285156
114.43978881835938	110.6335220336914
118.15525531768799	109.20324325561523
85.45795440673828	82.26947021484375
89.04462146759033	84.36048221588135
90.58744716644287	85.13963890075684
95.04581451416016	88.90218257904053
93.38928699493408	84.98810005187988
118.42897653579712	108.3776307106018
87.30064582824707	91.67260074615479
113.93426132202148	111.88674068450928
110.57825803756714	107.06082344055176
97.81680679321289	93.91908073425293
83.41378211975098	82.85981893539429
80.01521968841553	78.90744209289551
91.17638826370239	86.7668867111206
68.72016048431396	73.7865571975708
105.903639793396	101.81158304214478
81.68142223358154	81.10972023010254
80.07886505126953	73.72309684753418
96.40523672103882	91.53170585632324
87.67093849182129	90.31759452819824
81.00170373916626	85.64205741882324
81.92802143096924	76.39431571960449
83.90147972106934	79.97209072113037
102.74402046203613	100.1665449142456
96.3157868385315	91.48530006408691
115.25515747070312	106.4814224243164
94.78542137145996	86.7202639579773
107.43945980072021	102.05735158920288
68.75201225280762	64.94821071624756
83.50008869171143	80.40730094909668
82.0351791381836	82.56006622314453
87.84143829345703	79.71171569824219
98.56040954589844	102.31756925582886
96.84223651885986	92.22267150878906
102.51941442489624	98.68208885192871
83.49806213378906	80.4136734008789
68.22603034973145	70.24279975891113
103.06256532669067	95.54527044296265
100.46126461029053	90.68600749969482
116.92100524902344	109.74567413330078
70.24239349365234	61.87299728393555
105.05661678314209	100.51158237457275
97.70530700683594	96.09730911254883
103.34026908874512	94.07850170135498
100.56596660614014	95.60820960998535
102.71488094329834	92.19944667816162
86.57164812088013	88.50470161437988
106.88348579406738	97.7845892906189
87.6992621421814	78.98669481277466
98.0989122390747	100.24096012115479
109.6294150352478	103.69588851928711
93.87188959121704	84.61958265304565
101.78390550613403	96.26809597015381
99.09429931640625	98.68888854980469
96.13128566741943	94.72398376464844
96.95339441299438	85.43486595153809
84.35066223144531	81.36515998840332
102.10261631011963	102.32477188110352
85.01144409179688	83.79737854003906
94.66538429260254	89.71173048019409
79.6603946685791	74.72626304626465
70.6772837638855	69.79174566268921
102.66893768310547	98.40216827392578
102.00876379013062	96.77435255050659
75.67548370361328	76.16650390625
101.83927774429321	96.48914337158203
85.42449188232422	75.29922008514404
117.27980041503906	108.51858520507812
120.83505630493164	118.16290998458862
89.51192712783813	86.75461435317993
86.33452606201172	86.2246503829956
99.8737940788269	92.17693853378296
102.80803680419922	94.67633056640625
87.44423770904541	83.25072383880615
94.73488521575928	88.1772050857544
100.87574768066406	96.2138671875
82.29810905456543	77.62476539611816
115.86628913879395	112.0770263671875
83.85320234298706	84.0829267501831
107.14545488357544	105.20951652526855
84.22483777999878	82.80002450942993
103.06363344192505	96.63817596435547
95.04906892776489	92.68880367279053
96.42921733856201	94.2226505279541
110.43864250183105	110.95236778259277
95.15737915039062	95.2796630859375
77.23122453689575	77.42643547058105
99.70009994506836	94.64298677444458
100.88740110397339	98.35127592086792
78.97493553161621	80.82466983795166
91.51035118103027	82.69705009460449
92.79810523986816	94.8259220123291
94.28636741638184	87.97728538513184
89.51901149749756	85.70534610748291
83.9032621383667	77.4473934173584
79.77252960205078	76.09906196594238
76.61627101898193	70.43462991714478
90.00357913970947	86.26942157745361
83.11212301254272	83.46880674362183
105.17513799667358	98.76883172988892
94.14639377593994	88.72479438781738
125.16453123092651	120.43806886672974
79.64950704574585	79.89594793319702
101.29198551177979	96.40806198120117
93.46705627441406	93.9939193725586
112.85118341445923	112.3235034942627
108.19601440429688	106.89688110351562
89.4368486404419	85.75158548355103
98.0115966796875	94.49241638183594
105.8368148803711	102.40529441833496
80.47708129882812	79.39002227783203
92.73580121994019	95.79787349700928
84.70957803726196	80.51429176330566
93.10589790344238	87.08792209625244
81.17499732971191	79.21102333068848
106.23703098297119	98.48655986785889
105.53539037704468	101.76816701889038
97.38262557983398	85.87437057495117
111.43750190734863	103.06452512741089
107.41248226165771	102.070556640625
97.60997772216797	94.27452087402344
106.64452743530273	101.23158931732178
119.35219955444336	116.9175820350647
85.43206787109375	81.55827140808105
96.89763307571411	91.23570442199707
78.82559967041016	75.61982917785645
85.0683331489563	77.45108127593994
96.17894411087036	90.92554807662964
105.39316320419312	101.27142000198364
82.41210174560547	83.61234283447266
94.22079706192017	95.64371347427368
81.1866044998169	80.74032592773438
78.29573011398315	82.19146156311035
100.57791233062744	97.48758745193481
87.61309766769409	84.25404071807861
73.38182592391968	71.12488079071045
112.73144245147705	103.35002660751343
105.69032287597656	98.422926902771
96.62639045715332	89.1767807006836
104.33617830276489	100.70777177810669
86.93805170059204	80.91756629943848
109.889404296875	108.15409088134766
107.52912282943726	98.46869945526123
115.93006324768066	105.30965995788574
110.86898040771484	104.3301773071289
93.98106336593628	85.84822654724121
75.6447286605835	73.93135166168213
98.44919776916504	92.8836236000061
91.43237209320068	87.54724073410034
79.7505111694336	75.40897178649902
99.09893989562988	90.87067890167236
107.04058074951172	100.98755645751953
106.79626655578613	103.51803684234619
95.51826667785645	90.11869859695435
86.61669683456421	81.51020288467407
96.94251537322998	87.61245489120483
104.76426029205322	97.78761863708496
96.57056140899658	86.16396141052246
81.42340850830078	75.32511138916016
87.47127342224121	80.86725616455078
108.88267517089844	105.74193572998047
87.67788791656494	92.94516468048096
99.9573974609375	91.31890869140625
90.38834381103516	89.30265998840332
105.98269939422607	96.00675678253174
97.9096908569336	90.71656227111816
92.94372367858887	84.38465881347656
109.60366487503052	102.43725299835205
80.23807573318481	79.21010875701904
79.82127571105957	78.17056846618652
93.51147747039795	91.44072198867798
108.2607364654541	107.00835943222046
110.9583330154419	101.09765815734863
99.93806457519531	99.59456634521484
100.94135999679565	94.41373586654663
88.09927082061768	82.25044345855713
90.80105018615723	83.83556365966797
83.2406234741211	83.82258605957031
99.64018106460571	90.21701574325562
109.73191022872925	101.52491807937622
105.72371006011963	103.90106678009033
90.79252052307129	87.25108337402344
97.64612007141113	90.12758159637451
83.47550868988037	86.38662099838257
70.68032169342041	67.88249921798706
115.74382400512695	105.0181770324707
102.63668060302734	93.77055644989014
90.24654388427734	83.20648241043091
93.4430923461914	88.27615356445312
71.07314872741699	64.86942863464355
87.54927825927734	82.44711303710938
80.31697511672974	74.76430177688599
90.1492280960083	90.32761335372925
95.43902683258057	91.05582523345947
101.31032180786133	103.01744556427002
96.19398403167725	87.94862174987793
99.22293186187744	99.01804065704346
104.42204284667969	100.21252727508545
96.76926612854004	94.85477685928345
75.57537841796875	74.78230285644531
97.90964412689209	90.67963886260986
87.45770835876465	85.24768686294556
105.63787937164307	105.7027816772461
108.9270830154419	111.06583786010742
105.10450172424316	95.19564914703369
101.06666707992554	94.36948490142822
88.21589660644531	84.51729583740234
105.30655860900879	100.83362102508545
98.83687496185303	100.79371547698975
100.49849081039429	94.94546270370483
96.32187747955322	97.45448017120361
88.201012134552	81.86182355880737
113.47891998291016	108.92489624023438
85.6630654335022	80.47081279754639
94.86321926116943	98.79041862487793
95.5191421508789	91.14415884017944
104.01142883300781	100.00804138183594
94.44580078125	87.27245092391968
118.58755493164062	115.47599411010742
90.19992446899414	81.68111276626587
78.183753490448	71.09423971176147
90.65665483474731	90.52190065383911
78.80641317367554	70.5126576423645
99.75116014480591	92.54902839660645
105.1382246017456	100.68405818939209
117.09395742416382	112.21720790863037
78.26599407196045	70.44403886795044
83.18851947784424	81.67576789855957
94.13033199310303	86.0980920791626
109.88050842285156	110.85076141357422
103.04354095458984	94.67706298828125
88.49832916259766	79.51268863677979
105.50922012329102	95.81389141082764
63.35433769226074	57.63557577133179
114.73156642913818	108.0034670829773
103.10497283935547	99.79171752929688
68.23260593414307	63.58873128890991
97.69783401489258	87.92974662780762
77.45153903961182	78.35906982421875
100.49559688568115	90.52344846725464
81.4198865890503	80.34473991394043
81.41776275634766	80.84175109863281
98.38627624511719	92.93621063232422
90.38429832458496	79.666015625
93.51230049133301	86.14856052398682
106.81891250610352	98.06557846069336
83.37728214263916	77.3909969329834
80.07540893554688	74.12582588195801
94.96039581298828	93.15206909179688
83.7348804473877	78.60679912567139
95.84760522842407	97.24493312835693
86.80668878555298	76.0986475944519
100.21115589141846	99.562002658844
84.16720676422119	73.9694299697876
86.56864356994629	84.91341590881348
95.40745735168457	92.96527862548828
101.77578735351562	97.10157489776611
97.0360279083252	97.84836530685425
79.39943504333496	75.88712930679321
99.51598930358887	97.69583415985107
75.77416324615479	71.2766170501709
106.47771835327148	111.4875316619873
106.12220764160156	103.790123462677
101.39549016952515	96.53999090194702
92.47019958496094	84.01535034179688
93.34120178222656	82.69760036468506
102.60352516174316	100.83892011642456
96.97955131530762	88.60717535018921
86.45279502868652	79.44861602783203
109.41146945953369	108.38438987731934
112.1541976928711	106.7235107421875
93.78587818145752	89.01832580566406
82.34444618225098	82.37951517105103
87.75507497787476	84.81802558898926
103.93373107910156	97.56090545654297
100.72620391845703	98.32167148590088
87.09294891357422	84.02462196350098
100.58280229568481	93.52711200714111
85.91119861602783	80.36439609527588
99.64492797851562	90.31632995605469
96.8999080657959	89.3972864151001
102.55081415176392	100.17272472381592
70.20388793945312	67.62925624847412
104.37239170074463	100.56205987930298
79.37353849411011	73.27093362808228
124.99204635620117	112.23836898803711
90.69837951660156	82.09841918945312
96.21952056884766	90.2761173248291
73.53167724609375	68.35673332214355
76.73695278167725	72.07306003570557
106.51081800460815	95.30287456512451
80.23690223693848	72.95973110198975
80.6843090057373	77.15824699401855
93.18240165710449	91.5347671508789
83.98583364486694	80.21497869491577
100.11114311218262	96.50502967834473
108.94140625	98.435791015625
90.69047212600708	93.05832624435425
97.94372367858887	94.37037086486816
91.40929508209229	85.67318916320801
107.2331314086914	107.29947662353516
85.35362005233765	81.99217557907104
99.19505405426025	95.29471778869629
93.56507301330566	90.95380592346191
95.22113800048828	92.26488590240479
96.2977123260498	92.64010190963745
92.90611934661865	88.26962757110596
87.98067283630371	81.6005220413208
83.04505348205566	82.32826709747314
101.7432861328125	103.18280410766602
94.4996862411499	89.68506336212158
93.2875428199768	91.08879280090332
103.80907583236694	99.27359056472778
98.38300609588623	93.57923793792725
107.94524431228638	104.73288774490356
77.18037223815918	71.78864908218384
77.54065132141113	70.76023292541504
87.9916763305664	85.49134254455566
111.83625793457031	109.3249921798706
91.34710693359375	89.50007629394531
102.4125337600708	97.97502279281616
93.65779781341553	89.81303691864014
93.46992301940918	92.97787570953369
83.14437246322632	77.04004716873169
89.28355407714844	89.91358995437622
87.97346353530884	82.04600477218628
78.29737091064453	71.93107748031616
79.95453691482544	69.71812391281128
86.390615940094	80.98789262771606
103.13388347625732	101.92877054214478
103.514564037323	95.51575183868408
93.93575048446655	94.95867586135864
102.91307640075684	96.01643657684326
110.75956153869629	105.18364953994751
96.25500392913818	91.99207544326782
88.63701581954956	86.89117670059204
84.35883522033691	86.36612892150879
93.86612796783447	94.793053150177
89.09366130828857	82.49862384796143
100.50054931640625	95.4262924194336
93.95561218261719	88.66999053955078
98.9238634109497	97.78809928894043
128.05085563659668	119.72440338134766
100.5968427658081	92.82036781311035
124.56503963470459	117.42948818206787
95.29501390457153	84.6195764541626
99.29463195800781	95.25640106201172
82.7772445678711	79.45158576965332
77.0205545425415	74.39926624298096
110.819091796875	105.77567863464355
91.48694086074829	80.15969705581665
88.68480920791626	85.32352924346924
69.61085414886475	66.9628472328186
89.26865863800049	89.63508892059326
90.05982971191406	84.46879577636719
97.12057876586914	91.18749237060547
89.07414817810059	84.03437995910645
101.39130401611328	100.51937103271484
94.94641876220703	93.92678833007812
100.55915069580078	101.58659076690674
107.05128765106201	99.15204620361328
90.24168682098389	82.75891923904419
107.24829196929932	105.50323963165283
76.21537971496582	78.62780570983887
84.72071123123169	73.48017644882202
100.56576299667358	94.81795406341553
99.93064403533936	98.27785444259644
98.42066097259521	97.87922954559326
68.44502449035645	66.57804107666016
100.16716003417969	100.71949481964111
117.86873531341553	112.03828239440918
85.1324691772461	86.58788299560547
106.78180074691772	102.29922199249268
79.55809593200684	80.68688011169434
94.94715929031372	87.95803785324097
79.73723983764648	79.34556293487549
74.87162590026855	71.27182960510254
106.88345336914062	107.50373840332031
117.96454811096191	115.46572494506836
94.5303144454956	90.47450733184814
72.38193368911743	69.85839319229126
121.4767599105835	114.1140604019165
110.92994689941406	109.16149139404297
104.70268249511719	91.96404933929443
95.04785633087158	94.4243106842041
88.65704536437988	83.38704013824463
89.16049194335938	87.67444324493408
95.60799407958984	87.41278266906738
96.06264591217041	92.21124935150146
88.14305114746094	89.64812469482422
96.64779567718506	94.71440267562866
106.09130859375	98.56857299804688
80.6232681274414	75.80046272277832
90.93295288085938	84.77779388427734
96.21524047851562	96.75516510009766
103.06155967712402	95.29298114776611
81.71295166015625	74.42592906951904
109.38975524902344	103.51271057128906
105.37820816040039	99.63830947875977
102.58856391906738	101.24004364013672
94.43409442901611	92.5441541671753
92.47530698776245	86.93535089492798
105.24895906448364	99.10966157913208
106.47423458099365	100.59911346435547
106.73592805862427	102.62783575057983
103.76737976074219	100.12716293334961
94.75117349624634	97.02090692520142
104.25124645233154	96.96635437011719
103.1819076538086	96.62943267822266
88.72383308410645	84.03290462493896
93.3539810180664	96.13206481933594
100.72819232940674	90.73664903640747
90.8556900024414	86.49850749969482
121.92732238769531	116.78878021240234
105.448974609375	97.88730812072754
115.68740844726562	105.90027236938477
98.94539546966553	94.92974948883057
83.75642538070679	83.31706714630127
93.21769714355469	97.01277160644531
105.67717552185059	104.96010303497314
92.60397338867188	90.48672008514404
107.85403680801392	100.94182062149048
67.10591125488281	61.25240135192871
116.36719608306885	106.13190364837646
100.07285356521606	91.89104318618774
100.33840465545654	95.35983943939209
102.58554267883301	97.92021560668945
80.52645587921143	79.25308227539062
103.24146509170532	100.95386266708374
85.58747863769531	85.42101287841797
100.82543134689331	90.85855007171631
85.83714246749878	78.04810333251953
81.29885768890381	77.67639064788818
88.22577667236328	90.59626770019531
91.33545684814453	85.57958221435547
80.41465187072754	77.43085670471191
75.56771755218506	79.92043399810791
83.17430019378662	79.45942878723145
107.16801166534424	104.63672161102295
84.28484344482422	81.20597648620605
90.71946716308594	91.253173828125
87.45877504348755	90.90408325195312
92.69610118865967	96.53809452056885
89.13066101074219	84.17482566833496
112.96404266357422	105.47948455810547
107.87899112701416	100.8465404510498
82.88378381729126	70.95652532577515
96.32066059112549	87.93968439102173
101.62415313720703	93.3135986328125
110.7394905090332	105.43073558807373
106.5109395980835	100.87128829956055
106.04709148406982	101.33355617523193
90.36004829406738	82.16300010681152
102.05015182495117	97.13565826416016
84.28375816345215	84.66418361663818
101.92232608795166	96.3162751197815
78.46710062026978	74.40301322937012
105.16732692718506	97.74051189422607
92.433584690094	87.40870809555054
89.63986873626709	87.57456111907959
104.6067533493042	97.67962551116943
71.63259315490723	65.23842430114746
91.59181213378906	90.10809326171875
88.81852626800537	90.22313737869263
115.54668045043945	112.17994594573975
90.41983366012573	84.30533409118652
90.73550415039062	82.55179595947266
113.69130182266235	112.2437915802002
112.93510437011719	109.75769519805908
92.06627082824707	90.24945831298828
110.17137145996094	113.12828826904297
103.49428653717041	99.13858938217163
91.06155395507812	83.94391536712646
95.76732540130615	92.29839420318604
89.69103145599365	86.55518388748169
88.88456916809082	81.61627340316772
116.4366888999939	106.80872440338135
84.73273658752441	85.3663330078125
91.61262702941895	89.17474937438965
78.85203552246094	72.9360179901123
102.5122332572937	96.73550605773926
88.60382080078125	81.68176174163818
105.63877868652344	100.99249267578125
104.15039825439453	98.26844024658203
100.61998748779297	91.3014144897461
78.29106903076172	69.3153305053711
94.36208152770996	94.37777519226074
95.36598491668701	87.18308734893799
83.90431022644043	83.73291110992432
93.61714839935303	91.4434003829956
93.22446918487549	88.18339490890503
94.69638061523438	92.6439208984375
86.95573425292969	88.97482299804688
99.85789775848389	92.10155725479126
81.98202562332153	89.34870958328247
125.37886667251587	118.91994285583496
100.63284301757812	95.87599182128906
102.49674606323242	97.08583498001099
82.18534326553345	83.10776805877686
96.70292091369629	92.58093070983887
85.27568054199219	83.75084686279297
94.76683807373047	96.78135681152344
74.99730587005615	76.88554430007935
102.77219867706299	97.87023639678955
112.89635467529297	105.55840301513672
116.06547546386719	110.66110324859619
104.36138391494751	98.01248788833618
107.08728456497192	104.9241771697998
90.95175457000732	90.27599811553955
92.22515344619751	90.32029867172241
99.30891513824463	93.22103214263916
99.96867656707764	95.39003133773804
100.51817178726196	94.78373050689697
98.54987239837646	96.78227519989014
83.75061750411987	84.34386491775513
84.31141662597656	78.09492301940918
91.12391471862793	82.02122974395752
98.41034173965454	90.522301197052
101.14427185058594	102.97720336914062
116.41268157958984	109.20284271240234
81.55361366271973	79.52849578857422
98.18057250976562	89.48147583007812
92.17788219451904	87.75042772293091
106.94873428344727	103.57484340667725
95.07052612304688	89.8812255859375
89.38993835449219	89.92708587646484
98.43844604492188	95.3340835571289
74.94512224197388	73.256112575531
79.92914772033691	77.4884204864502
79.3522367477417	78.88743305206299
104.05506134033203	100.43099975585938
107.15800857543945	100.94674634933472
100.532639503479	90.03600120544434
88.89557933807373	89.95661163330078
95.14093208312988	89.49542999267578
93.21527767181396	90.41628837585449
105.45203399658203	102.85487365722656
110.59863662719727	106.99011516571045
119.3198471069336	113.37812805175781
92.45959281921387	88.20864772796631
81.22907638549805	74.28088188171387
108.11822509765625	101.64542388916016
117.36064434051514	110.25792360305786
119.88409566879272	116.90275239944458
86.4990005493164	81.70059013366699
99.38309478759766	99.26161193847656
112.43101501464844	101.58289337158203
102.5754189491272	98.90024900436401
83.81748104095459	80.89561653137207
100.88086700439453	92.39166259765625
100.55717182159424	94.5856351852417
84.74201726913452	75.38479042053223
86.97058868408203	82.56403923034668
87.59085607528687	75.30334329605103
93.88202905654907	88.45345973968506
118.72047424316406	111.53873443603516
105.6721830368042	97.43263721466064
81.6520471572876	80.81669807434082
86.16764831542969	91.04991340637207
98.58587694168091	101.20815944671631
87.0396089553833	80.56248474121094
95.34003496170044	89.3362283706665
89.08835124969482	83.3635835647583
95.55538129806519	94.65755367279053
88.98958683013916	84.37325954437256
103.3927640914917	100.3030252456665
88.01125144958496	84.60514068603516
97.91098165512085	102.27934885025024
81.64289665222168	82.86247730255127
85.22709083557129	84.60843849182129
108.53229522705078	102.31227111816406
101.43109655380249	94.0304799079895
98.05936241149902	92.39370727539062
92.36164999008179	95.32746076583862
85.77303314208984	75.82461547851562
116.5277099609375	112.07687377929688
96.0550332069397	92.02852964401245
88.30653190612793	79.24104452133179
94.18284320831299	92.60562419891357
98.73013973236084	91.51262998580933
85.46688938140869	79.01041173934937
83.02169036865234	84.63993072509766
114.27421283721924	104.82771301269531
98.8675365447998	96.52413845062256
109.29549884796143	100.56343650817871
118.15363883972168	113.48861932754517
98.04051780700684	92.57002830505371
79.36519432067871	75.65768623352051
120.73304462432861	112.18993711471558
91.438645362854	92.96631050109863
105.88994598388672	106.3258056640625
96.40227317810059	94.07087135314941
84.69026756286621	80.66025352478027
78.29910182952881	72.38696479797363
89.73511505126953	88.92176055908203
136.05915927886963	131.21634244918823
89.05703163146973	85.75032043457031
102.22540283203125	96.19975662231445
124.13254976272583	115.2351336479187
81.94646167755127	80.1341905593872
86.99739074707031	82.82172203063965
89.4701600074768	84.5096755027771
74.78608131408691	69.15988683700562
96.74487590789795	90.45740604400635
101.56573581695557	101.79070568084717
111.49884176254272	105.45487594604492
102.25788116455078	97.9747724533081
94.37240839004517	87.38808631896973
82.45889663696289	81.71066284179688
106.79256439208984	99.88033294677734
114.75723266601562	109.91060638427734
103.07168626785278	99.72214460372925
86.6070613861084	80.89461469650269
80.99863624572754	80.31662464141846
81.07610893249512	78.69561767578125
96.62025547027588	88.63325691223145
99.77729797363281	97.16942596435547
94.4431324005127	87.93602848052979
88.91770839691162	85.51237678527832
108.75619411468506	106.34364366531372
81.7031307220459	77.54243659973145
98.20775127410889	93.51621961593628
81.9954776763916	76.52110147476196
73.97973728179932	71.13640117645264
99.24289226531982	91.45952939987183
88.26460361480713	82.99874877929688
92.68804264068604	86.94362545013428
92.55822277069092	89.37028980255127
88.84789276123047	87.73188018798828
93.91383171081543	88.6718225479126
89.1006588935852	86.79920244216919
105.0292854309082	100.85388565063477
112.95697975158691	107.03720283508301
82.50025272369385	86.33364820480347
115.32794952392578	110.53738689422607
96.54046058654785	89.21911144256592
96.2952446937561	95.25481939315796
90.98263692855835	85.48159313201904
81.2577543258667	83.50410747528076
104.35036897659302	94.59490299224854
100.50534439086914	97.06625747680664
82.39089775085449	82.0213623046875
77.33041143417358	70.86231899261475
104.91266632080078	95.73419952392578
115.1646580696106	106.8687891960144
88.84479713439941	84.11467742919922
94.49672222137451	92.37401008605957
78.28953456878662	69.53639316558838
97.76653003692627	86.62703609466553
78.6132583618164	70.61518049240112
90.33895683288574	88.7830753326416
105.1298189163208	101.32620334625244
74.33999729156494	72.8543496131897
96.59741878509521	92.95711755752563
83.628342628479	75.47742176055908
79.61538028717041	77.06915378570557
94.40548181533813	91.84388637542725
77.03363752365112	78.28488206863403
85.59797382354736	84.77182006835938
95.0937852859497	85.60312747955322
86.25571489334106	85.81011056900024
82.58720397949219	79.80013847351074
101.61053657531738	101.19771003723145
112.14118480682373	107.53096103668213
99.95544528961182	95.93089389801025
115.75294303894043	108.73740863800049
97.6735315322876	92.23840045928955
89.83301544189453	86.15409088134766
100.59076690673828	93.26327514648438
105.05318546295166	95.58296203613281
124.5809736251831	115.86008930206299
94.71017456054688	92.65193176269531
105.70096492767334	105.13599872589111
104.79889678955078	101.33428192138672
83.07843208312988	73.36119174957275
89.04534816741943	85.71427345275879
113.98705244064331	108.76941919326782
104.61372375488281	96.91004180908203
78.31410217285156	78.08009338378906
102.45934772491455	98.60356187820435
79.5226879119873	77.43701934814453
97.95177698135376	95.4636025428772
101.46825551986694	92.47279453277588
73.39491081237793	73.86962795257568
84.15071773529053	81.10491371154785
104.02517700195312	103.28791809082031
106.79978895187378	106.45228290557861
97.89270114898682	94.82679653167725
104.19249248504639	92.01049613952637
101.63261985778809	92.71731567382812
90.67319679260254	90.207839012146
78.88902854919434	74.78924560546875
96.78608703613281	96.3675537109375
92.95131969451904	86.43381404876709
87.85023307800293	87.72429084777832
105.00701665878296	98.38969945907593
89.19365167617798	82.7643871307373
77.64663887023926	73.1056718826294
92.75060176849365	93.44658851623535
89.56038093566895	86.17515659332275
82.29543542861938	78.2357931137085
106.82517528533936	104.10063362121582
93.26733112335205	85.48000574111938
90.09905815124512	84.43838787078857
95.69577026367188	91.43580436706543
98.76821708679199	94.65415477752686
93.83937072753906	87.89060306549072
82.79909706115723	78.65245628356934
85.20521593093872	86.29519653320312
96.26598358154297	87.93949127197266
99.15558815002441	96.9052791595459
105.35870695114136	108.98794221878052
85.5059609413147	87.6499810218811
116.00922203063965	111.52021789550781
84.89669036865234	76.45390892028809
100.22375822067261	95.35587072372437
113.22490882873535	111.0644474029541
94.75687980651855	90.10751008987427
133.96210098266602	128.65707778930664
107.4926986694336	98.4902572631836
95.19666910171509	92.67924785614014
94.70886039733887	88.80596923828125
78.8419246673584	74.9585485458374
82.31038045883179	73.37845087051392
91.12681579589844	86.59420013427734
98.9065294265747	94.65176582336426
105.44504308700562	97.37478685379028
119.96336936950684	112.91584014892578
97.13137149810791	90.22491216659546
92.21913433074951	81.13183069229126
97.33539867401123	95.8452377319336
96.42239379882812	100.30197954177856
91.07079696655273	87.34455347061157
94.41887140274048	92.55509376525879
102.74760437011719	93.42205047607422
98.78596830368042	98.42901849746704
91.83252716064453	85.65798807144165
106.11983013153076	100.9888367652893
94.93492126464844	94.7658462524414
66.53014183044434	67.68185615539551
95.1163101196289	91.96118927001953
105.21301746368408	103.84774446487427
83.59229755401611	83.56200981140137
107.70228004455566	104.61193323135376
86.4717469215393	78.80685901641846
86.16598606109619	86.6797685623169
83.1749210357666	79.47835445404053
96.00058794021606	91.44123315811157
91.82350301742554	89.01705169677734
94.80621337890625	90.69961452484131
85.03826808929443	79.90564060211182
90.79489231109619	86.83737516403198
100.1410903930664	90.78134346008301
100.46526336669922	96.75762701034546
74.67702388763428	70.02970695495605
90.37457227706909	88.19150447845459
101.20246410369873	92.7010703086853
108.82179260253906	101.40526580810547
89.63318634033203	86.08552837371826
105.1351580619812	100.2041130065918
84.02825927734375	81.04580688476562
101.07702970504761	100.19013404846191
113.3020191192627	107.77060031890869
81.79477024078369	80.13809394836426
85.06627655029297	81.20491027832031
100.19653224945068	97.64038562774658
105.10064363479614	100.55569410324097
95.2365517616272	95.06526231765747
93.36089324951172	94.412353515625
101.413254737854	95.47038984298706
100.26961326599121	97.71947622299194
99.57968807220459	93.95216226577759
77.26748085021973	70.44185829162598
99.44077396392822	94.69798183441162
97.29061126708984	94.16636657714844
85.85325336456299	83.25661563873291
101.08716583251953	93.62135314941406
100.8084020614624	91.65348625183105
95.32384586334229	93.25363540649414
81.80069160461426	73.70313835144043
106.38414001464844	97.07937479019165
88.76114845275879	84.44242858886719
99.17927742004395	95.05138540267944
99.1096830368042	92.35354900360107
98.58288288116455	96.22055768966675
79.7947130203247	74.30355644226074
84.46187686920166	83.30924415588379
94.47653484344482	89.64219188690186
109.79464721679688	102.65634155273438
103.76571941375732	95.82976341247559
104.90880489349365	103.67830038070679
76.81025457382202	74.5442590713501
84.61659383773804	80.95881605148315
82.79587745666504	79.96922397613525
97.6386194229126	86.52377414703369
94.5210771560669	89.73371696472168
89.38360786437988	86.69357299804688
94.25621128082275	91.36739540100098
90.845290184021	85.35053825378418
100.66710042953491	92.86477136611938
95.51097679138184	89.29824542999268
78.69312953948975	75.72559833526611
78.61879205703735	74.64301824569702
109.2834005355835	107.23115396499634
115.81925964355469	109.38032531738281
94.96117115020752	92.11888790130615
98.25347900390625	93.9850902557373
107.33124017715454	104.17935848236084
98.97996711730957	101.5156717300415
115.12781524658203	108.23902130126953
90.6903600692749	87.11818218231201
91.01912784576416	91.69991111755371
97.75482320785522	94.66525459289551
113.15908813476562	107.825927734375
72.60780143737793	64.08201026916504
126.79270505905151	118.52244234085083
121.50888347625732	116.38685989379883
89.26359844207764	91.06557083129883
120.32109260559082	111.41064405441284
116.35045051574707	113.5073471069336
103.70853424072266	97.74975299835205
93.72876596450806	83.14895009994507
94.8125228881836	91.8168716430664
107.52195739746094	105.12038898468018
87.48028564453125	83.85835075378418
102.30644798278809	95.7238392829895
126.0848617553711	124.35930252075195
84.98291015625	80.21342468261719
82.33803272247314	78.05704021453857
62.44947576522827	60.57145595550537
106.20263767242432	101.96741390228271
91.0645980834961	87.50214385986328
110.05938720703125	105.91478729248047
87.85582733154297	84.93360900878906
77.0397744178772	75.0045862197876
89.04217529296875	81.20052337646484
95.32535791397095	95.85729360580444
99.28893566131592	95.16402530670166
94.98209953308105	90.15961647033691
85.80949401855469	76.0436429977417
96.98119831085205	95.84591865539551
109.60032558441162	105.2250452041626
93.90427207946777	83.42092800140381
73.42915534973145	64.80644416809082
93.98968935012817	95.67185640335083
109.50862407684326	109.68925523757935
88.8867359161377	85.82427406311035
109.0955924987793	101.87196731567383
84.87584352493286	84.86942052841187
94.23381233215332	90.66063976287842
92.86358642578125	93.7673110961914
105.84478759765625	98.45956420898438
102.94912719726562	96.18330383300781
102.82547235488892	98.19216012954712
112.34413146972656	109.08317565917969
86.03929233551025	76.99539375305176
94.28466796875	90.3167200088501
100.81927013397217	98.49726104736328
110.73353576660156	102.63996601104736
71.44790458679199	69.20019626617432
64.42098760604858	61.06419563293457
105.20238494873047	101.91279602050781
106.14009094238281	93.38240814208984
101.82362794876099	96.43031358718872
101.40604829788208	100.68884134292603
86.82070970535278	80.44729471206665
92.2614107131958	93.80630588531494
105.82838439941406	99.96395111083984
94.20351123809814	91.79140663146973
95.79125118255615	88.40895938873291
92.20279455184937	91.91138505935669
83.6906270980835	76.66457176208496
116.14624166488647	109.86433362960815
93.01571846008301	85.25060892105103
81.05947208404541	79.20946311950684
99.32499647140503	91.16896390914917
88.5630111694336	88.44863891601562
81.64858198165894	78.05531883239746
103.1949234008789	97.75727844238281
87.82176971435547	80.15606689453125
95.55566024780273	88.15459728240967
83.8158130645752	78.23489570617676
90.73857879638672	90.3519115447998
94.75299453735352	89.0451250076294
81.69222211837769	84.28742790222168
90.73263645172119	91.45287752151489
82.66326713562012	75.1081075668335
97.4287919998169	90.89495754241943
101.06585693359375	98.09911346435547
104.13379096984863	97.49234962463379
86.8682336807251	85.80405282974243
82.46561622619629	90.05937194824219
93.8448715209961	87.76291751861572
97.50149393081665	91.50718021392822
92.21838712692261	90.61581373214722
103.05002880096436	101.87137031555176
96.83877849578857	98.42886447906494
91.84445142745972	96.19938611984253
67.16532325744629	65.59966850280762
92.38155126571655	91.9662013053894
92.76451826095581	88.20786809921265
82.74062919616699	81.8221607208252
91.24337768554688	82.21470642089844
99.04647254943848	91.18441009521484
98.1968035697937	93.7632007598877
82.36434316635132	80.24783325195312
90.063636302948	81.97756290435791
95.948410987854	87.1440839767456
97.54508972167969	96.26082134246826
86.35649871826172	77.96621704101562
97.85199737548828	89.65042877197266
98.94450187683105	97.6728286743164
88.59123229980469	85.20219612121582
106.69777393341064	101.1104965209961
86.78131341934204	84.40868139266968
117.29365110397339	111.68916463851929
85.70724582672119	81.20019006729126
84.17460680007935	78.31936597824097
94.29022216796875	89.06303977966309
98.6107177734375	90.79434013366699
79.53111171722412	76.27934503555298
101.73365020751953	92.4246826171875
87.65318584442139	86.91488647460938
91.01835823059082	79.7702693939209
105.32935905456543	98.26404857635498
95.06299591064453	89.37382221221924
81.40605068206787	77.82871866226196
82.70637273788452	78.43970775604248
96.19922018051147	86.59424304962158
93.26883029937744	82.91741180419922
74.71949863433838	70.27256870269775
99.9683690071106	91.30885362625122
97.29794120788574	91.59658241271973
97.85227012634277	87.84855604171753
84.65835475921631	81.76062822341919
79.31025791168213	82.57967901229858
89.10991668701172	86.84410095214844
107.65305519104004	95.75980424880981
93.64650249481201	85.28546333312988
90.37573337554932	90.91012477874756
94.0678768157959	85.27273416519165
90.0212459564209	87.93039035797119
71.98723793029785	67.40751504898071
105.21119689941406	99.3725814819336
106.74231719970703	97.87544250488281
98.29313468933105	94.17659902572632
96.47933101654053	94.01003360748291
74.28217935562134	70.18079328536987
127.39934921264648	128.21455192565918
97.74015426635742	93.28186798095703
101.33634281158447	94.76022720336914
108.68761539459229	109.78657293319702
72.97386646270752	74.38472652435303
117.29981994628906	110.56575012207031
98.83323669433594	100.15068340301514
123.65046691894531	117.42706298828125
88.88687038421631	79.40915584564209
93.60550260543823	94.04450368881226
88.21195220947266	88.33482360839844
87.95455074310303	78.90599155426025
117.47566223144531	117.98399353027344
93.90731048583984	93.17778015136719
91.49388313293457	86.68370246887207
