61.42415523529053	57.544121742248535
56.246652603149414	55.25036334991455
63.42121887207031	63.25255346298218
59.45561075210571	56.575881004333496
63.149423599243164	60.37921905517578
70.07194471359253	70.20851850509644
62.947415351867676	65.15806674957275
59.981163024902344	58.15049743652344
66.94113063812256	65.94032335281372
71.67971992492676	71.84057807922363
65.14588737487793	61.82237720489502
68.1574535369873	61.38987064361572
55.49065113067627	58.89854431152344
74.72391700744629	73.48778343200684
65.93919038772583	68.59797477722168
61.3421630859375	57.440059661865234
61.66336536407471	57.009267807006836
56.13427114486694	61.087332248687744
67.92233228683472	61.65001726150513
62.01462745666504	61.06821537017822
60.73471641540527	59.49092674255371
65.02554416656494	62.36690425872803
57.65714168548584	64.9494457244873
45.0241756439209	45.28992176055908
65.70930290222168	71.04655265808105
63.09104347229004	62.24827194213867
67.09530830383301	65.9520034790039
62.87498331069946	60.82338094711304
58.028480529785156	52.73337936401367
70.84199380874634	67.93766927719116
64.971839427948	65.31648111343384
66.75198984146118	63.09922122955322
69.18566179275513	69.0785756111145
68.2888650894165	64.86009120941162
56.203142166137695	54.44613075256348
56.31898498535156	56.335304260253906
76.628098487854	74.48365688323975
52.274051666259766	51.21076583862305
63.43247079849243	60.932682037353516
53.870887756347656	42.93417930603027
74.34757232666016	65.13318538665771
64.9078164100647	65.87923955917358
54.693185806274414	59.36716032028198
70.77809143066406	62.227609157562256
61.75938606262207	61.81038856506348
72.29576635360718	68.73688697814941
49.89412593841553	52.816184520721436
68.54808568954468	68.41179418563843
65.34523010253906	60.91006278991699
62.315030097961426	69.77921485900879
79.89591979980469	77.08267021179199
58.726250648498535	61.90191078186035
58.79649782180786	59.63630819320679
49.82966899871826	47.02425956726074
64.74944257736206	66.2228217124939
57.04907417297363	54.59014892578125
63.052059173583984	68.1485595703125
64.8596019744873	63.41144371032715
68.16378974914551	70.76363563537598
57.625683307647705	61.59410333633423
59.71686840057373	55.149545669555664
45.2583646774292	48.61095428466797
61.6824746131897	63.036404609680176
59.51000213623047	55.57511806488037
62.34726905822754	62.45030879974365
57.467100620269775	63.34962272644043
67.20349788665771	61.19191217422485
61.730284690856934	67.85307502746582
77.0417833328247	72.22024440765381
64.58317708969116	62.792251110076904
64.11520385742188	62.74055480957031
68.22660684585571	68.51632595062256
59.55252647399902	61.753830909729004
56.345327854156494	55.44237041473389
68.88719892501831	67.40309858322144
70.40053606033325	67.48185539245605
56.53275489807129	58.23717498779297
64.09061288833618	61.63268184661865
44.686981201171875	41.43446731567383
75.8580994606018	77.7944827079773
72.286376953125	73.19729804992676
63.58292770385742	61.57475280761719
70.46977996826172	66.05836391448975
76.26496124267578	75.14876747131348
67.128737449646	61.443864822387695
62.47554588317871	60.44314384460449
60.341514587402344	60.02611255645752
66.79057884216309	66.19970083236694
58.02698516845703	53.15821838378906
54.95441389083862	61.43971586227417
66.98397636413574	61.225008964538574
72.0846004486084	69.31375122070312
69.04940700531006	62.304813385009766
63.10928153991699	68.09143257141113
55.502288818359375	54.78670692443848
66.37556457519531	65.65670967102051
63.27644920349121	62.80044364929199
61.38655090332031	57.307403564453125
63.53990364074707	65.16382598876953
61.356547832489014	63.20501184463501
85.43773651123047	81.07741022109985
59.052406311035156	57.88752746582031
69.40296363830566	64.79182434082031
59.845619201660156	63.0146598815918
76.3463363647461	74.11799907684326
64.09385633468628	59.98996925354004
59.91816997528076	63.67446327209473
61.4520149230957	57.6558837890625
75.71999073028564	73.89779949188232
54.23224449157715	49.51125144958496
61.875314712524414	68.06490898132324
68.26244115829468	68.92543029785156
57.25583553314209	57.99154758453369
49.68212842941284	49.56345462799072
64.9749698638916	62.24462699890137
67.15366172790527	69.91529273986816
76.97256231307983	80.91198682785034
66.29769325256348	64.35656547546387
66.56791687011719	63.59938621520996
67.71289110183716	61.56209707260132
76.7051010131836	74.9908504486084
76.09582567214966	74.67015171051025
56.15351343154907	55.31785297393799
48.32341194152832	48.587965965270996
64.178147315979	62.208757400512695
60.97805643081665	62.013625144958496
77.79068231582642	73.80644941329956
74.78353214263916	74.60139226913452
67.8141393661499	63.88157558441162
57.4470853805542	56.26870155334473
75.57958173751831	72.12020921707153
65.74275922775269	64.14395666122437
64.97282552719116	60.06300067901611
74.85888957977295	74.24852275848389
49.18142652511597	54.891188621520996
69.57637023925781	66.60582733154297
64.00906562805176	64.19487190246582
58.513681411743164	61.33951950073242
65.37640571594238	62.01226234436035
63.132033348083496	61.77583122253418
56.07495880126953	56.565086364746094
60.109994888305664	63.23191452026367
78.56604194641113	73.60859870910645
66.19335412979126	69.0506763458252
61.4139289855957	62.908790588378906
67.66287231445312	64.72697353363037
67.00010061264038	69.78656053543091
62.57496786117554	63.769742488861084
54.816370487213135	60.95803260803223
68.31495809555054	71.97122049331665
70.04552459716797	66.61804819107056
57.14172887802124	49.87993144989014
62.53204345703125	62.4224967956543
70.4659652709961	66.88811302185059
67.26831912994385	71.49901390075684
60.216827392578125	62.08198547363281
71.92308712005615	69.56972551345825
69.80576133728027	68.63500785827637
68.02768754959106	68.37177848815918
64.79900360107422	64.94078159332275
64.5589427947998	66.09941911697388
59.52900695800781	53.5677433013916
51.84512186050415	53.06020545959473
61.50703430175781	61.92990779876709
59.98346757888794	63.56749773025513
73.4662914276123	71.72606468200684
62.67601156234741	59.8066725730896
78.57041931152344	72.4064712524414
72.80818748474121	71.47290802001953
61.54467582702637	61.58276081085205
70.43179893493652	67.48230171203613
64.52519416809082	65.24435424804688
61.665632247924805	60.88498783111572
56.18117332458496	56.2493896484375
69.10947322845459	71.96688652038574
65.32997131347656	62.05375671386719
68.43967962265015	65.24091958999634
69.07733249664307	72.55179023742676
66.8921685218811	64.9252438545227
54.40997886657715	51.20741271972656
60.64306831359863	64.2236156463623
66.43496084213257	63.8653130531311
72.01125288009644	73.32978010177612
68.66235256195068	70.36749172210693
63.032875061035156	59.4907283782959
64.40740966796875	62.09954833984375
72.40135192871094	66.82514190673828
59.4248104095459	63.660712242126465
81.65489292144775	83.12638854980469
57.245168685913086	55.79965591430664
64.4908447265625	63.28327131271362
57.320557594299316	55.947185039520264
63.03521919250488	61.06480932235718
65.93720960617065	65.10161638259888
55.17969560623169	58.205965518951416
64.01227569580078	60.09517478942871
56.50872802734375	56.19648027420044
61.81823110580444	64.5864634513855
65.83290338516235	65.02898597717285
57.92551803588867	53.87872552871704
55.57424211502075	52.44803524017334
63.29683303833008	65.70086002349854
61.51442527770996	60.40509223937988
76.30068397521973	76.73503303527832
59.67820167541504	62.249789237976074
49.23673629760742	49.145355224609375
75.50715637207031	68.16096496582031
61.629167556762695	64.65103197097778
63.199997901916504	64.61724662780762
58.57424354553223	59.054603576660156
57.45814847946167	55.357983112335205
56.277974128723145	57.934510707855225
72.4487886428833	66.30797052383423
69.02701377868652	63.574204444885254
60.40431022644043	64.35650825500488
71.48059129714966	68.91117906570435
63.36622667312622	62.33819389343262
67.16274976730347	61.103171825408936
67.35473585128784	63.529433727264404
67.70851707458496	65.82435607910156
59.08206081390381	58.720460414886475
56.83579444885254	59.03770923614502
80.2538390159607	72.86994361877441
76.40310382843018	69.9041166305542
69.91896295547485	76.60730695724487
69.4811487197876	67.05064296722412
56.21015739440918	62.61979866027832
61.10785150527954	66.95045375823975
68.94534111022949	68.34756422042847
73.91400146484375	72.06598663330078
58.50560474395752	54.05579423904419
67.6064133644104	65.78537130355835
64.78964185714722	62.94942331314087
55.260618686676025	56.297680377960205
62.03686237335205	61.82187080383301
77.4329080581665	74.11941528320312
78.17387580871582	75.88417053222656
70.66940546035767	67.7811050415039
58.39121389389038	59.25611686706543
62.256678104400635	64.06719827651978
48.33656930923462	52.009406089782715
64.72799777984619	66.27952575683594
55.461554527282715	53.795409202575684
59.99188995361328	59.3367919921875
66.7917127609253	65.45618200302124
57.578081130981445	64.09336280822754
66.40210151672363	63.84676456451416
72.27139520645142	68.14001941680908
60.81157064437866	58.21315383911133
51.74759387969971	53.79223823547363
58.25476026535034	55.79968070983887
67.4260425567627	65.08436393737793
52.73242664337158	50.291011333465576
72.1889877319336	64.45771980285645
72.8207540512085	72.38296270370483
75.7749719619751	75.39704608917236
77.34092807769775	78.91611671447754
63.96240425109863	69.41361856460571
56.09753131866455	54.837632179260254
68.6978702545166	65.52589416503906
56.304948806762695	52.44097566604614
68.50142431259155	61.85859298706055
71.83501672744751	67.61301183700562
60.824143409729004	64.90555572509766
61.358985900878906	59.1375732421875
69.19119358062744	65.82617282867432
63.76104927062988	65.32589721679688
66.3180923461914	64.36492919921875
60.604905128479004	64.87956237792969
48.561580657958984	50.308074951171875
62.448225021362305	61.72116279602051
56.66560649871826	58.254899978637695
60.50112724304199	57.821526527404785
55.443474769592285	53.07263374328613
79.08996391296387	77.87004661560059
67.12273406982422	67.39407348632812
66.99338436126709	61.83415412902832
74.67581748962402	69.80204105377197
53.895423889160156	51.922523975372314
69.69830513000488	60.528268814086914
71.7898120880127	69.86713600158691
66.42742967605591	60.94323921203613
73.0532169342041	71.73149108886719
61.47241973876953	61.8553147315979
75.03791332244873	78.5132737159729
66.34709358215332	65.65625667572021
58.0841588973999	57.96038627624512
60.57286262512207	54.90874528884888
57.58137893676758	56.623138427734375
55.030813694000244	60.95535850524902
71.10433101654053	73.46355724334717
67.41966247558594	61.179184913635254
66.3748836517334	62.86722660064697
66.43013954162598	64.88617897033691
59.46731758117676	60.06713104248047
73.4103627204895	74.16699457168579
59.79170894622803	60.3658390045166
70.68169164657593	67.43875217437744
63.537038803100586	57.1350884437561
60.883684158325195	60.20077705383301
62.103376388549805	61.098787784576416
67.39905738830566	69.27787971496582
59.26796340942383	57.070472717285156
65.87332248687744	71.50049686431885
54.79062557220459	53.59721660614014
56.230037689208984	58.13935852050781
62.69324207305908	62.25785827636719
70.34699440002441	59.36920642852783
69.28326606750488	69.65693473815918
72.15287017822266	76.7757625579834
68.91138458251953	68.78619194030762
58.1568660736084	58.64612674713135
81.34198951721191	75.85301399230957
66.83537483215332	64.29341793060303
65.85395622253418	67.62515258789062
76.90131282806396	79.52796173095703
73.01410102844238	75.1600284576416
55.95642042160034	53.16062307357788
57.80550527572632	57.20423984527588
54.4110631942749	58.80936622619629
53.04322385787964	52.29599905014038
64.156014919281	60.06856441497803
64.91983842849731	65.05334997177124
61.128896713256836	60.834195613861084
59.79940891265869	63.723745346069336
71.03740692138672	70.61486721038818
62.363983154296875	60.792789459228516
68.28397369384766	65.26196241378784
71.82988166809082	68.22401142120361
65.54148197174072	67.12259769439697
64.1631088256836	61.31656837463379
71.6876893043518	73.56975412368774
48.428335189819336	46.191954612731934
70.26755332946777	59.649038314819336
73.59933614730835	71.40182733535767
68.21682929992676	67.61104774475098
58.73478126525879	53.49725532531738
71.14856052398682	68.1766300201416
61.01786470413208	61.8620285987854
62.82384395599365	59.801955223083496
68.59124660491943	67.7161693572998
61.14364814758301	63.759521484375
56.02178764343262	60.38242864608765
65.01769304275513	61.08629369735718
63.81912422180176	67.6556339263916
64.45654392242432	60.9083776473999
56.30847215652466	55.99113893508911
71.89450263977051	71.59035015106201
59.37045097351074	62.030396461486816
67.36910820007324	72.32855319976807
71.33770751953125	77.0024185180664
64.10464525222778	59.7300181388855
81.91488075256348	81.47185707092285
57.89961004257202	55.12472105026245
51.03280687332153	50.14205837249756
59.61745262145996	62.6060676574707
70.11652565002441	68.66832160949707
65.82452201843262	67.6175594329834
59.76395606994629	52.78439998626709
61.03226280212402	56.168078899383545
59.311965465545654	61.39339542388916
68.83790445327759	70.61063289642334
53.870150566101074	52.613356590270996
58.74024438858032	54.79128170013428
61.04402160644531	55.37524366378784
80.52278184890747	76.98507738113403
60.50209283828735	61.816022872924805
63.36611080169678	62.78389930725098
57.2609806060791	61.542983055114746
67.55360460281372	66.0952582359314
71.99605751037598	69.9883804321289
66.29601860046387	55.782301902770996
71.11140632629395	74.015625
65.8894591331482	66.52158403396606
72.14620113372803	71.42687320709229
67.81609582901001	68.53468942642212
52.34724998474121	58.467140197753906
63.753644943237305	58.5727162361145
67.90038299560547	66.14921379089355
66.64656162261963	66.2871265411377
57.20861577987671	54.42320537567139
72.28985023498535	64.43293190002441
53.73967170715332	50.457801818847656
68.28394222259521	65.03328704833984
50.753798484802246	55.242981910705566
60.737565994262695	66.81906032562256
56.06094932556152	59.51841115951538
54.422428131103516	52.12080383300781
71.05477333068848	65.97039699554443
58.41021537780762	63.407320976257324
70.61584663391113	68.11171054840088
61.45911693572998	61.08208656311035
67.58937168121338	66.8109564781189
67.75458335876465	63.24361801147461
72.22149848937988	71.03581428527832
75.55534648895264	71.34358358383179
64.71287393569946	65.29131031036377
67.22700691223145	63.50070762634277
77.79000186920166	69.3330626487732
50.36421775817871	46.39505386352539
60.24934101104736	60.72868824005127
67.70440435409546	68.68878316879272
56.19038438796997	54.441747188568115
65.49894618988037	72.13481187820435
61.85579204559326	62.52716827392578
65.19194221496582	61.15398979187012
75.64361000061035	76.206298828125
67.03707218170166	67.97599077224731
61.35528373718262	62.12985944747925
59.43051195144653	59.454368591308594
74.88971042633057	73.43732452392578
58.3229923248291	55.857038497924805
69.5584807395935	65.53509616851807
63.06127071380615	64.72288608551025
70.87037658691406	68.06401634216309
68.49547004699707	64.95862770080566
55.01065635681152	56.00931358337402
54.370670318603516	53.19577693939209
63.08037185668945	61.48716115951538
66.03217124938965	67.91638851165771
50.42770528793335	53.82589244842529
62.2653021812439	57.890310287475586
67.5253758430481	60.77302408218384
67.72768259048462	70.3658127784729
67.06673240661621	68.61833381652832
67.99383544921875	66.98971557617188
63.49977684020996	64.66153812408447
76.2755298614502	75.95931053161621
51.6698899269104	49.736480712890625
62.3270058631897	64.70482683181763
61.225712299346924	59.100128173828125
48.6356258392334	50.26517391204834
75.43893671035767	67.16493463516235
63.597402572631836	63.358449935913086
63.18302392959595	67.97555017471313
59.57946586608887	62.65183115005493
62.82237386703491	58.76381492614746
55.881619930267334	60.96902132034302
53.21394348144531	56.5565185546875
61.25404596328735	60.83345365524292
70.40712928771973	70.50930595397949
70.48340797424316	70.10908222198486
78.50936222076416	78.78145599365234
68.08914184570312	70.99186706542969
65.89440822601318	61.19277000427246
68.53734016418457	69.09974575042725
63.321502685546875	58.16689968109131
58.491121768951416	57.70972204208374
79.19912433624268	75.98075103759766
67.24879503250122	65.8732705116272
58.2198429107666	56.51489067077637
65.2835464477539	66.41198635101318
73.1709337234497	70.8226490020752
72.002197265625	67.39580774307251
72.62098789215088	72.05525398254395
47.916154861450195	51.611247062683105
66.89442348480225	59.67979097366333
53.81092071533203	53.99207305908203
71.14868116378784	75.91599893569946
47.15475368499756	45.44216966629028
61.937012672424316	58.49541664123535
58.62367343902588	60.62180948257446
63.71922969818115	62.16106414794922
46.614192962646484	48.75600051879883
79.68476343154907	77.60977411270142
70.04858207702637	69.78116798400879
62.42173671722412	62.08625793457031
68.52961206436157	68.45258092880249
60.86680793762207	56.918062686920166
64.30477237701416	61.993309020996094
56.930556297302246	59.66038703918457
60.49936294555664	57.72867965698242
60.998985290527344	55.130035400390625
69.2113790512085	60.7089900970459
63.907365798950195	61.19020938873291
64.46551322937012	69.20392799377441
54.348623752593994	52.067262172698975
73.49531507492065	72.94648456573486
60.22102355957031	59.16543006896973
58.34755516052246	60.96389150619507
68.38281154632568	67.19377040863037
51.7983455657959	52.174935817718506
69.03347969055176	69.39986228942871
76.78834438323975	76.53423309326172
72.12837314605713	75.83515357971191
60.81207275390625	61.928117752075195
57.49735450744629	63.98788833618164
58.42515277862549	61.26091718673706
63.07638502120972	65.15655612945557
59.30882263183594	60.47673225402832
58.21764373779297	55.37053680419922
73.34174489974976	68.71140050888062
64.81407737731934	67.01651000976562
69.81784057617188	71.17098903656006
76.30501556396484	76.06271553039551
43.45232963562012	46.176323890686035
59.36825895309448	61.037086486816406
66.32989311218262	70.75242805480957
70.52970314025879	71.67519950866699
63.79553461074829	62.67310094833374
75.26978874206543	79.43780612945557
65.80300807952881	74.99094486236572
63.52663993835449	59.19217872619629
57.31147289276123	51.89297676086426
68.36839532852173	72.29342699050903
57.610708236694336	66.41262817382812
56.146385192871094	57.5167293548584
64.16073083877563	66.81585550308228
66.96967124938965	66.80376529693604
58.89650917053223	59.04123115539551
67.98718357086182	64.98095083236694
46.411245346069336	49.43193197250366
56.39895439147949	58.94594669342041
51.94771099090576	50.49538278579712
69.71221733093262	67.0147476196289
51.537508964538574	51.01022958755493
67.37030029296875	64.03246402740479
47.01999092102051	52.17194366455078
77.93440246582031	75.71202850341797
70.0865535736084	71.07719993591309
74.14182806015015	77.52304172515869
72.25002479553223	72.07928466796875
69.7751784324646	74.51554298400879
46.17345142364502	49.07734394073486
68.29621315002441	59.66075897216797
66.32291984558105	66.74636745452881
54.30299949645996	61.081825733184814
62.50831604003906	61.591787338256836
68.91911506652832	66.00415706634521
74.46113586425781	70.47322273254395
49.626068115234375	48.41677808761597
52.940683364868164	58.6278772354126
57.92812728881836	56.760915756225586
70.25076866149902	71.80409908294678
61.16162300109863	57.77676582336426
60.71826934814453	54.83877658843994
63.36981964111328	62.9034423828125
71.1977767944336	71.25798225402832
59.65512228012085	63.09312629699707
47.558902740478516	51.977874755859375
67.66985940933228	63.0755181312561
63.68908882141113	62.845354080200195
59.0325665473938	52.74842977523804
68.80218505859375	63.688865661621094
55.83847618103027	60.70397329330444
52.899779319763184	59.141653060913086
73.1709771156311	74.93833446502686
68.4142017364502	68.6180567741394
52.66609239578247	52.63023233413696
65.48979377746582	56.607184410095215
62.45213508605957	57.435150146484375
65.19281959533691	64.64600944519043
57.82923889160156	55.064022064208984
71.11101388931274	69.03531169891357
51.9372353553772	60.44415521621704
64.88049173355103	64.44477224349976
72.84709167480469	72.32173919677734
52.670654296875	57.166908264160156
67.33602333068848	64.58612251281738
75.30159664154053	77.08703804016113
55.38699674606323	55.042402267456055
54.034667015075684	50.25136613845825
62.021934032440186	60.507479667663574
67.14189767837524	66.07969570159912
63.54824256896973	65.76981925964355
57.495047092437744	64.49517917633057
58.62910223007202	55.86457300186157
65.6313943862915	63.519253730773926
53.37578773498535	53.712029457092285
60.43989181518555	56.206565856933594
67.93745422363281	72.46646642684937
65.36407470703125	64.48210716247559
68.34012365341187	65.38487339019775
48.83473062515259	53.21453332901001
67.50771951675415	65.73610830307007
66.83333587646484	61.754350662231445
71.61233520507812	63.11434555053711
60.884674072265625	60.89522171020508
57.396735191345215	63.478376388549805
70.43338680267334	73.30873680114746
85.26571083068848	78.10226917266846
54.850921630859375	56.50419235229492
69.10301303863525	66.95421361923218
61.698325634002686	65.44831943511963
72.17861032485962	70.54405164718628
75.32435417175293	75.99906921386719
59.168375968933105	62.58865928649902
58.797812938690186	61.006468772888184
58.43384408950806	57.30002403259277
65.27847862243652	60.35636329650879
57.33906936645508	52.453922271728516
63.11419439315796	70.66165065765381
68.43777370452881	68.23200416564941
70.82759046554565	68.73430633544922
53.881051540374756	54.144959449768066
62.495219707489014	65.58684015274048
64.38477516174316	62.42945194244385
58.51665115356445	56.32900428771973
62.2370924949646	67.36472463607788
65.25352478027344	59.10754203796387
66.14124298095703	60.92583656311035
62.67263412475586	66.98726654052734
77.04066610336304	76.4117865562439
63.52461004257202	59.512205600738525
73.68648719787598	68.66520881652832
62.379584312438965	57.041006088256836
69.59529161453247	69.32418775558472
62.342605113983154	63.005284786224365
56.319332122802734	57.355451583862305
52.18412733078003	53.35968589782715
56.4556188583374	66.56691789627075
61.173707485198975	62.658926010131836
59.01260232925415	54.597214221954346
55.43803405761719	51.20519256591797
79.80018424987793	80.617112159729
75.09178256988525	73.61772155761719
68.72051239013672	70.711669921875
70.0905590057373	64.23433113098145
57.57228088378906	55.42737579345703
59.62409973144531	62.75717258453369
64.00212097167969	63.4004168510437
50.72465515136719	49.814231872558594
71.05192613601685	69.85719060897827
58.79750633239746	56.69506645202637
55.11209964752197	56.04387283325195
70.61227226257324	68.11067390441895
58.55725860595703	56.66595697402954
73.58634853363037	72.03950786590576
64.14379692077637	66.07071876525879
67.53974914550781	67.97516822814941
60.98362398147583	61.45530462265015
56.52419471740723	64.73145151138306
62.8416166305542	60.15773820877075
65.16118097305298	63.39277458190918
61.3584041595459	58.220224380493164
56.80062961578369	56.000558853149414
70.02537775039673	68.38472890853882
59.655152320861816	58.92173767089844
65.00767469406128	69.14743995666504
74.34586381912231	73.22769689559937
64.9673080444336	63.21507930755615
67.18409156799316	63.279662132263184
63.69514846801758	60.83787536621094
69.68990325927734	68.26329231262207
66.75503253936768	66.7105507850647
58.12763214111328	58.99735879898071
81.27605676651001	73.20511770248413
63.793612003326416	67.19011688232422
66.59028482437134	66.13359689712524
67.00189781188965	62.09594392776489
85.69300270080566	81.55904960632324
65.26808166503906	70.41692161560059
68.84853839874268	75.52174186706543
75.03866386413574	72.50542259216309
65.51473045349121	64.69893884658813
69.40104484558105	65.79446315765381
69.70764255523682	66.55333042144775
69.10418796539307	76.64310550689697
56.86892509460449	55.82680702209473
57.0919132232666	52.10528326034546
66.27953290939331	70.52895975112915
79.82439279556274	71.33256769180298
67.05086708068848	72.38597345352173
70.75864219665527	67.26374816894531
51.01792860031128	56.14662981033325
67.11135196685791	65.9044542312622
57.942121505737305	65.60926866531372
63.242226123809814	62.601980686187744
61.65190887451172	60.26602220535278
61.018309593200684	56.99704647064209
66.5134220123291	71.21216011047363
55.74740028381348	58.958139419555664
64.05618333816528	70.21230125427246
64.55508613586426	73.21161460876465
43.38881206512451	47.18101358413696
62.61958885192871	61.22056579589844
66.36442375183105	71.2088942527771
49.19302415847778	49.57290840148926
59.155394554138184	53.4960880279541
58.49484157562256	58.540374755859375
59.88219738006592	58.17792892456055
46.02009296417236	51.070008277893066
78.60291576385498	76.77764225006104
72.40734672546387	69.80609321594238
81.96303081512451	80.555495262146
54.87987184524536	53.45386791229248
47.82615423202515	52.01411247253418
78.41582679748535	78.33895587921143
58.921677589416504	60.59627294540405
71.5658745765686	66.74060249328613
53.120360374450684	47.722840309143066
55.66109037399292	56.39622735977173
57.21155643463135	59.339141845703125
51.727967262268066	50.7828426361084
69.95542764663696	69.67498731613159
63.56517791748047	66.03163146972656
61.947158336639404	67.17848825454712
58.89329290390015	59.380446910858154
60.00150203704834	59.41197872161865
58.17437934875488	52.79228115081787
59.058732986450195	61.39584541320801
57.71479940414429	59.27851676940918
53.896109104156494	57.391374588012695
54.56340551376343	50.70456075668335
60.32013654708862	53.415868282318115
57.58587455749512	54.52328681945801
57.28614330291748	57.72136211395264
71.76064443588257	72.19390296936035
60.65769720077515	64.55636644363403
57.04505395889282	52.702064037323
60.65528869628906	61.47303104400635
58.17706489562988	62.34407901763916
64.80442810058594	65.36723899841309
72.35270690917969	66.4387149810791
47.09949350357056	45.92689561843872
49.648770332336426	51.05519199371338
62.006707191467285	56.07776165008545
78.69712829589844	77.12796592712402
64.63415622711182	65.06343841552734
59.80388641357422	57.74439239501953
62.86958312988281	56.176841735839844
68.0683422088623	65.76515007019043
57.32642316818237	60.662145137786865
58.34688186645508	59.19957160949707
63.39033603668213	64.28524971008301
82.02139377593994	86.88478946685791
72.42881631851196	68.67268562316895
55.45751237869263	50.37136173248291
62.959882736206055	61.79250526428223
56.142765045166016	53.71488952636719
53.87224102020264	52.709415435791016
67.90558433532715	65.9963436126709
73.54378509521484	71.80712699890137
63.93052911758423	64.73607587814331
72.95980930328369	67.59915828704834
55.046871185302734	53.28553771972656
49.27284049987793	53.833680629730225
61.393495082855225	60.18137454986572
60.17596673965454	59.05925130844116
72.55533599853516	67.86586236953735
67.5935730934143	69.86210489273071
61.8507513999939	60.16366672515869
73.4582290649414	70.78320121765137
58.97155141830444	68.60595607757568
82.22700262069702	79.25215101242065
55.12230062484741	58.03402519226074
64.73654365539551	64.00207328796387
55.850642681121826	52.02070999145508
68.11317443847656	72.4921703338623
61.81166934967041	61.378493785858154
58.23406219482422	62.75404453277588
68.87877464294434	67.389235496521
64.86443996429443	66.40027046203613
64.99719429016113	57.59409999847412
64.06352043151855	63.526906967163086
54.70266151428223	51.74357986450195
68.76481819152832	69.96719169616699
76.50168037414551	76.34002590179443
64.29300451278687	67.17073583602905
83.97701930999756	78.5393271446228
54.97506237030029	53.39666175842285
57.03068733215332	53.05070877075195
75.89871406555176	73.38320255279541
71.93868160247803	66.6987133026123
69.53570604324341	66.01939153671265
83.8614411354065	75.14009094238281
63.18315410614014	61.94546699523926
52.50337886810303	54.59121894836426
57.7182674407959	60.84179878234863
69.05262756347656	62.983789920806885
62.74618148803711	61.60788345336914
59.048423767089844	57.873430252075195
64.89903259277344	68.33486938476562
67.31224060058594	70.30199527740479
67.6766300201416	70.445876121521
75.36985731124878	71.88562250137329
69.09675550460815	67.69847202301025
55.61579704284668	53.993940353393555
75.93716335296631	70.09524393081665
56.02093505859375	53.02182197570801
72.43350219726562	69.64189720153809
76.16598558425903	72.81528329849243
72.21601867675781	67.40402841567993
66.5121865272522	69.36942529678345
69.56397771835327	68.48312902450562
76.46286010742188	72.02864170074463
57.99884748458862	53.60929012298584
67.82329559326172	68.21468353271484
71.60351753234863	68.41011047363281
86.88409423828125	75.89917945861816
72.09246730804443	68.32425689697266
64.9515151977539	59.21010494232178
49.950735569000244	50.972700119018555
53.85781764984131	54.081759452819824
64.15863037109375	62.413763999938965
78.61368656158447	78.01803588867188
53.17576789855957	55.6037163734436
68.50717067718506	66.202073097229
63.40528678894043	69.32072639465332
64.93693780899048	63.9612135887146
56.404043197631836	61.32388114929199
69.415283203125	67.69144248962402
48.602713108062744	49.83102321624756
64.30764198303223	70.381760597229
59.976677894592285	60.83122253417969
60.07271766662598	58.98764133453369
62.40689277648926	66.31220054626465
77.99361991882324	75.73125457763672
54.01203632354736	55.33217430114746
61.669172286987305	61.61565399169922
74.5556173324585	82.42015743255615
58.84381294250488	59.392080307006836
64.00637769699097	61.51589298248291
71.51775360107422	63.52464199066162
62.54385328292847	64.18740797042847
67.69722938537598	60.34131050109863
64.54592704772949	62.0167875289917
65.28984069824219	55.90334892272949
61.1714391708374	64.55156183242798
79.27982473373413	79.2200870513916
57.97623157501221	60.72155570983887
62.814810276031494	60.253517150878906
63.347792625427246	64.81582641601562
76.49688863754272	76.68661785125732
64.2132568359375	61.48707389831543
76.23379325866699	71.26448822021484
74.76298332214355	68.74898433685303
66.82555389404297	69.1372275352478
62.880186557769775	63.84312295913696
52.13077116012573	49.06284856796265
58.87908411026001	53.94110298156738
56.814045906066895	55.610365867614746
66.84571266174316	62.618327140808105
56.91315317153931	63.104398250579834
60.86782932281494	64.1652774810791
73.05384302139282	71.6967339515686
54.693779945373535	55.72033882141113
67.06686401367188	68.29633140563965
71.7069182395935	73.80644416809082
76.43473863601685	79.56568479537964
60.21442413330078	59.44108009338379
70.52281379699707	72.92327880859375
68.18422555923462	61.43650579452515
54.258628845214844	55.71771240234375
59.16491985321045	57.013206481933594
64.22619819641113	62.837491035461426
61.90724563598633	62.346641540527344
62.286019802093506	59.35397958755493
62.14814758300781	61.04344367980957
71.57929229736328	73.65284156799316
54.189438819885254	56.09715461730957
68.3587589263916	70.05952262878418
59.36196279525757	61.59630632400513
65.96766471862793	71.69707489013672
51.15936899185181	55.36905097961426
71.87507629394531	69.5017318725586
68.77340698242188	63.013132095336914
64.76984643936157	58.43429517745972
53.562336444854736	56.3498854637146
63.480831146240234	69.1072826385498
59.21613550186157	57.50245761871338
72.65455627441406	68.20156288146973
57.809481620788574	54.55308437347412
64.3066349029541	60.30855989456177
61.29319620132446	64.57385921478271
64.02782917022705	63.854886531829834
52.68532943725586	50.14190673828125
63.347249031066895	61.12421989440918
65.25247383117676	64.985671043396
61.14363098144531	58.29257011413574
50.74167823791504	52.931047439575195
88.67527770996094	87.81168365478516
71.58462619781494	67.65412378311157
54.50665855407715	53.07862901687622
72.44375705718994	71.66119575500488
58.234548568725586	57.02043914794922
57.28225135803223	57.14920091629028
63.40849447250366	63.297133445739746
56.512556076049805	58.061537742614746
56.740432262420654	59.58742332458496
67.8745584487915	70.32829332351685
67.51172542572021	61.75393104553223
57.358335971832275	59.60764932632446
74.54476737976074	69.98941898345947
59.740095138549805	59.18366765975952
62.62598991394043	63.04060935974121
68.54069519042969	65.31811761856079
68.6955337524414	64.45103216171265
66.92978858947754	67.62654304504395
78.31350517272949	81.18319129943848
65.03976488113403	61.41196346282959
67.71798849105835	62.051034450531006
63.41446352005005	66.04212427139282
76.58453226089478	71.63931798934937
69.46259307861328	70.150634765625
54.28482484817505	53.51261043548584
61.880788803100586	59.77242469787598
57.333457946777344	54.599544525146484
71.91911268234253	73.23834037780762
80.60655212402344	79.79693412780762
70.00783777236938	68.51281690597534
76.07356357574463	78.39042568206787
68.25624990463257	65.5144100189209
65.01173400878906	61.978164196014404
64.19270515441895	63.39160442352295
63.896414279937744	61.86769342422485
58.933868408203125	61.321306228637695
58.62646722793579	59.11916971206665
55.91761255264282	59.12297534942627
67.7845458984375	70.60336303710938
65.88270664215088	64.56204891204834
69.97473049163818	64.36736869812012
69.1522741317749	63.885393142700195
62.7858304977417	51.678924560546875
56.013038635253906	49.765838623046875
66.07808589935303	64.95001316070557
58.40813112258911	56.38675832748413
60.79400062561035	63.33235740661621
64.23888969421387	60.44116449356079
56.95166015625	54.491146087646484
65.56987953186035	68.8589859008789
81.87544441223145	80.51188659667969
77.86554622650146	76.36144924163818
59.69574594497681	62.9255805015564
63.55968952178955	67.89442539215088
55.30100440979004	59.449866771698
60.823707580566406	63.234148025512695
73.8109073638916	71.41969299316406
71.71349143981934	74.45478057861328
68.66106510162354	62.13961124420166
64.7008728981018	57.78446292877197
63.013291358947754	66.2918758392334
65.3325047492981	67.07281637191772
60.91985893249512	63.22752571105957
60.33162593841553	57.659711837768555
51.95979833602905	48.066264152526855
68.95046758651733	64.75627851486206
65.34403800964355	67.38273620605469
57.53899574279785	61.74543809890747
55.27470397949219	55.51042175292969
67.39272880554199	67.10734748840332
71.16818904876709	64.54988956451416
63.94142150878906	65.78366756439209
55.51876974105835	51.686386585235596
62.73631572723389	61.52689456939697
58.19484233856201	61.027259826660156
60.827627182006836	59.39286708831787
66.0085391998291	70.89031791687012
66.82340812683105	62.89994430541992
63.1353759765625	65.16778516769409
59.204627990722656	53.38521194458008
63.622066497802734	62.63901329040527
63.14260959625244	60.24917411804199
65.92897891998291	62.07306385040283
62.45289087295532	61.430856704711914
67.88531970977783	65.58320331573486
61.028892517089844	66.56715202331543
68.58102607727051	63.9008846282959
51.68016242980957	57.584312438964844
71.32733011245728	70.75195598602295
61.95576190948486	58.22664737701416
67.55505561828613	66.52201795578003
67.7585220336914	67.94657707214355
72.38052368164062	64.55714273452759
55.13497352600098	59.31945991516113
63.370697021484375	61.20504570007324
49.86475467681885	51.96744346618652
80.3656997680664	72.98377418518066
78.06174564361572	66.09512186050415
59.242547035217285	60.85530138015747
60.565123558044434	56.39296531677246
77.45487689971924	74.87135314941406
68.045175075531	66.01627588272095
59.65287780761719	62.70713424682617
73.38532447814941	69.64247131347656
74.12028789520264	77.19635963439941
74.93964958190918	79.93096733093262
63.21968078613281	63.87268352508545
70.79867362976074	68.95071601867676
62.92844247817993	61.33097743988037
65.28874397277832	71.38164520263672
63.66552925109863	62.44829797744751
68.73623657226562	65.98849725723267
65.33583068847656	64.79932975769043
80.2449746131897	76.27507019042969
70.67618751525879	67.35009050369263
68.18444061279297	68.49713373184204
56.106629371643066	56.12561225891113
70.6278133392334	66.9985818862915
60.567094802856445	60.671104431152344
60.699055194854736	61.357595443725586
62.159552574157715	67.15010643005371
55.839088439941406	57.64554405212402
60.12351989746094	59.94203567504883
52.079246520996094	48.24642992019653
56.630478858947754	58.795257568359375
51.80703639984131	51.04823112487793
65.44097900390625	62.93856620788574
68.76759910583496	64.45776557922363
51.53677940368652	54.135809898376465
