70.87653160095215	73.35244655609131
63.83693885803223	74.09228706359863
64.27693319320679	67.26677656173706
75.76501750946045	81.84425592422485
66.14017295837402	74.19368124008179
65.64050579071045	75.83769941329956
65.49543714523315	66.9328236579895
77.95181465148926	84.91280937194824
65.5440821647644	72.23666286468506
71.01975393295288	72.11569309234619
65.36806297302246	73.4172306060791
73.40060520172119	79.58839702606201
67.47747230529785	73.09980010986328
61.819902181625366	70.17024087905884
75.66809177398682	81.73250198364258
65.15379571914673	72.12724304199219
74.38215065002441	83.50393867492676
80.01709175109863	83.42037773132324
63.1758975982666	70.1492166519165
70.30624294281006	74.75941467285156
77.41868114471436	81.24874877929688
68.67691040039062	79.37058925628662
74.24667358398438	76.11926078796387
85.69374370574951	93.07048892974854
66.23483848571777	69.80044555664062
80.79262018203735	81.99665307998657
73.49591636657715	74.10336971282959
76.6243224143982	80.97756767272949
75.6446475982666	77.9424991607666
71.63434410095215	76.79985809326172
73.1561222076416	81.71074104309082
84.9206771850586	89.22062301635742
64.59908866882324	66.65701484680176
80.85665130615234	86.3983097076416
60.06206703186035	65.3411021232605
55.985774517059326	62.194650650024414
81.10534620285034	85.91916799545288
82.24647665023804	86.73227977752686
72.35858869552612	82.40961265563965
61.253196716308594	64.7695541381836
56.624467849731445	67.50409126281738
89.04299354553223	91.1623477935791
88.70038604736328	89.29492950439453
76.73161602020264	75.45838928222656
63.0158748626709	71.62716674804688
74.16859436035156	81.2042236328125
82.45282173156738	88.71649360656738
81.1249008178711	89.255126953125
65.90096282958984	72.67977905273438
83.66712427139282	90.65229225158691
56.11458778381348	63.906593322753906
80.55140495300293	91.18062114715576
67.70876836776733	72.26554346084595
74.56014060974121	81.96181774139404
63.760390281677246	71.42608451843262
70.46236896514893	76.536865234375
75.25948333740234	82.02448081970215
71.70339107513428	76.00619316101074
54.93826389312744	59.69145107269287
71.84309482574463	73.54830741882324
65.03595542907715	66.82414054870605
66.43563032150269	74.8373236656189
76.81248664855957	82.52201843261719
99.21597480773926	101.79787158966064
86.3295578956604	94.76739406585693
84.15943956375122	89.7210898399353
57.65674591064453	63.419389724731445
68.8068151473999	76.16123914718628
72.908203125	75.77116584777832
59.25591468811035	64.0066146850586
61.63758659362793	70.52692222595215
57.561471462249756	58.55349779129028
62.782804012298584	76.4910101890564
71.35096073150635	81.39460563659668
72.18456268310547	79.67898368835449
60.2386155128479	64.2690601348877
78.75826215744019	80.63832330703735
66.00573539733887	72.35517024993896
54.47827339172363	58.93975257873535
82.10356712341309	84.44669103622437
80.38282871246338	80.46820878982544
76.53828620910645	82.01587677001953
69.46883487701416	72.47865104675293
73.57213544845581	78.03308057785034
56.44950866699219	63.33216667175293
79.49596405029297	82.54900598526001
62.076547622680664	65.46212768554688
84.93881273269653	94.23199224472046
72.82586812973022	78.14074897766113
74.52902221679688	81.45169925689697
61.31110191345215	70.21883487701416
59.52744388580322	67.09953212738037
70.76422119140625	79.8193187713623
65.61756134033203	73.65124368667603
66.43591547012329	73.44076490402222
67.58224296569824	72.3845157623291
65.60474395751953	72.29266166687012
75.10433435440063	82.38967704772949
80.56241130828857	88.31614685058594
68.41512298583984	74.12896728515625
61.7138557434082	74.62735176086426
65.4001235961914	70.93327522277832
74.53101825714111	77.8557767868042
75.50646209716797	83.52395486831665
82.06573581695557	85.84070682525635
68.92112493515015	76.753333568573
73.06664562225342	79.60304355621338
55.05143642425537	62.957186698913574
71.92306709289551	78.40034294128418
79.22445774078369	77.27839469909668
57.5309944152832	61.495954513549805
69.71597862243652	78.90019226074219
63.67529296875	69.4870548248291
83.4439172744751	88.37230491638184
76.06054592132568	80.59486865997314
75.24097633361816	83.15453863143921
70.37297058105469	73.23453712463379
72.40733528137207	83.25977325439453
65.9102783203125	75.07061004638672
66.92410087585449	72.64576864242554
66.43445491790771	70.70747566223145
56.10659122467041	61.77051067352295
68.42855787277222	73.15599632263184
70.07872676849365	72.25586605072021
61.763465881347656	63.66106176376343
57.66000509262085	63.56186485290527
54.23367500305176	64.21065330505371
69.4955906867981	78.42232751846313
71.39385795593262	72.89960527420044
57.647905349731445	62.83912658691406
76.94795036315918	82.99883508682251
76.21315288543701	76.40664196014404
95.03841018676758	99.78117227554321
50.288344383239746	60.53799629211426
69.31725883483887	75.56202507019043
68.21293640136719	71.0182409286499
82.79849052429199	84.8675594329834
76.80716133117676	80.6314754486084
84.49217414855957	87.92806720733643
68.2838830947876	75.10170602798462
62.11355781555176	69.57141208648682
72.50108242034912	79.26916599273682
61.731643199920654	69.55516576766968
54.46630001068115	62.39729404449463
85.31999206542969	91.10986328125
82.0098009109497	86.67471408843994
57.535842418670654	61.483869552612305
73.29935550689697	76.40187740325928
85.75374412536621	84.32097816467285
79.94070529937744	82.66101741790771
73.93636560440063	74.59908819198608
73.15636348724365	80.85100603103638
76.26806783676147	77.44904232025146
58.25375509262085	66.6986985206604
79.91921997070312	81.48320960998535
66.90569400787354	72.03538417816162
78.24088859558105	83.39624547958374
81.15948486328125	88.78317260742188
70.52149772644043	77.99610328674316
59.55029010772705	66.51721000671387
74.0628833770752	78.35206031799316
69.85880851745605	78.23000812530518
70.16586112976074	78.55105590820312
65.88024139404297	73.47887516021729
73.61908006668091	80.31877994537354
53.1433219909668	59.94497203826904
82.99871635437012	86.48530769348145
75.11765575408936	82.3585524559021
62.27888584136963	67.06061363220215
71.92208290100098	77.88960456848145
81.43081665039062	85.52788543701172
67.08929347991943	78.59454345703125
60.222782135009766	61.465816497802734
72.87257146835327	78.94418382644653
72.44949293136597	77.46038246154785
94.31476593017578	96.77725982666016
77.81952667236328	80.77824211120605
74.12255859375	74.55049324035645
90.53741455078125	98.12175750732422
59.156880378723145	67.52767753601074
68.3169937133789	77.66432285308838
71.96431732177734	72.59069347381592
66.86416625976562	73.19159746170044
73.25105428695679	84.86137628555298
66.08119058609009	72.61304378509521
59.24151039123535	66.77537250518799
64.09805011749268	72.18697881698608
60.14760065078735	65.27377462387085
73.957106590271	78.50805854797363
68.59420156478882	73.71070337295532
62.189088344573975	70.1224193572998
72.81581211090088	79.95590257644653
72.25077772140503	77.96435022354126
69.5865535736084	76.71799659729004
75.13201904296875	75.51741027832031
75.19983100891113	84.80365562438965
64.47548007965088	69.80637454986572
63.82175159454346	73.44641017913818
71.97641944885254	75.8942928314209
62.61772155761719	68.39696598052979
72.23201084136963	80.27940940856934
67.9478759765625	76.11775016784668
67.591317653656	77.24153137207031
80.15087032318115	83.23742914199829
74.00272178649902	86.39735984802246
74.08772373199463	80.88965892791748
68.84203052520752	72.58574056625366
81.3244857788086	83.70253229141235
74.34638214111328	79.04189872741699
79.17751979827881	83.11377811431885
76.93222045898438	81.06016731262207
64.01124477386475	70.29334449768066
69.18645286560059	72.99236869812012
61.680084228515625	65.84881782531738
65.90601921081543	68.46895694732666
71.54749393463135	75.67590236663818
75.2628231048584	83.06373596191406
78.84549379348755	79.62739706039429
76.75839424133301	81.15036010742188
62.11112022399902	68.64980506896973
87.57752847671509	90.46068477630615
88.83856105804443	96.75731182098389
77.26939964294434	78.81822776794434
80.5652527809143	89.74836492538452
74.38613891601562	82.19182968139648
60.22088050842285	61.91014766693115
64.126877784729	71.18212699890137
74.4412522315979	76.64411211013794
52.31754779815674	63.290849685668945
80.16061305999756	90.2015438079834
78.67790365219116	81.70260524749756
80.60122489929199	83.69773292541504
71.94822883605957	70.46597194671631
69.17291307449341	74.1111946105957
83.72828722000122	84.24826383590698
73.76210641860962	78.6123719215393
69.2475357055664	71.91233825683594
87.04502582550049	92.56420135498047
88.89933586120605	94.95573234558105
69.38136863708496	73.2667064666748
64.40136003494263	69.90826272964478
72.79343605041504	71.07501411437988
62.715896129608154	71.56204032897949
74.3276515007019	78.5067834854126
76.14573669433594	81.43849182128906
73.20668697357178	80.49139976501465
76.2038402557373	80.97883701324463
52.05518817901611	62.32945203781128
62.090768814086914	68.64408016204834
76.70954704284668	80.32678985595703
81.32347869873047	86.77830505371094
69.7732982635498	70.24556112289429
74.59090614318848	78.68197441101074
76.68536567687988	79.50762414932251
70.25740242004395	74.93512630462646
71.24932622909546	81.10855627059937
77.70661926269531	84.70988273620605
67.00443267822266	73.03112983703613
76.01560115814209	83.24186325073242
72.35884094238281	78.61285400390625
66.74246454238892	74.32159185409546
74.1339111328125	79.9639835357666
78.70512294769287	86.69008779525757
72.69052219390869	79.90849113464355
88.57907295227051	94.26083564758301
70.39831733703613	76.84435892105103
71.00793647766113	77.99964237213135
74.90408420562744	75.22339057922363
66.99158954620361	76.73245859146118
73.26235485076904	80.93529510498047
80.47723484039307	81.6988673210144
80.75858974456787	86.2144684791565
73.73986721038818	79.53837060928345
65.4028844833374	71.12917900085449
61.79618787765503	66.94601535797119
82.25520467758179	89.55465602874756
69.55365943908691	74.99024963378906
65.23238182067871	72.22996711730957
79.86194610595703	89.11342573165894
77.58003091812134	82.62976121902466
63.529958724975586	69.91036415100098
74.05048274993896	83.87554025650024
67.64217567443848	74.8868179321289
80.42309761047363	82.32188701629639
84.78379011154175	83.79763841629028
61.0761284828186	67.42124700546265
76.99958038330078	81.44008827209473
69.32600259780884	77.20034599304199
68.05603981018066	72.22052574157715
79.40049505233765	81.26559638977051
58.543267250061035	62.86012649536133
78.71482133865356	80.97556400299072
73.295401096344	81.21097803115845
70.68489027023315	75.21689367294312
67.48026371002197	76.47828102111816
75.46716499328613	75.88456535339355
66.81697082519531	75.32807922363281
77.60749340057373	88.86601209640503
78.42256736755371	86.86775779724121
76.66350841522217	79.6392822265625
78.72589874267578	83.59754180908203
70.06781148910522	73.48956537246704
64.92019844055176	73.33021545410156
59.71262168884277	65.45870113372803
77.51266479492188	88.04263114929199
71.35051679611206	75.1950135231018
87.47585535049438	88.87888669967651
75.73674774169922	80.34621620178223
78.6053638458252	83.75030708312988
68.04478645324707	71.84135437011719
72.42326259613037	76.81946039199829
65.85190677642822	72.85804748535156
59.380284786224365	62.554057121276855
81.16905403137207	85.57908821105957
69.85050773620605	74.29701805114746
69.9897313117981	74.28669548034668
66.41955757141113	76.12319755554199
75.7730770111084	78.23889255523682
76.70130157470703	81.60218811035156
64.80864524841309	73.72445583343506
80.67152643203735	88.77898979187012
71.02241516113281	77.1074390411377
71.57139110565186	75.49449825286865
70.46070766448975	77.93990802764893
69.8411808013916	72.7247314453125
70.78537702560425	74.57255411148071
64.76269721984863	74.24674797058105
76.23826694488525	87.20166206359863
73.7038426399231	74.2192211151123
54.284597396850586	63.31568956375122
85.64438819885254	85.08313512802124
58.083763122558594	64.989013671875
68.26031684875488	75.90057563781738
56.04276657104492	60.52443981170654
61.91697120666504	64.9896240234375
76.21664428710938	83.69668006896973
93.5525255203247	94.71764373779297
80.44271278381348	83.19531440734863
74.5675048828125	78.73466491699219
50.10814046859741	57.245378494262695
66.26410150527954	70.418532371521
70.82309246063232	72.09997415542603
62.490966796875	68.33291816711426
69.86676788330078	76.13554239273071
58.161330223083496	66.45190238952637
70.7744836807251	75.18689155578613
68.30947208404541	74.70269012451172
68.0808424949646	77.68733215332031
66.80562543869019	69.94160413742065
55.7303900718689	57.71978759765625
87.31922721862793	95.50994682312012
61.14809274673462	65.69085788726807
78.79798936843872	82.19621324539185
73.74018669128418	77.74658727645874
80.38125562667847	82.06739091873169
68.32921504974365	70.52954196929932
66.92358160018921	73.10704803466797
71.42755317687988	77.47025918960571
75.67889213562012	80.69021987915039
61.98624134063721	65.49807071685791
74.85570430755615	76.40419006347656
74.11996412277222	84.00723218917847
70.0089864730835	77.72100639343262
68.00652265548706	74.32761669158936
77.87975263595581	84.19213056564331
64.5120677947998	71.31212425231934
68.67858123779297	79.61862373352051
72.26767587661743	79.86467981338501
70.89610862731934	78.03191614151001
70.79707145690918	75.93255043029785
66.94018793106079	68.07519340515137
86.00419807434082	90.01560497283936
74.33138370513916	80.8078670501709
81.13723754882812	83.41397857666016
78.06579780578613	81.51695251464844
69.84281826019287	77.99239873886108
77.89269733428955	81.53758478164673
68.43305397033691	74.50628471374512
85.6386489868164	93.31950187683105
59.4679856300354	66.87336730957031
82.80758953094482	88.39953327178955
58.1851863861084	56.712446212768555
65.36024713516235	65.05716848373413
71.19186401367188	81.53622436523438
60.33198595046997	68.62846612930298
69.79823112487793	77.97986030578613
78.95913791656494	83.78231716156006
65.86719512939453	67.52484321594238
73.03486919403076	79.70410251617432
66.69511604309082	72.29379415512085
73.80445623397827	78.2811369895935
70.46493530273438	81.9403944015503
90.38239288330078	89.21062421798706
96.08412265777588	101.50539636611938
81.76560401916504	84.89917945861816
70.97395038604736	73.80938768386841
75.57834434509277	80.2078914642334
89.33015537261963	96.0617446899414
67.26934576034546	72.297203540802
76.61450958251953	81.95274353027344
62.74479389190674	71.44656181335449
55.270256996154785	56.753082275390625
71.75031280517578	77.42516899108887
95.99915933609009	99.42989492416382
64.33158302307129	74.09847450256348
70.55287170410156	75.22105407714844
64.17962551116943	68.86007785797119
87.22054481506348	88.09794616699219
71.05052947998047	75.35519599914551
65.1624665260315	71.47981023788452
74.01402521133423	81.14509010314941
88.46655368804932	92.12956047058105
73.37188911437988	77.73272895812988
75.9414381980896	76.78021001815796
66.04281663894653	75.07765197753906
69.21406745910645	77.92440891265869
83.73192644119263	90.60958576202393
76.81052207946777	78.67605400085449
66.92456245422363	71.80250358581543
60.58934688568115	64.91602420806885
76.2820725440979	81.11761999130249
66.07705879211426	72.10299682617188
75.69608497619629	85.0596170425415
80.22035884857178	84.22749376296997
55.20945167541504	65.46394491195679
78.96029090881348	81.24307823181152
93.83615684509277	97.42143630981445
80.80902814865112	88.53557825088501
81.23863220214844	86.13882446289062
81.40801811218262	85.12458515167236
61.33989143371582	62.22664833068848
66.49797248840332	76.34081935882568
73.41732788085938	79.6656084060669
97.65575408935547	98.71718645095825
60.03758239746094	65.18141174316406
73.63498210906982	86.44453382492065
64.57415580749512	66.76892280578613
70.0495777130127	76.64314842224121
54.3572473526001	59.14536476135254
64.80401515960693	70.46163940429688
61.008615493774414	68.53622436523438
71.42459678649902	79.33840703964233
69.47341918945312	73.45737648010254
71.2995958328247	79.29168128967285
54.10222053527832	64.33798789978027
73.22888946533203	77.4572696685791
64.27717924118042	74.11709547042847
75.71015739440918	78.65012168884277
75.0490779876709	80.19676780700684
83.79456281661987	89.16893720626831
75.97872829437256	76.55304050445557
103.2872314453125	112.11296844482422
86.21336507797241	93.0358681678772
81.88379859924316	85.68760871887207
83.50569915771484	85.38753747940063
64.33733177185059	64.465744972229
71.05335235595703	79.44954872131348
65.20388221740723	71.47472333908081
69.4264554977417	72.79836845397949
60.80361366271973	66.09295558929443
81.68014669418335	86.81603288650513
80.13158226013184	81.67064094543457
62.74263954162598	76.62330865859985
76.82325983047485	87.197096824646
69.52248573303223	78.43892574310303
56.004648208618164	67.93001651763916
50.56513786315918	55.413503646850586
78.7116847038269	82.04948377609253
63.917940616607666	67.86324501037598
64.06121635437012	64.35547113418579
75.62113952636719	78.50539970397949
71.097975730896	75.89542198181152
66.9301381111145	74.35257005691528
64.87065124511719	68.78775787353516
68.86322593688965	74.59063911437988
66.64056301116943	70.26719093322754
63.91825008392334	75.49849081039429
59.44217252731323	73.35930061340332
69.92823648452759	73.20093727111816
74.78006267547607	86.59915828704834
73.73284721374512	81.31539916992188
60.200021266937256	63.135077476501465
72.00713157653809	77.05060005187988
57.88955211639404	67.27165222167969
58.22783851623535	61.97747564315796
96.09741306304932	99.49231719970703
65.45779228210449	70.23527526855469
73.75340461730957	77.86967658996582
65.37721824645996	74.10027122497559
74.17605018615723	85.01542377471924
70.66177940368652	70.96701622009277
73.74923467636108	81.20023202896118
80.72441101074219	88.63931846618652
61.24999523162842	66.32330417633057
66.32926988601685	70.31944751739502
73.10806274414062	82.35110664367676
71.48583793640137	81.98802042007446
83.79121971130371	88.5772933959961
71.0732069015503	77.02164268493652
73.49038124084473	74.19950008392334
73.68923664093018	81.7855634689331
79.14705848693848	84.23788928985596
81.46828746795654	91.80735492706299
75.7462158203125	78.11726379394531
70.85208320617676	72.35258674621582
52.706756591796875	59.500885009765625
83.82764625549316	90.87037086486816
79.06147956848145	76.99687004089355
66.04751682281494	68.98313999176025
65.39614200592041	75.4752254486084
64.26257514953613	69.37577819824219
75.4157042503357	80.89176654815674
98.73755121231079	98.91628980636597
62.790916442871094	69.53034210205078
75.73658752441406	79.64416694641113
74.66482639312744	79.40225124359131
64.7487964630127	74.98564434051514
76.39862537384033	79.7766637802124
75.81493949890137	78.45302772521973
66.49971294403076	72.81257438659668
64.8385534286499	73.35092401504517
55.25020217895508	59.8462028503418
85.42503833770752	89.94870901107788
68.25448608398438	76.71266269683838
56.22970962524414	65.07875061035156
79.48489141464233	86.85561609268188
70.98048305511475	75.40890264511108
61.00800371170044	69.53963994979858
81.85905265808105	88.93384408950806
92.34191131591797	96.93276977539062
68.054612159729	70.9772801399231
63.80943822860718	66.47950649261475
70.75297737121582	77.61062622070312
71.25984764099121	75.57942008972168
58.42989921569824	63.27272987365723
68.13138771057129	72.94333076477051
54.50623369216919	56.864577770233154
83.90980434417725	83.25532007217407
70.68429565429688	76.38018608093262
68.7521505355835	75.01219701766968
72.44071769714355	82.14677238464355
70.83082675933838	73.47320365905762
81.23997688293457	88.47951889038086
54.37561655044556	55.458495140075684
76.95491743087769	82.97846794128418
69.01372718811035	76.35299491882324
67.11002254486084	68.70449781417847
81.05599927902222	85.80468082427979
72.32942295074463	77.50726318359375
77.34727764129639	84.28754997253418
70.14885520935059	78.02208662033081
78.21176052093506	84.20230865478516
70.00206756591797	73.45507621765137
71.75515842437744	75.29423713684082
74.17374515533447	81.31816005706787
82.54319858551025	87.5057144165039
61.153831005096436	63.46818494796753
64.37587785720825	70.55285406112671
74.273681640625	81.1722183227539
74.28961372375488	79.16813850402832
69.01025152206421	73.75619506835938
88.35720825195312	95.657470703125
77.91511583328247	78.28340291976929
74.67326545715332	81.03904151916504
58.84375715255737	65.06799983978271
63.53271675109863	68.4671401977539
74.83258771896362	82.73980236053467
69.01087760925293	73.65256690979004
65.94615936279297	76.63599491119385
66.8562068939209	76.24868154525757
59.42531967163086	69.84094333648682
64.16694831848145	74.38287162780762
74.74195337295532	79.83701276779175
69.41905975341797	77.91792058944702
63.44863271713257	70.67074012756348
64.73293352127075	69.67891693115234
70.84707641601562	75.08275032043457
58.31865692138672	68.25851583480835
82.12418174743652	85.19909477233887
73.89347648620605	72.75247764587402
61.85585975646973	70.24549961090088
89.91174411773682	97.60565185546875
65.1183614730835	71.34026098251343
74.42082214355469	78.11195373535156
83.0076208114624	88.95498657226562
75.61918830871582	81.04926443099976
74.21631002426147	74.94701480865479
90.68218231201172	91.27976989746094
60.71089744567871	66.28031253814697
74.01497840881348	79.12834739685059
61.98289394378662	65.93360090255737
66.09541416168213	73.51080894470215
81.39947319030762	81.15890693664551
67.3311595916748	71.94790649414062
77.43240642547607	84.72093105316162
68.34028673171997	72.61917114257812
83.99115228652954	93.21679496765137
72.60961866378784	77.9848403930664
68.35018920898438	79.93208312988281
77.89239025115967	82.90320587158203
67.60218143463135	73.16384792327881
64.12886619567871	70.39045476913452
77.61056804656982	83.77428722381592
61.626636028289795	76.81679439544678
74.34534549713135	77.05807685852051
63.26909065246582	72.55208015441895
66.37755537033081	63.38578796386719
68.18902397155762	74.2551908493042
77.1752700805664	85.04521751403809
67.50676012039185	73.9247179031372
77.80336666107178	81.63162422180176
75.56821346282959	82.24978446960449
69.3991870880127	75.53221321105957
83.12743663787842	87.3320746421814
70.54964685440063	76.3743462562561
72.30931854248047	75.5901346206665
70.84420204162598	75.35943508148193
73.83243370056152	75.31226921081543
63.87657642364502	70.62227535247803
74.4528636932373	74.83094882965088
85.11552333831787	88.3286542892456
83.36602449417114	86.19810819625854
64.96889686584473	66.57488012313843
56.7185583114624	63.53542470932007
74.33473873138428	74.37200927734375
78.562096118927	81.67480945587158
61.22339057922363	66.97721672058105
78.93372917175293	84.97400665283203
71.03518009185791	74.10809087753296
76.57803344726562	85.95941972732544
89.35163640975952	94.13699436187744
92.9320616722107	97.90990734100342
60.98960494995117	73.69047546386719
76.28095006942749	79.47140598297119
69.31205749511719	76.50580644607544
68.64111232757568	72.40677881240845
70.3274564743042	73.35388135910034
76.1512885093689	76.93789577484131
75.2833080291748	80.61971664428711
55.71774959564209	64.9021053314209
70.35278367996216	78.5772762298584
75.35000848770142	79.40911149978638
82.5140380859375	87.32276630401611
69.03427028656006	76.07656764984131
70.57069301605225	78.97135257720947
80.85797023773193	82.03317928314209
88.72887325286865	92.87128448486328
73.67543935775757	79.9705982208252
64.63630676269531	66.19474029541016
70.83722162246704	74.90278387069702
81.29422283172607	87.39660167694092
61.90454292297363	63.577112674713135
71.36829853057861	78.02635145187378
75.3664779663086	79.10136318206787
75.67816972732544	79.42572355270386
57.15301990509033	64.66052055358887
77.80801963806152	84.41485404968262
76.1077299118042	80.27271842956543
77.47332000732422	83.54105186462402
65.65579223632812	72.69305562973022
80.82357263565063	87.80772399902344
69.92169857025146	72.43752956390381
66.63428735733032	73.08440971374512
95.42750263214111	97.21733093261719
67.99084329605103	72.27807760238647
74.58023118972778	80.56148386001587
65.78328895568848	74.68168830871582
61.04050636291504	64.89644050598145
98.90392541885376	106.57090902328491
75.56233263015747	77.19426918029785
82.09360313415527	88.06863212585449
69.57945442199707	74.68819427490234
75.08393096923828	75.6042251586914
73.42575073242188	81.10212135314941
64.56552982330322	70.54464817047119
67.70999908447266	74.81207084655762
71.23222064971924	72.34143018722534
66.5623950958252	73.4588623046875
67.77888536453247	76.69650936126709
57.444321155548096	68.3909010887146
67.47627067565918	70.9646987915039
66.5130844116211	75.13195610046387
66.46627902984619	74.14874076843262
68.91383218765259	69.6158618927002
93.89418125152588	97.25589036941528
59.69463348388672	67.13623046875
83.09611511230469	87.9659423828125
66.86521291732788	72.33136558532715
87.18771171569824	90.06948280334473
57.42835330963135	63.464072704315186
86.86523246765137	91.46346187591553
78.33786106109619	83.09051322937012
72.41400384902954	76.93895101547241
81.46865272521973	86.8623218536377
75.25294876098633	78.4268388748169
60.567758560180664	72.7738208770752
60.24223470687866	71.00646257400513
74.38458204269409	81.6481728553772
62.1727180480957	67.52491855621338
66.08704566955566	74.25332546234131
74.19788932800293	74.78845024108887
64.3977222442627	68.94041633605957
79.84449863433838	81.97805404663086
75.6474666595459	76.11064910888672
59.36268424987793	66.6572585105896
69.16816902160645	72.24142599105835
80.00658988952637	80.17135047912598
66.14931678771973	70.46768188476562
83.69009971618652	90.03497886657715
58.14253330230713	63.96176338195801
94.670090675354	100.31193542480469
69.3196439743042	75.69430255889893
76.67981767654419	84.07982110977173
90.85513305664062	99.18241882324219
64.31515502929688	68.19419145584106
77.53353881835938	82.91239356994629
82.24104309082031	83.31818962097168
70.25125980377197	74.56069850921631
64.17138576507568	70.27419090270996
56.39376640319824	65.24650573730469
83.65093231201172	86.03676795959473
75.16075038909912	76.5344786643982
84.76469278335571	91.00687980651855
74.58195447921753	80.25466918945312
91.46833515167236	95.80280017852783
77.82018280029297	84.75016832351685
70.16800022125244	76.18124389648438
62.33755588531494	68.12512397766113
75.1635274887085	84.72004795074463
67.44587516784668	70.98474311828613
78.29688310623169	80.15308904647827
77.15758323669434	81.03085041046143
60.66558074951172	64.11774635314941
92.57305955886841	101.22833061218262
76.08545589447021	76.94592189788818
76.26061201095581	81.471510887146
79.73129749298096	85.61883544921875
82.08397626876831	85.05999231338501
91.47856903076172	94.67276763916016
73.20093727111816	79.72093391418457
81.64067840576172	91.88304328918457
63.4084210395813	70.6913514137268
68.2501893043518	78.50030279159546
71.27215576171875	71.81033134460449
69.78648376464844	76.53437805175781
76.78110694885254	82.0905532836914
79.87426948547363	85.6807074546814
75.68884468078613	82.51115655899048
70.024094581604	80.86977958679199
58.16805839538574	62.74975776672363
71.45968008041382	76.03395318984985
76.15362548828125	86.01368427276611
74.40224647521973	82.33867645263672
81.92065620422363	81.7391037940979
83.32511901855469	92.25867462158203
66.2354187965393	75.65180110931396
81.38974142074585	89.69341564178467
69.1699447631836	77.76992797851562
75.41414737701416	81.90301895141602
79.73338508605957	93.21480560302734
47.04951763153076	55.28841972351074
66.77407741546631	68.47268581390381
84.69776344299316	91.79946899414062
62.22912311553955	67.21748113632202
58.35811376571655	63.07246541976929
66.5483078956604	69.96118688583374
62.14607906341553	73.98693752288818
75.10300159454346	82.053964138031
60.501770973205566	66.5384578704834
75.43634557723999	77.63053703308105
89.16400146484375	94.70040893554688
80.04638719558716	84.87082719802856
73.7303466796875	81.68836212158203
72.65521430969238	81.30508232116699
76.6158618927002	75.72361516952515
78.52505779266357	82.07549905776978
60.92540216445923	69.89822340011597
52.80242156982422	59.3342170715332
75.84972381591797	80.01485252380371
66.0945987701416	67.76991367340088
71.96775722503662	77.82837057113647
80.97067832946777	83.65850782394409
70.59389209747314	79.4709644317627
68.34980964660645	70.85985660552979
84.59314441680908	83.87924289703369
81.39289140701294	89.78528022766113
69.70556735992432	80.47422504425049
79.88283634185791	82.98066425323486
64.99546909332275	68.92372131347656
79.7725133895874	80.09386920928955
74.73985290527344	83.15509986877441
86.43706798553467	92.57867574691772
67.77413368225098	77.09784030914307
75.00647258758545	75.62482357025146
67.52326011657715	74.85004234313965
76.58003997802734	83.18174743652344
67.84920501708984	71.8472728729248
75.11753797531128	81.8967604637146
73.76749563217163	75.94147491455078
65.67921352386475	67.07263994216919
83.20828199386597	81.72787427902222
60.93000411987305	75.10379219055176
65.97206115722656	78.13899040222168
70.27668571472168	76.12520027160645
69.49993371963501	75.3415699005127
68.04793357849121	78.46054077148438
76.87436962127686	80.17737627029419
64.30395603179932	69.521803855896
80.76870918273926	85.58690643310547
60.504117488861084	67.41776275634766
82.63365268707275	86.99304342269897
59.12782573699951	63.99636125564575
74.08554077148438	75.40058135986328
77.05409049987793	81.84317588806152
68.29140615463257	71.90131616592407
76.86015224456787	85.14332818984985
82.0658826828003	84.70870971679688
77.31747722625732	85.49794483184814
65.84370613098145	68.94452571868896
71.75245761871338	76.52369022369385
69.99641513824463	76.98207569122314
56.75038719177246	67.3623218536377
68.81224155426025	76.44747734069824
70.81518459320068	75.8394227027893
54.881887435913086	64.36100959777832
74.95046997070312	81.20676612854004
59.5323805809021	62.140554428100586
73.41557502746582	73.90219211578369
66.66103935241699	68.18634939193726
80.38754987716675	84.61003732681274
58.92521524429321	61.73182153701782
74.47811937332153	82.45538425445557
61.67097043991089	64.56878709793091
83.1987738609314	87.37975311279297
70.94734382629395	77.42233371734619
68.28207921981812	75.08461570739746
71.99074697494507	76.3465347290039
83.82839441299438	86.94242811203003
70.95522880554199	77.27339744567871
68.72930717468262	77.35151481628418
75.3991870880127	83.88321876525879
74.4497880935669	78.88514471054077
61.07308626174927	68.3395676612854
76.24573516845703	80.33516120910645
69.48610496520996	74.3170108795166
69.8149356842041	75.18705463409424
84.33320665359497	92.105149269104
67.12909126281738	71.593505859375
78.96837711334229	86.96990776062012
85.42938232421875	93.39942169189453
71.87576389312744	71.79116153717041
83.36556720733643	88.70073509216309
68.10449314117432	73.2696704864502
80.79765176773071	89.61665725708008
77.61188507080078	85.49706268310547
75.13674211502075	83.27811336517334
71.30379295349121	76.63458251953125
82.26257038116455	80.53809833526611
60.563175201416016	69.1288652420044
78.09877300262451	84.95703125
67.4525785446167	74.67171573638916
77.03053188323975	83.8686933517456
70.70511102676392	75.68960809707642
75.30436134338379	79.16210174560547
69.8197078704834	74.7096848487854
80.29248046875	85.84177494049072
65.56924438476562	71.04559135437012
72.90094757080078	78.8990478515625
71.03380680084229	75.16182899475098
89.63706493377686	96.47335624694824
72.68632364273071	83.41562938690186
68.24548435211182	75.33265829086304
87.2761459350586	92.40334510803223
85.14770317077637	91.72642517089844
71.23936557769775	75.22612810134888
58.827024936676025	68.56057977676392
89.18188619613647	92.51132488250732
90.4394998550415	93.65244388580322
74.2510085105896	78.07968044281006
70.25350761413574	78.407630443573
72.39775848388672	78.80239772796631
64.56983757019043	77.08534812927246
69.21761465072632	70.98228168487549
63.80702495574951	66.12941789627075
86.9466233253479	93.15853357315063
71.74775743484497	80.38981580734253
72.86628770828247	77.33188533782959
73.28200149536133	73.50502395629883
73.70991706848145	78.34496974945068
63.38967323303223	69.84333038330078
84.85236310958862	93.87465143203735
83.39459133148193	88.3181848526001
73.34810400009155	80.02645826339722
80.47715950012207	82.83666229248047
64.57198905944824	68.56498718261719
72.05856513977051	75.11512184143066
63.77455711364746	68.52645874023438
58.29896879196167	64.1450424194336
70.93770790100098	81.1109390258789
68.32273054122925	77.83909702301025
81.80057716369629	85.92206001281738
56.668806076049805	65.71086883544922
68.20686912536621	71.27226877212524
66.025803565979	75.25903987884521
66.49484205245972	71.35637187957764
84.30247688293457	80.20263671875
62.76344919204712	70.97116231918335
75.58211517333984	80.01443481445312
61.62768316268921	71.01265716552734
70.78221130371094	73.16154670715332
70.02172183990479	78.71200466156006
68.3817811012268	75.52430772781372
81.28629684448242	80.81303596496582
76.02032613754272	82.99157047271729
75.06018257141113	85.830322265625
63.26862335205078	69.63082790374756
74.88694667816162	81.9562554359436
80.44284725189209	88.04209899902344
74.30821418762207	78.14654350280762
76.84214162826538	78.34292840957642
87.27534484863281	84.36635398864746
63.90063285827637	72.30014991760254
60.019736766815186	69.1858081817627
62.56277275085449	73.15557909011841
63.557830810546875	74.19551467895508
81.4299373626709	85.09891319274902
53.80165100097656	59.701642990112305
68.57971429824829	70.1141881942749
64.22874450683594	73.58235359191895
77.39181518554688	78.52612495422363
87.21570587158203	89.36052560806274
68.4625015258789	74.52431583404541
67.15915393829346	73.81524753570557
76.64716815948486	84.96965503692627
66.17699432373047	74.66378927230835
80.29948425292969	85.4619083404541
61.82355880737305	69.55533504486084
63.41071128845215	72.15830326080322
71.90972757339478	79.1516284942627
85.45990562438965	92.03840446472168
69.22178030014038	76.81332921981812
95.0918493270874	103.87812519073486
76.57674407958984	75.67902374267578
73.75233459472656	83.56693315505981
61.445412158966064	68.23750114440918
76.15444946289062	79.31000518798828
70.1986141204834	82.17558860778809
79.82568311691284	85.97042942047119
65.92932224273682	68.65717887878418
70.10273551940918	77.6378345489502
70.23235368728638	77.18985557556152
71.83723545074463	75.24943780899048
74.50160264968872	79.76979732513428
78.30233812332153	89.24070739746094
72.22007751464844	81.84137344360352
68.13223505020142	76.72579097747803
71.66369438171387	80.14833450317383
89.80225563049316	96.2266616821289
65.28109073638916	70.12908935546875
72.43359994888306	76.02092933654785
79.70004844665527	91.10510921478271
69.31604719161987	78.2635498046875
64.28471374511719	69.0970687866211
72.87634086608887	78.61412239074707
75.13920593261719	79.00284004211426
76.35357856750488	78.82592010498047
72.54996299743652	81.88272857666016
54.61039924621582	61.88466453552246
70.22398471832275	75.05988216400146
65.67902565002441	76.4574670791626
66.87764167785645	73.55237674713135
76.38247489929199	81.77947998046875
87.28257179260254	96.60706758499146
70.95638465881348	70.73392295837402
83.07396697998047	86.53900337219238
67.93499946594238	72.78583526611328
81.89587354660034	85.40784358978271
84.54454040527344	89.97598266601562
72.99685764312744	79.9083309173584
51.14820194244385	52.19692373275757
57.05481576919556	61.87965250015259
74.28255462646484	78.45538234710693
78.67667627334595	84.61394786834717
76.44712829589844	81.28662300109863
64.26318216323853	67.23339557647705
70.39823341369629	74.7857666015625
77.36625671386719	79.05996799468994
65.5368480682373	74.42932319641113
92.07516479492188	96.78925800323486
72.19151258468628	79.9664855003357
83.74466609954834	83.58560276031494
77.4159722328186	83.03110027313232
68.17984580993652	75.39442539215088
51.56374168395996	57.671133041381836
61.549530029296875	67.0693359375
76.46446704864502	77.99783325195312
69.04783725738525	76.57994270324707
75.34488487243652	79.93506669998169
83.67878150939941	83.74053382873535
63.3010516166687	65.03746223449707
