28.265409469604492	26.79650115966797
24.889400482177734	24.88480854034424
36.62548065185547	35.27061080932617
33.767425537109375	30.522703170776367
30.778682708740234	28.308700561523438
30.490835189819336	31.332134246826172
26.866512298583984	27.31941032409668
37.03562259674072	34.38690185546875
26.990715980529785	25.150443077087402
29.423032760620117	31.91194725036621
26.458067893981934	25.78777027130127
22.880470275878906	26.12259578704834
26.459715843200684	26.5695219039917
41.69547080993652	36.33876323699951
25.613980293273926	26.17909526824951
25.931347846984863	26.25464630126953
37.136146545410156	34.22773361206055
38.3933801651001	33.22718524932861
32.15285873413086	31.076807022094727
37.826313972473145	35.79751968383789
