26.237085342407227	27.9682674407959
21.71123456954956	22.078428268432617
29.768495559692383	27.970226287841797
23.022457122802734	21.89577293395996
19.158466815948486	21.643272399902344
17.44395875930786	18.474170207977295
26.602543830871582	27.74149990081787
23.794464111328125	20.35518980026245
24.258434295654297	19.885025024414062
19.95100736618042	24.33988094329834
16.42579221725464	15.939446926116943
15.804648399353027	21.691888332366943
21.018848419189453	24.342575073242188
19.905937671661377	28.845064163208008
20.616621494293213	29.114612579345703
22.94952392578125	25.213821411132812
34.613548278808594	40.55133056640625
21.124292850494385	18.399348735809326
24.424091339111328	18.449004650115967
29.266223907470703	27.962064743041992
26.290180206298828	33.51427459716797
31.980878829956055	34.08287048339844
31.579681396484375	20.623905658721924
24.44744873046875	27.68437957763672
21.18240737915039	24.114383697509766
20.875839233398438	27.843605041503906
32.52364253997803	28.429309844970703
20.378997802734375	22.59526491165161
18.15923309326172	19.716214656829834
30.06075096130371	29.05840015411377
29.056957244873047	28.752944946289062
20.13585662841797	22.587777614593506
29.52838706970215	32.797340393066406
28.230588912963867	28.93243980407715
17.952970504760742	17.70118474960327
35.0064697265625	40.02448654174805
19.14533233642578	18.66173553466797
18.196115970611572	24.713224411010742
22.771970748901367	19.290517330169678
19.373920440673828	28.984619140625
24.32416534423828	22.426368713378906
25.713253021240234	32.44556427001953
27.39158058166504	30.559829711914062
27.012557983398438	31.559524536132812
22.61335802078247	24.941760063171387
19.628620147705078	24.853365898132324
20.310562133789062	20.55355453491211
28.002838134765625	27.572189331054688
26.796661376953125	27.255569458007812
15.324495792388916	17.86349630355835
23.935840129852295	20.60114049911499
25.04429054260254	23.936764240264893
23.260135173797607	27.06090545654297
20.41594696044922	27.079248428344727
20.809165477752686	19.176748752593994
21.98570442199707	27.652610778808594
27.53415298461914	32.538795471191406
20.067840099334717	22.078805923461914
24.34518051147461	25.37612533569336
18.219947814941406	25.9223575592041
23.416648864746094	21.01327085494995
15.866979598999023	12.595992088317871
14.32237958908081	20.41319704055786
18.15302610397339	22.71379852294922
20.771387100219727	20.91179609298706
22.953548431396484	27.685054779052734
22.760818004608154	24.11510467529297
18.568805694580078	21.30711793899536
19.19199228286743	24.552414894104004
24.64722442626953	27.174293518066406
19.74148178100586	24.21074676513672
16.826552867889404	22.046812534332275
19.238781452178955	18.32636260986328
23.06369400024414	19.607030868530273
27.398054122924805	23.965177536010742
19.335864782333374	21.603782176971436
15.23052978515625	20.946428775787354
17.450928211212158	16.167519092559814
19.294612884521484	22.411205291748047
25.06525993347168	28.18178939819336
24.811503410339355	29.004627227783203
22.308956146240234	23.717548370361328
18.956607341766357	23.269493579864502
20.896461009979248	24.75973606109619
20.85373306274414	25.23870849609375
29.497876167297363	35.04690933227539
17.400794982910156	14.10193157196045
15.975707530975342	23.304420948028564
20.739147663116455	18.41842031478882
22.08374547958374	24.16222858428955
19.122093200683594	21.301128387451172
16.56018590927124	22.92456865310669
22.30116319656372	22.38920545578003
16.79127073287964	22.73054838180542
22.89449691772461	23.552589416503906
25.215003967285156	31.704315185546875
16.800734996795654	17.357803344726562
17.28830337524414	17.001022338867188
22.177795886993408	21.859435558319092
25.085399627685547	31.61893081665039
18.086963653564453	19.519367694854736
16.30885648727417	18.786181926727295
17.36157989501953	23.78999662399292
39.3208122253418	37.64451217651367
19.954906940460205	23.726760864257812
28.239237785339355	29.563013076782227
27.253037452697754	20.222712993621826
20.042980670928955	23.493669033050537
22.293983459472656	25.757373809814453
22.480310440063477	22.353302478790283
13.295956134796143	11.305852890014648
17.464862823486328	18.518887996673584
22.210227966308594	25.622535705566406
20.25620698928833	20.62834596633911
23.104454040527344	30.038326263427734
24.860626220703125	27.218772888183594
23.29751968383789	27.251201629638672
16.37005376815796	20.890530109405518
21.412864208221436	19.805232524871826
20.455594539642334	25.427550315856934
18.404645919799805	24.37789249420166
25.70454978942871	30.730846405029297
23.43352174758911	26.041617393493652
22.649032592773438	28.57863426208496
20.334990978240967	20.898784160614014
26.234827995300293	27.10257053375244
24.33860206604004	25.678020477294922
19.309539794921875	26.334510803222656
17.28510618209839	16.929851531982422
14.069995880126953	21.514400482177734
32.76119613647461	35.26771926879883
25.021127700805664	30.586597442626953
19.88031578063965	19.63919448852539
18.391400814056396	21.555233001708984
29.524669647216797	31.885685920715332
25.904321670532227	24.328950881958008
15.441879272460938	20.251577854156494
18.686599731445312	20.17826271057129
16.780614852905273	17.199653148651123
16.868472576141357	15.450792789459229
21.4184832572937	17.252670764923096
23.43972396850586	26.537269592285156
38.37579345703125	40.03322219848633
21.535190105438232	17.751736164093018
19.02976369857788	23.17296266555786
27.935741424560547	27.923294067382812
17.37665319442749	18.421953678131104
23.402562618255615	23.568775177001953
29.446486473083496	33.003355979919434
28.651037216186523	30.398265838623047
20.359558582305908	18.40206527709961
26.62683391571045	22.821335792541504
21.3780255317688	22.037338256835938
25.98588752746582	29.67934226989746
15.27134370803833	16.83504867553711
12.182639122009277	19.03154754638672
17.85650396347046	25.497163772583008
16.79888677597046	19.23887300491333
22.338237762451172	28.650272369384766
32.50092315673828	31.982568740844727
17.191177368164062	20.217560291290283
18.37293004989624	22.69940185546875
26.284326553344727	32.526763916015625
18.423916339874268	21.284889221191406
19.358083248138428	23.511062622070312
18.032362461090088	22.827494144439697
24.910974502563477	26.913326263427734
23.11825132369995	24.954734802246094
24.891643524169922	27.10702896118164
28.36332607269287	21.795330047607422
18.237057209014893	18.847856998443604
27.210018157958984	32.536163330078125
17.928078174591064	19.40971040725708
20.499698638916016	20.1236572265625
14.814295291900635	16.292484283447266
13.460713863372803	22.41263437271118
19.720637798309326	24.97690200805664
18.454068660736084	21.928612232208252
27.584961891174316	39.73785400390625
23.837499618530273	22.782063484191895
25.508634567260742	28.936549186706543
23.67641830444336	27.0027494430542
22.970317840576172	23.56600570678711
22.42157745361328	28.18844223022461
13.982049465179443	22.640652179718018
20.26856803894043	20.26065444946289
21.54674005508423	21.07743501663208
31.713512420654297	28.52094841003418
26.447036743164062	28.291259765625
22.632976055145264	20.403179168701172
18.452683925628662	24.07203769683838
15.2239351272583	21.354572296142578
20.2262020111084	22.736595153808594
26.316051483154297	20.580392360687256
17.39496374130249	20.937293529510498
14.813703060150146	23.70935869216919
17.66623306274414	18.998993396759033
26.70186996459961	31.871684074401855
23.28963804244995	13.288154602050781
31.65442657470703	21.700419902801514
22.820178985595703	23.553489685058594
22.94554901123047	30.065975189208984
22.587860584259033	27.440471649169922
21.81568145751953	21.128948211669922
14.07973575592041	13.335482597351074
20.76685094833374	25.464932441711426
14.799912452697754	21.06960153579712
20.627033233642578	27.360301971435547
19.808189392089844	24.65117073059082
22.034709930419922	25.963882446289062
25.733295440673828	25.086421966552734
17.929492950439453	23.787282943725586
19.26179838180542	28.020164489746094
17.651228427886963	18.76752519607544
24.437454223632812	32.285919189453125
23.242428302764893	23.58519744873047
18.67133903503418	24.333240509033203
18.43199586868286	23.02358865737915
14.279489517211914	13.375383377075195
24.459640502929688	26.752586364746094
19.00659942626953	23.602277755737305
26.835917472839355	30.516440391540527
19.390628814697266	22.127679347991943
26.580055236816406	19.936140060424805
24.298662185668945	18.287136554718018
28.327537536621094	35.675052642822266
38.90568542480469	38.90660858154297
18.92043685913086	20.819589614868164
24.98374843597412	24.015655517578125
18.79244041442871	28.618972778320312
19.935901165008545	22.483630657196045
19.848438262939453	24.307665824890137
21.064637660980225	23.033141613006592
18.65434455871582	24.30985736846924
20.599655628204346	22.669331073760986
23.01924705505371	24.07886028289795
24.666954040527344	28.05521583557129
29.80303192138672	28.421527862548828
15.182524681091309	15.653253078460693
18.038928508758545	17.759912967681885
17.69920778274536	23.596651554107666
24.844608306884766	30.04790496826172
25.11752700805664	22.888734340667725
20.74374771118164	24.50411605834961
20.041030883789062	21.75120735168457
17.620486736297607	22.52631425857544
15.266901969909668	16.720820903778076
23.15521240234375	21.107805252075195
20.447234630584717	22.641982555389404
27.81021022796631	28.81259250640869
19.957202911376953	21.771167278289795
23.628448486328125	25.959980010986328
31.159332275390625	31.207847595214844
29.34998321533203	32.84098434448242
24.16588592529297	26.46269989013672
26.59947681427002	27.940927505493164
21.57891082763672	27.52564239501953
16.506155490875244	23.647552013397217
16.30732011795044	21.052940368652344
35.90467834472656	36.85140609741211
24.628912925720215	26.083279609680176
11.362853765487671	21.408289432525635
22.619882583618164	28.182560920715332
26.299434661865234	20.177387237548828
18.53996229171753	25.608104705810547
17.25493812561035	21.637168407440186
16.263444900512695	20.664211750030518
23.299182415008545	14.884705066680908
22.435766220092773	27.31654930114746
21.60538101196289	22.26873779296875
22.48308753967285	29.553815841674805
18.250918865203857	21.461116790771484
19.33074188232422	20.946712017059326
25.642327308654785	24.496865272521973
17.586266040802002	19.748947620391846
15.323480129241943	19.20224618911743
15.216785430908203	16.72321128845215
23.7708740234375	20.366043090820312
21.107471466064453	26.606121063232422
18.461864948272705	22.825721740722656
22.782772064208984	25.258167266845703
23.090219497680664	27.36096954345703
17.807533264160156	18.09725332260132
16.942554473876953	17.045947551727295
22.839385986328125	25.034594535827637
12.460257053375244	24.524651527404785
28.454787254333496	32.137696266174316
19.527058124542236	24.609829902648926
19.549415588378906	25.134235382080078
27.667062759399414	29.800251007080078
21.92757225036621	20.309513568878174
23.49334716796875	27.34478759765625
19.03635835647583	17.728061199188232
15.94451093673706	18.410539627075195
19.8845157623291	19.990146160125732
18.293982982635498	25.83071994781494
22.24372100830078	27.456965446472168
26.51700210571289	35.102046966552734
27.786224365234375	34.58124923706055
22.271442890167236	19.134803295135498
24.309429168701172	28.680599212646484
20.495555877685547	21.62857437133789
19.738012313842773	23.332359313964844
24.05474090576172	31.443777084350586
26.637290954589844	20.818678379058838
14.148735523223877	16.52009153366089
31.087902069091797	30.688579559326172
18.732791900634766	23.09421157836914
15.118938446044922	19.465454578399658
27.0719633102417	33.04134750366211
18.727684020996094	25.065685272216797
28.4148006439209	19.578333377838135
13.048763751983643	14.61344289779663
23.090831756591797	27.217456817626953
15.085008144378662	19.609721660614014
21.6195330619812	21.755367279052734
20.0137939453125	23.27989625930786
26.917179107666016	33.51123809814453
26.10327911376953	29.568851470947266
31.957345962524414	33.35120391845703
25.275970458984375	26.583340644836426
21.172738552093506	15.437062740325928
15.303501605987549	17.409748077392578
22.580776691436768	31.407203674316406
19.413259506225586	24.29487133026123
17.031113147735596	17.513081073760986
25.408958435058594	19.922504425048828
19.4761962890625	27.209835052490234
20.72657346725464	25.328699111938477
25.297964096069336	31.987157821655273
27.030266761779785	23.162116527557373
23.003496170043945	27.631620407104492
23.530181884765625	26.16798210144043
19.526875019073486	21.686453819274902
16.56743860244751	23.884357452392578
20.407066345214844	16.244649410247803
16.13743543624878	17.829590320587158
32.37458801269531	34.94203186035156
17.816538333892822	23.061869144439697
16.242828369140625	22.192570209503174
17.907172679901123	20.328816890716553
19.628678798675537	26.821670532226562
34.96554183959961	34.563690185546875
18.620319843292236	21.409654140472412
29.18262481689453	30.911029815673828
19.47200632095337	21.33532190322876
24.295406341552734	21.419944763183594
18.688093185424805	20.057380199432373
23.3714656829834	18.878660202026367
16.724258422851562	23.767925262451172
19.192813396453857	23.765285968780518
15.477692127227783	24.433582305908203
20.292802333831787	23.31853437423706
19.442211627960205	23.91214370727539
19.17610216140747	22.922109603881836
26.599143981933594	21.026113986968994
26.90259552001953	27.265995025634766
25.866281509399414	33.66998291015625
28.620433807373047	27.40428924560547
16.560085773468018	23.88719129562378
18.99694061279297	18.652926921844482
24.709644317626953	28.626174926757812
18.579284191131592	15.011102199554443
19.377967357635498	27.150468826293945
23.209070205688477	23.778026580810547
20.54640769958496	23.185110092163086
28.713481903076172	23.820098876953125
23.551719665527344	28.241180419921875
20.975149154663086	24.3451566696167
19.082748413085938	15.416587829589844
17.348183155059814	22.239646911621094
18.598312854766846	23.691039562225342
22.278179168701172	26.159485816955566
22.567337036132812	28.88280487060547
22.766990661621094	21.751240253448486
18.276599407196045	21.12372922897339
25.506078720092773	32.478294372558594
26.14284896850586	25.730873107910156
15.956960678100586	20.140401363372803
18.93205976486206	22.522178649902344
18.908931255340576	20.3872332572937
13.01478910446167	15.469273567199707
29.456932067871094	32.51728820800781
18.926483631134033	26.558307647705078
25.839600563049316	23.035682201385498
18.282806396484375	22.189300060272217
23.552913665771484	18.340473175048828
27.857125282287598	33.3610725402832
30.549575805664062	28.59536361694336
28.636582374572754	34.2636604309082
30.579063415527344	30.599681854248047
20.952331066131592	20.573518753051758
28.964126586914062	28.876994132995605
21.33356809616089	20.03516721725464
25.584209442138672	29.21786880493164
26.940138816833496	26.890368461608887
22.203914642333984	28.357894897460938
30.807479858398438	26.834716796875
18.007123947143555	23.731590270996094
16.86890745162964	16.869396686553955
24.62320327758789	26.52082061767578
22.64725685119629	21.502766132354736
21.437908172607422	26.774887084960938
26.21139907836914	28.146629333496094
23.254024028778076	28.3419828414917
17.72309446334839	26.43241024017334
20.073630809783936	18.32065200805664
17.810750484466553	15.624854564666748
17.33076810836792	22.219676971435547
17.697991847991943	19.24806261062622
15.65255355834961	20.61381483078003
22.225004196166992	18.637046813964844
27.31574821472168	24.637786865234375
18.835777759552002	21.822116374969482
21.061405181884766	26.202495574951172
20.104438304901123	21.242072582244873
17.574708938598633	21.270854473114014
25.116178512573242	27.645339965820312
27.107765197753906	26.957904815673828
26.062374114990234	28.967350006103516
23.182690143585205	17.8232102394104
23.343955993652344	26.164939880371094
24.625978469848633	26.902854919433594
19.829339504241943	24.970333099365234
18.89961576461792	31.104320526123047
22.919082641601562	24.35452938079834
14.288695335388184	20.61860990524292
15.175310611724854	20.273375988006592
19.889197826385498	31.772550582885742
23.72722816467285	28.846866607666016
28.426433563232422	30.30457878112793
22.415054321289062	24.505136489868164
16.853713989257812	23.00680160522461
16.849760055541992	19.797746658325195
15.7215256690979	15.356183052062988
22.315271377563477	29.872791290283203
14.803234577178955	19.65222930908203
23.744730949401855	27.82284450531006
15.224010944366455	18.464590072631836
14.977674007415771	19.098411083221436
27.172430992126465	23.12554693222046
17.20394468307495	17.775883197784424
24.4193172454834	23.085474014282227
16.311399936676025	20.905799388885498
25.74404525756836	30.417652130126953
24.158489227294922	22.27939224243164
22.866212368011475	22.971370697021484
22.441627979278564	20.490318775177002
16.949645519256592	20.703397750854492
12.874500274658203	19.4317889213562
24.12535858154297	25.313846588134766
23.264727115631104	21.738121032714844
19.358489990234375	24.058027267456055
22.296749114990234	26.704862594604492
24.024015426635742	17.116520404815674
21.095754146575928	25.279440879821777
19.783328533172607	24.59871768951416
22.846187591552734	28.518470764160156
20.46980094909668	22.991965770721436
18.398808002471924	21.537375926971436
18.39381980895996	23.313290119171143
25.077417373657227	27.613414764404297
22.369022369384766	30.14316177368164
23.610836029052734	18.526615619659424
24.319252014160156	26.283672332763672
19.58993148803711	26.287708282470703
16.662787914276123	23.04292631149292
19.42412567138672	27.133037567138672
27.72659683227539	17.324276447296143
21.422008514404297	26.21029281616211
25.3424072265625	27.890220642089844
18.960262298583984	28.742000579833984
21.92498779296875	27.70490074157715
22.951679706573486	22.208553314208984
20.564931869506836	25.27459716796875
14.513826370239258	14.983695983886719
20.810997009277344	17.661832809448242
15.556617736816406	20.28188467025757
29.445358276367188	35.35150146484375
21.476606369018555	22.164989948272705
21.949546337127686	29.038497924804688
15.856594562530518	20.678180694580078
16.358486652374268	21.516421794891357
27.754871368408203	24.530649185180664
24.040874481201172	27.72290802001953
20.138515949249268	17.811630249023438
23.611125946044922	24.020769119262695
29.824708938598633	30.675708770751953
20.160540103912354	22.910585403442383
16.222224712371826	22.398880004882812
15.588616847991943	18.208549976348877
17.16014814376831	24.842853546142578
24.133798599243164	27.072166442871094
21.525644302368164	24.639787673950195
20.959025859832764	21.762611389160156
17.35821533203125	19.635390758514404
23.41962242126465	18.294987201690674
22.388296127319336	24.460121154785156
17.86813974380493	19.695343494415283
22.339601516723633	29.506704330444336
22.86068344116211	21.39647912979126
21.455984115600586	23.398972034454346
32.74391555786133	26.874890327453613
17.0768780708313	22.106029987335205
38.578800201416016	40.42015838623047
27.58333969116211	24.978312492370605
20.968914031982422	26.543670654296875
20.940526485443115	19.311046600341797
16.015464305877686	23.607483386993408
17.36976671218872	18.232665538787842
17.708569049835205	27.19374656677246
19.460712432861328	25.883041381835938
24.32102108001709	24.22573757171631
22.238970279693604	26.753331184387207
25.932990074157715	27.52236843109131
22.81560516357422	26.718612670898438
16.21199083328247	18.959918975830078
19.309106826782227	24.61709976196289
28.47549533843994	26.03477954864502
28.108036994934082	26.198787689208984
23.686195373535156	26.997451782226562
17.915403842926025	21.4106125831604
17.502519607543945	25.59198760986328
15.56326675415039	21.329800128936768
27.494587898254395	25.71192169189453
26.717422485351562	29.662595748901367
30.331884384155273	27.974655151367188
17.107820510864258	16.522661209106445
25.407852172851562	25.501739501953125
18.51154661178589	23.573753356933594
21.93386220932007	25.485177040100098
32.940799713134766	36.20220184326172
22.924731731414795	24.725727081298828
25.50981903076172	27.730113983154297
36.50529098510742	37.183921813964844
22.0751895904541	31.254474639892578
24.989516258239746	21.783326625823975
13.669581413269043	11.556270599365234
18.198333263397217	23.03066110610962
20.3839373588562	19.490920543670654
17.47139310836792	20.663406372070312
22.65972137451172	25.479516983032227
24.596160888671875	19.383132934570312
35.695308685302734	37.78807830810547
21.973023891448975	30.08969497680664
25.564924240112305	27.91777801513672
20.51127290725708	25.3720121383667
25.561866760253906	31.35699462890625
33.660308837890625	32.14714431762695
28.22822380065918	33.46658706665039
28.559253692626953	22.316535472869873
24.02269744873047	31.27794075012207
22.412831783294678	22.209312915802002
21.061519145965576	20.889654636383057
16.784810543060303	22.582038402557373
17.415151119232178	15.35428762435913
24.015640258789062	30.155548095703125
21.389373779296875	15.916191101074219
26.07769203186035	29.966297149658203
13.911057472229004	17.128955841064453
28.629446983337402	28.26089859008789
34.33156204223633	32.92306900024414
22.645225524902344	25.06953716278076
17.982197284698486	20.496066570281982
27.76249122619629	30.446840286254883
20.353336334228516	27.255107879638672
23.362637042999268	30.090190887451172
24.85151767730713	26.07908535003662
16.494020462036133	21.479440212249756
23.915367126464844	21.035335063934326
19.86578369140625	21.67957305908203
20.433523178100586	25.207386016845703
25.63582992553711	30.905977249145508
19.502567768096924	16.178493976593018
15.09244680404663	15.66291618347168
16.859829425811768	21.66781997680664
16.222801208496094	21.582435607910156
20.14128828048706	20.244914531707764
21.55275821685791	24.4105863571167
18.670019149780273	25.181804656982422
19.458991527557373	26.127845764160156
13.777673721313477	17.992584228515625
17.722839832305908	21.45858907699585
18.742136478424072	23.93341827392578
22.452714920043945	18.36634397506714
17.02208375930786	19.68643569946289
23.822266101837158	22.734199047088623
21.213420867919922	26.073997497558594
17.244861602783203	19.145921230316162
24.79401683807373	27.411566734313965
24.44670867919922	30.089693069458008
19.40267515182495	29.94220733642578
19.995874404907227	21.116016387939453
28.911027908325195	34.5306396484375
25.802875518798828	22.53622055053711
30.247461318969727	31.007896423339844
27.760894775390625	30.665145874023438
18.45386838912964	18.745468139648438
25.847972869873047	30.21053695678711
18.499895095825195	21.472991466522217
15.986819744110107	22.062782764434814
14.73118257522583	13.974140167236328
15.641345500946045	25.168418884277344
28.387149810791016	24.59781837463379
18.604454040527344	27.106578826904297
22.026107788085938	28.19556999206543
24.373217582702637	20.87639331817627
21.264797687530518	18.792818069458008
18.269731521606445	19.384650707244873
18.466049194335938	19.131621837615967
14.806653022766113	20.07636308670044
21.047229766845703	22.68087387084961
16.393890380859375	15.37626600265503
20.526559829711914	26.728004455566406
22.152027130126953	25.536136627197266
24.40711212158203	30.775739669799805
29.236862182617188	28.968870162963867
18.965430736541748	22.524019718170166
15.913089752197266	20.79903745651245
23.426246643066406	30.93216323852539
16.588172435760498	21.719563007354736
23.40869903564453	22.130535125732422
21.104215621948242	23.605487823486328
21.155685424804688	26.335880279541016
15.486342430114746	17.76018190383911
20.539571285247803	14.446747779846191
18.696826457977295	21.632869720458984
24.14736843109131	23.713314056396484
18.4714093208313	20.573777675628662
22.395817279815674	21.04891347885132
19.05084800720215	23.750966548919678
20.42226791381836	18.79652452468872
31.092324256896973	31.559088706970215
36.18858337402344	25.161575317382812
29.85323715209961	32.01780700683594
17.46892547607422	21.803043365478516
25.483108520507812	29.57234287261963
18.915969371795654	23.972323894500732
26.034178733825684	28.856040000915527
17.96214723587036	24.797916412353516
19.164756774902344	20.97368574142456
18.997497081756592	25.991847038269043
29.195968627929688	29.10886001586914
24.024456024169922	25.32761573791504
21.181808471679688	27.067562103271484
19.44818115234375	19.197551727294922
22.381553649902344	21.08138608932495
16.51010513305664	22.214439868927002
24.713924407958984	18.864522457122803
22.635818481445312	16.941691875457764
26.51916790008545	31.75345516204834
23.668621063232422	18.92528486251831
23.84101390838623	28.410664558410645
19.055803298950195	26.624019622802734
23.500423908233643	23.019257068634033
20.71906614303589	18.167831897735596
18.164823532104492	21.825340747833252
22.69062852859497	23.978312015533447
29.089710235595703	22.957078456878662
22.413283824920654	16.880355834960938
25.901427268981934	22.548368453979492
24.506220817565918	23.602383136749268
21.03999137878418	25.49560546875
30.554847717285156	29.083763122558594
25.429889678955078	30.045501708984375
27.355542182922363	24.781811714172363
28.24226474761963	27.396946907043457
18.593163013458252	21.239941120147705
32.22531223297119	31.043360710144043
25.43517303466797	32.002723693847656
23.453454971313477	21.100141525268555
20.73137140274048	21.61966323852539
26.924732208251953	28.174263954162598
22.164148330688477	26.457351684570312
26.73695945739746	27.617393493652344
20.161438465118408	16.825007915496826
30.777774810791016	32.529441833496094
28.551794052124023	27.90538787841797
25.048195838928223	23.770653247833252
18.097050189971924	23.55449867248535
27.123096466064453	30.506248474121094
19.60414695739746	24.27205753326416
23.659136295318604	24.46138286590576
27.506887435913086	34.220733642578125
16.984687328338623	12.986865520477295
38.69682312011719	28.747432708740234
25.689431190490723	30.314878463745117
14.05867052078247	20.709571838378906
23.394773483276367	21.513439178466797
25.263293266296387	28.827218055725098
28.47212791442871	32.622928619384766
26.497570037841797	24.29963207244873
17.911887645721436	16.270541667938232
22.25075340270996	24.358692169189453
24.729820251464844	19.568660259246826
31.557857513427734	31.056499481201172
16.205657958984375	16.1669921875
22.946407318115234	17.87287473678589
15.276921272277832	22.515398025512695
14.973239421844482	18.941974639892578
18.908475875854492	23.252201080322266
23.959593772888184	26.178133964538574
19.914453506469727	23.000656127929688
21.22697639465332	21.038681030273438
15.01745080947876	20.493134021759033
16.466693878173828	24.137786865234375
15.764744281768799	22.254993438720703
21.86860227584839	20.467341899871826
20.785572052001953	29.70212745666504
16.137897491455078	16.82809066772461
14.375900745391846	19.99722719192505
13.352670192718506	13.836680889129639
20.1201229095459	20.623638153076172
27.063648223876953	28.375709533691406
19.280334949493408	19.937743663787842
21.636146545410156	26.09469985961914
15.956879138946533	20.505608081817627
20.862031936645508	25.917137145996094
19.78829526901245	22.999717712402344
13.876447677612305	22.044326305389404
22.324081420898438	25.373099327087402
25.46388530731201	17.774409770965576
20.263633728027344	24.69644546508789
24.227468490600586	24.95488739013672
22.07645559310913	26.518354415893555
21.566267013549805	17.39461898803711
20.9822940826416	19.453113079071045
17.578536987304688	22.073211193084717
20.104392528533936	22.08210039138794
28.713226318359375	27.56880760192871
16.455333709716797	15.661620140075684
28.70073699951172	31.960250854492188
22.232704639434814	21.180077075958252
20.316643238067627	24.063365936279297
15.310097694396973	23.955787181854248
24.475475311279297	22.400028705596924
20.616579055786133	25.182621002197266
23.274263381958008	18.525780200958252
12.292726993560791	18.2105712890625
24.692697525024414	25.65101432800293
24.294854164123535	21.415592193603516
25.959835052490234	28.255568504333496
25.52424144744873	21.394233226776123
18.10930109024048	18.246564388275146
27.30915069580078	26.93748378753662
14.26851511001587	20.956043243408203
22.34792947769165	20.278116703033447
17.00661277770996	21.792057037353516
30.165287017822266	25.3416690826416
23.028873443603516	24.73334312438965
18.18764877319336	25.123440742492676
24.208646774291992	31.153213500976562
18.68698740005493	22.290882110595703
32.108421325683594	33.74176788330078
24.58036994934082	17.915956020355225
14.978878498077393	16.230178356170654
18.51126480102539	19.187695026397705
24.35489273071289	31.182003021240234
24.579322814941406	29.0621337890625
22.383167266845703	21.92774772644043
20.65929937362671	19.747379779815674
15.942250728607178	23.995415210723877
20.92921257019043	25.3813533782959
35.97419738769531	37.730796813964844
15.933619022369385	24.002171516418457
21.819186687469482	25.59151554107666
15.777095317840576	24.62713623046875
29.346874237060547	28.155049324035645
17.79134702682495	20.259090900421143
18.77558469772339	12.990636348724365
22.672977447509766	27.664993286132812
28.225778579711914	34.56391143798828
25.148417472839355	24.669745445251465
20.08527946472168	23.571121215820312
27.43864631652832	27.363189697265625
20.825162887573242	21.383967876434326
16.493860244750977	22.909282207489014
15.33777379989624	19.76310682296753
18.94478988647461	25.306880950927734
19.407275676727295	23.66658353805542
16.03654432296753	18.148193836212158
23.60791826248169	19.27522087097168
15.942628383636475	18.70673418045044
21.219974517822266	25.64539337158203
18.393203258514404	17.083741664886475
17.37796401977539	24.83437728881836
16.737293243408203	21.340450286865234
20.987350463867188	17.635112285614014
18.47860336303711	24.360923767089844
13.10222053527832	16.695987224578857
21.247479915618896	21.238374710083008
22.858150482177734	27.81903839111328
19.998279809951782	21.76084280014038
16.466045379638672	20.142338275909424
18.009010791778564	23.205987453460693
24.352272033691406	29.569324493408203
21.83388662338257	25.959331512451172
25.24327850341797	27.925691604614258
22.977921962738037	19.653174877166748
18.389484882354736	23.37144374847412
12.506378173828125	16.925395488739014
23.838573455810547	24.87059783935547
22.578792572021484	29.06478500366211
19.18177843093872	15.951935291290283
20.082317352294922	23.971500396728516
18.388222217559814	22.59867525100708
29.124797821044922	25.799020767211914
20.81292724609375	28.404403686523438
19.73491859436035	26.8453426361084
21.413555145263672	20.469353199005127
16.917205810546875	20.858184814453125
16.66403818130493	18.05040693283081
16.736748218536377	23.18578863143921
21.978382110595703	28.421184539794922
17.473892211914062	22.682886600494385
17.337730407714844	20.966590404510498
23.219696044921875	28.173686981201172
17.812424182891846	23.09888505935669
20.9118390083313	31.36072540283203
19.012710571289062	19.370296955108643
28.497788429260254	35.02210235595703
26.684515476226807	26.635277271270752
19.905768871307373	26.99795150756836
17.673421382904053	20.99671983718872
21.618427276611328	25.565326690673828
25.472122192382812	25.71536636352539
18.779935836791992	23.66760015487671
20.642200469970703	22.052845001220703
22.05297088623047	18.70671844482422
29.27206039428711	25.255008697509766
17.880529403686523	19.961889266967773
19.029263019561768	22.75819730758667
23.72674560546875	27.649436950683594
30.974308013916016	30.441177368164062
18.359314441680908	24.145251274108887
22.126911163330078	20.24903440475464
19.135848999023438	23.066189289093018
25.606536865234375	25.59773826599121
16.806724548339844	23.497600078582764
23.815092086791992	27.58135986328125
24.298213958740234	18.13731050491333
21.413590908050537	24.503931999206543
23.17948818206787	23.896870613098145
30.820261001586914	27.470455169677734
20.37289047241211	25.61349105834961
27.196575164794922	29.10621452331543
25.112499237060547	27.147235870361328
14.864803314208984	13.878981590270996
18.362491130828857	21.002089977264404
24.347697257995605	23.915180683135986
20.979831218719482	20.682722568511963
16.45455551147461	19.028327465057373
25.78549575805664	23.15357780456543
24.444061279296875	31.686809539794922
23.826892375946045	20.850098133087158
20.30181312561035	30.533485412597656
24.702274322509766	26.759326934814453
22.875728607177734	24.092384338378906
17.64437484741211	21.832427501678467
17.445556640625	19.085248947143555
23.525631427764893	25.277657508850098
20.913822174072266	24.33411407470703
22.252689361572266	26.045352935791016
25.229076385498047	30.20990562438965
24.074718475341797	26.079174041748047
20.52402114868164	25.942611694335938
24.42820930480957	24.653894424438477
35.33977508544922	39.34651565551758
18.077023029327393	19.883784770965576
18.373992919921875	21.51708984375
25.129566192626953	17.144886016845703
22.0090389251709	26.262104034423828
18.74225664138794	22.112593173980713
23.476804733276367	26.902021408081055
23.840187072753906	30.386760711669922
18.448694229125977	14.63487195968628
16.47764539718628	19.765148162841797
20.32853364944458	26.12644100189209
25.200834274291992	27.912887573242188
15.623781681060791	17.118042469024658
15.467152118682861	22.185054302215576
18.891616344451904	19.14580535888672
25.22010612487793	30.004837036132812
14.96918249130249	18.10255193710327
14.893554210662842	22.871001720428467
17.24983263015747	16.928805828094482
18.43301010131836	18.267162322998047
30.6054630279541	20.264137744903564
18.246740341186523	20.53611946105957
18.966812133789062	24.10679817199707
22.220273971557617	24.366273880004883
28.784096717834473	29.119251251220703
18.745212078094482	24.392818450927734
19.369118213653564	21.793400287628174
20.06256103515625	21.763417720794678
19.12637948989868	23.93847942352295
22.66472625732422	29.078956604003906
22.23686408996582	24.95516586303711
16.22576379776001	14.294601917266846
20.0300350189209	24.517513275146484
16.403348922729492	23.14548110961914
27.896333694458008	28.353025436401367
26.171863555908203	25.141393661499023
20.93851661682129	18.155080318450928
25.61095428466797	32.11526107788086
27.330215454101562	32.80751037597656
29.42302894592285	31.800415992736816
15.53498125076294	17.99726629257202
16.625410079956055	17.848018169403076
14.748683452606201	21.98472261428833
14.570138454437256	20.490320205688477
19.698238849639893	24.22577476501465
26.70182704925537	27.520071029663086
21.42176055908203	24.46660614013672
20.638064861297607	21.70746660232544
15.22730541229248	17.974830150604248
20.392681121826172	27.472267150878906
25.682239532470703	25.528820037841797
38.66115188598633	35.19602966308594
28.438766479492188	26.798126220703125
24.005702018737793	22.633987426757812
19.892502307891846	25.300360679626465
20.234825134277344	21.117691040039062
23.747074127197266	26.294893264770508
21.371010303497314	25.097951889038086
19.05829620361328	22.870805740356445
16.32259225845337	20.930973529815674
15.274871349334717	19.979308605194092
26.089951515197754	22.35862970352173
19.92350149154663	19.599387645721436
24.936058044433594	31.477283477783203
19.308513164520264	18.594699382781982
20.564756393432617	25.160951614379883
18.690223217010498	20.18629789352417
20.219871520996094	16.41051435470581
15.133522510528564	23.78897523880005
20.849348545074463	25.330029487609863
16.180373668670654	21.032310962677002
19.179487228393555	25.33448600769043
29.561168670654297	33.242244720458984
16.168941020965576	16.80518674850464
18.910793781280518	23.965720653533936
29.89866065979004	33.158809661865234
26.75748062133789	24.882354736328125
25.17804718017578	31.964168548583984
23.229201793670654	22.00992250442505
27.703991889953613	25.147398948669434
14.377365112304688	14.255003929138184
22.563413619995117	24.73906707763672
28.09233856201172	29.205524444580078
30.467195510864258	28.345626831054688
24.595399856567383	23.01251220703125
26.26566505432129	31.375709533691406
22.00145673751831	19.9974102973938
17.68707275390625	21.832687854766846
13.108125686645508	12.2698335647583
17.28499746322632	27.814172744750977
16.61760663986206	17.32858657836914
13.218981742858887	14.6881685256958
24.782140731811523	28.11741828918457
15.985466480255127	17.49807357788086
12.966480731964111	17.950239658355713
20.09586524963379	21.899644374847412
24.488636016845703	25.473148345947266
36.1749153137207	42.25444030761719
29.447494506835938	30.032665252685547
29.156238555908203	30.20146942138672
18.196537017822266	16.360212326049805
20.928508758544922	19.694648265838623
21.532225608825684	22.198326587677002
24.06049346923828	25.15533447265625
19.72926902770996	24.995811462402344
32.78717803955078	32.30389404296875
24.793158531188965	22.799755096435547
22.947362422943115	26.276939392089844
18.058629512786865	20.24196481704712
25.733238220214844	25.342472076416016
22.011441707611084	28.27169418334961
27.04101848602295	29.69110107421875
28.810894012451172	31.19827651977539
24.882522583007812	29.238094329833984
25.250006675720215	25.51029109954834
25.164748191833496	31.06069850921631
20.933074951171875	26.22052001953125
17.995538234710693	21.660690307617188
15.887184619903564	20.491637706756592
19.677058696746826	23.937222003936768
20.327098846435547	19.91841745376587
20.889030933380127	21.583630084991455
26.253936767578125	26.513571739196777
20.801280975341797	26.11063003540039
26.425762176513672	25.91707992553711
24.23546600341797	26.52365493774414
17.8299822807312	22.417389392852783
18.174526691436768	21.426921844482422
24.366912841796875	31.27424430847168
25.83197021484375	25.954280853271484
19.831632614135742	23.493919372558594
15.846845626831055	22.820951461791992
18.98515748977661	19.02334213256836
