60.88863658905029	60.0653600692749
66.56536865234375	60.623287200927734
59.950653076171875	57.42149353027344
64.60557746887207	63.774991035461426
45.83308219909668	43.22591304779053
54.97967290878296	53.574143409729004
62.55137825012207	57.06882286071777
38.142802715301514	37.30381488800049
52.2027702331543	51.537047386169434
43.80586338043213	39.01948928833008
51.01805019378662	48.17137289047241
58.33826446533203	52.57931900024414
58.9076042175293	57.242441177368164
61.036330223083496	57.70469856262207
73.41513061523438	68.97349548339844
55.729957580566406	56.03811836242676
53.405221939086914	54.34426689147949
58.60626411437988	58.10382270812988
62.163238525390625	55.38358402252197
47.82689571380615	45.701550006866455
65.00787258148193	66.50327205657959
49.100223541259766	47.52424621582031
54.71860313415527	52.64127159118652
47.649776458740234	43.21864414215088
64.58226013183594	57.442962646484375
69.62873840332031	64.20950317382812
67.72401332855225	69.95812320709229
47.914878368377686	46.83106517791748
50.70792007446289	49.86685562133789
61.52467918395996	60.11466693878174
71.82243347167969	65.87496948242188
53.47938823699951	50.117084980010986
60.301300048828125	55.0813102722168
59.35837459564209	54.695754528045654
55.41213941574097	50.48606538772583
68.12958526611328	65.5805811882019
66.24996757507324	62.140541076660156
75.57340621948242	69.1973876953125
53.21147155761719	50.88151836395264
43.44295358657837	47.007627964019775
62.2244873046875	59.58746337890625
53.572965145111084	55.84432554244995
42.532413482666016	45.60944080352783
44.70652723312378	46.15902042388916
52.74508094787598	49.75754356384277
52.13895606994629	49.861101150512695
66.83361911773682	60.49172496795654
62.480899810791016	62.178504943847656
60.914859771728516	56.97225570678711
54.37634468078613	51.81326866149902
52.376243591308594	52.76156997680664
63.44230270385742	59.28961229324341
58.6252498626709	51.3306770324707
67.90760898590088	64.12736225128174
59.972474098205566	58.196866035461426
82.39875030517578	75.7537841796875
65.57115173339844	61.51506805419922
68.3542013168335	64.38145351409912
49.87526893615723	49.67087268829346
71.46876382827759	66.0376124382019
54.67577934265137	53.488792419433594
52.730409145355225	52.49210596084595
58.983158111572266	56.86751747131348
70.84331512451172	65.19176483154297
55.23127746582031	51.28654479980469
54.97907209396362	50.03365182876587
67.13373565673828	70.31312561035156
59.72260856628418	55.61462068557739
51.483163833618164	47.475080490112305
65.54057216644287	62.16869258880615
56.683860778808594	55.24873447418213
63.38515663146973	64.43238258361816
52.893253326416016	47.79923915863037
55.739890575408936	58.79495048522949
52.74623727798462	50.30887508392334
51.29651641845703	49.44637870788574
49.48962068557739	46.58261156082153
48.28531265258789	52.3309326171875
52.64654874801636	47.368781089782715
74.306640625	67.08003234863281
56.22050476074219	57.78970718383789
51.94500732421875	53.3029990196228
56.35708427429199	52.97589874267578
54.14181661605835	54.61190414428711
57.7565860748291	58.765774726867676
58.83766841888428	53.16618347167969
47.54168510437012	47.71868705749512
44.51121234893799	41.85227966308594
64.72468376159668	61.54271125793457
59.208417892456055	61.44350242614746
65.9665298461914	59.959678649902344
59.371766090393066	55.35589647293091
56.536211013793945	54.54056167602539
51.407169342041016	49.45663833618164
61.2498197555542	57.40146064758301
55.25869798660278	56.64739799499512
66.08352661132812	63.21760559082031
55.93840026855469	57.524248123168945
57.92453670501709	54.84183597564697
48.78078842163086	49.65578079223633
56.553592681884766	53.177276611328125
58.67611598968506	57.07077884674072
57.52293395996094	49.60816955566406
58.15227127075195	60.115705490112305
61.92460584640503	61.98223686218262
57.97349548339844	58.51927947998047
60.91489219665527	60.556118965148926
50.09549140930176	43.330087661743164
65.21314811706543	58.45878791809082
53.108211517333984	59.197669982910156
59.63398742675781	55.553565979003906
43.079054832458496	44.874449729919434
57.49983310699463	53.92632007598877
49.28565788269043	49.290395736694336
48.085960388183594	45.62297821044922
67.54162788391113	63.179450035095215
50.29613018035889	48.09063911437988
69.3442611694336	63.2299861907959
49.97543287277222	49.21463441848755
66.52020263671875	62.95005798339844
55.784507751464844	53.779244899749756
71.48933410644531	69.46997833251953
53.20536231994629	49.718570709228516
75.8690185546875	63.47136688232422
61.09976291656494	66.36920261383057
58.71107006072998	48.800405979156494
45.340888023376465	48.58182334899902
50.824092864990234	43.533634185791016
53.366586685180664	49.67735481262207
52.22931623458862	50.93475389480591
73.42278099060059	68.12100219726562
57.33674621582031	56.40522384643555
60.0089635848999	56.31200313568115
68.0610580444336	64.31905364990234
63.320427894592285	59.4302453994751
48.37718963623047	43.02407741546631
76.0733699798584	75.17226791381836
63.99990940093994	65.89256286621094
58.62106132507324	56.14839458465576
55.17457580566406	56.56073570251465
66.29147052764893	63.0505952835083
51.89534330368042	51.745760440826416
77.65597534179688	73.42333984375
56.91201686859131	52.61580038070679
66.28299236297607	62.08613395690918
55.73734378814697	50.72484588623047
44.249281883239746	43.77400875091553
62.58687400817871	56.41386795043945
57.481441497802734	55.17500305175781
47.49881076812744	47.176673889160156
62.02903366088867	64.13053894042969
60.33031463623047	60.110774993896484
57.19590663909912	53.54008674621582
50.98334312438965	48.71174240112305
50.71804618835449	51.52322959899902
55.895408153533936	54.874149799346924
52.178367137908936	46.55129909515381
48.90608024597168	48.88755798339844
61.24342346191406	56.20909309387207
56.23230838775635	52.6109504699707
54.56145906448364	50.70063638687134
53.20833730697632	52.103185176849365
50.67227125167847	54.598042488098145
67.26213073730469	61.037818908691406
60.66991329193115	55.73945331573486
52.16680145263672	52.646552085876465
48.80036926269531	49.78733444213867
56.26533317565918	53.41140270233154
49.125773906707764	46.87989139556885
58.83789253234863	58.23439407348633
64.3178482055664	60.53315734863281
56.91078853607178	58.828309059143066
53.90319299697876	57.00838756561279
50.038475036621094	50.17748022079468
46.96308517456055	41.6414794921875
60.4414701461792	54.40624189376831
62.22830581665039	64.408935546875
59.73009967803955	53.432148456573486
58.559250831604004	51.23044490814209
69.5544490814209	66.54536151885986
63.87627029418945	61.924659729003906
60.00637149810791	56.04436683654785
56.33490753173828	56.935935974121094
57.6361722946167	55.71446943283081
51.97441291809082	49.498849868774414
59.973862648010254	52.43605661392212
49.80032157897949	48.22599220275879
69.92208194732666	66.68340253829956
65.18221950531006	63.02619552612305
66.62717485427856	62.552513122558594
64.64074516296387	59.92430877685547
47.082481384277344	48.77756309509277
55.185325622558594	56.77296829223633
63.389923095703125	58.73619079589844
53.61518669128418	50.510501861572266
54.7697696685791	55.375471115112305
65.48756217956543	59.09601402282715
45.850725173950195	45.503273010253906
59.376545906066895	59.87484836578369
65.9379243850708	62.272353172302246
55.184194564819336	54.10082244873047
53.818641662597656	53.224175453186035
75.00645160675049	68.52857780456543
52.03041458129883	55.08467483520508
64.84753894805908	66.66998386383057
58.06004047393799	56.956143379211426
74.06189346313477	65.00254154205322
50.54771900177002	50.455697536468506
60.726877212524414	57.025611877441406
58.4915714263916	54.59785079956055
66.59712219238281	66.56004333496094
54.09541368484497	50.497918128967285
69.88495063781738	59.81758403778076
64.1659746170044	60.73867321014404
61.53453826904297	55.837249755859375
59.87203788757324	56.951523780822754
61.32571220397949	56.787357330322266
63.602176666259766	60.69319152832031
52.75753211975098	47.96191120147705
41.196370124816895	37.50481843948364
67.70765686035156	65.56607818603516
70.09734344482422	66.3167953491211
62.54099655151367	56.625823974609375
49.93391418457031	49.76048469543457
64.65757942199707	62.38128662109375
56.55315017700195	50.567896366119385
54.195051193237305	51.89194202423096
52.32817268371582	51.55245780944824
43.75932312011719	43.32832717895508
58.04279708862305	59.53747081756592
67.17495727539062	60.646278381347656
64.03361511230469	59.58591651916504
63.22545909881592	65.25931739807129
63.90291213989258	57.994476318359375
44.15576934814453	43.714027404785156
46.16030550003052	42.15081787109375
44.81082201004028	45.40398645401001
43.62876033782959	40.1402006149292
63.09030532836914	56.25689506530762
60.40671634674072	57.0002965927124
50.14070463180542	52.29232978820801
68.88774108886719	64.2482681274414
64.92035102844238	61.8607816696167
64.74846649169922	60.47840881347656
62.682228088378906	62.41306686401367
55.05995750427246	49.91780090332031
63.94837760925293	63.43482971191406
77.79152011871338	72.7628288269043
61.98739814758301	57.70700454711914
60.27619552612305	57.7447509765625
54.460479736328125	54.78478240966797
52.778751373291016	47.10463619232178
71.50619506835938	70.04568481445312
51.89666748046875	49.279375076293945
54.711068630218506	52.54502773284912
68.25100708007812	69.75218200683594
59.7929105758667	56.33475399017334
68.76753520965576	63.82444477081299
57.53609657287598	53.35167837142944
65.85163402557373	61.88217067718506
59.275275230407715	59.0538215637207
57.57888126373291	55.988160610198975
49.45582580566406	41.68223190307617
59.772162437438965	57.08620643615723
61.45033550262451	62.66778373718262
68.9718074798584	60.10170936584473
44.66692352294922	46.871079444885254
53.28076887130737	52.915223121643066
49.22046089172363	49.7874870300293
58.92144203186035	53.92847394943237
63.284162521362305	60.59083557128906
73.04209899902344	67.11841583251953
61.3350830078125	65.13765716552734
63.272146224975586	58.19845962524414
63.9488525390625	62.18016052246094
51.867774963378906	50.159095764160156
52.00716495513916	50.741929054260254
51.117037773132324	48.92754507064819
57.92509460449219	56.76845169067383
66.8013219833374	62.62218761444092
49.64020490646362	46.9329833984375
63.369876861572266	54.707313537597656
53.9715256690979	51.32865810394287
57.64060974121094	59.73966598510742
60.59703826904297	60.53674507141113
49.809842109680176	46.429009437561035
51.96613597869873	52.12294864654541
54.87900352478027	50.14935493469238
58.16072416305542	51.955641746520996
64.10674095153809	64.19656276702881
61.252129554748535	56.77591896057129
46.57996463775635	43.79154968261719
48.8313045501709	49.801116943359375
51.69977807998657	49.82904767990112
53.48178815841675	52.22765064239502
58.10665941238403	57.364614486694336
49.836891651153564	47.41470003128052
61.93981170654297	58.21673583984375
56.224985122680664	51.39026498794556
55.52489900588989	55.99932909011841
71.64908409118652	67.09671020507812
59.505587577819824	59.0758113861084
52.69841766357422	47.508856773376465
53.1071662902832	49.81826591491699
45.929155349731445	49.91252422332764
64.90099811553955	61.47739505767822
48.20938587188721	47.793517112731934
46.55554676055908	43.62114715576172
59.39311408996582	54.60410499572754
59.95460891723633	57.55867004394531
64.03923034667969	59.18400573730469
50.963008880615234	54.13429641723633
70.16000461578369	69.99285793304443
56.08872032165527	49.320571422576904
48.04185676574707	49.33839225769043
54.510658264160156	55.786468505859375
48.79728126525879	50.24058151245117
67.1966552734375	61.77328872680664
65.69708824157715	63.708176612854004
56.52384376525879	56.11204528808594
55.1540093421936	55.3062424659729
63.187477111816406	63.202110290527344
56.142720222473145	55.93238162994385
51.27148246765137	50.74688529968262
75.03056240081787	72.03196907043457
45.989484786987305	46.023573875427246
56.13454246520996	56.762240409851074
63.70880126953125	59.446627616882324
51.57237529754639	52.09639596939087
45.562875270843506	47.23023986816406
57.65900421142578	57.10786437988281
59.400678634643555	52.41578245162964
48.78817558288574	45.77532768249512
58.06182289123535	53.99531126022339
48.74630355834961	46.72349452972412
50.641746520996094	49.01644563674927
40.13423252105713	37.958404541015625
44.841050148010254	42.51737880706787
54.79872131347656	54.664207458496094
69.30902099609375	66.98928833007812
57.8664608001709	54.653886795043945
61.781455993652344	60.41181182861328
42.01076793670654	46.77077007293701
50.581604957580566	51.185240268707275
53.90515327453613	48.77413749694824
66.26019477844238	62.251057624816895
51.26976013183594	48.28221130371094
43.941123962402344	42.73267364501953
67.24292087554932	64.85853385925293
60.00988483428955	59.10406303405762
58.01070213317871	60.18168926239014
70.79374694824219	67.53997039794922
65.74064350128174	60.60111331939697
61.266836166381836	62.87961673736572
46.329620361328125	44.705238342285156
66.81934356689453	64.48777770996094
49.133010387420654	51.28874063491821
48.56941795349121	44.06026554107666
58.29737567901611	58.48752021789551
60.937164306640625	61.12996292114258
52.2100305557251	47.131080627441406
59.012861251831055	58.74232769012451
51.05121994018555	51.21348571777344
58.645036697387695	53.26484727859497
57.973228454589844	55.77252388000488
53.19553327560425	53.733439445495605
64.8086462020874	64.65635967254639
62.252132415771484	51.70169401168823
70.68498373031616	70.72339725494385
55.478960037231445	56.2122859954834
67.4804916381836	61.02069091796875
51.727203369140625	47.65850830078125
49.44919395446777	52.55312919616699
69.08812713623047	65.47643280029297
52.343976974487305	44.470404624938965
70.940185546875	65.7804946899414
57.93721961975098	60.370954513549805
55.628957748413086	51.27735900878906
47.71336841583252	43.985283851623535
50.17636203765869	51.62806415557861
64.41788291931152	63.67917442321777
65.55876731872559	61.90060329437256
48.912208557128906	46.36662197113037
59.25087547302246	58.28780269622803
56.2946662902832	54.02678060531616
52.07198524475098	52.809688568115234
69.6634521484375	68.28018951416016
60.413124084472656	62.10310363769531
59.014041900634766	57.682586669921875
65.26886129379272	58.35909175872803
71.05522441864014	63.15991687774658
58.088799476623535	60.99427318572998
62.926039695739746	65.70683765411377
43.45939636230469	41.99080181121826
74.20181274414062	72.0553207397461
68.77867889404297	66.41065979003906
62.34961795806885	62.705220222473145
47.00920343399048	40.61601638793945
59.368337631225586	55.361371994018555
69.71223449707031	63.76613998413086
60.6536808013916	58.47495460510254
68.14669036865234	68.2864990234375
43.43356418609619	44.65645122528076
51.70564603805542	49.26530981063843
69.88459968566895	63.43538475036621
57.446645736694336	55.496538162231445
60.722718238830566	58.19597148895264
67.04789638519287	60.311513900756836
62.01350498199463	59.56593132019043
52.689971923828125	48.370792388916016
49.37590026855469	49.85006904602051
49.71409511566162	45.38395595550537
62.36036682128906	54.612253189086914
66.75363779067993	62.84219169616699
72.50888061523438	68.00066375732422
51.92437934875488	50.157073974609375
52.80699300765991	52.8095965385437
49.06178855895996	48.53751182556152
56.48017120361328	55.49966812133789
44.81976079940796	44.525288105010986
60.79161071777344	61.297054290771484
57.29889488220215	55.97371768951416
54.09835433959961	53.00948429107666
55.55538034439087	54.45732116699219
45.302767753601074	45.69023609161377
52.588388442993164	50.881038665771484
41.809492111206055	40.55516242980957
73.86333274841309	75.03555679321289
62.14163589477539	62.24956130981445
59.06034851074219	52.45927810668945
51.1684455871582	53.460044860839844
55.81121063232422	52.500823974609375
49.131093978881836	48.16021728515625
50.072017192840576	48.483492851257324
74.42259979248047	66.7149658203125
54.32418727874756	51.55567932128906
63.39470958709717	60.3405876159668
56.99318504333496	53.414337158203125
60.60667419433594	60.12521553039551
62.64998531341553	60.247246742248535
52.61323690414429	52.955360889434814
56.13812828063965	52.62334442138672
54.12911796569824	52.4824161529541
60.402517318725586	54.43502998352051
47.06260919570923	45.43378686904907
62.44307041168213	60.54371881484985
54.866783142089844	55.8585205078125
48.490407943725586	45.429505348205566
71.4789457321167	66.33956909179688
58.079742431640625	51.91443634033203
56.33775806427002	57.36709403991699
57.05301475524902	52.38560485839844
66.83853149414062	66.2484130859375
55.29425811767578	48.9071044921875
57.93904972076416	57.272292137145996
55.72349500656128	52.32895803451538
53.957435607910156	59.08155822753906
72.76811599731445	66.15320491790771
46.44124984741211	48.506474018096924
68.62331295013428	64.66163349151611
54.009727478027344	55.75905418395996
61.43067741394043	60.27446937561035
57.39700794219971	56.948546409606934
57.43008613586426	56.156198501586914
53.050621032714844	50.73550987243652
63.32061195373535	61.646318435668945
51.176971435546875	47.52440929412842
62.08525848388672	53.47765350341797
45.11085033416748	47.524752616882324
64.26072692871094	58.801116943359375
67.26221561431885	68.81073951721191
60.615196228027344	57.82554244995117
53.140010833740234	50.336008071899414
46.712416648864746	50.24202919006348
62.45439147949219	63.276288986206055
58.10995101928711	49.60314178466797
49.24563217163086	48.4789981842041
53.760263442993164	48.21814727783203
57.35857582092285	49.29329776763916
51.06531763076782	51.895930767059326
55.281761169433594	51.881235122680664
50.20260810852051	47.485361099243164
78.86967372894287	72.46176052093506
70.63140869140625	75.0128173828125
64.41501903533936	61.920382499694824
43.053107261657715	39.18046951293945
45.06726551055908	42.78989124298096
70.09351348876953	72.9398603439331
57.852272033691406	59.623443603515625
68.47335052490234	66.22550964355469
58.925323486328125	54.24138069152832
56.33466339111328	54.62108612060547
57.47992515563965	58.78165245056152
60.04141044616699	59.037580490112305
71.11754035949707	76.5033130645752
59.61002731323242	54.29761505126953
58.42904090881348	52.517812728881836
47.67067337036133	49.20014762878418
58.063538551330566	54.33062267303467
53.42515182495117	51.62742805480957
62.672210693359375	59.834930419921875
70.83839416503906	67.72731018066406
58.93170166015625	61.322364807128906
56.91416645050049	54.776710987091064
54.27514457702637	51.186750411987305
65.26741027832031	65.6091537475586
56.72641372680664	55.71380615234375
48.32744121551514	47.59876251220703
53.96129608154297	53.07593536376953
52.570682525634766	46.745752811431885
44.97879981994629	42.68667221069336
47.15163803100586	43.89545917510986
49.98379325866699	48.82244682312012
64.10270881652832	63.27971935272217
51.99007272720337	52.24866771697998
56.65623664855957	54.94740915298462
55.535693645477295	53.32963848114014
71.87908935546875	68.11000061035156
72.07014465332031	68.31413269042969
65.54820251464844	69.81884002685547
50.152663230895996	46.16653394699097
67.40544033050537	61.83608865737915
59.39088821411133	58.78803253173828
62.626967430114746	59.265862464904785
61.785855293273926	59.723849296569824
68.20730876922607	60.82730674743652
63.41465950012207	62.02314853668213
51.35735893249512	52.239789962768555
52.16136074066162	48.35755205154419
66.188063621521	66.13092613220215
62.45044803619385	56.818777084350586
74.07208156585693	77.44053268432617
67.81010627746582	64.57078742980957
51.58979558944702	52.626060962677
50.79264163970947	46.33230686187744
62.365479469299316	59.79576778411865
54.540794372558594	50.740517139434814
46.24363708496094	44.79291915893555
55.502395153045654	56.03980731964111
59.276944160461426	52.458033084869385
71.09408378601074	69.35854911804199
55.8659348487854	55.025511741638184
60.279276847839355	57.06450366973877
52.08003616333008	53.13112735748291
61.78928470611572	53.1415901184082
70.65520477294922	66.79023742675781
51.715569496154785	48.958370208740234
66.82160949707031	61.940738677978516
49.55981254577637	46.58052062988281
48.028947830200195	44.86528015136719
59.900156021118164	54.49812984466553
60.09143829345703	60.21247863769531
47.54817295074463	46.51560974121094
58.264530181884766	58.22137451171875
65.46940612792969	65.467041015625
48.311448097229004	42.2421932220459
59.3599853515625	56.34922790527344
51.3380012512207	44.138832092285156
51.50920629501343	55.245206356048584
57.547245025634766	56.37528419494629
63.882102966308594	58.67475891113281
59.78682231903076	58.08507442474365
69.9224214553833	65.3654613494873
47.86696004867554	54.083340644836426
78.99221420288086	73.2813835144043
58.022141456604004	53.78969669342041
51.47063064575195	51.15911149978638
72.05050563812256	69.30097246170044
57.71527290344238	55.66765022277832
53.43533182144165	53.03431797027588
66.11333465576172	60.04328155517578
71.50753784179688	69.52495574951172
49.1069450378418	42.83019256591797
59.91258430480957	55.51680564880371
56.19382953643799	58.22775459289551
68.14663696289062	70.15322875976562
56.78457736968994	57.66993808746338
61.3233642578125	59.87403869628906
64.81800842285156	55.64503479003906
57.21667671203613	50.57200813293457
56.93809223175049	55.230226039886475
59.042052268981934	58.437018394470215
46.21720600128174	42.176382541656494
51.65089988708496	48.84683418273926
57.22209930419922	53.33155059814453
57.07475757598877	49.01674270629883
59.57512855529785	59.6731014251709
63.77573776245117	61.31291198730469
61.60841369628906	62.48862075805664
45.922722816467285	38.714938163757324
59.83611583709717	59.08875560760498
42.72625923156738	43.25458574295044
54.693260192871094	46.410945892333984
44.52710437774658	43.81995391845703
64.93740034103394	60.459081172943115
69.73391723632812	61.36730194091797
53.7971625328064	52.157872676849365
54.17556953430176	50.54608154296875
58.37401294708252	55.74988079071045
55.50541877746582	52.546143531799316
55.53049850463867	53.565805435180664
68.19390392303467	63.162360191345215
45.198509216308594	46.41910457611084
55.06386756896973	51.41193389892578
62.83983612060547	60.39857864379883
57.682674407958984	60.765625
54.759870529174805	48.4302978515625
55.30505561828613	52.20438194274902
45.36645984649658	45.239991188049316
67.22431182861328	66.1562728881836
70.7183837890625	69.74590301513672
59.19023323059082	56.69718360900879
48.330668926239014	48.79076290130615
58.01978302001953	59.75458908081055
64.29228210449219	60.16325759887695
51.923584938049316	47.14402627944946
54.771854400634766	51.330421447753906
63.953125	63.17973327636719
49.288129806518555	48.34256172180176
67.21375274658203	61.095802307128906
56.04889965057373	53.34215211868286
56.940839767456055	50.7096004486084
70.49585723876953	68.24905395507812
63.94363975524902	61.692792892456055
54.50182819366455	51.32208251953125
44.31271982192993	43.32143545150757
56.10073661804199	55.44097185134888
55.37001609802246	50.481557846069336
51.17310380935669	47.548224449157715
52.06160068511963	49.091668128967285
58.00192451477051	54.820735931396484
60.542490005493164	55.63260269165039
56.16292762756348	56.40709209442139
47.479817390441895	45.547908782958984
45.754380226135254	44.547091484069824
41.541672706604004	42.911187171936035
50.453298568725586	48.715450286865234
43.07855701446533	41.68527889251709
43.757877349853516	41.45164966583252
50.300490379333496	48.48573589324951
47.854562282562256	45.46384859085083
63.19951629638672	61.88459587097168
48.43917274475098	45.104458808898926
60.9164924621582	58.996116638183594
55.86638879776001	54.13762426376343
36.39091491699219	37.97865629196167
53.35632133483887	51.517690658569336
52.93196201324463	49.54331874847412
54.993621826171875	54.24252891540527
52.21031665802002	47.46272563934326
65.19861507415771	65.01686191558838
58.11391353607178	53.271456241607666
57.19707012176514	54.35855054855347
65.0738296508789	67.61285400390625
64.45620822906494	62.62111949920654
73.36207389831543	68.23305606842041
52.0786452293396	47.22062683105469
56.696998596191406	54.21838712692261
67.40492248535156	66.96173095703125
55.197418212890625	52.07798194885254
62.805155754089355	59.38895606994629
50.14573860168457	49.09981727600098
45.2462739944458	46.07457733154297
51.21754741668701	49.797247886657715
54.94059991836548	56.503990173339844
57.258527755737305	60.93692207336426
58.86282253265381	57.388543128967285
55.6617317199707	56.11607360839844
60.460710525512695	55.74861145019531
69.10700798034668	62.26035404205322
58.47087860107422	57.314292907714844
62.53077030181885	59.59983539581299
49.17902183532715	49.31122398376465
60.25545787811279	56.97162437438965
49.59939765930176	51.46754264831543
47.14603328704834	46.48685932159424
60.28321552276611	57.415266036987305
64.5456895828247	66.02262592315674
56.705108642578125	49.690635681152344
53.93937683105469	50.90066146850586
58.01620674133301	55.02825164794922
59.83201026916504	61.676164627075195
57.6651496887207	54.62196350097656
60.52061748504639	57.49722385406494
48.58287048339844	51.523475646972656
64.12605142593384	60.808120250701904
58.19388961791992	55.16673278808594
52.7878475189209	56.393829345703125
48.31619453430176	47.0141716003418
64.36415100097656	63.93817901611328
51.98479461669922	48.30388593673706
62.86152267456055	62.487060546875
48.62717628479004	47.53755569458008
60.204078674316406	58.208709716796875
51.96223068237305	48.374977111816406
68.62579345703125	65.31549072265625
58.97477722167969	57.48420715332031
65.51432991027832	64.67473793029785
53.04077911376953	53.720855712890625
49.6732063293457	46.998390197753906
66.79293060302734	61.08247756958008
56.05161666870117	51.9033088684082
61.744690895080566	64.2342004776001
57.82939910888672	56.28872299194336
58.0518159866333	53.76638078689575
61.90932083129883	54.4280891418457
53.575088024139404	51.012465953826904
47.38118648529053	43.850483894348145
63.10588073730469	55.88969039916992
63.742881774902344	63.3260383605957
45.277716636657715	43.23892879486084
59.21853828430176	55.41622495651245
67.00284719467163	62.947566509246826
62.10379123687744	59.50441265106201
71.5404691696167	68.1106309890747
47.54973220825195	48.11398887634277
67.45006561279297	63.728294372558594
55.402342796325684	53.92735576629639
60.18430137634277	58.94816493988037
53.58794975280762	49.37202072143555
65.43803405761719	64.13578796386719
73.47627258300781	70.75912475585938
56.34433937072754	55.73185157775879
48.79136037826538	46.81432247161865
51.42238426208496	48.86004066467285
59.38308143615723	55.381911754608154
54.32882022857666	56.79503154754639
59.676069259643555	54.86860656738281
57.8654670715332	60.02320861816406
59.110496520996094	54.45466661453247
55.56994009017944	52.64181566238403
57.006211280822754	55.23499584197998
51.598222732543945	47.935340881347656
45.62365436553955	47.69622850418091
63.83450508117676	55.490145206451416
63.93841552734375	56.7508544921875
52.8424015045166	55.489545822143555
69.42071437835693	69.47150325775146
63.61141586303711	59.73476505279541
65.94768524169922	62.45476150512695
49.82668876647949	46.5446891784668
53.565460205078125	54.24263381958008
48.23676681518555	45.989593505859375
45.535637855529785	44.15074825286865
53.73214530944824	45.92573261260986
61.965126037597656	58.81119918823242
51.13769578933716	50.21265125274658
51.131309509277344	47.4230432510376
45.802940368652344	41.04412078857422
55.08124351501465	54.68357276916504
65.7253189086914	59.89431953430176
52.55636787414551	51.19523048400879
65.92379951477051	60.60948371887207
52.20065116882324	47.193236351013184
64.83818626403809	63.86772346496582
68.92380714416504	60.77494239807129
46.14238786697388	47.494715213775635
67.31729888916016	62.173274993896484
47.3585844039917	45.67634582519531
73.89044761657715	68.50459098815918
43.12247276306152	43.014464378356934
65.31023979187012	62.348222732543945
58.40042495727539	54.29664611816406
44.34407901763916	42.75355625152588
61.61604309082031	63.094207763671875
51.67476177215576	45.92419624328613
45.92230224609375	40.787071228027344
56.130194664001465	53.378095626831055
48.71312713623047	50.31104278564453
54.75628662109375	52.51597595214844
61.187644958496094	61.36017990112305
58.83940029144287	57.16941833496094
64.78756713867188	63.021385192871094
43.97095012664795	44.68772220611572
50.942556381225586	48.868045806884766
87.23925590515137	82.18771934509277
64.71575355529785	64.72021961212158
51.403926849365234	43.72726058959961
38.54665994644165	38.903987884521484
58.07931327819824	55.7207612991333
50.870304107666016	45.68361282348633
57.93057823181152	54.64539957046509
45.368788719177246	43.45810413360596
62.713261127471924	60.581342697143555
55.39193916320801	58.38504981994629
48.59560203552246	47.65254878997803
56.16586494445801	56.870667457580566
50.30525779724121	50.80712699890137
50.19792938232422	45.160643577575684
60.57999801635742	63.546908378601074
55.91896438598633	49.7114372253418
44.23170566558838	41.545066833496094
64.6866807937622	63.556100845336914
76.01004409790039	70.91249942779541
55.04668045043945	54.55609178543091
53.65564727783203	53.976247787475586
52.19051694869995	51.16598081588745
47.99678325653076	42.859764099121094
71.6438159942627	68.99679279327393
62.161720275878906	52.60678482055664
59.3040885925293	49.81000900268555
57.4632511138916	57.14099407196045
57.51479434967041	56.56928539276123
64.12586402893066	60.898658752441406
48.5451865196228	49.019997119903564
59.737595558166504	52.30030918121338
54.10494804382324	51.81389236450195
56.75708198547363	56.32370567321777
74.71773529052734	65.26131439208984
36.06264114379883	38.79486083984375
50.45856475830078	47.141051292419434
43.522765159606934	41.54139232635498
50.15994644165039	51.05834197998047
56.783315658569336	54.80684518814087
48.50617694854736	48.91153335571289
59.76210021972656	58.950164794921875
58.83148670196533	60.86092567443848
70.39999389648438	66.3749771118164
46.82010555267334	47.69106674194336
61.599853515625	50.84117889404297
68.49969482421875	68.7414321899414
50.87831974029541	51.31558895111084
66.07415008544922	61.12165832519531
63.13290023803711	62.31400680541992
60.46364688873291	55.53669834136963
69.49320983886719	68.26228332519531
54.53092002868652	52.68765449523926
55.81454515457153	52.74926137924194
51.48167610168457	47.268731117248535
66.50023460388184	64.35982704162598
50.392967224121094	49.03841781616211
65.43838548660278	65.27320861816406
55.18322944641113	51.23764991760254
68.9877986907959	65.20221710205078
61.53422546386719	57.71849727630615
62.52014923095703	64.64579772949219
68.95776653289795	68.96466255187988
62.85708236694336	62.14204025268555
58.05756378173828	57.57340717315674
45.51015377044678	43.08255195617676
49.24027061462402	47.46895980834961
59.96887969970703	61.871768951416016
52.67613887786865	51.19135856628418
56.09596633911133	55.28107452392578
50.63683319091797	48.20810604095459
47.25021457672119	47.333510398864746
51.361342430114746	45.85547876358032
70.82122802734375	71.1866455078125
59.569169998168945	58.73852348327637
53.66682577133179	53.92511606216431
58.626742362976074	56.928619384765625
56.48141670227051	52.07168197631836
55.06904745101929	53.7860107421875
48.42597770690918	50.339921951293945
66.01113891601562	66.31999206542969
58.951629638671875	60.32538604736328
48.823768615722656	45.336750984191895
58.68928909301758	59.86795425415039
60.71559143066406	58.77931213378906
58.08558797836304	60.260159969329834
61.97793388366699	59.449618339538574
62.30778503417969	64.19027709960938
48.864662170410156	49.14095687866211
56.77270793914795	55.58817148208618
62.35801601409912	60.21147155761719
60.636274337768555	59.99001121520996
61.16012763977051	60.51089286804199
59.3701114654541	56.0214729309082
57.95556449890137	57.26499366760254
55.58757019042969	52.90915489196777
67.6823034286499	71.32730007171631
71.74125480651855	66.97027444839478
69.31560516357422	67.97708988189697
48.10807800292969	46.7248649597168
48.69870185852051	45.77991485595703
70.54704189300537	64.76773071289062
66.50628662109375	63.080928802490234
66.6990737915039	56.76953125
67.86053609848022	64.66058349609375
61.94548320770264	57.06308174133301
66.17572021484375	64.72694206237793
57.59904861450195	58.945454597473145
51.16140174865723	51.35476112365723
62.72745704650879	61.67971611022949
56.330902099609375	58.14725208282471
69.95039939880371	61.471153259277344
50.19758749008179	54.00083875656128
64.84605407714844	58.28611373901367
61.149539947509766	55.65870666503906
53.4391770362854	49.11799335479736
58.13050937652588	55.82554006576538
57.38605976104736	61.06979560852051
57.73186683654785	54.295480728149414
56.95256042480469	55.734130859375
49.44581127166748	48.33221769332886
46.28357267379761	46.07847452163696
55.574941635131836	54.15567970275879
43.67244815826416	42.998844623565674
60.131330490112305	52.9174280166626
67.4380521774292	58.22965049743652
53.47518539428711	54.334041595458984
60.93886470794678	59.4953670501709
59.57415819168091	55.835721015930176
51.89256286621094	47.268348693847656
48.71518135070801	43.343650817871094
44.19805908203125	44.07558059692383
56.97799301147461	55.38970184326172
67.98245239257812	62.81272888183594
57.6220703125	52.45195007324219
56.77826499938965	57.730573654174805
61.44019794464111	53.43970441818237
56.18560981750488	56.319963455200195
56.869300842285156	54.92509460449219
44.989906311035156	44.414666175842285
62.092857360839844	60.14837646484375
52.01766014099121	50.5133113861084
57.39113235473633	55.757362365722656
53.072702407836914	51.83513832092285
52.33074760437012	52.46293830871582
59.505300521850586	55.18181371688843
73.55272006988525	70.90268039703369
53.43612098693848	50.186662673950195
54.657044410705566	49.949631690979004
61.383750915527344	57.408138275146484
58.24625015258789	53.54108428955078
57.018534660339355	62.87682628631592
55.16302490234375	53.600462436676025
58.143226623535156	59.49597930908203
50.326332092285156	44.42899417877197
46.70793628692627	43.16861057281494
48.762831687927246	49.098326683044434
54.059532165527344	51.38426971435547
69.77169036865234	63.465057373046875
56.942596435546875	56.252105712890625
57.46258735656738	53.18352127075195
56.10793876647949	56.2998046875
54.6655969619751	51.879788875579834
51.86392068862915	51.344786643981934
58.60605430603027	51.36525106430054
59.04160690307617	56.33549880981445
66.5258846282959	60.66030693054199
63.08048057556152	54.79113578796387
47.33114671707153	52.36006021499634
53.85259437561035	48.61101722717285
50.90852165222168	48.638620376586914
60.29500484466553	63.42241287231445
54.69828462600708	51.28267574310303
63.94743824005127	58.00198173522949
53.00746536254883	53.519691467285156
64.6959400177002	55.961060523986816
44.98710536956787	47.302491188049316
69.99635982513428	67.0970549583435
50.77584743499756	47.43124485015869
64.5765151977539	64.651611328125
59.482229232788086	54.01359558105469
50.18880558013916	47.97849798202515
59.01186466217041	54.69942092895508
53.27446746826172	48.224395751953125
60.35691547393799	54.029611110687256
61.385743618011475	56.934229373931885
58.03720283508301	57.80327892303467
51.736087799072266	47.00155735015869
74.4829273223877	74.38864231109619
51.90182685852051	46.92801475524902
67.77642059326172	64.77731323242188
70.88823080062866	62.57244300842285
54.54851150512695	53.42356252670288
49.07485485076904	45.44260549545288
52.81301784515381	49.99385452270508
64.68218231201172	62.22761154174805
69.4124755859375	68.39490509033203
59.033002853393555	59.216732025146484
84.69888210296631	81.29426193237305
69.79399871826172	63.68918228149414
58.42893409729004	58.972371101379395
54.93043613433838	50.982041358947754
59.16211700439453	59.24420166015625
52.835116386413574	51.99749946594238
66.12549018859863	61.92238426208496
74.72003936767578	68.70951843261719
45.60571002960205	45.628326416015625
55.55724287033081	52.05938243865967
52.090890884399414	50.367427825927734
58.78810119628906	57.9909782409668
46.19718551635742	45.93614482879639
61.9920539855957	62.29191970825195
65.99581623077393	62.09892463684082
52.37076759338379	57.099592208862305
60.736839294433594	51.65360069274902
59.518272399902344	60.896522521972656
54.775360107421875	53.809226989746094
45.32999038696289	44.213799476623535
52.49285125732422	45.7834587097168
42.63834857940674	47.638609886169434
53.93019676208496	52.53606033325195
61.93861389160156	58.04631805419922
52.148529052734375	49.553083419799805
67.70169639587402	64.9893045425415
61.18934631347656	58.961551666259766
59.02486228942871	61.259018898010254
