32.055763244628906	27.3566951751709
27.315818786621094	29.785526275634766
22.865440368652344	26.2503604888916
20.955076217651367	22.05884027481079
22.610443115234375	27.20696258544922
19.32716703414917	24.04771900177002
37.48814344406128	41.56876087188721
40.079169273376465	40.82644462585449
21.984878540039062	23.131988525390625
30.877588272094727	31.13983154296875
28.7553653717041	31.47767448425293
26.264057159423828	24.906246185302734
22.819602966308594	24.335750579833984
21.8957462310791	26.111177444458008
38.79749774932861	36.305992603302
18.352811336517334	23.266875743865967
28.43294858932495	31.890733242034912
34.06423568725586	32.4426007270813
19.217255115509033	22.43566131591797
22.361595153808594	27.623035430908203
36.47036790847778	40.36725044250488
22.644725799560547	27.32530975341797
20.80392074584961	19.3262996673584
17.747020721435547	18.329133987426758
17.859018802642822	23.162396907806396
23.767822265625	24.48588752746582
26.562278747558594	29.278247833251953
19.896170139312744	24.184338569641113
22.30947494506836	22.854084014892578
36.22534990310669	40.38909912109375
18.792068481445312	24.039307594299316
54.4559383392334	48.74566841125488
24.278602600097656	28.47597312927246
23.22629737854004	21.440784454345703
17.71415376663208	22.71959352493286
11.37818455696106	16.318975925445557
27.14360475540161	27.809810638427734
25.067596435546875	23.935218811035156
35.73763608932495	39.31301832199097
36.477867126464844	39.39644241333008
44.36713218688965	42.470197677612305
24.78522300720215	27.365177154541016
22.332744598388672	21.79425048828125
22.621543884277344	26.07106590270996
31.39438247680664	33.16145324707031
23.96588134765625	26.629257202148438
33.738765716552734	32.66738176345825
22.067899703979492	21.98385238647461
26.026504516601562	30.97187042236328
21.26593780517578	20.314659118652344
36.58798933029175	38.95744800567627
21.680744171142578	20.05658721923828
21.015583038330078	26.489337921142578
26.93136692047119	30.907809734344482
23.966991424560547	24.27153778076172
35.09398698806763	32.93721675872803
20.678726196289062	27.479671478271484
29.14581298828125	33.12139129638672
27.742172241210938	32.02840042114258
29.63602066040039	30.229499340057373
22.656692504882812	22.020570755004883
35.58444261550903	35.07855176925659
23.91413116455078	27.62786865234375
24.37677764892578	28.83551597595215
23.402971267700195	22.313434600830078
53.4356746673584	47.02250003814697
16.07634401321411	17.92578935623169
17.265634059906006	23.248270511627197
24.278472900390625	27.6621036529541
21.985713958740234	22.086990356445312
22.248363494873047	20.404430389404297
35.180630683898926	36.39811038970947
24.96993637084961	29.5902099609375
36.20142459869385	39.01272535324097
30.24163007736206	34.40845489501953
21.504091262817383	22.412216186523438
20.11548614501953	25.344951629638672
21.09682846069336	22.12657928466797
22.770029067993164	24.9163818359375
37.14825391769409	38.86972904205322
35.79826354980469	35.13576889038086
24.508834838867188	21.704856872558594
28.195030212402344	25.06916046142578
16.97299575805664	21.79205560684204
21.232994079589844	20.99871826171875
25.956981658935547	23.372730255126953
25.26761245727539	24.091136932373047
29.456680297851562	28.376049041748047
22.878681182861328	22.50328826904297
24.188892364501953	27.39022445678711
23.071535110473633	21.811180114746094
24.607444763183594	20.300369262695312
23.535999298095703	28.808040618896484
17.320353984832764	20.040668964385986
24.504234313964844	27.103044509887695
20.557924270629883	24.651948928833008
17.600645542144775	21.192184925079346
34.91957426071167	33.60008239746094
35.29858350753784	39.64914321899414
19.789901733398438	20.715904235839844
19.61017656326294	18.950035572052002
34.34841871261597	34.462406635284424
32.80529022216797	31.21065902709961
27.36220932006836	23.285072326660156
20.50865936279297	26.02188205718994
17.950992107391357	22.94276475906372
21.115753173828125	21.249204635620117
24.812541961669922	30.043209075927734
20.895523071289062	22.06814193725586
19.620529174804688	21.494281768798828
22.032238006591797	24.639434814453125
33.69803237915039	38.2950439453125
34.97483015060425	33.25289249420166
24.99504852294922	26.258495330810547
28.1339111328125	24.234233856201172
36.79187774658203	35.836119651794434
23.963577270507812	23.591957092285156
18.158632278442383	21.892611980438232
22.248424530029297	22.91720962524414
25.08824348449707	23.783634185791016
32.585628032684326	35.66439390182495
22.02358627319336	24.174720764160156
37.548415660858154	39.724318981170654
18.875415802001953	19.35749101638794
23.109832763671875	23.606239318847656
26.325490951538086	29.66474151611328
31.782469749450684	30.53050994873047
23.395709991455078	24.36459732055664
34.95684814453125	40.586448669433594
57.4035587310791	50.54988670349121
30.733637809753418	31.842265129089355
18.488605499267578	20.949567317962646
23.47853660583496	21.236244201660156
34.65191650390625	34.061622619628906
31.191513061523438	26.992053985595703
35.299620628356934	37.58572816848755
23.91046142578125	25.22235870361328
53.95119094848633	51.32339286804199
39.13707733154297	33.10874938964844
19.029125690460205	22.29350996017456
23.606204986572266	31.517547607421875
25.632646560668945	22.41045379638672
31.479759216308594	28.89744758605957
25.832189559936523	27.344764709472656
31.20764970779419	31.376898288726807
36.90312147140503	36.597137451171875
21.721683502197266	20.274097442626953
20.965511322021484	26.305564880371094
23.850296020507812	24.183048248291016
19.59990119934082	22.48943281173706
21.704835891723633	22.751358032226562
30.041500091552734	29.289546966552734
32.94208526611328	36.17441940307617
25.659767150878906	26.083967208862305
22.98546266555786	20.267605304718018
28.137081146240234	26.636550903320312
20.75423812866211	20.821596145629883
37.142730712890625	35.377315521240234
22.148635864257812	26.853586196899414
31.923370361328125	31.211427688598633
23.09252166748047	26.217056274414062
30.522866249084473	32.097954750061035
32.45114517211914	28.424327850341797
23.2911319732666	23.860755920410156
31.043238639831543	32.8858757019043
37.996192932128906	35.02427291870117
22.632932662963867	23.46417236328125
28.998462677001953	32.992210388183594
26.04489517211914	31.753902435302734
24.83360195159912	24.42118549346924
34.4573712348938	37.31963396072388
29.609880447387695	26.428810119628906
25.54482650756836	28.086204528808594
20.95412826538086	24.71951675415039
24.704505920410156	29.795032501220703
40.83293437957764	42.94728755950928
19.098559856414795	19.56916093826294
16.71234941482544	17.865281581878662
34.275760650634766	30.389163970947266
20.66680097579956	21.133076190948486
24.316125869750977	28.453876495361328
21.012237548828125	22.47418785095215
17.356414318084717	18.288288116455078
36.595962047576904	40.300917625427246
25.869503021240234	24.251110076904297
22.32939910888672	26.112934112548828
24.22779655456543	23.481342315673828
30.388362884521484	28.309066772460938
19.244583129882812	24.185075759887695
35.601723194122314	34.08740282058716
23.713130950927734	21.70339584350586
26.390499114990234	22.372486114501953
33.58542203903198	29.050207138061523
34.8028678894043	31.173690795898438
31.935688018798828	30.057701110839844
36.08100414276123	35.25388240814209
37.167137145996094	33.754154205322266
23.677732467651367	26.75750732421875
22.71442413330078	27.5269832611084
34.13553237915039	30.04574203491211
29.897079467773438	30.050029754638672
21.867902755737305	23.8499493598938
25.31513023376465	28.755680084228516
21.721847534179688	25.888961791992188
28.675212860107422	24.99940299987793
21.184478759765625	22.65700912475586
19.137062072753906	22.685935974121094
26.246891021728516	24.86089324951172
22.71878433227539	23.41619110107422
36.81058168411255	36.20277404785156
19.408950805664062	22.283859729766846
39.73881244659424	40.34560203552246
19.35091781616211	24.114688873291016
18.715603351593018	22.357079029083252
20.809650421142578	24.593769073486328
27.005626678466797	28.259437561035156
34.12485599517822	36.71897888183594
19.185208797454834	20.353538990020752
27.19924545288086	24.501663208007812
22.599103927612305	21.474010467529297
28.662935256958008	30.980968475341797
21.183124542236328	25.292068481445312
20.357707977294922	20.66179084777832
17.668949604034424	21.864699840545654
26.8673095703125	30.07948112487793
17.157211303710938	15.0364408493042
23.140911102294922	27.063980102539062
21.78330421447754	21.113323211669922
17.754730224609375	18.893413066864014
16.902780532836914	22.026567935943604
22.952392578125	27.107452392578125
33.326995849609375	33.30188751220703
21.639228343963623	20.638831615447998
23.012245178222656	25.657207489013672
25.40784454345703	27.7933349609375
23.368709564208984	22.669048309326172
21.760066509246826	21.453370571136475
27.869836807250977	25.84075927734375
39.739112854003906	32.10416316986084
27.45232391357422	28.72677993774414
24.05609893798828	26.330352783203125
20.17680788040161	23.238128185272217
24.798173904418945	27.030622482299805
34.60633039474487	31.875615119934082
18.827585220336914	19.56781768798828
18.10197401046753	19.367988109588623
19.071869373321533	20.151204586029053
22.600265502929688	27.629106521606445
24.06793785095215	22.57417106628418
28.054203033447266	29.666152954101562
34.772350788116455	34.25400495529175
24.47960662841797	24.819705963134766
27.079177856445312	26.67943572998047
24.0484619140625	23.208740234375
16.173999786376953	19.665950775146484
25.861446380615234	24.608535766601562
20.60141372680664	20.070640563964844
24.908611297607422	23.31906509399414
36.994450092315674	40.415711402893066
15.716322898864746	17.758745670318604
27.526376724243164	32.51060485839844
32.02778625488281	32.47214889526367
34.501766204833984	39.703758239746094
19.81201171875	24.350329399108887
39.49495792388916	40.00105857849121
34.29573059082031	31.46886110305786
40.944204330444336	44.423508644104004
20.89869260787964	17.159398555755615
41.39290809631348	34.17935848236084
14.105642795562744	18.177791118621826
17.269699573516846	21.724050521850586
23.120349884033203	23.148378372192383
33.356544971466064	31.289615631103516
24.295591354370117	24.26408576965332
20.260929107666016	25.651655197143555
22.126293182373047	26.35508918762207
16.874572277069092	19.138303756713867
34.806800842285156	30.42879867553711
21.431057453155518	21.490990161895752
34.439074993133545	34.300217628479004
37.41379261016846	39.34607982635498
28.58762550354004	30.579082489013672
30.547103881835938	29.235382080078125
21.89474105834961	28.1581974029541
33.122520446777344	28.823986053466797
21.20948553085327	22.506816387176514
31.012720108032227	28.91115951538086
19.749755859375	23.16834259033203
21.64398193359375	25.552104949951172
18.237849712371826	20.313278675079346
17.81421661376953	19.839969635009766
18.819866180419922	19.95353078842163
17.112457752227783	21.02305555343628
31.479537963867188	33.87884521484375
37.35789489746094	33.09254455566406
16.008460521697998	17.967331409454346
17.801822662353516	22.13037872314453
19.031428813934326	18.336291790008545
37.81632900238037	39.385764598846436
23.026844024658203	26.04181671142578
33.017024993896484	35.29508113861084
23.946083068847656	23.133869171142578
21.498371124267578	27.542713165283203
20.91619300842285	24.591670989990234
32.548065185546875	27.519943237304688
21.85134506225586	22.356502532958984
30.101058959960938	33.327980041503906
33.66311264038086	27.880353927612305
17.802457809448242	21.76378297805786
26.88058853149414	24.30743408203125
35.399298667907715	33.95867586135864
26.035202026367188	22.872013092041016
20.01386260986328	22.94416093826294
19.927631378173828	22.26300811767578
33.390564918518066	31.975765228271484
16.92804193496704	18.763920307159424
21.249435424804688	20.82061767578125
25.963319778442383	28.475706100463867
24.89649200439453	28.00431251525879
32.58131790161133	29.293743133544922
31.3338565826416	32.63719081878662
25.508983612060547	26.33771514892578
24.136682510375977	26.892105102539062
22.2535457611084	23.119674682617188
23.627613067626953	27.25128173828125
24.776813507080078	30.441715240478516
18.83704376220703	18.7706036567688
27.236879348754883	25.326766967773438
24.019573211669922	26.847646713256836
22.29446029663086	22.477630615234375
32.41039276123047	29.832773208618164
22.645851135253906	22.778095245361328
22.858827590942383	26.572120666503906
17.52881956100464	19.307929515838623
24.36644744873047	24.38592529296875
30.407718658447266	27.311492919921875
22.724376678466797	27.507488250732422
27.04681968688965	32.887550354003906
31.49010419845581	35.49453020095825
42.92585849761963	45.71310043334961
22.296859741210938	27.487323760986328
19.575267791748047	22.260604858398438
18.7843279838562	17.136367321014404
18.59918975830078	18.578800678253174
17.501433849334717	22.629788875579834
27.376371383666992	31.81484031677246
19.591472625732422	24.935623168945312
35.76194763183594	41.7750358581543
23.125591278076172	23.235130310058594
18.432962894439697	19.348623275756836
35.88253736495972	33.2142448425293
29.5567626953125	31.986064910888672
20.30133819580078	21.350561141967773
22.036006927490234	23.250873565673828
22.971616744995117	22.016178131103516
36.512017250061035	29.96534824371338
28.913047790527344	31.032672882080078
21.53750991821289	25.481658935546875
21.52361297607422	24.746140480041504
24.228187561035156	29.026620864868164
26.19193458557129	32.468563079833984
19.641101837158203	20.537153244018555
20.717439651489258	26.512798309326172
36.800312995910645	33.528244495391846
27.96131134033203	28.170137405395508
20.592206954956055	26.289806365966797
19.34923553466797	24.864203453063965
43.31502437591553	36.2217378616333
37.60122299194336	36.98298692703247
24.694271087646484	29.765586853027344
57.3142147064209	54.60744667053223
37.2449254989624	39.50577974319458
36.64463520050049	37.02468156814575
17.78871488571167	21.341484546661377
34.92189025878906	32.43085861206055
27.325925827026367	27.212432861328125
24.00575828552246	27.007465362548828
20.646156311035156	23.81943130493164
36.11333465576172	33.4399299621582
20.9960675239563	24.636237144470215
18.349853038787842	18.92854928970337
37.82773494720459	35.83464860916138
33.67689609527588	34.551825523376465
34.46929931640625	39.47444200515747
38.95487308502197	35.58016300201416
23.47592544555664	21.107105255126953
19.38745880126953	23.703659534454346
20.993449687957764	24.281341552734375
19.276973247528076	22.319307804107666
19.170095443725586	19.10515594482422
22.288204193115234	22.605533599853516
18.26729393005371	18.67081117630005
28.271526336669922	28.209144592285156
22.425922393798828	26.294593811035156
20.477005004882812	25.818546295166016
29.323707580566406	29.102920532226562
17.617950439453125	21.827625274658203
27.493017196655273	23.913105010986328
19.357120513916016	22.749046325683594
40.90904235839844	43.638854026794434
17.585712432861328	21.733550548553467
21.381343841552734	23.142351150512695
25.190532684326172	27.700471878051758
34.25117111206055	33.12635803222656
18.776596069335938	22.898006439208984
29.014877319335938	34.5701789855957
16.999082565307617	18.98598861694336
25.966344833374023	30.145694732666016
18.51302719116211	18.536674976348877
22.03036117553711	26.57650375366211
19.407284259796143	22.053398609161377
19.309428691864014	18.06553316116333
23.390953063964844	22.25771713256836
22.380083084106445	25.750835418701172
18.719358444213867	23.102601528167725
24.02923583984375	26.80919647216797
22.479225158691406	23.54537010192871
22.391998291015625	22.827930450439453
22.728626251220703	27.560367584228516
23.28667449951172	27.089305877685547
29.868349075317383	28.601024627685547
26.47372817993164	26.4429874420166
32.27638244628906	31.45662498474121
24.935352325439453	26.495254516601562
39.83288526535034	34.63304042816162
34.41352462768555	33.16706848144531
40.75231075286865	41.468610763549805
23.776561737060547	21.923118591308594
29.49060821533203	27.839027404785156
19.405803680419922	19.35802459716797
22.515552520751953	26.352767944335938
23.83547592163086	28.058481216430664
31.9892520904541	27.463802337646484
39.34183883666992	38.43080139160156
17.299964904785156	20.765546321868896
36.91000699996948	38.44472885131836
31.109282970428467	32.732582092285156
25.979198455810547	25.56085777282715
17.177940845489502	21.72160005569458
27.099430084228516	32.33139419555664
21.85120391845703	20.29680633544922
27.12134552001953	31.172077178955078
27.750659942626953	27.401554107666016
23.00177574157715	28.009113311767578
27.478214263916016	25.266620635986328
21.225242614746094	25.695087432861328
24.4251708984375	28.328100204467773
17.66024351119995	20.208629608154297
18.38187599182129	21.0072021484375
23.25349998474121	24.273155212402344
32.21833419799805	27.186647415161133
21.647598266601562	22.15968132019043
34.65625	34.80622100830078
21.09615707397461	24.913455963134766
28.133054733276367	27.19906234741211
19.87711000442505	20.785258769989014
36.287994384765625	33.66816759109497
26.324676513671875	30.871809005737305
24.70801544189453	27.527694702148438
49.264434814453125	47.43001842498779
21.58294677734375	19.31296157836914
12.960326671600342	15.171342372894287
18.19721221923828	16.631832122802734
20.677711486816406	20.071442127227783
25.3897705078125	27.78010368347168
22.680221557617188	22.574220657348633
27.976598739624023	25.14785385131836
24.415822982788086	24.712383270263672
25.787578582763672	23.548952102661133
20.986581802368164	22.841766357421875
30.807165145874023	30.56429672241211
20.191962718963623	24.794011116027832
20.409729480743408	25.67588710784912
17.61899185180664	19.011985301971436
22.058582305908203	26.175308227539062
24.6806640625	27.393064498901367
31.476255416870117	35.5355224609375
23.269248962402344	22.682125091552734
19.41696548461914	21.65084457397461
25.340518951416016	29.33164405822754
26.364925384521484	29.68359375
23.113079071044922	26.887088775634766
22.05300521850586	21.455665588378906
25.248046875	24.421119689941406
27.384702682495117	24.164371490478516
32.25383758544922	36.3455810546875
25.23921775817871	25.784961700439453
28.84494400024414	31.940139770507812
39.21494960784912	37.41673231124878
35.09880065917969	33.6512451171875
26.770803451538086	23.172504425048828
23.97775650024414	31.599632263183594
35.10202884674072	39.78584289550781
23.718658447265625	25.36545181274414
17.33401107788086	18.238197326660156
22.776500701904297	20.930627822875977
24.66769790649414	24.81699562072754
17.547461986541748	21.98494005203247
23.443012237548828	23.17212677001953
30.344834327697754	30.434603691101074
24.156517028808594	23.00588607788086
37.44062042236328	32.50950241088867
25.287349700927734	27.28421401977539
21.211698532104492	21.599586486816406
16.144140243530273	17.85441255569458
34.25602436065674	36.69260501861572
29.515193939208984	26.958335876464844
37.800140380859375	36.786017417907715
37.35974073410034	33.862202167510986
18.738218307495117	22.628271102905273
22.906021118164062	24.02328109741211
17.502420902252197	20.148555278778076
20.109416961669922	26.295799255371094
22.109649658203125	27.15026092529297
27.546918869018555	25.817716598510742
20.090673446655273	24.551353454589844
36.77292346954346	35.16862869262695
21.570110321044922	22.536054611206055
18.504352569580078	19.288397312164307
34.77377414703369	32.48789310455322
25.25479507446289	25.40780258178711
35.919086933135986	38.64708662033081
20.355857849121094	18.734909534454346
23.076335906982422	25.90140151977539
17.521448135375977	21.716068267822266
20.79179334640503	25.226531982421875
23.458213806152344	24.951663970947266
29.54965591430664	27.640460968017578
22.148420333862305	26.087892532348633
33.573200702667236	35.65587282180786
15.861409664154053	17.61476182937622
31.30558729171753	30.72208881378174
24.063194274902344	27.176494598388672
33.76654052734375	28.450389862060547
28.151145935058594	31.959836959838867
23.1287841796875	26.530467987060547
36.187828063964844	30.744487762451172
23.924598693847656	28.971046447753906
27.645427703857422	29.31208610534668
24.112548828125	22.948148727416992
22.30907440185547	22.996477127075195
33.303810119628906	30.30687141418457
27.592069625854492	27.345304489135742
28.026018142700195	26.617069244384766
34.12879943847656	34.07298278808594
27.62992286682129	26.07559585571289
21.443843841552734	21.656925201416016
25.591493606567383	23.59604835510254
18.221084117889404	22.22385835647583
22.79865837097168	26.341724395751953
26.22313690185547	24.644508361816406
18.85207748413086	23.52903175354004
22.301250457763672	27.689767837524414
20.97144842147827	23.412790775299072
37.67932176589966	34.60163116455078
22.928882598876953	21.331520080566406
16.880649089813232	17.18685293197632
19.712280750274658	22.31026268005371
19.89632749557495	23.283109188079834
31.49905014038086	31.747051239013672
33.3489990234375	30.333497524261475
45.320420265197754	40.982065200805664
17.299520015716553	21.057602405548096
28.3492488861084	31.024505615234375
18.90544891357422	24.99183464050293
19.752326488494873	17.358856201171875
20.662250518798828	21.404834747314453
20.531187057495117	26.611495971679688
25.302021026611328	20.530681610107422
21.785009384155273	22.68280792236328
30.503768920898438	29.59383487701416
27.817394256591797	28.417821884155273
22.97655487060547	21.02933692932129
19.747798919677734	23.006465435028076
23.639022827148438	28.694499969482422
20.06988525390625	23.246845245361328
19.123432159423828	21.903478145599365
25.011289596557617	29.079669952392578
25.538314819335938	25.57051658630371
17.47899055480957	16.46294403076172
22.605812072753906	23.344924926757812
39.72579479217529	40.05438804626465
20.783077239990234	22.853721141815186
16.67913293838501	19.540828227996826
21.441627502441406	24.38811206817627
23.71883201599121	24.0689754486084
18.039430618286133	21.883224964141846
19.20441484451294	20.77205228805542
23.057371139526367	22.70671844482422
23.793346405029297	29.531646728515625
27.026731967926025	32.28567600250244
22.89223289489746	21.265308380126953
32.78804302215576	31.122069358825684
29.83102798461914	29.62874412536621
22.228200912475586	27.126752853393555
22.020984649658203	28.489673614501953
21.18622589111328	22.784770965576172
20.828096389770508	22.088924407958984
19.02606725692749	22.689177989959717
20.985916137695312	25.24921989440918
18.269057750701904	20.940426349639893
34.66994094848633	34.76641082763672
47.55298614501953	42.99917697906494
21.158050537109375	26.080528259277344
19.439356327056885	23.230783939361572
36.67698621749878	32.04660892486572
32.22990798950195	33.98566818237305
19.893280029296875	23.477882385253906
20.00242280960083	22.329101085662842
34.661357402801514	28.06394100189209
21.793176651000977	27.742340087890625
32.55897045135498	34.37622785568237
32.22614765167236	31.479878425598145
20.726703643798828	24.899179458618164
23.435211181640625	29.021385192871094
23.404754638671875	27.134716033935547
20.506675720214844	22.545167922973633
26.772598266601562	30.694496154785156
18.34685754776001	24.11297607421875
22.597614288330078	21.55908966064453
27.41468620300293	31.917247772216797
20.077808380126953	26.85414695739746
22.618392944335938	21.850440979003906
22.33596420288086	26.278366088867188
29.258670806884766	27.6007080078125
19.97452163696289	24.709075927734375
48.94291877746582	46.71967792510986
21.70792007446289	22.885311126708984
23.820314407348633	26.29938316345215
32.48125457763672	30.888084411621094
20.014690399169922	23.180889129638672
27.381202697753906	30.256855010986328
33.675618171691895	36.73457384109497
33.179725646972656	32.26068115234375
21.665332794189453	22.38804817199707
21.648487091064453	24.791580200195312
20.3939208984375	18.4130859375
25.946739196777344	28.711227416992188
18.81954002380371	20.483764171600342
16.950726985931396	19.5824933052063
23.529277801513672	26.899799346923828
16.57029676437378	20.633759021759033
25.66037368774414	26.36724090576172
24.374231338500977	26.741554260253906
36.23985767364502	36.30027770996094
27.878620147705078	27.12102508544922
33.26225996017456	38.43954563140869
18.069175243377686	22.342344760894775
20.724582195281982	20.906606197357178
25.62474250793457	31.208650588989258
22.372652053833008	23.34825897216797
28.55542755126953	32.175445556640625
21.4372615814209	21.362754821777344
21.604360580444336	26.98141098022461
23.50482177734375	27.846874237060547
20.460761547088623	20.365200519561768
37.00021266937256	36.377975940704346
25.31930160522461	24.815082550048828
25.618099212646484	26.153820037841797
27.450191497802734	27.216094970703125
27.755096435546875	26.023807525634766
24.098716735839844	25.915740966796875
22.882450103759766	25.480703353881836
22.03167724609375	21.295162200927734
20.398894786834717	19.254130840301514
22.300642013549805	23.847190856933594
21.986244201660156	22.136302947998047
22.376277923583984	20.18148422241211
19.40811538696289	19.922367095947266
25.27521514892578	22.12711524963379
18.79691505432129	21.72327423095703
25.780475616455078	29.089723587036133
39.2769889831543	32.53645324707031
17.978211879730225	18.886784076690674
24.774383544921875	23.200389862060547
37.482523918151855	40.866055488586426
18.764080047607422	23.59858512878418
18.03234100341797	19.652130603790283
23.94422149658203	26.385772705078125
37.73319721221924	35.88345766067505
21.95876693725586	22.533973693847656
21.916343688964844	26.062461853027344
18.37961769104004	20.33736562728882
25.04519271850586	26.879995346069336
31.973154544830322	31.678855419158936
22.00629472732544	21.14051055908203
20.078838348388672	21.644763946533203
27.25692367553711	27.967172622680664
31.10617446899414	29.456043243408203
25.46357536315918	24.638763427734375
23.4658145904541	25.894248962402344
20.3433837890625	21.631258010864258
23.432790756225586	23.31301498413086
19.758769512176514	19.717987060546875
17.56781530380249	22.30368661880493
31.740999221801758	30.149331092834473
30.26536464691162	30.219178199768066
29.898157119750977	24.925935745239258
24.734066009521484	22.419559478759766
21.237516403198242	24.018376350402832
19.346959590911865	19.598987102508545
19.13695192337036	20.353134155273438
21.725894927978516	26.700210571289062
17.620572566986084	22.701022624969482
33.37279510498047	29.204072952270508
34.3365478515625	35.844608306884766
33.49873733520508	33.1827392578125
36.38628005981445	34.61700439453125
32.466583251953125	32.13283061981201
22.61148452758789	27.174257278442383
27.2008113861084	25.45257568359375
27.39134407043457	26.42696189880371
24.909366607666016	24.786705017089844
15.243648529052734	20.917903900146484
32.83830165863037	30.842719078063965
31.53129816055298	30.507705211639404
28.31238555908203	26.23946762084961
42.478532791137695	39.71486568450928
22.56299591064453	22.675167083740234
21.027189254760742	26.779605865478516
18.43236780166626	24.433650970458984
22.32246971130371	23.733814239501953
18.99311065673828	25.503192901611328
17.525211334228516	24.271236419677734
36.13123416900635	28.88533115386963
24.121749877929688	24.291175842285156
27.087936401367188	26.704652786254883
20.35259199142456	24.461377143859863
22.626117706298828	25.160253524780273
20.413408756256104	20.423485279083252
21.048725128173828	26.701004028320312
19.41863250732422	21.027793884277344
25.83742332458496	31.244794845581055
19.899988174438477	21.366455554962158
19.83647918701172	25.2193546295166
23.233774185180664	25.807456970214844
22.53281021118164	22.49371576309204
25.996471405029297	26.387575149536133
26.423206329345703	25.98613166809082
29.700634002685547	27.74329948425293
48.65662097930908	47.61425971984863
26.02829933166504	26.07752227783203
39.60197448730469	37.24382400512695
17.327098846435547	20.9506516456604
36.81143283843994	35.1513671875
23.53947639465332	22.99559783935547
35.88440656661987	36.05073928833008
23.344057083129883	26.365297317504883
26.672740936279297	30.33953094482422
22.258243560791016	27.201539993286133
21.676471710205078	26.223247528076172
24.25384521484375	23.048824310302734
33.71364116668701	36.30910396575928
20.482665538787842	19.773324966430664
20.64690399169922	27.752885818481445
19.993671417236328	25.59345054626465
16.721333026885986	18.658533096313477
25.379436492919922	25.60603904724121
27.23613739013672	28.59447479248047
30.674015045166016	28.7164249420166
25.555316925048828	26.665599822998047
39.565608501434326	40.025033950805664
21.346720218658447	24.237902641296387
22.866321563720703	24.308448791503906
22.894485473632812	27.42861557006836
22.675033569335938	25.869762420654297
22.055709838867188	23.10015869140625
34.0841064453125	32.443939208984375
24.53705406188965	26.83306121826172
21.747901916503906	24.522624969482422
23.648172855377197	23.86007308959961
27.699066162109375	31.491817474365234
23.337650299072266	21.450090408325195
26.77192497253418	30.248302459716797
24.688472747802734	30.412494659423828
23.793672561645508	23.879131317138672
18.121845245361328	18.950636386871338
33.39244079589844	34.56785583496094
40.09441375732422	34.82699155807495
15.94355583190918	19.459754943847656
26.898113250732422	29.47010040283203
21.22682762145996	26.112136840820312
26.508567810058594	25.791988372802734
25.215065002441406	28.269737243652344
24.87128448486328	25.73819351196289
19.278671264648438	24.282520294189453
25.66959571838379	29.452308654785156
17.673751831054688	22.797507762908936
24.414987564086914	22.296871185302734
38.69460582733154	38.53179454803467
22.63421630859375	21.731842041015625
34.9344482421875	32.54091262817383
39.14498805999756	36.519622802734375
34.73519563674927	34.82485294342041
20.866554260253906	27.669618606567383
22.695392608642578	26.631484985351562
33.56871032714844	29.240564346313477
20.679025650024414	21.996700286865234
30.069683074951172	31.350133895874023
17.16728401184082	17.15113067626953
15.491750717163086	16.26351547241211
19.45291757583618	20.574508666992188
51.083696365356445	46.33634090423584
18.62968397140503	19.711628437042236
20.26624345779419	22.060609817504883
21.404685974121094	23.279708862304688
29.008386611938477	33.96299362182617
23.19918441772461	26.81415367126465
21.494808197021484	21.937894821166992
30.918560028076172	27.715618133544922
29.329967498779297	29.22108268737793
25.094316482543945	26.879268646240234
24.525041580200195	23.712440490722656
30.103416442871094	26.039791107177734
16.450746059417725	22.18912696838379
13.335886001586914	15.747719764709473
29.085336685180664	33.25794219970703
34.14630889892578	32.37731218338013
22.74203872680664	20.975719451904297
23.961790084838867	26.217609405517578
54.24563026428223	49.96809196472168
17.72838592529297	19.358415126800537
22.624439239501953	27.741474151611328
23.793903350830078	26.932762145996094
26.555953979492188	24.29155158996582
38.20435047149658	34.81786251068115
22.10923957824707	27.841524124145508
25.473896026611328	22.69864845275879
25.334014892578125	21.42064666748047
35.38490676879883	36.283912658691406
33.666884899139404	31.31291151046753
23.451459884643555	24.015775680541992
28.04733657836914	30.20990562438965
22.916305541992188	27.23343849182129
30.16071891784668	27.315685272216797
26.233444213867188	29.939189910888672
19.069340229034424	19.703022480010986
22.513729095458984	29.16193389892578
23.623199462890625	22.592966079711914
21.738407135009766	28.52711296081543
26.81613540649414	27.676923751831055
23.26085090637207	29.10007095336914
33.00196075439453	30.339202880859375
20.708290100097656	24.712158203125
24.335250854492188	22.574241638183594
27.16543960571289	24.995994567871094
23.146465301513672	28.115264892578125
28.210613250732422	33.266475677490234
22.206165313720703	27.367290496826172
15.071567058563232	17.266353607177734
32.44533061981201	31.658611297607422
46.79072856903076	50.20957374572754
23.392196655273438	26.309547424316406
31.383819580078125	29.983112335205078
27.53579330444336	26.69707489013672
26.561824798583984	31.783058166503906
26.269775390625	24.808427810668945
21.924598693847656	21.367172241210938
20.31586790084839	21.256417751312256
19.64133310317993	23.757442474365234
18.358295917510986	19.945632934570312
17.525489330291748	18.56965684890747
16.915459156036377	22.81462812423706
33.764381408691406	32.36973524093628
18.875329971313477	22.406570434570312
17.437015533447266	20.677019119262695
23.204118728637695	29.71005630493164
18.260085582733154	18.628539562225342
18.969554901123047	22.349780559539795
23.202861785888672	27.198219299316406
32.745452880859375	29.028907775878906
28.00151824951172	24.1553955078125
25.202497482299805	28.378644943237305
17.188552856445312	18.57451629638672
35.958571434020996	39.155402183532715
19.84298086166382	20.971515655517578
19.0622878074646	20.526739597320557
25.802631378173828	31.556594848632812
40.88764190673828	39.19924974441528
19.163187503814697	24.679123878479004
55.04696273803711	50.674272537231445
27.271770477294922	31.94738006591797
18.869441986083984	18.965206146240234
29.78343963623047	32.14475154876709
28.033538818359375	28.94066619873047
34.293296337127686	32.31306552886963
17.027019023895264	19.373886108398438
21.278566360473633	21.92226791381836
28.146873474121094	28.70339012145996
11.221793174743652	15.947597980499268
28.309322357177734	25.325149536132812
25.575769424438477	23.889904022216797
20.71251678466797	24.677383422851562
28.666332244873047	25.230350494384766
28.938430786132812	30.504179000854492
35.06059169769287	37.30031490325928
34.384093284606934	31.93363904953003
21.214483737945557	20.833821773529053
21.56784439086914	23.965232849121094
21.375825881958008	21.92557144165039
25.622587203979492	25.40053939819336
22.82975959777832	27.235036849975586
23.306865692138672	30.677410125732422
20.80889892578125	20.342966079711914
21.661060333251953	22.6175537109375
25.024097442626953	22.97365379333496
20.630735397338867	22.37510108947754
18.151206493377686	23.216518878936768
24.897043228149414	23.174449920654297
23.189342498779297	27.317718505859375
25.275074005126953	25.881452560424805
34.78233337402344	29.207124710083008
49.41826057434082	44.1033411026001
29.670982360839844	27.823567390441895
19.09202241897583	21.04579496383667
40.140371322631836	37.890117168426514
24.615764617919922	24.10824966430664
19.045636653900146	20.65687894821167
21.301654815673828	25.249079704284668
22.701324462890625	25.52243995666504
16.01533842086792	21.55010747909546
17.003734588623047	18.73341178894043
35.63424301147461	36.970054626464844
20.796316146850586	27.4093017578125
18.506062030792236	19.891489505767822
20.490459442138672	26.009140014648438
17.504051685333252	17.330394744873047
20.063575744628906	25.305259704589844
27.882598876953125	24.901348114013672
15.611377716064453	20.581528186798096
23.702390670776367	23.524417877197266
31.43714714050293	30.33613395690918
37.899322509765625	34.99610424041748
23.12482452392578	23.39478349685669
21.02469253540039	20.321121215820312
37.24529981613159	35.364062786102295
23.945161819458008	27.325668334960938
33.860487937927246	31.3720440864563
33.71527862548828	29.7435359954834
24.54305648803711	23.967327117919922
36.84548854827881	36.16419315338135
22.785686492919922	23.646930694580078
22.969013214111328	25.993404388427734
14.812538146972656	15.384852409362793
35.53865432739258	33.727569580078125
26.488439559936523	24.624563217163086
23.835567474365234	23.57179069519043
27.6007080078125	28.700237274169922
37.213122844696045	39.35190200805664
24.202058792114258	25.347827911376953
22.705698013305664	20.838550567626953
24.083473205566406	28.746173858642578
18.895962238311768	20.07890510559082
23.985610008239746	25.261950492858887
38.52973222732544	42.897071838378906
31.562164306640625	29.323904037475586
33.66609191894531	29.861892700195312
26.246204376220703	26.303085327148438
17.514963626861572	19.408069610595703
17.35578203201294	21.540351390838623
31.145612716674805	33.32295227050781
25.764240264892578	24.042282104492188
23.57723617553711	29.079513549804688
21.374250411987305	21.008377075195312
17.781013011932373	21.933221340179443
19.204566478729248	22.728195190429688
20.997528076171875	27.500978469848633
25.319969177246094	28.149234771728516
22.939075469970703	27.49594497680664
25.397842407226562	30.15865135192871
21.48284912109375	26.39769744873047
22.208202838897705	21.812632083892822
22.817745208740234	22.288955688476562
27.652868270874023	30.995553970336914
18.844964504241943	23.66716718673706
13.29233694076538	16.313851833343506
17.04277467727661	21.638418674468994
17.336402893066406	14.9126558303833
18.04369354248047	20.00194501876831
22.15331268310547	24.06763458251953
34.10191297531128	36.46536350250244
30.604358673095703	26.398462295532227
18.55916976928711	23.66036367416382
16.770076274871826	17.557193756103516
23.014484405517578	26.270763397216797
30.441150665283203	26.04492950439453
23.63838768005371	25.613740921020508
21.78377914428711	24.66250228881836
20.667219161987305	23.789798736572266
28.990032196044922	30.289310455322266
33.30296993255615	33.88446092605591
22.06994104385376	26.426339149475098
28.217830657958984	28.95211410522461
18.783851623535156	23.472496032714844
49.762229919433594	44.66866970062256
37.145676612854004	34.60158586502075
24.179250717163086	22.697277069091797
21.71468734741211	26.785789489746094
34.81306552886963	34.860243797302246
38.101783752441406	35.01279830932617
